6638 0.016743423057915527 0.0002803422156963373
6648 0.014107329931784311 0.00019901675780421754
6662 0.009679105181413267 9.368507711286114e-05
6666 0.00954692547585615 9.114378604155119e-05
6674 0.014931584778484688 0.0002229522239970756
6675 0.00982870243770716 9.660339160899067e-05
6677 0.01634777154733625 0.00026724963456389666
6681 0.012538489717799015 0.0001572137244033516
6711 0.01372307318637338 0.00018832273767856007
6712 0.009223479079905379 8.507256633745217e-05
6714 0.01050070877913373 0.0001102648848641762
6738 0.012067037231938825 0.0001456133875569978
6749 0.008688512996326864 7.549025808734083e-05
6751 0.007228339080015966 5.2248885855686066e-05
6759 0.009283399920399399 8.618151408207157e-05
6761 0.010634376695273447 0.000113089967696975
6770 0.008042468840058279 6.468130504330835e-05
6772 0.011223196975582616 0.00012596015035272676
6773 0.009435392886949187 8.902663893109131e-05
6774 0.010065154761886267 0.00010130734038072179
6931 0.01185610342200755 0.00014056718835333914
6953 0.009933125071014874 9.866697367642426e-05
7017 0.015404825313996772 0.00023730864295475572
7018 0.017703685440960043 0.00031342047819246064
7024 0.00981967168688422 9.642595203819558e-05
7031 0.008082936595822777 6.533386401209111e-05
7042 0.010233568695678116 0.00010472592824916309
7061 0.010705701067546647 0.00011461203534766943
7065 0.016379223580473647 0.00026827896509914393
7087 0.01749197283354492 0.00030596911360947346
7090 0.009184114730835424 8.434796338914821e-05
7091 0.018294039496569298 0.0003346718811020374
7097 0.011316175450840842 0.00012805582683421293
7108 0.0071877419508879796 5.166363435255494e-05
7110 0.010174311058106346 0.00010351660550710508
7123 0.006965892787019417 4.8523662320249144e-05
7124 0.009704097297446777 9.416950435831385e-05
7127 0.009920100643125651 9.840839676974196e-05
7139 0.010209421595413779 0.00010423228931290122
7218 0.00869161628481984 7.554419364254543e-05
7256 0.005215185297091457 2.719815768299891e-05
7270 0.015609843413760314 0.00024366721140211625
7309 0.017182904895750244 0.0002952522206563977
7310 0.011686869443271889 0.0001365829173840822
7314 0.010447209114598344 0.00010914417828414669
7315 0.014371480010242473 0.00020653943768479896
7320 0.012581452848491548 0.00015829295577881607
7321 0.008348925019869325 6.970454898740001e-05
7328 0.009334455713477668 8.713206346687588e-05
7333 0.011332539055207383 0.00012842644143780065
7334 0.01609192582991788 0.0002589500769155783
