6638 8.692192937866785e-10 156.07880587089713 0.9078222194362495 2.7792015446481168e-11 4.5226879690840975e-06 0.0025085994200535417
6648 1.0734804414557572e-09 162.14752700411802 0.89635619345585 5.008949777226079e-11 9.170337383709598e-06 0.005698386876840712
6662 9.612210850656625e-10 164.43671652505586 0.9021771474550111 3.073027299602239e-11 5.809467002607917e-06 0.00352743070088577
6666 9.625423724229291e-10 162.20777349734772 0.9040446430980953 4.381479383352177e-11 28.474670348333515 0.047950083961816846
6674 9.383774929756299e-10 157.36802777489865 0.8974032307487027 3.313010434785147e-11 5.994622135563671e-06 0.003400469269181663
6675 1.1060483775721911e-09 173.47773427692542 0.8754763988839595 1.7452344999389365e-11 7.0106564907504365e-06 0.004822009821890616
6677 9.37872382510377e-10 157.0483208359155 0.8977954568551895 3.627510541158876e-11 6.563946530968076e-06 0.0036904734520196367
6681 9.409164896301092e-10 159.48942074504728 0.8940142732940931 3.092969835015799e-11 5.9899191182718e-06 0.0035018915270569498
6711 1.1000627534265503e-09 170.15140741869266 0.8848500558298389 3.2041672297679816e-11 8.920034598563063e-06 0.005978565160124487
6712 1.0904925020877859e-09 167.70013810429325 0.8853686151705524 4.5396323859235984e-11 1.2367916573879776e-05 0.00800534263940929
6714 1.1512844369008023e-09 171.76685417686494 0.8674632607998864 1.5241840706044047e-11 7.199805194544171e-06 0.004902927619928181
6738 1.229446797689833e-09 199.99970567379881 0.8500000000000001 1.1939599595033321e-11 8.493479663318734e-05 0.0662624628400759
6749 1.0012195379504276e-09 156.23259536336423 0.8908844089319847 2.6951892818421505e-11 4.9103050561808804e-06 0.0029009209186701417
6751 1.070488298885679e-09 163.22624672264308 0.8912854170006119 2.4461269823510087e-11 4.99215606976727e-06 0.003147248923126758
6759 1.231990042891984e-09 167.0210229748575 0.8500000000000001 1.4983540512717367e-11 1.0493313672659057e-05 0.006949253925518515
6761 1.1763893574570102e-09 193.29822851048715 0.8744159897822206 1.7668533716885925e-11 2.181894621508551e-05 0.016591929772008056
6770 1.187993663914057e-09 160.35863686910676 0.8785775648750792 2.2196309131022175e-11 5.045751512436646e-06 0.0031907040559694413
6772 9.611923863790847e-10 157.35846823463987 0.8940755423247072 2.601149125733867e-11 4.781950561199936e-06 0.002758629414656836
6773 1.0734662674079923e-09 178.7492490922947 0.9006501370002703 2.2457945159563288e-11 5.58054420120248e-06 0.003934146495834696
6774 1.1182542955697973e-09 181.32119846112457 0.887981173204446 1.607228885107216e-11 5.9953911352993405e-06 0.004293676315658487
6931 9.471938964505673e-10 156.65131861282424 0.8979897826969114 3.3057845526290476e-11 6.00005381770309e-06 0.003356415942767654
6953 1.065593720911802e-09 156.74053997998976 0.8816360469256711 2.469104372329765e-11 5.183867317206867e-06 0.003061610395631669
7017 1.0798452312030478e-09 162.47985280769922 0.9023637823376395 4.184757621273903e-11 7.316413231299931e-06 0.0043387620517247845
7018 1.0689162940002292e-09 170.58547285368638 0.9064264631856899 4.1191832638743873e-11 7.699727957743837e-06 0.0049030151855272
7024 1.2455359849766903e-09 168.3118532402868 0.8803364722114896 3.101182685553457e-11 8.89418037452448e-06 0.005945686588506624
7031 1.0564443091614888e-09 191.18461494584236 0.9353811620048655 2.1069114715561078e-11 3.5675303307320316e-06 0.002615427425924369
7042 1.0918305945268372e-09 157.41188810153812 0.872223066796241 2.8883084813786295e-11 7.123227231029075e-06 0.004441690044014858
7061 1.013671525955849e-09 165.52328806013315 0.913085780445963 3.0152032355698963e-11 4.792575505564096e-06 0.0029441762246432157
7065 1.0436888902636323e-09 160.71731193018087 0.8887263659347594 5.2591371294935434e-11 1.0775616115674224e-05 0.00662349845278724
7087 1.059479822012181e-09 164.66361466645108 0.8985692478172218 5.198621920568338e-11 9.986406730807409e-06 0.006126767013120218
7090 1.0666171706655158e-09 164.657620353978 0.8965090792247233 3.039952626589763e-11 5.9682105589323955e-06 0.00371835569869261
7091 1.0646956068056069e-09 166.7809850985398 0.8901831306101874 4.8352594819080535e-11 1.1114524013537474e-05 0.007111411001154142
7097 1.082933199558585e-09 165.10990443903964 0.9005861627669491 3.2515860487929224e-11 5.866089268899951e-06 0.0036953307167410443
7108 1.0902037071063204e-09 165.6733375936816 0.8946516027547464 2.4687529687637194e-11 5.0444027856243046e-06 0.0032137082259439914
7110 1.0904033693184433e-09 174.94554123877182 0.8849737672087077 3.0242920063223756e-11 1.033491723752435e-05 0.007147138327801608
7123 1.1252983321993244e-09 165.52479365501014 0.886303080507691 2.4342746393638938e-11 6.092612332110896e-06 0.003759576505895265
7124 1.225494781761069e-09 162.01006025186132 0.8692913811568017 2.5696650502765256e-11 7.707382120785376e-06 0.004983209676715081
7127 1.0635279484682252e-09 161.16600061043886 0.9012164466338043 2.295332370655576e-11 4.115753765386042e-06 0.002362061178282117
7139 1.0287548473497856e-09 169.7094827836317 0.8820907579208537 2.7355140357761963e-11 8.31895436070967e-06 0.00557878203603509
7218 1.0588708132328766e-09 156.40952428373083 0.8840623073586792 3.57810754524897e-11 7.792062421510993e-06 0.0043728537106815174
7256 1.215946590608171e-09 167.39867985558385 0.8870194290115332 3.193520647129278e-11 8.641660006892173e-06 0.005255480889389082
7270 9.796634317812804e-10 159.70363397943126 0.9091141952301243 3.459785955779151e-11 5.424756033530179e-06 0.0031575766118784186
7309 9.80936340244611e-10 161.7412821018101 0.9045094996727324 3.984299354215939e-11 6.682751044198451e-06 0.0040057573188235305
7310 1.1690664770326114e-09 173.9420981782196 0.8919307150236482 3.4311557117104964e-11 9.174678123199032e-06 0.006216276152311765
7314 1.0148300325032407e-09 161.49562455186486 0.9039150742408277 2.5264384438093318e-11 4.149001368979188e-06 0.00251227893360287
7315 1.0121039785087309e-09 167.64134320034447 0.8739795552099369 4.9786535286777515e-11 1.792096227679004e-05 0.011969275978994515
7320 9.670701243254903e-10 162.16146978920554 0.9092811212772478 3.015924966869121e-11 4.8252833233373105e-06 0.0029011058847743187
7321 1.1073175092372393e-09 199.99832209220358 0.950345710498316 1.8493299748669282e-11 2.7522632639576475e-06 0.002120034290458108
7328 1.0821597940804797e-09 157.1762995463889 0.883114442349813 4.562383768651834e-11 1.0326694765873114e-05 0.005818723777598317
7333 1.0657535390130722e-09 158.925608551408 0.8891872875996079 2.598825003291189e-11 5.058404289890553e-06 0.0029911038737443158
7334 9.524757961908636e-10 169.18799789233526 0.8979218320403698 4.049423605482186e-11 9.002482278473902e-06 0.0056893758124706
