1.0 0.9999999982779899
674730.9757457955 0.9988176909362563
2440274.412280627 0.995663953525043
2845112.397728104 0.9949393500631809
3531087.873069663 0.9937125140865988
5442822.804349417 0.9903041766312612
6038834.28292487 0.98924546059285
6679827.759883375 0.9881090551563567
7309575.737246118 0.9869948585369587
7984305.712991913 0.9858035972052954
8659035.68873771 0.9846149516011938
9783585.648314035 0.9826396796247548
10233405.632144565 0.9818515935268293
10908135.60789036 0.9806716181839157
11582865.583636155 0.9794942121834698
13607055.510873543 0.9759772216225253
14281785.486619338 0.9748099016738726
15631245.438110929 0.9724826585845087
16317220.913452487 0.9713033845528023
16991950.889198285 0.970145877441332
17666680.864944078 0.9689907663608933
18813721.82371193 0.9670325261912456
19297278.30632975 0.9662090325447642
22682173.684654493 0.9604778607644038
23356903.660400286 0.9593422941190715
23817969.14382658 0.9585676164663925
24290280.126848638 0.9577751273567486
24965010.10259443 0.9566448925448612
25639740.07834023 0.9555168724282079
26314470.054086026 0.9543910542613351
26989200.02983182 0.9532674256324564
27675175.505173378 0.9521273019757228
28349905.480919175 0.9510080524442677
29024635.45666497 0.9498909568821315
29699365.432410765 0.9487760040737003
30374095.40815656 0.947663183068402
31048825.383902356 0.946552483168885
31723555.359648153 0.9454438939197847
32398285.335393947 0.9443374050970698
33073015.311139744 0.9432330066979326
33758990.7864813 0.942112334541124
34433720.762227096 0.941012122255486
35108450.73797289 0.9399139714640355
35783180.71371869 0.9388178729609674
36457910.68946448 0.9377238177184358
37132640.66521028 0.9366317968792403
37807370.640956074 0.9355418017498939
38482100.61670187 0.9344538237940534
38909429.601340875 0.9337658106025147
39336758.58597988 0.9330786010553793
39730351.07183159 0.9324463540842877
43879940.42266823 0.9258216412367789
44442215.402456395 0.9249296860002967
44622143.395988606 0.9246445451205904
44745843.891542 0.9244485907371129
45139436.377393715 0.9238255324785184
45814166.35313951 0.9227589621286866
46488896.32888531 0.921694317727565
47174871.80422687 0.9206138964304207
47849601.779972665 0.919553114912013
48524331.75571846 0.9184942385891048
49199061.73146425 0.9174372607622328
49873791.70721005 0.916382174816747
50548521.682955846 0.9153289742201185
51223251.65870164 0.9142776525193608
51897981.63444743 0.913228203338569
52572711.61019323 0.9121806203765668
53247441.58593903 0.9111348974046518
53933417.061280586 0.9100736461167376
54608147.03702638 0.9090316554625951
55282877.01277218 0.9079915064263571
55957606.98851797 0.9069531930496333
56632336.96426377 0.9059167094365824
57307066.940009564 0.9048820497521696
58656526.89150115 0.9028181791232261
59331256.86724695 0.9017889567979916
61366692.2940801 0.8986950258514786
62041422.2698259 0.8976730047588478
62581206.25042253 0.8968566691383768
63109744.73142341 0.8960584411956086
63795720.206764966 0.8950240630440365
64470450.182510756 0.8940084219878821
65145180.15825655 0.8929945410323233
65819910.13400235 0.8919824149860073
66494640.10974815 0.8909720387005047
67169370.08549394 0.8899634070693264
67832854.56164397 0.8889732823333286
69114841.51556098 0.8870649072739292
69789571.49130678 0.8860630030484424
70464301.46705258 0.8850628191128589
71139031.44279838 0.884064350589297
71825006.91813993 0.8830509944682724
72499736.89388573 0.8820559706674165
73174466.86963151 0.8810626477790122
73849196.84537731 0.8800710210655474
74523926.82112311 0.8790810858227079
75614740.28191215 0.8774842563086962
75963350.76938081 0.8769748557709139
76593098.74674354 0.8760557826442147
77267828.72248934 0.8750726782518191
77942558.69823514 0.8740912419822416
78617288.67398094 0.8731114693193297
79292018.64972673 0.8721333557759426
79966748.62547253 0.8711568968934295
80641478.60121833 0.8701820882411264
81316208.57696413 0.8692089254158649
82114639.04826331 0.8680594694975594
82789369.02400911 0.8670898848899935
83464098.9997549 0.866121932270414
84150074.47509646 0.8651395156961184
84824804.45084226 0.8641748412193636
85499534.42658806 0.8632117858557832
86174264.40233384 0.8622503453869583
86848994.37807964 0.8612905156184485
87523724.35382544 0.8603322923794195
88198454.32957123 0.8593756715222776
89547914.28106283 0.857467220477361
90233889.75640438 0.8564995315829523
90908619.73215018 0.8555493056293709
91583349.70789598 0.8546006615891341
92258079.68364178 0.8536535954473191
92932809.65938756 0.8527081032099451
93607539.63513336 0.8517641809036807
94282269.61087915 0.8508218245755571
94956999.58662495 0.8498810302926879
95631729.56237075 0.8489417941419982
96250232.04013772 0.8480821931206792
96868734.5179047 0.8472238951065778
97543464.4936505 0.8462890525835312
98218194.4693963 0.8453557533713683
98892924.44514209 0.84442399364914
99567654.42088789 0.8434937696142469
105179158.71917376 0.8358164017845721
105820152.19613226 0.834946074902238
106494882.17187805 0.8340314014986593
107169612.14762385 0.8331182221415923
107844342.12336965 0.8322065332363513
108519072.09911545 0.8312963312039428
109193802.07486124 0.8303876124808952
109879777.5502028 0.8294652653864528
110554507.52594858 0.8285595272269288
111229237.50169438 0.8276552617193265
111903967.47744018 0.8267524653608764
112578697.45318598 0.8258511346635271
113253427.42893177 0.824951266153799
113928157.40467757 0.8240528563726346
114602887.38042337 0.8231559018752543
115277617.35616916 0.8222603992310169
115963592.83151072 0.8213514563718954
116638322.80725652 0.8204588712530253
117313052.7830023 0.8195677277224598
117987782.7587481 0.8186780224049753
118662512.7344939 0.8177897519388179
119337242.7102397 0.8169029129755775
120011972.68598549 0.8160175021800656
120405565.17183721 0.8155016707635208
120810403.15728468 0.814971606434114
121485133.13303047 0.8140893022778738
122159863.10877627 0.8132084157589965
122834593.08452207 0.812328943596315
123509323.06026787 0.8114508825212791
124184053.03601366 0.8105742292778468
124870028.51135522 0.809684405026347
125544758.48710102 0.8088105810561268
126219488.46284682 0.8079381551698119
126894218.43859261 0.8070671241605318
127568948.4143384 0.8061974848334003
128243678.39008419 0.8053292340054177
128918408.36582999 0.804462368505374
129593138.34157579 0.8035968851737512
130267868.31732158 0.8027327808626317
130953843.79266314 0.8018556852674695
131628573.76840894 0.8009943524524471
132303303.74415474 0.8001343892310554
132978033.71990053 0.7992757925010517
133652763.69564633 0.7984185591713441
134327493.6713921 0.7975626861619066
135002223.6471379 0.7967081704036956
135676953.6228837 0.7958550088385656
136351683.5986295 0.7950031984191911
137037659.07397106 0.7941385731413789
137712389.04971686 0.7932894783068881
138387119.02546266 0.7924417254901236
139028112.50242117 0.7916376006213103
139680351.47897542 0.7908206060946638
140355081.4547212 0.7899767503721984
141029811.430467 0.7891342249584862
141704541.4062128 0.7882930268892914
142379271.3819586 0.787453153210524
143054001.3577044 0.7866146009781684
143593785.33830103 0.7859447086617131
143841186.32940784 0.7856379562881366
144021114.32294005 0.7854149747140124
144482179.80636635 0.7848440109065078
145156909.78211215 0.7840095584049699
145831639.75785792 0.7831764153349685
146517615.23319948 0.7823307259136292
147192345.20894527 0.7815002147390082
147867075.18469107 0.7806710042964915
148541805.16043687 0.7798430917215378
149216535.13618267 0.7790164741590879
149891265.11192846 0.7781911487635021
150565995.08767426 0.7773671126985023
151240725.06342006 0.7765443631371115
151915455.03916585 0.775722897261595
152601430.5145074 0.7748890533493565
153276160.4902532 0.7740701677067062
153950890.465999 0.773252557305187
154625620.4417448 0.772436219363619
155975080.3932364 0.7708073497803734
156649810.3689822 0.7699948126209302
157324540.344728 0.769183536885802
158010515.82006955 0.7683600302022854
158685245.79581535 0.7675512900233622
159359975.77156115 0.7667438030388343
160709435.7230527 0.765132577818245
161384165.6987985 0.7643288341861424
162013913.67616126 0.7635797944394503
162643661.653524 0.7628318347863938
163318391.6292698 0.7620316455515244
164004367.10461137 0.7612193856052453
164679097.08035716 0.7604216837312103
165353827.05610296 0.759625211265899
166028557.03184876 0.7588299655727545
170313092.37783456 0.7538086136595674
170706684.86368626 0.7533497867820077
171392660.33902782 0.7525510977730744
172067390.31477362 0.7517667156023089
172742120.29051942 0.7509835344059175
173416850.2662652 0.7502015516340538
174001616.2452449 0.7495248006589165
174586382.2242246 0.7488489462739619
175024956.70845935 0.7483426428822606
175474776.6922899 0.7478238795598019
176149506.6680357 0.7470467244895264
176824236.64378148 0.7462707550834607
177498966.61952728 0.7454959688375861
178173696.59527308 0.7447223632553255
178848426.57101884 0.7439499358475055
179523156.54676464 0.7431786841323196
180209132.0221062 0.7423957809193801
180883861.997852 0.7416268926649888
181558591.9735978 0.7408591726607193
182233321.9493436 0.7400926184539963
182908051.9250894 0.739327227599433
183582781.9008352 0.7385629976587961
184257511.87658098 0.7377999262009738
184932241.85232678 0.7370380108019392
185606971.82807258 0.7362772490447183
186292947.30341414 0.735504988083731
186843976.78360653 0.7348855074276157
187192587.2710752 0.7344939861963257
187552443.2581396 0.7340901560109167
187957281.2435871 0.7336362361037008
188474574.22499222 0.7330568260120492
188879412.21043968 0.7326038425275087
189273004.6962914 0.7321638352567674
189745315.67931345 0.7316363377583662
190228872.16193128 0.7310968577724948
190903602.13767707 0.7303450689410691
191578332.11342287 0.7295944126634722
192253062.08916867 0.7288448865904645
192927792.06491446 0.7280964883795116
193602522.04066026 0.7273492156947574
194277252.01640606 0.7266030662069908
194951981.99215186 0.7258580375936178
195637957.4674934 0.725101738501229
196312687.4432392 0.7243589632798016
196987417.41898498 0.7236173019660658
197381009.9048367 0.7231851796950471
197763356.89109266 0.7227657655432128
198415595.86764693 0.72205111599343
199090325.84339273 0.7213129116567635
199765055.81913853 0.7205758118160249
200439785.79488432 0.7198398142013623
201114515.77063012 0.7191049165492801
201789245.74637592 0.7183711166026102
202463975.7221217 0.717638412110488
203149951.19746327 0.7168946165561138
203824681.17320904 0.7161641144094936
204499411.14895484 0.7154347009652167
205174141.12470064 0.7147063739974604
205848871.10044643 0.71397913128657
206523601.07619223 0.7132529706190348
206917193.56204396 0.7128298757118801
207254558.54991683 0.7124675150583772
207873061.02768382 0.7118038865905422
208277899.0131313 0.7113700010235575
208671491.49898303 0.7109485385598887
209357466.97432458 0.7102148620221231
210032196.95007038 0.7094942925338548
210706926.92581618 0.7087747915007242
211381656.90156198 0.708056356752701
212056386.87730777 0.7073389861256925
212731116.85305357 0.7066226774615186
213405846.82879934 0.7059074286078895
214080576.80454513 0.7051932374183808
214755306.78029093 0.7044801017524089
215430036.75603673 0.7037680194752105
216116012.2313783 0.7030451468352655
216790742.20712408 0.7023351824221314
217465472.18286988 0.7016262649929129
218061483.66144535 0.7010009237958512
218646249.64042503 0.700388172448665
219309734.11657506 0.6996938823185671
219984464.09232086 0.6989888550177307
220659194.06806666 0.6982848647559823
221333924.04381245 0.6975819094484903
222008654.01955825 0.6968799870160218
222683383.99530405 0.6961790953849187
223358113.97104985 0.6954792324870781
224032843.94679564 0.6947803962599293
224718819.4221372 0.6940709631219165
225393549.397883 0.6933741910958134
226068279.37362877 0.6926784395516178
226743009.34937456 0.6919837064487669
227417739.32512036 0.6912899897521265
228092469.30086616 0.6905972874319676
228767199.27661195 0.6899055974639464
229441929.25235775 0.6892149178290848
230116659.22810355 0.6885252465137502
230791389.20384935 0.6878365815096329
231477364.6791909 0.6871374682994684
232152094.6549367 0.6864508266023391
232826824.6306825 0.6857651851900862
233501554.6064283 0.6850805420755881
234176284.5821741 0.6843968952769487
234851014.5579199 0.6837142428174765
235525744.5336657 0.683032582725668
236121756.01224113 0.6824312735293838
236706521.99122083 0.6818420595382272
237381251.96696663 0.6811631183340464
238055981.94271243 0.6804851621502572
238741957.41805398 0.6797969144723046
239416687.39379975 0.6791209388287572
240091417.36954555 0.6784459423471938
240766147.34529135 0.67777192309575
241440877.32103714 0.6770988791475823
242115607.29678294 0.6764268085808525
242790337.27252874 0.6757557094787081
243465067.24827453 0.6750855799292641
244139797.22402033 0.6744164180255862
244825772.6993619 0.6737370934341923
245500502.6751077 0.6730698771690222
246175232.65085348 0.672403622826844
246849962.62659928 0.6717383285204283
247524692.60234508 0.6710739923674074
248199422.57809088 0.6704106124902589
248874152.55383667 0.6697481870162882
249548882.52958247 0.6690867140776099
250234858.00492403 0.6684151911504079
250909587.98066983 0.6677556334956664
251584317.95641562 0.6670970227704041
252259047.93216142 0.6664393571258884
252933777.90790722 0.6657826347181132
253608507.88365299 0.6651268537077805
254283237.85939878 0.6644720122602868
254957967.83514458 0.6638181085457051
255632697.81089038 0.6631651407387685
256307427.78663617 0.6625131070188552
256993403.26197773 0.6618511617672416
257668133.23772353 0.6612010062703466
258342863.21346933 0.6605517793962408
259017593.18921512 0.6599034793427959
259692323.16496092 0.6592561043124484
260367053.14070672 0.6586096525121837
261041783.11645252 0.6579641221535214
261716513.0921983 0.6573195114524972
262391243.0679441 0.6566758186296511
263077218.54328567 0.6560223367160224
263751948.51903147 0.6553804895529868
264302977.99922386 0.6548569913749653
264865252.979012 0.6543234359339672
265551228.45435357 0.6536733536291061
266225958.43009937 0.6530348438361221
266900688.40584517 0.6523972401430577
267339262.89007995 0.6519832828117053
267777837.3743147 0.6515697070917289
268171429.86016643 0.6511988739106965
268565022.34601814 0.6508283473468408
269250997.8213597 0.6501833043300844
269925727.7971055 0.6495497415934838
270600457.7728513 0.648917075439876
271275187.7485971 0.6482853041476817
271949917.7243429 0.6476544259996155
272624647.7000887 0.6470244392826696
273299377.6758345 0.6463953422880995
273974107.6515803 0.6457671333114118
274660083.12692183 0.645129362774112
275334813.1026676 0.644502939465984
276009543.0784134 0.643877399059454
276403135.56426513 0.6435129075465807
276526836.0598185 0.6433984149475765
276920428.5456702 0.6430343170247419
277595158.521416 0.6424108448016927
278269888.4971618 0.6417882498433297
278944618.4729076 0.6411665304760372
279630593.94824916 0.6405353450008069
280305323.92399496 0.6399153863348521
280980053.89974076 0.6392962982362214
281654783.87548655 0.6386780790478245
282329513.85123235 0.6380607271166518
283004243.82697815 0.6374442407937605
283678973.80272394 0.6368286184342619
284353703.77846974 0.636213858397309
284792278.2627045 0.635814726018247
285219607.24734354 0.6354261771479767
285905582.7226851 0.6348031739299936
286580312.6984309 0.6341912479660227
287255042.6741767 0.6335801773146889
287929772.6499225 0.6329699603563457
288604502.6256683 0.6323605954753064
289279232.601414 0.631752081059831
289953962.5771598 0.6311444155021142
290628692.5529056 0.6305375971982724
291314668.0282472 0.6299215321596383
291989398.003993 0.6293164176216517
292461708.98701507 0.6288933387909182
292945265.46963286 0.6284606137404068
293619995.44537866 0.6278575323791116
297949512.78974754 0.624007647435692
298624242.76549333 0.6234107483389716
302009138.1438181 0.6204287539926989
302683868.1195639 0.6198368072749619
303358598.0953097 0.6192456782701883
304033328.0710555 0.6186553654498894
304708058.04680127 0.6180658672892488
305382788.02254707 0.6174771822671118
306057517.99829286 0.6168893088659724
306743493.4736344 0.616292468038531
307418223.44938016 0.6157062268052516
308092953.42512596 0.6151207926371567
308767683.40087175 0.6145361640312869
309442413.37661755 0.6139523394882744
310117143.35236335 0.613369317512335
310791873.32810915 0.6127870966112554
311466603.30385494 0.6122056752963828
312141333.27960074 0.6116250520826125
312816063.25534654 0.6110452254883801
313490793.23109233 0.6104661940356474
314176768.7064339 0.6098783256692052
314851498.6821797 0.6093008932702401
315526228.6579255 0.6087242515752911
316200958.6336713 0.6081483991203824
316875688.6094171 0.6075733344450116
317550418.5851629 0.6069990560921402
318225148.5609087 0.6064255626081817
318899878.5366545 0.6058528525429936
319574608.51240027 0.6052809244498636
320260583.9877418 0.6047002643640382
320935313.9634876 0.6041299088612037
321610043.9392334 0.6035603309868699
322284773.9149792 0.602991529308007
322959503.890725 0.6024235023949656
323634233.8664708 0.6018562488214662
324308963.8422166 0.6012897671645893
324983693.8179624 0.6007240560047659
325658423.7937082 0.600159113925766
327019129.24479556 0.5990221477099793
327693859.22054136 0.5984595171449639
328368589.19628716 0.5978976500057003
329032073.6724372 0.5973458904076377
329684312.64899147 0.5968041995899398
330347797.1251415 0.5962538972528623
336105492.91817224 0.5915090267635009
336780222.89391804 0.5909565605553841
337454952.86966383 0.5904048391970036
338129682.84540963 0.589853861332102
338804412.8211554 0.589303625607575
339479142.7969012 0.5887541306734603
340153872.772647 0.5882053751829289
340828602.7483928 0.5876573577922773
341514578.2237344 0.5871009620514273
342189308.1994802 0.5865544290875895
342864038.175226 0.586008630188959
343538768.1509718 0.5854635640242893
344213498.12671757 0.5849192292654115
344888228.10246336 0.5843756245872276
345562958.07820916 0.5838327486676993
345990287.06284815 0.5834893035832152
346383879.54869986 0.5831732304362447
347047364.0248499 0.5826409803797423
347722094.0005957 0.582100427639311
348396823.9763415 0.5815605981382004
349071553.9520873 0.5810214905701463
349746283.9278331 0.5804831036318896
350421013.9035789 0.5799454360231696
351095743.8793247 0.5794084864467138
351770473.8550705 0.5788722536082298
352456449.33041203 0.5783278169806145
353131179.3061578 0.5777930256388143
353805909.2819036 0.577258947148505
354480639.2576494 0.5767255802272779
355155369.2333952 0.5761929235956615
355830099.209141 0.5756609759771127
356504829.1848868 0.5751297360980095
357179559.1606326 0.574599202687641
357865534.63597417 0.5740605499754542
358540264.61171997 0.5735314374235972
359214994.58746576 0.5730030275247228
359889724.56321156 0.5724753190197333
360564454.53895736 0.571948310652401
361239184.51470315 0.5714220011693613
361700249.9981294 0.5710627576680698
362150069.98195994 0.5707125897578612
362824799.95770574 0.5701879177356229
363499529.93345153 0.5696639404196522
364174259.90919733 0.56914065656894
364848989.8849431 0.5686180649452954
365523719.8606889 0.5680961643133392
366198449.8364347 0.5675749534404945
366884425.3117763 0.5670457615509693
367559155.2875221 0.5665259379544488
368008975.27135265 0.5661797701087424
368458795.25518316 0.5658339068154974
369144770.7305247 0.565307050834353
369819500.7062705 0.5647895207284238
370258075.19050527 0.564453491945587
370696649.67474 0.5641177509649179
371371379.6504858 0.5636017875941137
372046109.6262316 0.5630865034163238
372720839.6019774 0.5625718972256601
373395569.5777232 0.5620579678189546
374070299.553469 0.5615447139957515
374745029.5292148 0.5610321345582979
375419759.5049606 0.5605202283115397
376105734.98030216 0.5600004791788427
376780464.95604795 0.5594899269091375
377455194.93179375 0.5589800442413051
378129924.90753955 0.5584708299910468
378804654.88328534 0.5579622829767215
379479384.85903114 0.5574544020193408
380154114.83477694 0.5569471859425603
380828844.81052274 0.5564406335726718
381503574.78626853 0.5559347437385975
382189550.2616101 0.5554211003940434
382864280.2373559 0.5549165431223397
386237930.1160849 0.552403618874635
386912660.0918307 0.551902998359337
387587390.06757647 0.5514030299381671
388273365.542918 0.5508953960165892
388835640.52270615 0.5504798035697589
389397915.50249434 0.5500646617042704
390072645.47824013 0.5495670853058003
390747375.4539859 0.5490701556603288
391422105.4297317 0.5485738716345985
392096835.4054775 0.54807823209787
392782810.8808191 0.5475749914299285
393457540.8565649 0.5470806481834138
394132270.8323107 0.5465869460300173
394807000.8080565 0.5460938838490421
395481730.7838023 0.5456014605222725
396156460.75954807 0.5451096749339703
396831190.73529387 0.5446185259708656
397505920.71103966 0.5441280125221509
398180650.68678546 0.5436381334794755
398866626.162127 0.543140739000399
399541356.1378728 0.5426521359818128
400216086.1136186 0.5421641640405488
400890816.0893644 0.5416768220780521
401565546.0651102 0.5411901089981896
402240276.040856 0.5407040237072446
402915006.0166018 0.5402185651139086
403589735.9923476 0.5397337321292763
404264465.9680934 0.5392495236668382
404950441.44343495 0.5387578841678095
405625171.41918075 0.5382749318632364
406299901.39492655 0.5377926008176699
406974631.3706723 0.5373108899541592
407649361.3464181 0.5368297981981162
408144163.3286317 0.53647739043323
408638965.31084526 0.5361253146118594
409313695.28659105 0.535645745408101
409988425.26233685 0.5351667916047814
410674400.7376784 0.534680485012086
411349130.7134242 0.5342027690319072
412023860.68917 0.5337256652491836
412698590.6649158 0.5332491726068121
413373320.6406616 0.5327732900500005
414048050.6164074 0.5322980165262589
414722780.5921532 0.5318233509853956
415397510.567899 0.53134929237951
416072240.5436448 0.530875839662987
416746970.5193906 0.5304029917924895
417432945.99473214 0.5299228821021789
418107675.97047794 0.5294512508401229
418782405.94622374 0.5289802212904386
419457135.92196953 0.528509792418882
420131865.89771533 0.5280399631934566
420806595.8734611 0.5275707325844092
421481325.8492069 0.5271020995642225
422156055.8249527 0.52663406310761
422830785.8006985 0.526166622191509
423516761.2760401 0.5256920000529004
424191491.2517859 0.525225757040571
424866221.2275317 0.5247601064959316
425540951.20327747 0.5242950474047963
426215681.17902327 0.523830578755172
426890411.15476906 0.523366699537256
427565141.13051486 0.5229034087434281
428239871.10626066 0.522440705368246
428925846.5816022 0.5219708914216454
429600576.557348 0.5215093696245425
430275306.5330938 0.5210484322261337
430950036.5088396 0.5205880782296632
431624766.4845854 0.5201283066405255
432299496.46033114 0.5196691164662565
432974226.43607694 0.5192105067165301
433367818.9219287 0.518943252012742
433491519.4174821 0.5188592983675514
433603974.4134397 0.5187829937502499
433716429.40939736 0.5187067052028311
434110021.89524907 0.5184398217713709
434784751.87099487 0.5179827646165936
435470727.3463364 0.5175186811321556
436145457.3220822 0.5170627861759696
436820187.297828 0.51660746604
437494917.2735738 0.5161527197480947
438169647.2493196 0.5156985463261957
438844377.2250654 0.5152449448023337
439519107.2008112 0.5147919142066223
440193837.176557 0.514339453571253
440868567.1523028 0.5138875619304893
441554542.62764436 0.5134287210675026
442229272.60339016 0.5129779739700223
442701583.5864122 0.5126627878846058
443185140.06903 0.5123403843967267
443859870.0447758 0.5118910037207498
444534600.0205216 0.5114421868281912
445209329.9962674 0.5109939327665158
445884059.9720132 0.5105462405852211
446558789.947759 0.5100991093358308
447244765.42310053 0.5096450999564313
447919495.3988463 0.5091990970428629
448594225.3745921 0.508753652212189
449268955.3503379 0.5083087645240214
449943685.3260837 0.507864433039972
450348523.3115312 0.5075981007378969
450764606.7965744 0.5073245784064437
451439336.7723202 0.5068814765060303
452114066.748066 0.5064389278047599
452788796.7238118 0.5059969313726217
453463526.6995576 0.5055554862815796
454138256.6753034 0.5051145916055654
454824232.15064496 0.5046669119842102
455498962.12639076 0.5042271245029054
456173692.10213655 0.503787884654862
456848422.07788235 0.5033491915218663
457523152.05362815 0.502911044187647
458197882.02937394 0.502473441737871
458872612.00511974 0.5020363832601376
459547341.98086554 0.5015998678439743
460222071.95661134 0.5011638945808309
460896801.93235713 0.5007284625640749
462257507.3834445 0.4998519840139312
463606967.3349361 0.4989849121773564
464281697.3106819 0.4985521817979385
464956427.2864277 0.49811998725020706
467666592.6890066 0.4963893863735501
468341322.6647524 0.4959598664709403
469016052.6404982 0.4955308770534964
469690782.616244 0.4951024172391338
470365512.5919898 0.49467448614761805
471040242.5677356 0.49424708290055913
471714972.5434814 0.4938202066214079
472389702.5192272 0.49339385643545036
473075677.99456877 0.4929609388318622
473750407.97031456 0.4925356469472533
474425137.94606036 0.49211087852819063
475099867.92180616 0.49168663270728574
475774597.89755195 0.49126290861896227
476449327.87329775 0.49083970539945154
477124057.8490435 0.49041702218678734
477798787.8247893 0.4899948581208022
478484763.30013084 0.4895661892996671
479080774.7787063 0.48919417357170714
479699277.2564733 0.4888085457529518
480374007.2322191 0.4883883552222084
481048737.2079649 0.4879686797200492
481723467.1837107 0.4875495183966763
482398197.1594565 0.48713087040405945
483072927.1352023 0.48671273489593064
483747657.1109481 0.4862951110277807
484433632.58628964 0.4858710503951344
485108362.56203544 0.485454455772581
485783092.53778124 0.48503837025301133
486457822.51352704 0.48462279299893474
487132552.48927283 0.4842077231745959
487807282.46501863 0.48379315994597183
488482012.4407644 0.4833791024807667
489156742.4165102 0.482965549948408
489831472.392256 0.4825525015200415
490517447.8675976 0.4821330848751722
491192177.8433434 0.4817210505422884
491866907.8190892 0.4813095178233892
492541637.794835 0.480898485896481
493216367.77058077 0.4804879539412663
493891097.74632657 0.4800779211391414
494565827.7220723 0.4796683866731905
495240557.6978181 0.479259349728182
495915287.6735639 0.4788508094905652
496601263.14890546 0.4784359686061494
497275993.12465125 0.47802842759392805
497950723.10039705 0.47762138084502104
498625453.07614285 0.4772148275525837
499300183.05188864 0.4768087669114292
499974913.02763444 0.4764031981180265
500649643.00338024 0.47599812037049527
501324372.97912604 0.4755935328686011
501999102.95487183 0.47518943481375325
502685078.4302134 0.4747791027210057
503359808.4059592 0.4743759892952086
504034538.381705 0.47397336291728287
504709268.3574508 0.4735712227951934
505383998.3331966 0.4731695681385267
506058728.3089424 0.4727683981584876
506733458.2846882 0.47236771206789513
507408188.260434 0.47196750908117757
508082918.23617977 0.47156778841436997
508768893.7115213 0.47116189937486513
509443623.6872671 0.47076314900839195
510118353.6630129 0.47036487860655557
510793083.6387587 0.46996708739180093
511467813.6145045 0.46956977458815924
512142543.5902503 0.46917293942124316
512817273.5659961 0.4687765811182448
513492003.5417419 0.4683806989079289
514166733.5174877 0.4679852920206319
514852708.99282926 0.46758378149888313
515527438.96857506 0.46718933084488057
516202168.94432086 0.4667953532015513
516876898.92006665 0.4664018478054996
517292982.4051099 0.4661594212154526
517664083.89177006 0.4659433540285647
518293831.8691328 0.46557702025150577
518968561.8448786 0.4651849739873693
519643291.8206244 0.46479339685676213
520318021.7963702 0.46440228810415857
520992751.772116 0.4640116469755645
521678727.24745756 0.46361497376539007
522353457.22320336 0.4632252733912629
523028187.19894916 0.46283603837583687
523702917.17469496 0.4624472679712315
524377647.15044075 0.46205896143107883
525052377.12618655 0.46167111801052046
525727107.10193235 0.4612837369662026
526233154.58374166 0.4609935041710458
526716711.06635946 0.4607164129381412
527380195.5425095 0.46033660287799205
528043680.01865953 0.4599572374413031
528707164.49480957 0.45957831592758797
529393139.9701511 0.4591870156238402
530067869.9458969 0.4588025915266049
530742599.9216427 0.45841862432683556
531417329.8973885 0.4580351132937271
532092059.8731343 0.4576520576979455
532766789.8488801 0.4572694568116245
533216609.8327106 0.4570146418116661
533666429.8165412 0.45676002836705565
534352405.29188275 0.4563721304357038
535027135.26762855 0.45599104754164715
535701865.24337435 0.45561041620781545
536376595.21912014 0.4552302357141316
537051325.194866 0.4548505053419623
537726055.1706117 0.45447122437411613
