1.0 0.999999998629773
1147041.9587678523 0.9960867918190924
3339914.3799416875 0.989310421252994
31521136.366924413 0.932569431188592
38470855.11710611 0.9210627251066579
39291776.587596826 0.9197346669167057
39685369.07344854 0.9191000629137109
49828809.708827 0.9031765766232259
51178269.66031859 0.9011148009421843
53888435.06289753 0.8970101182384178
55237895.01438913 0.8949835991935456
59972250.344205454 0.8879599715344976
69373488.00626354 0.8743768370212079
70048217.98200934 0.8734192102095218
74107843.33607987 0.8677030895003323
75457303.28757146 0.86581986441975
77481493.21480885 0.8630103302542266
91009829.22851205 0.844675997193842
91684559.20425785 0.8437806192383392
92359289.18000364 0.8428869651167183
95058209.08298682 0.8393293771776172
97093644.50981997 0.8366640989788012
97487236.99567169 0.83615044730473
97880829.4815234 0.8356373529579566
99905019.40876079 0.8330073167767924
100590994.88410234 0.832119316536956
101940454.83559394 0.83037723801972
105314104.71432291 0.8260495329037416
105988834.6900687 0.8251886390719644
108024270.11690186 0.8226008506811635
110520771.0271613 0.8194455906279271
111004327.50977913 0.8188367912041961
111679057.48552492 0.8179885695424024
114389222.88810386 0.814596271700602
115738682.83959545 0.812915859552466
117762872.76683284 0.8104059369526083
119112332.71832444 0.808739711676884
120203146.17911346 0.8073969322789292
120607984.16456094 0.8068995049552905
121282714.14030674 0.8060715656353605
123205694.57118225 0.8037194771664766
123790460.55016194 0.8030064206330816
124465190.52590774 0.802184928782701
125139920.50165354 0.8013647876877885
125814650.47739933 0.8005459918199607
127164110.42889093 0.7989124139502217
128524815.87997828 0.797270605491036
130549005.80721566 0.7948381539188086
132573195.73445305 0.7924174294911172
133247925.71019885 0.7916131040412691
134608631.1612862 0.7899949459184957
135283361.137032 0.7891944767514428
137307551.0642694 0.7868006630835498
137982281.0400152 0.7860052409961074
139331740.99150676 0.7844181431292171
140692446.4425941 0.7828228467923727
141367176.4183399 0.7820336518742663
142716636.3698315 0.7804589418982166
143391366.3455773 0.7796734182641419
144740826.2970689 0.778106012550844
146101531.74815625 0.776530433181709
146776261.72390205 0.77575096417558
147450991.69964784 0.7749726897510307
148125721.67539364 0.7741956058949513
148800451.65113944 0.7734197086284238
149475181.62688524 0.772644994006201
150543504.08848274 0.7714207716480621
150948342.0739302 0.7709576246901603
151623072.049676 0.770186648928021
152297802.0254218 0.7694168396597284
152972532.0011676 0.7686481931066058
154321991.9526592 0.7671143731840839
154996721.928405 0.7663491924089076
155671451.90415078 0.765585159536474
156211235.88474742 0.764974757288367
156739774.3657483 0.7643777795857908
158089234.31723988 0.762856746237809
158763964.29298568 0.7620979285751814
159348730.27196535 0.7614411991490856
159944741.75054082 0.7607727098127472
161294201.70203242 0.7592623802680059
161968931.6777782 0.7585088898423387
162643661.653524 0.7577565111343403
163329637.12886557 0.7569927289891508
164004367.10461137 0.7562425820690181
164679097.08035716 0.755493536824001
165353827.05610296 0.7547455899736961
166028557.03184876 0.7539987382613641
166703287.00759453 0.753252978453616
167378016.98334032 0.752508307340102
168052746.95908612 0.7517647217332062
168727476.93483192 0.7510222184677502
169413452.41017348 0.7502684464583154
170088182.38591927 0.7495281163767836
171437642.33741087 0.7480506719141476
173461832.26464826 0.745842498615428
174811292.21613985 0.7443756768279357
175497267.6914814 0.7436316568303165
176171997.6672272 0.7429008914658869
176846727.642973 0.7421711720120906
177521457.6187188 0.7414424955711569
178196187.5944646 0.7407148592640769
178870917.5702104 0.7399882602303735
179545647.5459562 0.7392626956278798
184280002.8757725 0.7342005077093577
185629462.8272641 0.7327667723132674
186304192.8030099 0.7320514163382841
187664898.25409725 0.7306118338658852
188339628.22984305 0.7298994994320898
189689088.18133464 0.7284778170505144
190363818.15708044 0.7277684639346828
191713278.10857204 0.7263527210455808
192388008.08431783 0.7256463261937813
193073983.5596594 0.724929163776049
193748713.5354052 0.7242247447764489
194423443.51115096 0.7235213017773204
195098173.48689675 0.7228188323040645
195772903.46264255 0.7221173338959667
196447633.43838835 0.7214168041060511
197797093.38987994 0.7200186406606578
198471823.36562574 0.7193210021785966
199832528.8167131 0.7179170124368817
200507258.7924589 0.7172222596041523
201181988.7682047 0.7165284585941697
201856718.7439505 0.7158356070649453
203880908.67118788 0.7137627261284994
204566884.14652944 0.7130621726901953
205241614.12227523 0.7123740494809172
205916344.09802103 0.7116868619205812
206591074.07376683 0.7110006077521815
207265804.04951262 0.7103152847303416
209289993.97675 0.708264880262388
209964723.95249578 0.7075832596015361
211325429.40358314 0.706211454425529
212000159.37932894 0.7055326027559502
212674889.35507473 0.7048546646391018
213349619.33082053 0.704177637929418
213788193.8150553 0.703738058298447
214238013.79888582 0.7032876058523186
214912743.77463162 0.7026126823844705
215587473.75037742 0.7019386632825644
216936933.701869 0.7005933297835967
218297639.15295637 0.6992404225405484
218972369.12870216 0.6985709088396628
220321829.08019376 0.6972345550279007
220996559.05593956 0.6965677108440079
221671289.03168535 0.6959017524419604
223020748.98317695 0.6945724849413419
223695478.95892274 0.6939091718449418
225056184.4100101 0.6925741584512796
225730914.38575587 0.6919134873410954
226405644.36150166 0.6912536880829871
227755104.31299326 0.6899366973348725
229779294.24023065 0.6879677016555931
230465269.7155722 0.6873021900114228
231139999.691318 0.6866484539149168
231814729.6670638 0.6859955742861356
232489459.6428096 0.6853435492439265
233164189.6185554 0.684692376915304
233838919.5943012 0.6840420554353827
234513649.570047 0.6833925829473088
235188379.5457928 0.6827439576021926
235863109.5215386 0.682096177559045
236549084.99688014 0.6814384658441182
237223814.97262594 0.6807923849251764
237898544.94837174 0.6801471438017479
239248004.89986333 0.6788591737093689
239922734.8756091 0.6782164411432743
240597464.8513549 0.6775745411782857
241272194.8271007 0.6769334720344478
241946924.8028465 0.6762932319391441
242632900.27818805 0.6756431692457439
243307630.25393385 0.6750045957026289
243982360.22967964 0.6743668459045384
244657090.20542544 0.673729918107758
245331820.18117124 0.6730938105756267
246681280.13266283 0.6718240493936113
247356010.10840863 0.6711903923051863
248030740.08415443 0.6705575486042219
249391445.53524178 0.669283781048299
250066175.51098758 0.6686533807808189
251415635.46247917 0.6673949983430575
252090365.43822497 0.6667670128283955
252765095.41397077 0.6661398288977991
253439825.38971654 0.665513444895264
254114555.36546233 0.6648878591711747
254800530.8408039 0.6642526636707136
255475260.8165497 0.6636286828161239
256149990.7922955 0.6630054953018683
256824720.76804128 0.6623830995035208
257499450.74378708 0.6617614938028139
258174180.71953288 0.6611406765875913
258848910.69527867 0.6605206462517659
259523640.67102447 0.6599014011952765
260018442.65323806 0.6594477863191951
260513244.63545164 0.6589945922648799
261187974.61119744 0.6583772774275802
261862704.58694324 0.6577607423687799
262548680.0622848 0.6571347294847654
263223410.0380306 0.656519762198454
263898140.0137764 0.6559055699609971
265247599.96526796 0.654679504413091
265922329.94101375 0.6540676280070116
266597059.91675955 0.6534565204584485
267271789.89250535 0.6528461802335592
267946519.86825114 0.6522366058040223
268632495.3435927 0.6516176552774855
269307225.3193385 0.6510096205753432
270656685.2708301 0.6497958333184832
271331415.2465759 0.6491900777560573
272006145.2223217 0.6485850789080202
272680875.1980675 0.6479808352837512
273355605.1738133 0.6473773453978598
274030335.1495591 0.6467746077701529
274716310.62490064 0.6461625941639445
275391040.60064644 0.6455613691087659
275840860.58447695 0.6451609679533348
276976656.0436491 0.6441514312668362
277651386.0193948 0.6435527056855778
278326115.9951406 0.6429547230582446
279000845.9708864 0.6423574819418896
279675575.9466322 0.641760980898486
280361551.42197376 0.6411552953712832
281036281.39771956 0.6405602824540158
281711011.37346536 0.6399660053011502
282385741.34921116 0.6393724624941128
283060471.32495695 0.6387796526190962
283735201.30070275 0.6381875742670308
284409931.27644855 0.6375962260335543
285084661.25219434 0.6370056065189816
285759391.22794014 0.6364157143282787
286445366.7032817 0.6358167347757805
287120096.6790275 0.6352283051302449
287794826.6547733 0.634640598628103
288458311.13092333 0.6340633910645942
289133041.1066691 0.6334771147284532
289807771.0824149 0.6328915574420242
290482501.0581607 0.6323067178420317
291157231.0339065 0.631722594569628
291831961.0096523 0.6311391862703659
292517936.4849939 0.6305467860545407
293192666.4607397 0.6299648155156108
293867396.43648547 0.6293835558903099
297241046.31521446 0.6264878748212295
297915776.29096025 0.6259108527487478
298601751.7663018 0.6253249329160779
299276481.7420476 0.6247493244837085
299951211.7177934 0.6241744150617415
300625941.6935392 0.6236002033507841
301300671.669285 0.6230266880554988
301975401.6450308 0.6224538678845788
302650131.6207766 0.6218817415507276
303324861.5965224 0.6213103077706343
303999591.5722682 0.6207395652649522
304685567.04760975 0.6201600177217437
305360297.0233555 0.6195906654106315
306035026.9991013 0.619022000538361
306709756.9748471 0.6184540218412857
307384486.9505929 0.6178867280596144
308059216.9263387 0.6173201179373897
308733946.90208447 0.6167541902224659
309408676.87783027 0.61618894366649
309914724.35963964 0.6157654550112319
310207107.3491295 0.6155209467943896
310398280.84225744 0.6153611449246429
310791873.32810915 0.6150323124513706
311466603.30385494 0.6144691357591374
312141333.27960074 0.6139066352083704
312816063.25534654 0.6133448095695524
313490793.23109233 0.6127836576168346
314176768.7064339 0.6122138424935232
314851498.6821797 0.6116540454271592
315526228.6579255 0.6110949183709526
316200958.6336713 0.6105364601135985
316875688.6094171 0.6099786694473631
317550418.5851629 0.6094215451680689
318225148.5609087 0.608865086075072
318899878.5366545 0.608309290971246
319585854.01199603 0.6077449120663935
320260583.9877418 0.6071904523802002
320935313.9634876 0.6066366530929697
321610043.9392334 0.6060835130215186
322284773.9149792 0.6055310309860915
322959503.890725 0.6049792058103409
323634233.8664708 0.604428036321312
324308963.8422166 0.6038775213494239
324983693.8179624 0.6033276597284536
325669669.29330397 0.6027693023238423
326344399.26904976 0.6022207547600517
327019129.24479556 0.6016728570492408
327693859.22054136 0.6011256080385025
328368589.19628716 0.6005790065782034
329043319.17203295 0.6000330515219667
329718049.14777875 0.5994877417266579
330392779.12352455 0.598943076052366
332428214.5503577 0.5973038921577979
332821807.0362094 0.5969875954101269
333215399.5220611 0.5966715160721727
333890129.4978069 0.5961301709471193
334576104.97314847 0.5955804565572677
335250834.94889426 0.5950403951924919
340659920.2544564 0.5907337559216123
341334650.2302022 0.5901993792841319
342009380.205948 0.5896656276325034
342684110.1816938 0.5891324998829076
343077702.6675455 0.5888217963871186
343471295.1533972 0.5885113046093844
344146025.129143 0.5879795249434174
344820755.1048888 0.5874483657667249
345506730.58023036 0.5869089889200845
346181460.55597615 0.5863790778066307
346856190.53172195 0.58584978395838
347530920.50746775 0.5853211063123375
348205650.48321354 0.5847930438083506
348880380.45895934 0.5842655953891001
350229840.41045094 0.5832125365896088
350904570.38619673 0.5826869241087709
351590545.8615383 0.5821531766292829
352265275.8372841 0.5816287930106363
352940005.8130299 0.5811050171742348
353614735.7887757 0.5805818480822703
354289465.7645214 0.580059284699665
354964195.7402672 0.5795373259940603
355638925.716013 0.5790159709358045
356313655.6917588 0.5784952184979406
356988385.6675046 0.5779750676561942
357674361.14284617 0.5774468633002365
358349091.11859196 0.5769279225725523
359023821.09433776 0.5764095803672288
359698551.07008356 0.57589183567065
360373281.04582936 0.575374687471826
361048011.02157515 0.574858134762379
361722740.99732095 0.574342176536534
362397470.97306675 0.5738268117911065
363072200.94881254 0.5733120395254914
363758176.4241541 0.572789294067414
364432906.3998999 0.5722757136028919
365107636.3756457 0.5717627226152081
365737384.35300845 0.5712844619921059
366378377.82996696 0.5707981866211571
367053107.80571276 0.5702868897560875
367727837.78145856 0.5697761785360801
368413813.2568001 0.5692575548191003
369088543.2325459 0.5687480216697092
369763273.2082917 0.5682390712147564
370438003.1840375 0.5677307024810948
371112733.1597833 0.5672229144980308
371753726.6367418 0.5667410529524373
372113582.62380624 0.5664707632161449
372507175.10965794 0.5661753221773725
373181905.08540374 0.565669309135656
373856635.06114954 0.5651638729221038
374531365.03689533 0.5646590125782932
375206095.01264113 0.5641547271481936
375880824.9883869 0.5636510156781568
376555554.9641327 0.5631478772169063
377140320.9431124 0.5627122866507512
377725086.9220921 0.5622771251488088
378399816.8978379 0.5617755480769397
379074546.8735837 0.5612745404832251
379749276.8493295 0.5607741014274886
380424006.82507527 0.5602742299718715
381098736.80082107 0.5597749251808231
381773466.77656686 0.5592761861210922
382448196.75231266 0.5587780118617189
383122926.72805846 0.558280401474023
383808902.2034 0.5577750746716872
384483632.1791458 0.5572785986095881
385158362.1548916 0.5567826836313767
385833092.1306374 0.5562873288174457
386507822.1063832 0.5557925332504227
387182552.082129 0.5552982960151626
387857282.0578748 0.5548046161987399
388532012.0336206 0.5543114928904379
389217987.50896215 0.5538107204219294
389892717.48470795 0.5533187166437402
390567447.46045375 0.5528272666396477
391242177.4361995 0.5523363695077257
391916907.4119453 0.5518460243482166
392591637.3876911 0.5513562302635212
393266367.3634369 0.5508669863581905
393941097.3391827 0.5503782917389193
394615827.3149285 0.5498901455145351
395290557.29067427 0.5494025467959925
395976532.7660158 0.548907381787405
396651262.7417616 0.5484208845099565
397325992.7175074 0.5479349320691947
398000722.6932532 0.5474495235845329
398675452.668999 0.5469646581774702
399350182.6447448 0.5464803349715834
400024912.6204906 0.5459965530925215
400699642.5962364 0.545513311667994
401374372.5719822 0.5450306098277665
402060348.04732376 0.5445404152107701
402735078.02306956 0.5440587988934595
403409807.99881536 0.5435777195476132
404084537.97456115 0.5430971763111736
407469433.3528859 0.5406945116472692
408144163.3286317 0.5402171759189558
408818893.3043775 0.5397403703075888
409493623.2801233 0.5392640939670741
410168353.2558691 0.5387883460532743
410843083.2316149 0.5383131257240052
411517813.2073607 0.5378384321390254
412192543.1831065 0.5373642644600322
412867273.1588523 0.5368906218506518
413553248.63419384 0.5364096226068912
414227978.60993963 0.5359370363516405
414902708.58568543 0.5354649726545698
415577438.5614312 0.5349934306869911
416252168.537177 0.5345224096221115
416679497.521816 0.5342243653288831
417106826.506455 0.5339265294354343
417792801.98179656 0.5334488597016296
418467531.95754236 0.5329795431434503
419142261.93328816 0.5325107439678369
419816991.90903395 0.5320424613579031
420491721.88477975 0.5315746944986174
421166451.86052555 0.5311074425767953
421841181.83627135 0.5306407047810946
422515911.81201714 0.5301744803020071
423190641.78776294 0.529708768331854
423876617.2631045 0.5292358190576734
424551347.2388503 0.5287711381978152
425226077.2145961 0.5283069674214059
425900807.1903419 0.5278433059280466
426575537.1660877 0.5273801529191363
427250267.1418335 0.526917507597864
427924997.1175793 0.526455369169204
428599727.0933251 0.525993736839908
429274457.0690709 0.5255326098185015
429960432.54441243 0.5250643145434549
430635162.52015823 0.5246042041592988
431309892.495904 0.5241445967060918
431984622.4716498 0.5236854913994173
432659352.4473956 0.5232268874566011
433334082.4231414 0.522768784096705
434008812.39888716 0.5223111805405218
434683542.37463295 0.5218540760105693
435358272.35037875 0.5213974697310836
436044247.8257203 0.52093376332496
436718977.8014661 0.5204781594978317
437393707.7772119 0.520023051591307
438068437.7529577 0.5195684388364681
438743167.7287035 0.5191143204660886
439417897.7044493 0.5186606957146273
440092627.6801951 0.5182075638182205
440767357.6559409 0.51775492401468
441442087.6316867 0.5173027755434841
442128063.10702825 0.5168435941660788
442802793.08277404 0.5163924342418527
443477523.05851984 0.5159417633657828
444152253.03426564 0.5154915807839926
444826983.01001143 0.5150418857442465
445501712.98575723 0.5145926774959442
446176442.961503 0.5141439552901149
446851172.9372488 0.5136957183794135
447525902.9129946 0.5132479660181135
448211878.3883362 0.5127932470808438
448886608.364082 0.512346469632384
449561338.3398278 0.5119001744934752
450236068.3155736 0.5114543609248443
450910798.2913194 0.5110090281888094
451585528.26706517 0.5105641755492781
452260258.24281096 0.5101198022717401
452934988.21855676 0.509675907623264
453553490.69632375 0.50926942403317
454160747.6744949 0.508870721191534
454846723.1498365 0.508420798948417
455521453.1255823 0.5079787322831487
456196183.1013281 0.5075371407265223
456870913.0770739 0.5070960235547117
457545643.05281967 0.5066553800454338
458220373.02856547 0.5062152094779456
458895103.00431126 0.5057755111330378
459569832.98005706 0.5053362842930302
460255808.4553986 0.5048902196254687
460930538.4311444 0.504451941476839
461605268.4068902 0.5040141326773271
462279998.382636 0.5035767925153476
462954728.3583818 0.503139920280821
463629458.3341276 0.5027035152651694
464304188.3098734 0.5022675767613103
464978918.2856192 0.5018321040636531
465653648.261365 0.5013970964680939
466339623.73670655 0.5009553148159104
467014353.71245235 0.500521243040534
467689083.68819815 0.5000876342521713
468363813.66394395 0.49965448775264387
469038543.63968974 0.49922180284523837
469713273.61543554 0.49878957883470093
470388003.59118134 0.4983578150272321
471062733.56692713 0.49792651073048355
471737463.54267293 0.497495665253553
472423439.0180145 0.49705810866199845
473098168.9937603 0.49662818637597705
473772898.9695061 0.49619872083426836
474447628.9452519 0.4957697113517345
475122358.9209977 0.4953411572446612
475797088.8967435 0.49491305783075545
476471818.8724893 0.49448541242913857
477146548.8482351 0.49405822036034375
477821278.82398087 0.4936314809463114
478507254.2993224 0.4931980925451972
479181984.2750682 0.49277226392811874
479856714.25081396 0.49234688592880455
480531444.22655976 0.4919219578748042
481206174.20230556 0.491497479095053
481880904.17805135 0.4910734489198692
482555634.15379715 0.4906498666809477
483230364.12954295 0.4902267317113573
483916339.6048845 0.4897970023193821
484591069.5806303 0.4893747673198431
485265799.5563761 0.4889529775860085
485940529.5321219 0.488531632456424
486615259.5078677 0.4881107312709892
487289989.4836135 0.48769027337095205
487964719.4593593 0.48727025809890734
488639449.4351051 0.4868506847987903
489314179.4108509 0.48643155281587386
490000154.88619244 0.4860058870377999
490674884.86193824 0.48558764305844737
491349614.83768404 0.4851698384292672
492024344.81342983 0.48475247250086545
492699074.7891756 0.48433554462516637
493373804.7649214 0.4839190541554088
494048534.7406672 0.4835030004461418
494723264.716413 0.48308738285322106
495397994.6921588 0.4826722007338047
496083970.1675004 0.48225054467190476
496758700.1432462 0.48183623880727744
497433430.118992 0.48142236648477155
498108160.09473777 0.4810089270667407
498782890.07048357 0.4805959199168224
499457620.04622936 0.4801833443999352
500132350.02197516 0.479771199882274
500807079.99772096 0.4793594857313073
501481809.97346675 0.4789482013157719
502167785.4488083 0.4785305020490642
502842515.4245541 0.4781200823516232
503517245.4002999 0.4777100904929598
504191975.3760457 0.4773005258468739
504866705.3517915 0.4768913877884171
505541435.3275373 0.4764826756938888
506216165.3032831 0.47607438894083265
506890895.27902883 0.47566652690803346
507565625.25477463 0.47525908897551306
508251600.7301162 0.47484529453465507
508926330.705862 0.47443870999019844
509601060.6816078 0.4740325476832143
510275790.6573536 0.4736268069986597
510950520.6330994 0.473221487322711
511625250.6088452 0.47281658804276167
512299980.584591 0.47241210854741833
512974710.56033677 0.4720080482264971
513649440.53608257 0.471604406471021
514335416.0114241 0.47119446581415914
515010145.9871699 0.4707916663181689
515684875.9629157 0.4703892835578166
516359605.9386615 0.4699873169289375
517034335.9144073 0.4695857658285554
517709065.8901531 0.4691846296548812
518383795.8658989 0.4687839078073089
519058525.8416447 0.4683835996864119
519744501.31698626 0.4679770432741133
520419231.29273206 0.46757756768346215
521093961.26847786 0.4671785040183323
521768691.24422365 0.4667798516840038
522443421.21996945 0.4663816100869208
523118151.19571525 0.4659837786346873
523792881.17146105 0.4655863567360651
524467611.14720684 0.46518934380097
525142341.12295264 0.46479273924046854
525828316.5982942 0.46438994263873207
526503046.57404 0.4639941598469127
527177776.5497858 0.463598783660014
527852506.5255316 0.46320381349369416
529201966.4770232 0.4624150888910994
530551426.4285148 0.46162798138705025
531237401.90385634 0.46122848686364976
531912131.87960213 0.46083594731708644
532586861.85534793 0.4604438097227341
533261591.8310937 0.4600520735052679
533936321.8068395 0.4596607380904742
534611051.7825853 0.459269802905247
535285781.75833106 0.4588792673775862
535960511.73407686 0.45848913093659327
536635241.70982265 0.45809939301246905
537321217.1851642 0.45770356740518314
537995947.16091 0.45731463142798917
538670677.1366558 0.45692609225540054
539345407.1124016 0.45653794932200503
540020137.0881474 0.4561502020634739
540694867.0638932 0.4557628499165606
541369597.039639 0.4553758923190978
542044327.0153848 0.4549893287099943
542719056.9911306 0.4546031585292315
543123894.9765781 0.4543716450338109
543528732.9620255 0.45414027285080333
544203462.9377713 0.45375496624639794
544878192.9135171 0.4533700512854548
545552922.8892629 0.45298552741243303
546238898.3646045 0.45259499515605606
546913628.3403503 0.4522112582914688
547588358.3160961 0.4518279108453223
548263088.2918419 0.4514449522663112
548937818.2675877 0.45106238200417703
