1.0 0.99999999820849
4205817.848815459 0.9888450267424225
12583715.047659086 0.9693654815586513
12741152.041999772 0.9690206878463334
13370900.019362515 0.9676471797391779
17947818.35483816 0.95790477622331
18622548.330583956 0.9564999655867694
23536831.6539325 0.9464706489200599
24031633.636146083 0.945478791684361
30745196.89481675 0.9322988238302362
37166377.16399757 0.9201140815736815
37841107.139743365 0.9188548551162569
40551272.54232231 0.9138345913527806
42575462.46955969 0.910122943536123
47309817.799376026 0.9015613694521741
47984547.77512182 0.9003542720825309
50683467.678105004 0.8955571668109118
52044173.12919236 0.8931571767202766
52718903.10493816 0.8919716102755523
56711055.46143411 0.8850166143267876
57779377.92303162 0.8831723032065397
59803567.850269005 0.8796968227531893
60478297.8260148 0.878543778681113
61839003.27710216 0.8762266373072919
62345050.758911505 0.8753676496985107
64886533.667554 0.8710758979236713
65572509.14289556 0.8699237911576347
69620888.99737033 0.8631776093514077
70295618.97311613 0.8620619309661686
70711702.45815937 0.8613751468011204
71127785.94320261 0.8606892872690171
71802515.9189484 0.8595790392906717
72218599.40399164 0.8588955876451303
72477245.8946942 0.8584711994082617
72994538.8760993 0.857623477480546
73669268.8518451 0.8565198575230866
75029974.30293246 0.8543014179281266
75704704.27867825 0.853204905541475
76379434.25442405 0.8521107228180259
77728894.20591564 0.8499292953636298
78909671.66347079 0.8480280700598617
79247036.65134367 0.8474861428912475
79764329.6327488 0.8466562870222198
83823954.98681933 0.8401893431386903
84498684.96256512 0.8391222460584737
85173414.93831092 0.838057326520515
87872334.8412941 0.8338192159121369
89098094.2972323 0.8319056810097354
89491686.783084 0.8312927220898454
89885279.26893573 0.8306804788126179
93270174.64726046 0.8254444561987928
93944904.62300625 0.8244069385126228
94619634.59875205 0.8233714633490757
95294364.57449785 0.8223380219477145
95969094.55024365 0.8213066056516943
97993284.47748104 0.8182244223327872
100028719.90431418 0.81514318877568
100703449.88005997 0.8141257467761859
103402369.78304316 0.8100754928377429
105437805.20987631 0.8070413624499135
106787265.1613679 0.8050393587378144
107461995.13711369 0.804041197798342
108811455.08860528 0.8020505221134548
109474939.56475532 0.801074520177193
109969741.5469689 0.8003478276949318
110475789.02877825 0.799605653255976
111825248.98026983 0.7976316105371161
113174708.93176143 0.7956649276526424
114535414.38284878 0.7936892541376579
115210144.35859458 0.7927123201840627
115884874.33434038 0.7917371934566275
116559604.31008618 0.790763867606235
117909064.26157776 0.7888225934141246
118583794.23732355 0.7878546326453316
119663362.19851683 0.7863095870061811
119775817.19447446 0.7861489052172564
119955745.18800667 0.7858919163387121
120416810.67143297 0.7852339545347897
121102786.14677453 0.7842565557765664
121777516.12252033 0.7832969481591404
123126976.0740119 0.7813829700656713
123633023.55582125 0.7806670210304479
123857933.54773653 0.7803491342679261
125612231.4846756 0.7778761972585332
126286961.46042138 0.776928160083065
126961691.43616718 0.7759818323228597
127636421.41191298 0.7750372084232265
128311151.38765877 0.7740942828713239
128985881.36340457 0.7731530501955138
129660611.33915037 0.7722135049647282
130346586.81449193 0.7712600249551044
131021316.79023772 0.7703238663802852
131696046.76598352 0.76938937910637
132370776.74172932 0.7684565578591579
133045506.7174751 0.7675253974020514
133720236.6932209 0.7665958925355048
134394966.6689667 0.7656680380964817
135069696.6447125 0.7647418289579285
135586989.62611762 0.7640328463378511
135946845.61318204 0.7635402084332127
136464138.59458715 0.762832855347873
137150114.0699287 0.7618963207251881
137824844.0456745 0.7609767774240984
138499574.0214203 0.7600588538987999
139849033.97291186 0.7582278465324135
140523763.94865766 0.7573147529506543
141884469.39974502 0.7554782104036414
142559199.3754908 0.7545699298314263
143233929.3512366 0.7536632351920581
144583389.3027282 0.7518545849427762
145258119.278474 0.7509526200219415
145932849.2542198 0.7500522224113473
146607579.2299656 0.7491533875274479
147282309.2057114 0.7482561108148028
147957039.1814572 0.7473603877457189
148643014.65679875 0.7464513240203111
149317744.63254455 0.7455587204712779
149992474.60829034 0.7446676570718703
150667204.58403614 0.7437781294023957
151341934.55978194 0.7428901330692234
152016664.53552774 0.7420036637044646
152691394.51127353 0.7411187169656642
153366124.4870193 0.7402352885354926
154052099.9623609 0.7393386883506199
154726829.93810666 0.7384583088111794
155401559.91385245 0.7375794347056432
156076289.88959825 0.736702061814641
156751019.86534405 0.7358261859424797
157425749.84108984 0.7349518029168689
166523359.01406232 0.7233059134908991
167198088.9898081 0.7224526977693941
168547548.9412997 0.7207505556383537
169222278.9170455 0.7199016216043409
171246468.8442829 0.7173633222832251
171921198.8200287 0.716520044283756
172607174.29537025 0.715664151632652
173281904.27111605 0.7148237026421161
174631364.22260764 0.7131469928045815
175306094.19835344 0.7123107246661939
175980824.17409924 0.7114758428830519
176655554.14984503 0.7106423438530829
177330284.12559083 0.7098102239913616
178016259.6009324 0.708965645626402
178690989.5766782 0.7081362962516742
179365719.55242395 0.7073083153329165
180040449.52816975 0.7064816993524587
180715179.50391555 0.7056564448089836
181389909.47966135 0.704832548217375
182064639.45540714 0.7040100061085703
182739369.43115294 0.7031888150294117
183414099.40689874 0.7023689715425034
184100074.8822403 0.7015368419394843
184774804.8579861 0.7007197057045229
185449534.8337319 0.6999039067863922
186124264.8094777 0.699089441809592
186798994.78522348 0.6982763074136888
187473724.76096928 0.6974645002531862
188148454.73671508 0.696654016997392
188823184.71246088 0.6958448543302928
189497914.68820667 0.695037008950424
190138908.16516516 0.6942707729828078
190779901.64212367 0.6935057200939955
191454631.61786947 0.6927016763100233
192129361.59361526 0.6918989370742831
192804091.56936106 0.6910974991548375
193478821.54510686 0.6902973593335886
194153551.52085266 0.6894985144061636
194828281.49659845 0.6887009611817997
195503011.47234425 0.6879046964832352
196188986.9476858 0.6870964783628954
196863716.9234316 0.6863028025811616
197538446.8991774 0.6855104058211627
198213176.8749232 0.6847192849587646
199562636.8264148 0.6831408584949391
200237366.80216056 0.6823535467096415
200912096.77790636 0.6815674984540013
201586826.75365216 0.6807827106676775
202272802.2289937 0.6799861320992228
202947532.2047395 0.6792038770010367
203622262.1804853 0.678422873215236
204296992.1562311 0.6776431177309505
204971722.1319769 0.6768646075493896
205646452.1077227 0.6760873396837535
206264954.5854897 0.6753759329392998
206771002.06729904 0.6747946458684511
207344522.54668295 0.6741366931858939
208019252.52242875 0.6733637705836313
208693982.49817455 0.6725920769538646
209368712.47392035 0.6718216093743429
210043442.44966614 0.6710523649342356
210718172.42541194 0.670284340734051
211404147.9007535 0.6695047640686829
212078877.8764993 0.6687391919117385
212753607.8522451 0.6679748313157771
213428337.8279909 0.6672116794260282
214103067.8037367 0.6664497333986575
214777797.77948245 0.6656889904006894
215452527.75522825 0.6649294476099289
216127257.73097405 0.6641711022148878
216801987.70671985 0.6634139514147105
217487963.1820614 0.6626454031838919
218162693.1578072 0.66189065300662
218837423.133553 0.661137089038632
219512153.1092988 0.6603847085210426
220186883.0850446 0.6596335087052361
220861613.0607904 0.6588834868527992
221446379.03977007 0.6582344186464482
222019899.519154 0.6575986882445979
222694629.4948998 0.6568518527813669
223380604.97024137 0.6560937672779986
223774197.45609307 0.655659344097899
224167789.94194478 0.6552253168555321
224842519.91769058 0.6544821897852485
228227415.29601532 0.6507716119237251
228902145.27176112 0.6500354202675397
229576875.24750692 0.6493003720907071
230251605.2232527 0.6485664647899817
230926335.1989985 0.6478336957713706
231601065.1747443 0.6471020624500752
232275795.1504901 0.6463715622504328
232950525.1262359 0.6456421926058606
234311230.57732326 0.6441747256779305
234985960.55306906 0.6434487510827143
235660690.52881485 0.6427238968238094
236335420.50456062 0.6420001603793432
236729012.99041235 0.6415784959999119
236908940.98394457 0.6413858614057599
237381251.96696663 0.6408805720969083
238055981.94271243 0.640159674724559
238730711.9184582 0.6394398862843018
239405441.894204 0.6387212042936496
240091417.36954555 0.6379916759841189
240766147.34529135 0.6372752178168792
241440877.32103714 0.6365598586617798
242115607.29678294 0.6358455960702216
242790337.27252874 0.6351324276019213
243465067.24827453 0.6344203508248578
244139797.22402033 0.6337093633152279
244814527.19976613 0.6329994626573958
245489257.17551193 0.6322906464438489
246175232.65085348 0.6315711258593639
246849962.62659928 0.6308644893181103
248199422.57809088 0.6294544455513124
248874152.55383667 0.6287510335829477
249548882.52958247 0.6280486917425023
250223612.50532827 0.6273474176781634
250898342.48107406 0.6266472090458794
251573072.45681986 0.6259480635093152
252259047.93216142 0.6252383529674771
252933777.90790722 0.6245413442651496
253439825.38971654 0.6240192809263819
253945872.87152588 0.6234978106672496
254620602.84727168 0.622803437879209
255306578.32261324 0.6220985689465565
255981308.29835904 0.6214063120072173
256656038.27410483 0.6207151008069518
257330768.24985063 0.6200249330735779
258005498.22559643 0.6193358065422393
258680228.20134223 0.6186477189553647
259354958.17708802 0.6179606680626315
260029688.15283382 0.6172746516209242
260704418.12857962 0.6165896673942993
261390393.60392118 0.6158943226302147
262065123.57966697 0.6152114132650415
262616153.05985937 0.6146544647815906
263178428.03964752 0.6140868537944365
263853158.01539332 0.6134066572159539
264527887.9911391 0.6127274803158416
264921480.47699085 0.6123317638131005
265326318.46243832 0.6119251018766335
266001048.4381841 0.6112481436763475
266675778.4139299 0.6105721982097229
267350508.3896757 0.6098972633094774
267890292.37027234 0.6093580415449887
268418830.8512732 0.608830677857406
269093560.827019 0.6081583436036049
269768290.8027648 0.6074870122055079
271522588.7397039 0.6057462286226526
271691271.2336403 0.6055792007156626
272141091.2174708 0.6051340967996957
272815821.1932166 0.6044672684454653
273490551.1689624 0.60380143124263
274165281.1447082 0.6031365830908201
274840011.120454 0.6024727218961108
275525986.5957956 0.6017988059644092
276200716.57154137 0.6011369287899534
276875446.54728717 0.6004760322946434
277550176.52303296 0.59981611441012
278224906.49877876 0.5991571730743119
278899636.47452456 0.5984992062314055
279293228.96037626 0.5981158414506381
279698066.9458237 0.5977218681802308
280372796.9215695 0.5970660218660554
281047526.8973153 0.5964111435417605
281722256.8730611 0.5957572311773868
283746446.8002985 0.5938012696355716
284421176.7760443 0.5931512009329244
285095906.7517901 0.5925020881313816
285781882.22713166 0.5918431346593271
286456612.20287746 0.5911959435331496
287131342.17862326 0.590549702311574
287806072.15436906 0.5899044090186526
288480802.13011485 0.5892600616842893
289155532.10586065 0.5886166583442127
289830262.08160645 0.5879741970399497
290504992.05735224 0.5873326758187973
291179722.03309804 0.5866920927337991
291865697.5084396 0.5860417929828349
292540427.4841854 0.5854030959067457
293215157.4599312 0.5847653311280313
293889887.435677 0.5841284967225496
294564617.4114228 0.583492590771773
295239347.3871686 0.582857611362765
295914077.3629144 0.5822235565881552
296588807.3386602 0.5815904245461134
297263537.314406 0.5809582133403255
297949512.78974754 0.5803164073170617
298624242.76549333 0.5796860473851754
299343954.7396222 0.5790146721093192
299827511.22224 0.5785641755133655
300502241.19798577 0.5779363580974561
301176971.17373157 0.577309450626715
301851701.14947736 0.5766834512416978
302402730.6296698 0.5761728907421259
302953760.10986215 0.5756629336413372
303628490.08560795 0.5750393166926634
304303220.06135374 0.5744166011184263
304708058.04680127 0.5740434036700597
305067914.0338657 0.5737119441458882
305720153.01041996 0.5731118242299672
306394882.98616576 0.5724918912786351
307069612.9619115 0.5718728522115742
307744342.9376573 0.571254705215119
308430318.41299886 0.5706271684007167
309105048.38874465 0.5700108149173801
309779778.36449045 0.5693953480644338
310454508.34023625 0.568780766048699
311129238.31598204 0.568167067082043
311803968.29172784 0.5675542493813585
312478698.26747364 0.5669423111685419
313153428.24321944 0.5663312506704741
313828158.21896523 0.5657210661189972
314514133.6943068 0.5651016079743498
315188863.6700526 0.56449318455688
315863593.6457984 0.5638856317819174
316538323.6215442 0.5632789479010312
317213053.59729 0.5626731311706501
317887783.5730358 0.5620681798520444
318562513.5487816 0.5614640922113043
319237243.5245274 0.560860866519321
319911973.50027317 0.5602585010517669
320597948.9756147 0.5596469762367022
321272678.9513605 0.5590463403293837
321947408.9271063 0.5584465594735433
322622138.9028521 0.557847631963863
323296868.8785979 0.5572495560997102
323971598.8543437 0.5566523301851175
324646328.8300895 0.5560559525287657
325321058.8058353 0.5554604214439639
325995788.7815811 0.5548657352486311
326681764.25692266 0.554262002016568
327356494.23266846 0.553669014583784
332079604.06288904 0.5495415253020438
333440309.5139764 0.548359970770756
334115039.4897222 0.5477753211740432
334789769.46546793 0.5471914949570169
335464499.4412137 0.5466084905004055
336139229.4169595 0.5460263061892818
336813959.3927053 0.5454449404130488
340873584.74677587 0.5419642440449841
341548314.72252166 0.5413885767193569
342223044.69826746 0.5408137151714525
342897774.67401326 0.5402396578289625
343572504.64975905 0.5396664031237457
344258480.1251006 0.539084415375926
344933210.1008464 0.5385127745694478
345607940.0765922 0.5379419316947633
346282670.052338 0.537371885200308
346957400.0280838 0.5368026335386042
347395974.51231855 0.5364330454563004
347620884.50423384 0.5362436429802339
348081949.9876601 0.5358556428739787
348756679.9634059 0.5352885032317647
349431409.9391517 0.5347221527829519
350106139.9148975 0.5341565899989416
350780869.8906433 0.5335918133551377
351455599.8663891 0.5330278213309323
352141575.34173065 0.532455232220338
352816305.31747645 0.5318928179030952
353491035.29322225 0.5313311836422958
354165765.26896805 0.5307703279332031
354840495.24471384 0.5302102492749957
355515225.22045964 0.5296509461707525
356189955.19620544 0.5290924171274393
356864685.17195123 0.5285346606558937
357539415.14769703 0.527977675270813
358225390.6230386 0.52741219573958
358900120.5987844 0.5268567608765068
359574850.5745302 0.5263020926424669
360249580.550276 0.5257481895675136
360924310.5260218 0.5251950501854905
361599040.5017676 0.5246426730340157
362273770.4775134 0.5240910566544689
362948500.45325917 0.523540199591978
363634475.9286007 0.5229809384880236
364309205.9043465 0.5224316083046895
364983935.8800923 0.5218830330721218
365658665.8558381 0.52133521135037
366333395.8315839 0.5207881417031655
367008125.8073297 0.5202418226979081
367682855.7830755 0.5196962529056536
368357585.7588213 0.5191514309011008
369032315.7345671 0.5186073552625783
369718291.20990866 0.5180549753638262
370393021.18565446 0.5175124005870678
371067751.16140026 0.5169705679094934
371461343.64725196 0.5166548409933502
371585044.14280534 0.5165556645437372
372001127.62784857 0.5162222534198673
372675857.60359436 0.51568218374501
373350587.57934016 0.5151428514226021
374025317.55508596 0.5146042550574411
374700047.53083175 0.5140663932578498
375374777.50657755 0.5135292646356621
376060752.9819191 0.512983934051096
376735482.9576649 0.5124482797950538
377410212.9334107 0.5119133545499409
378084942.9091565 0.511379156941578
378759672.8849023 0.5108456855992382
379434402.8606481 0.5103129391556341
380109132.8363939 0.5097809162469078
380783862.8121397 0.5092496155126165
381458592.7878855 0.5087190355957235
382144568.26322705 0.508180350222794
382819298.23897284 0.5076512198402842
383494028.21471864 0.5071228062019539
384067548.6941026 0.5066742171458968
384416159.18157125 0.5064017975931533
384865979.16540176 0.5060505699301294
385551954.6407433 0.5055155574463892
386226684.6164891 0.5049900329179848
386901414.5922349 0.5044652183833079
387576144.5679807 0.5039411125156675
388250874.5437265 0.5034177139916638
388925604.5194723 0.5028950214911749
389431652.0012816 0.5025034646514487
389780262.4887503 0.5022339558017564
390286309.97055966 0.5018430671750788
390972285.4459012 0.5013138263107715
391647015.421647 0.5007939681050472
392321745.3973928 0.5002748093276306
392996475.3731386 0.49975634867795315
393671205.3488844 0.4992385848586498
394345935.3246302 0.49872151657554703
395020665.300376 0.4982051425376537
395695395.2761218 0.49768946145714893
396381370.75146335 0.497165894745279
397056100.7272091 0.4966516072244031
397730830.7029549 0.4961380087950966
398405560.6787007 0.4956250981821703
399080290.6544465 0.49511287411355465
399755020.6301923 0.49460133532028816
400429750.6059381 0.49409048053650834
401104480.5816839 0.49358030849944023
401790456.05702543 0.493062332206768
402465186.0327712 0.49255353321364576
403139916.008517 0.4920454131764729
404489375.9600086 0.49103120497112657
405164105.9357544 0.49052511431111384
405838835.9115002 0.490019697623352
406513565.887246 0.4895149536694624
407188295.8629918 0.489010881214065
407874271.33833337 0.4884990946599175
408549001.31407917 0.4879963726475224
409223731.28982496 0.48749431842495894
409898461.26557076 0.48699293076879424
410573191.24131656 0.48649220845854607
411247921.21706235 0.4859921502766739
411922651.19280815 0.4854927550085677
412597381.16855395 0.4849940214425403
413272111.14429975 0.48449594836981685
413958086.6196413 0.48399024993354617
414632816.5953871 0.48349350519061124
415307546.5711329 0.48299741731206347
415982276.5468787 0.48250198510073505
419355926.4256077 0.48003461735164243
420716631.87669504 0.4790440425553745
421391361.85244083 0.4785538236857626
422066091.82818663 0.47806424981726037
422740821.8039324 0.4775753197810063
423415551.7796782 0.4770870324109156
424090281.75542396 0.47659938654367223
424765011.73116976 0.47611238101871933
425439741.70691556 0.47562601467825155
426125717.1822571 0.4751321962943154
426800447.1580029 0.47464711546523347
427475177.1337487 0.4741626703445033
428149907.1094945 0.47367885978528335
428577236.09413356 0.47337277412086887
428880864.5832191 0.473155446437577
429443139.5630073 0.4727533257280748
430117869.5387531 0.4722713594480364
430792599.5144989 0.47179002326370895
431467329.4902447 0.4713093160414859
432142059.4659905 0.4708292366504271
432816789.4417363 0.4703497839622523
433502764.91707784 0.469862981693113
434177494.89282364 0.4693847894345308
434852224.86856943 0.46890722049121214
435526954.84431523 0.46843027374547475
436201684.820061 0.4679539480822536
436876414.7958068 0.46747824238909413
437551144.7715526 0.467003155556144
438225874.7472984 0.46652868647614554
438900604.7230442 0.4660548340444261
439586580.1983858 0.46557371508624523
440261310.1741316 0.46510110287885065
440936040.14987737 0.46462910400289664
441610770.12562317 0.46415771736402
442285500.10136896 0.4636869418704042
442960230.07711476 0.46321677643277215
443634960.05286056 0.46274721996437757
444309690.02860636 0.46227827138099875
444995665.5039479 0.461802129039418
445670395.4796937 0.4613344030697343
446345125.4554395 0.46086728172954267
449718775.33416843 0.4585407069621539
450393505.30991423 0.45807719092826066
451079480.7852558 0.4576065617954106
451754210.7610016 0.45714424895535005
452428940.7367474 0.456682531148635
453103670.7124932 0.4562214073232481
453778400.688239 0.455760876429593
454453130.6639848 0.45530093742048383
456477320.59122217 0.45392466126461345
457163296.0665637 0.45345945797830883
457838026.0423095 0.4530024725373939
458512756.0180553 0.45254607273097314
459187485.9938011 0.4520902575285858
459862215.9695469 0.45163502590212606
460536945.9452927 0.4511803768258368
461211675.9210385 0.4507263092763016
461886405.8967843 0.45027282223243914
462561135.8725301 0.44981991467549526
463247111.34787166 0.44936005166608073
463921841.32361746 0.448908309651682
464596571.29936326 0.4484571440649929
465012654.7844065 0.44817921218074247
465316283.2734921 0.44797653498660783
465889803.75287604 0.4475940175374828
466564533.72862184 0.44714452744072486
467239263.70436764 0.44669560983097933
467913993.68011343 0.4462472637077163
468599969.155455 0.4457920299730507
469274699.1312008 0.4453448333133386
469949429.1069466 0.4448982051355547
470624159.0826924 0.44445214444823666
471298889.0584381 0.44400665026216213
471973619.0341839 0.44356172159034385
472648349.0099297 0.4431173574480223
473323078.9856755 0.4426735568526592
473997808.9614213 0.4422303188239309
474683784.43676287 0.4417802691953943
475358514.41250867 0.4413381627030815
476033244.38825446 0.4408966158334489
476707974.36400026 0.4404556276150057
477382704.33974606 0.44001519707844317
478057434.31549186 0.43957532325663007
478732164.29123765 0.43913600518460494
479406894.26698345 0.43869724189957143
480081624.24272925 0.4382590324408897
480767599.7180708 0.43781408625212936
481442329.6938166 0.43737699076327075
482117059.6695624 0.4369404462158478
482791789.6453082 0.4365044516578265
483466519.621054 0.43606900613930055
484141249.5967998 0.43563410871248415
484815979.5725456 0.435199758431707
485490709.5482914 0.4347659543534068
486176685.02363294 0.43432547917005687
486851414.99937874 0.43389277373851254
487526144.97512454 0.43346061167575
488200874.95087034 0.43302899204661754
488875604.92661613 0.432597913918043
489550334.9023619 0.43216737635902647
490225064.8781077 0.4317373784406357
490899794.8538535 0.43130791923599954
491574524.8295993 0.43087899782030253
492260500.3049409 0.4304434780714892
492935230.2806867 0.430015638392051
493609960.2564325 0.42958833372408534
494284690.2321783 0.4291615631509741
494959420.20792407 0.4287353257581257
495634150.18366987 0.4283096206329695
496308880.15941566 0.4278844468649497
496983610.13516146 0.4274598035455203
497658340.11090726 0.42703568976813827
498333070.086653 0.4266121046282598
499019045.56199455 0.4261820007325402
499693775.53774035 0.42575947893495425
500368505.51348615 0.42533748305821195
501043235.48923194 0.4249160122057382
501717965.46497774 0.4244950654829285
502392695.44072354 0.4240746419971431
503067425.41646934 0.42365474085770144
503742155.39221513 0.4232353611758764
504428130.8675567 0.4228095254850565
505102860.8433025 0.42239119471402026
505777590.8190483 0.42197338273138985
506452320.7947941 0.4215560886562317
507127050.7705399 0.42113931160953827
507801780.7462857 0.42072305071422345
508476510.7220315 0.4203073050951176
509151240.6977773 0.4198920738789613
509825970.67352307 0.41947735619440096
513885596.0275936 0.4169929290839291
514560326.0033394 0.41658179033240134
515235055.9790852 0.4161711581953466
515909785.954831 0.41576103181835583
516584515.9305768 0.4153514103488725
517259245.9063226 0.41494229293618873
517945221.38166416 0.41452687275315725
518619951.35740995 0.41411876927483326
519294681.33315575 0.4137111672981539
519969411.30890155 0.4133040659797844
520644141.28464735 0.41289746447821335
521318871.26039314 0.41249136195374714
521993601.23613894 0.41208575756850546
