1.0 0.9999999981999999
2012945.4276416232 0.9943002077684502
16789531.896474544 0.9581021774426923
17880345.35726358 0.9557052543657605
20376846.267523024 0.9503031245928834
21051576.243268818 0.9488616022186604
21726306.219014615 0.9474274669337542
26989200.02983182 0.936471600374642
27663930.005577616 0.9350940295234442
28338659.98132341 0.933722115529508
29013389.957069207 0.9323557309583719
34231301.769503355 0.9219635263867804
34681121.75333389 0.9210812524923442
37548724.15025352 0.9155038135544381
37897334.63772218 0.9148311555270464
41360948.51321726 0.9082082321829309
54810566.02975012 0.8834208283580953
56834755.95698751 0.8798053836015424
59477448.361991875 0.8751266892278684
60095950.83975885 0.8740383060424263
65505036.14532098 0.8646234061236998
68608794.03375164 0.8593021338000049
68822458.52607115 0.8589379207931963
70003235.98362628 0.8569299828678679
72027425.91086367 0.8535065734069828
72702155.88660946 0.8523706393609508
76199506.26089184 0.8465235929770356
100433557.88976166 0.807748514208908
102941304.29961686 0.8038969990977994
103413615.28263892 0.8031747734539972
104763075.23413052 0.8011167614880088
107461995.13711369 0.797024910946399
118864931.72721764 0.7800819063237634
120214391.67870922 0.7781126692041647
120799157.65768892 0.7772616318772101
121170259.14434911 0.7767222684461371
121642570.12737116 0.7760366100946389
126376925.45718749 0.7692129780689939
127051655.43293329 0.7682477101813039
129075845.36017068 0.7653625781352416
130425305.31166227 0.7634479889203466
133810200.689987 0.7586763004108398
134484930.6657328 0.757730340595307
135159660.6414786 0.7567860983468563
135834390.6172244 0.7558435680216827
136509120.5929702 0.7549027440176861
137869826.04405755 0.7530105833008035
138544556.01980335 0.7520748731721423
139219285.99554914 0.7511408472709238
140568745.94704074 0.7492778265816651
143953641.32536545 0.7446340161599138
144628371.30111125 0.7437133000800873
146618824.72956136 0.7410067051969199
147293554.70530716 0.7400924252610982
148654260.1563945 0.7382535409039864
149328990.1321403 0.7373441239204949
151353180.0593777 0.7346254667011681
152027910.0351235 0.7337224294751826
153377369.9866151 0.731921099197796
157436995.3406856 0.7265398963089467
158786455.2921772 0.7247635724506765
160135915.2436688 0.7229933961451657
160540753.22911626 0.7224635367075427
160675699.22426543 0.7222870389708139
161103028.20890445 0.7217285315978021
161777758.18465024 0.7208479201417718
162452488.16039604 0.7199688260303445
165151408.0633792 0.7164675366346808
166500868.0148708 0.7147258843690979
167186843.49021235 0.7138428275930984
170560493.36894134 0.709522153376949
171235223.34468713 0.7086624230176981
171909953.32043293 0.7078041513474869
172595928.7957745 0.7069330663681095
173270658.7715203 0.706077724192036
174833783.21533138 0.7041017325187399
175306094.19835344 0.703506190291121
176666799.6494408 0.7017943870932526
180715179.50391555 0.6967356146420554
181389909.47966135 0.6958974223426961
183425344.9064945 0.6933773446136001
184100074.8822403 0.6925447547165992
184774804.8579861 0.6917135503690625
185449534.8337319 0.6908837279231637
186124264.8094777 0.6900552837485824
186798994.78522348 0.6892282142323405
187215078.2702667 0.6887188716955698
187552443.2581396 0.6883062734372197
188137209.23711932 0.6875919124717657
188823184.71246088 0.6867552177606595
189497914.68820667 0.6859336110892794
191522104.61544406 0.6834769181308491
192196834.59118983 0.6826607178433033
194906999.99376878 0.6793958083686767
197605919.89675197 0.6761657574110413
198280649.87249777 0.6753615422634308
200304839.79973516 0.672956757766015
200990815.27507672 0.6721444668505517
201665545.2508225 0.6713468021741007
202340275.2265683 0.6705504333939846
203015005.2023141 0.6697553572706303
204364465.1538057 0.668169070105498
205039195.1295515 0.6673778526538188
205713925.10529727 0.6665879150388773
206388655.08104306 0.6657992540896802
207074630.55638462 0.6649987542961228
210448280.4351136 0.6610809153329801
211123010.4108594 0.6603011242555952
211797740.3866052 0.6595225848982662
212472470.362351 0.6587452942070059
213158445.83769256 0.6579563255918037
214260504.79807734 0.6566914899750135
214575378.78675872 0.6563307153788485
215823629.24188846 0.654903147969032
216498359.21763426 0.6541332448607429
217847819.16912583 0.652597118880655
218522549.14487162 0.6518308901064038
219197279.12061742 0.651065880227229
219872009.09636322 0.6503020863210511
222582174.49894217 0.6472463732565866
223931634.45043376 0.6457320969461328
224606364.42617956 0.6449767538956235
225955824.37767115 0.6434696438434802
226641799.8530127 0.6427053517096264
227316529.8287585 0.6419547833201101
227991259.8045043 0.6412053966204838
228665989.7802501 0.6404571888324427
229340719.7559959 0.639710157188186
232039639.65897906 0.6367337370566415
233400345.1100664 0.6352401885891654
234075075.0858122 0.6345013325820392
234749805.061558 0.6337636309013647
236773994.9887954 0.6315574251050322
237448724.9645412 0.6308243140660234
238123454.940287 0.6300923440700542
238798184.9160328 0.6293615124894185
239394196.39460823 0.6287168894400369
239877752.87722605 0.6281945433328346
240462518.85620576 0.6275636453036315
241137248.83195156 0.6268367400189249
241811978.80769733 0.6261109615277932
242486708.78344312 0.6253863072538203
243667486.24099827 0.624120859705336
244016096.72846693 0.6237479061657157
249256499.54009262 0.6181772699843184
249863756.51826385 0.6175360437676649
250369804.0000732 0.6170023656783387
250954569.97905287 0.6163864361600553
251629299.95479867 0.6156767656633617
252304029.93054447 0.614968182908796
252978759.90629026 0.6142606854567422
253653489.88203606 0.6135542708759554
254328219.85778186 0.612848936743511
255002949.83352765 0.6121446806447584
256363655.284615 0.610727700222436
257038385.2603608 0.6100266816459767
257713115.23610657 0.6093267314867515
258387845.21185237 0.6086278473708999
259062575.18759817 0.6079300269325532
259737305.16334397 0.6072332678137894
260412035.13908976 0.6065375676645891
260996801.11806947 0.6059354823134482
261502848.59987882 0.6054150863218428
262031387.0808797 0.6048721939031918
262638644.0590509 0.6042492412596953
263313374.03479668 0.60355806808832
263988104.01054248 0.6028679415615509
264662833.98628828 0.6021788593781504
265337563.96203408 0.6014908192444687
266023539.43737563 0.6007923776643557
266698269.41312143 0.6001064320514626
267372999.38886723 0.5994215216146657
268047729.36461303 0.5987376440903801
268722459.3403588 0.598054797222405
269397189.3161046 0.5973729787618837
270071919.2918504 0.5966921864672643
270746649.2675962 0.5960124181042613
271421379.243342 0.5953336714458167
272107354.71868354 0.5946446574438549
272782084.69442934 0.5939679644778986
273456814.67017514 0.5932922865416106
274131544.64592093 0.592617621436581
274806274.6216667 0.5919439669714398
275481004.5974125 0.5912713209618182
276155734.5731583 0.5905996812303145
276830464.5489041 0.5899290456064561
277505194.5246499 0.5892594119266656
278179924.5003957 0.5885907780342243
278865899.9757373 0.5879120229483119
279540629.9514831 0.587245398761127
280890089.90297467 0.5859151282245838
281564819.87872046 0.5852514776228729
282239549.85446626 0.584588813975077
282914279.83021206 0.5839271351716342
283589009.80595785 0.5832664391095678
284274985.2812994 0.582595736731833
284949715.2570452 0.5819370161613513
285624445.232791 0.5812792720278355
286973905.1842826 0.5799667047707178
287648635.1600284 0.5793118775126521
288323365.1357742 0.5786580184225613
288998095.11152 0.5780051254491
289672825.0872658 0.5773531965472223
290358800.56260735 0.5766913883693039
290954812.04118276 0.5761171803540127
291337159.0274387 0.5757492142335872
291798224.51086503 0.5753058990805447
292472954.48661083 0.5746579493586668
293147684.4623566 0.574010953274995
293822414.4381024 0.5733649088225602
294497144.4138482 0.5727198140004787
295171874.389594 0.5720756668139244
295857849.8649356 0.5714217532488641
296532579.8406814 0.5707795110839375
300198612.70890015 0.567306402051537
300873342.68464595 0.5666701835703596
301559318.1599875 0.5660243138709801
303583508.0872249 0.5641240470397466
304100801.06863004 0.5636397556785683
304629339.5496309 0.5631454946832528
305304069.5253767 0.5625153419742457
308688964.9037014 0.5593678691120683
309363694.8794472 0.5587432021024233
310038424.855193 0.5581194402565878
310713154.8309388 0.5574965817117368
311387884.8066846 0.5568746246104701
312062614.7824304 0.5562535671007874
312737344.7581762 0.5556334073360653
313412074.733922 0.5550141434750319
314098050.20926356 0.5543854750828322
314772780.18500936 0.553768012381797
315447510.16075516 0.5531514400621422
316122240.13650095 0.5525357563038614
316796970.11224675 0.5519209592921853
317471700.08799255 0.5513070472175579
318146430.06373835 0.5506940182756145
318821160.03948414 0.550081870667159
319495890.01522994 0.5494706025981425
320181865.4905715 0.5488500465339955
320856595.4663173 0.5482405467665452
321531325.4420631 0.5476319211574425
322206055.4178089 0.5470241679330883
322880785.3935547 0.546417285324922
323555515.3693005 0.5458112715693985
324230245.3450463 0.5452061249079668
324904975.3207921 0.5446018435870505
325579705.2965379 0.5439984258580249
326186962.27470905 0.5434560868317058
326794219.2528803 0.5429144446346141
327468949.2286261 0.5423134357021032
328143679.20437187 0.5417132837615148
328818409.18011767 0.5411139870877097
329504384.6554592 0.5405055771299208
330179114.631205 0.53990800001626
330853844.6069508 0.5393112729944204
331528574.5826966 0.5387153943585586
332203304.5584424 0.5381203624075863
332878034.5341882 0.5375261754451498
333552764.509934 0.5369328317796105
334227494.4856798 0.5363403297240263
334902224.4614256 0.5357486675961322
335588199.93676716 0.5351480037459972
336262929.91251296 0.5345580303741052
336937659.88825876 0.5339688918832132
337612389.86400455 0.5333805866096519
338287119.83975035 0.5327931128943347
338961849.81549615 0.5322064690827389
339625334.2916462 0.5316304103393603
340277573.26820046 0.531064894416216
340952303.24394625 0.5304806892245558
341627033.219692 0.5298973074455231
342200553.69907594 0.5294020791222501
342594146.18492764 0.5290625595791613
343111439.1663328 0.528616757907225
343786169.1420786 0.5280360001021801
344472144.61742014 0.5274464001065532
345146874.59316593 0.5268672874316986
345821604.56891173 0.5262889880945234
346496334.5446575 0.5257115004902557
347171064.5204033 0.5251348230184725
347677112.00221264 0.5247028456037671
348183159.484022 0.5242713223189376
350218594.9108552 0.5225402130254507
350893324.886601 0.5219679762109646
351568054.86234677 0.5213965392048833
352242784.83809257 0.5208259004389365
352917514.8138383 0.520256058349062
353592244.7895841 0.5196870113753882
354266974.7653299 0.5191187579622187
354952950.24067146 0.5185418455692046
355627680.21641725 0.5179751877878496
356302410.19216305 0.5174093188991161
356977140.16790885 0.5168442373639175
357651870.14365464 0.5162799416472642
358326600.11940044 0.5157164302182464
359001330.09514624 0.5151537015500189
359676060.07089204 0.5145917541197872
360350790.04663783 0.5140305864087898
361025520.02238363 0.5134701969022856
361711495.4977252 0.5129012637810598
362386225.473471 0.5123424390623589
363060955.4492168 0.5117843880028784
363735685.4249626 0.5112271091038693
364410415.4007084 0.5106706008705265
365085145.3764542 0.510114861811976
365759875.3522 0.509559890441257
366434605.32794577 0.5090056852753105
367120580.8032873 0.5084430272981424
367795310.7790331 0.5078903628164548
368470040.7547789 0.5073384600891305
369144770.7305247 0.5067873176486325
369819500.7062705 0.5062369340312541
370494230.6820163 0.5056873077771028
371168960.6577621 0.5051384374300867
371843690.6335079 0.5045903215379022
372518420.6092537 0.5040429586520182
373204396.08459526 0.5034872434981088
373879126.06034106 0.5029413947840794
374553856.03608686 0.5023962947293381
375228586.01183265 0.5018519419003729
375712142.49445045 0.5014622812239724
376038261.9827276 0.5011997028307308
376386872.47019625 0.5009192078006147
376892919.9520056 0.5005123906342873
377578895.4273472 0.49996159386411576
378253625.403093 0.49942057357504493
378928355.3788388 0.4988802927168329
379603085.3545845 0.4983407498797543
380277815.3303303 0.49780194365770325
380952545.3060761 0.4972638726481813
381627275.2818219 0.49672653545228335
382302005.2575677 0.4961899306746859
382976735.2333135 0.4956540569236344
383662710.70865506 0.49510999991615195
384337440.68440086 0.4945755961829892
385012170.66014665 0.4940419192994039
385686900.63589245 0.49350896788784854
386361630.61163825 0.4929767405742809
387036360.58738405 0.4924452359881528
387711090.56312984 0.4919144527623967
388385820.53887564 0.4913843895334143
389060550.51462144 0.4908550449410642
389746525.989963 0.4903176132426862
390421255.9657088 0.4897897137776097
390871075.9495393 0.48943817785871635
391320895.9333699 0.4890869591203744
392006871.40871143 0.48855196031495396
392681601.38445723 0.4880264493133237
393356331.360203 0.487501648369041
394031061.3359488 0.48697755614706223
394705791.3116946 0.4864541713157016
395380521.2874404 0.4859314925466191
396055251.2631862 0.4854095185148099
396729981.238932 0.48488824789859225
397415956.7142736 0.48435900917844243
398090686.69001937 0.48383915311017767
398765416.6657651 0.48331999649044977
399440146.6415109 0.48280153801081005
400114876.6172567 0.48228377636607767
400789606.5930025 0.48176671025432666
401464336.5687483 0.48125033837687564
402139066.5444941 0.4807346594382765
402813796.5202399 0.48021967214630334
403488526.4959857 0.4797053752119425
407885516.8379291 0.47637069253039227
408560246.8136749 0.47586154384792045
409234976.7894207 0.4753530746735759
409909706.7651665 0.47484528374837154
410584436.7409123 0.4743381698164204
411270412.2162539 0.4738232967063016
411945142.1919997 0.4733175442364856
412619872.1677455 0.47281246499000673
413294602.14349127 0.47230805772332574
413969332.11923707 0.4718043211959521
414644062.09498286 0.47130125417043384
415318792.07072866 0.4707988554123479
415993522.04647446 0.47029712369028925
416668252.02222025 0.4697960577758617
417354227.4975618 0.46928732204498674
418028957.4733076 0.4687875951182754
418703687.4490534 0.4682885303116613
419378417.4247992 0.4677901264087334
420053147.400545 0.4672923821960404
420727877.3762908 0.46679529646308104
421402607.3520366 0.4662988680022937
422077337.3277824 0.4658030956090481
422752067.3035282 0.46530797808163404
423438042.77886975 0.4648052786881118
424112772.75461555 0.4643114781632731
424787502.73036134 0.46381832889670993
425462232.70610714 0.46332582969835095
426136962.6818529 0.4628339793809977
426811692.6575987 0.46234277676031704
427486422.6333445 0.46185222065483095
428161152.60909027 0.4613623098859078
428835882.58483607 0.4608730432777527
429521858.0601776 0.4603762813712605
430196588.0359234 0.45988831025562354
430871318.0116692 0.4594009797708701
431546047.987415 0.45891428875250945
432220777.9631608 0.45842823603884303
432895507.9389066 0.45794282047095464
433570237.9146524 0.4574580408927024
434244967.8903982 0.4569738961507097
434930943.36573976 0.45648233193893417
435605673.34148556 0.45599946395293267
436280403.31723136 0.455517227340501
436955133.29297715 0.4550356209592804
437629863.26872295 0.45455464366963416
438304593.24446875 0.4540742943346385
438979323.22021455 0.4535945718200731
439654053.19596034 0.45311547499441474
440328783.17170614 0.4526370027288264
441003513.14745194 0.4521591538971502
441689488.6227935 0.45167397886650984
442364218.5985393 0.45119738387853725
442836529.5815613 0.45086413638480305
443162649.06983846 0.4506342140423366
443713678.5500309 0.4502460529455519
444388408.5257767 0.44977131477221155
445063138.5015225 0.44929719331314144
445737868.4772683 0.4488236874607455
446412598.4530141 0.44835079611004025
447087328.4287599 0.4478785181586465
447762058.40450567 0.4474068525067811
448436788.38025147 0.4469357980572493
449122763.855593 0.4464575181391513
449797493.8313388 0.44598769295403845
450472223.8070846 0.4455184756769867
451146953.7828304 0.4450498652211167
451821683.7585762 0.44458186050209664
452496413.734322 0.44411446043813574
453171143.71006775 0.44364766394997535
453845873.68581355 0.44318146996088137
454520603.66155934 0.44271587739663737
455206579.1369009 0.4422431403955826
455881309.1126467 0.44177875744743833
457230769.0641383 0.4408517850853658
458580229.0156299 0.4399271970200712
460491963.94690967 0.43862142888690603
460840574.4343783 0.43838383037022044
461312885.41740036 0.4380621741021513
461987615.39314616 0.4376031663061324
462662345.36889195 0.4371447471683539
463337075.34463775 0.43668691564678996
464697780.7957251 0.4357654052610803
465372510.7714709 0.43530934009306893
465901049.2524718 0.43495249662387336
466204677.7415574 0.4347476631559497
466665743.2249837 0.43443684514563474
467340473.2007295 0.4339824788442944
468015203.1764753 0.433528693000375
468689933.1522211 0.43307548659078143
469364663.1279669 0.43262285859477206
470039393.1037127 0.432170807993953
470714123.0794585 0.43171933377227034
473424288.4820374 0.4299116989669417
474099018.4577832 0.4294631009952825
474773748.433529 0.4290150733385071
475448478.4092748 0.4285676149967865
476123208.3850206 0.42812072497257647
476797938.3607664 0.4276744022706114
477472668.3365122 0.42722864589789633
478158643.81185377 0.42677603979717255
478833373.7875995 0.42633142251049805
479508103.7633453 0.4258873685712326
480182833.7390911 0.42544387699543734
480857563.7148369 0.4250009468014115
481532293.6905827 0.4245585770096848
482207023.6663285 0.4241167666430123
482881753.6420743 0.42367551472636705
483556483.6178201 0.423234820286934
484208722.59437436 0.4228093446628246
484849716.0713329 0.4223917106308014
485524446.04707867 0.42195263663065186
486199176.02282447 0.42151411631869284
486873905.99857026 0.42107614873288945
487559881.4739118 0.420631447318951
488234611.4496576 0.4201945914800829
488909341.4254034 0.4197582854783736
489584071.4011492 0.4193225283604806
490258801.376895 0.41888731917520927
490933531.3526408 0.4184526569735071
491608261.3283866 0.41801854080845724
492282991.3041324 0.4175849697352728
492957721.2798782 0.4171519428112903
493643696.75521976 0.41671225563087855
494318426.73096555 0.416280323215671
495667886.68245715 0.4154180814059692
496342616.65820295 0.4149877701451758
497017346.63394874 0.4145579974063705
497692076.60969454 0.4141287622616174
498366806.58544034 0.41370006378505597
499041536.56118613 0.4132719010528948
499727512.0365277 0.412837150537476
500402242.0122735 0.41241006542158865
501076971.9880193 0.41198351327580396
501751701.963765 0.4115574931845803
502426431.9395108 0.41113200423441554
503101161.9152566 0.4107070455138414
503775891.8910024 0.41028261611341665
504450621.8667482 0.40985871512572236
505125351.842494 0.4094353416453555
505811327.31783557 0.40900545177735215
506486057.29358137 0.4085831393575509
507160787.26932716 0.4081613517259346
507835517.24507296 0.4077400879851409
508510247.22081876 0.4073193472397947
509184977.19656456 0.40689912859650273
509859707.17231035 0.4064794311638485
512569872.5748893 0.40479887980312246
515943522.4536183 0.4027185495407848
516618252.4293641 0.4023040241500737
517292982.4051099 0.4018900102787788
517978957.88045144 0.4014696196598825
518653687.85619724 0.4010566347141148
519328417.83194304 0.4006441586747834
520003147.80768883 0.4002321906795187
520677877.7834346 0.39982072986783973
521352607.7591804 0.39940977538114997
522027337.7349262 0.3989993263627307
522702067.710672 0.39858938195773713
523376797.6864178 0.39817994131319195
524062773.1617594 0.3977641922049809
524737503.1375052 0.39735576489033064
525412233.113251 0.396947838774246
526098208.5885925 0.3965336268161117
526772938.5643383 0.3961267088804411
527458914.0396799 0.3957135201634779
528133644.0154257 0.39530760698459555
528819619.49076724 0.394895438035755
529494349.46651304 0.3944905262050392
530180324.9418546 0.3940793735664834
530855054.9176004 0.3936754596902317
531529784.8933462 0.39327203941337036
531923377.3791979 0.39303693853573224
532227005.8682835 0.3928556894669478
532800526.3476674 0.3925136018372777
533475256.3234132 0.39211160013711815
534161231.79875475 0.39170340112191315
534835961.77450055 0.39130238753243085
535510691.75024635 0.39090186267706145
536185421.72599214 0.39050182573732406
536860151.70173794 0.39010227589650537
537534881.6774838 0.3897032123396553
538209611.6532296 0.389304634253581
538884341.6289754 0.3889065408268431
539559071.6047211 0.38850893124975094
540245047.0800626 0.38810519002660965
540919777.0558084 0.3877085537571426
541594507.0315542 0.38731239890529734
542269237.0073 0.38691672466835725
542943966.9830458 0.3865215302453306
543618696.9587916 0.38612681483694555
544293426.9345374 0.38573257764564484
544968156.9102832 0.38533881787558255
545642886.886029 0.3849455347326187
546328862.3613706 0.38454618466271306
547003592.3371164 0.38415386030903376
547678322.3128622 0.3837620101970845
548353052.288608 0.3833706335395304
549027782.2643538 0.3829797295507197
549702512.2400995 0.3825892974466789
550377242.2158453 0.38219933644510834
551051972.1915911 0.3818098457653775
551726702.167337 0.3814208246285211
