3600 40483799 1.0000000000000002e-10 102.65329631143808 0.8000000047109576 0.7223512949616886
7200 80967598 1.2658514530672672e-09 158.64267347761285 0.8000239727630228 0.9302135707307917
10800 121451396 1.2741284084130616e-09 158.64267347761268 0.8000239727652421 0.9627959197069327
14400 161935195 1.2066430594231504e-09 207.147859672364 0.800015022934323 0.9718897547377492
18000 202418993 1.1873395975723509e-09 274.18558213492963 0.8000041271057947 0.9820553249380481
21600 242902792 1.1815193900997514e-09 287.8646718197509 0.800001919309388 0.9889288701831855
25200 283386590 1.1837676232044093e-09 287.8646718197509 0.800001919309388 0.9924462716069515
28800 323870389 1.1871236689792899e-09 287.8646718197509 0.800001919309388 0.9943526221089674
32400 364354187 9.731245162716535e-10 250.08147060245958 1.0111799097425829 0.9962842599903525
36000 404837986 9.61672868222917e-10 250.0810573485142 1.0139091564495828 0.9968339615215611
39600 445321784 9.614792429044383e-10 250.08093881304876 1.0147246934688798 0.9970149647284512
43200 485805583 9.565892920964767e-10 250.0807294195007 1.0161604687486367 0.9972555012826892
46800 526289382 9.552500911088908e-10 250.08066997502794 1.0165708025534126 0.9973879945834211
50400 556044974 9.516007796600526e-10 250.0806519318776 1.0167006536329897 0.9959258946543675
