3600 40483799 1.0000000000000002e-10 228.68813125248695 1.0156959074732856 0.9669887690337458
7200 80967598 1.2204379475634216e-09 245.4190905600338 0.933402579207609 0.98634821889692
10800 121451396 1.2001839336734986e-09 245.2191739913792 0.9350588449264344 0.9662634008402505
14400 161935195 1.1754198316295765e-09 244.03558749027857 0.940375976480324 0.9830208160421452
18000 202418993 1.1711100958215802e-09 244.0345757946459 0.9422380825366993 0.9934805413675708
21600 242902792 1.0416989543670437e-09 293.8555332011776 1.0437521486944827 0.9967817500382142
25200 283386590 1.039171099220105e-09 293.8657087576307 1.0441878435795815 0.9976433139664328
28800 323870389 1.0374315304378205e-09 293.8656052717916 1.0448274632685919 0.998283021374825
32400 364354187 1.0016122638072644e-09 293.5079178739586 1.0533318764160504 0.9977720604444262
36000 404837986 9.654468955920327e-10 293.7673267489434 1.061673872825794 0.996893471732096
39600 445321784 9.653141384662548e-10 293.7671193855509 1.0631476621944498 0.9965713203007888
43200 485805583 9.630559760925548e-10 293.766880936145 1.0646656124194969 0.9964612392545282
46800 513525740 9.622269527935473e-10 293.7668151284912 1.0650843307409976 0.9965916161888206
