3600 40483799 9.129124658083595e-10 114.82020530717318 0.8000021164289565 0.9862836479389847
7200 80967598 5.668644024174733e-10 294.42213243079846 1.0844711675667027 0.9691555462706763
10800 121451396 7.460141897671445e-10 290.71236142760586 1.06829496405323 0.9852357930963923
14400 161935195 8.88038052849311e-10 292.34229778663706 1.0554875947214297 0.9925223933062622
18000 202418993 9.767301116727427e-10 294.02952047811556 1.0448354351811997 0.9953957678824846
21600 242902792 1.0086227381778392e-09 299.935386452399 1.0465545690139075 0.9960183750392286
25200 283386590 1.0085378573410415e-09 299.9999600639885 1.0476579124074352 0.9969765353461398
28800 323870389 1.0051680171853035e-09 299.54115173570307 1.048968168307819 0.9975738142916002
32400 364354187 1.0044412701194558e-09 299.5410750946986 1.049732486922938 0.9980647212240862
36000 404837986 1.0038827716239152e-09 299.5409753100429 1.0504446255839428 0.9983306613519132
39600 445321784 1.0004476977320034e-09 299.5406944477469 1.052159846874261 0.9982856969328422
43200 485805583 9.979841063592644e-10 299.5404568354079 1.0535527642888458 0.9981151049467738
46800 526289382 9.915753728482941e-10 299.9902844811298 1.0541719528916214 0.9967352795387587
50400 548960309 1.1281966653160176e-09 299.99497897629055 1.0129683972069872 0.9959921647038197
