3600 40483799 1.0000000000000082e-10 299.9999999998795 1.104749146206497 0.8467919651256914
7200 80967598 8.981823359292925e-10 133.76742275405834 0.8325817121836916 0.9521898974240691
10800 121451396 1.1288660621665398e-09 179.63145675497213 0.826699774997602 0.982042101182179
14400 161935195 1.145095793610667e-09 180.59131083694106 0.8320426270590104 0.9914986890194081
18000 202418993 1.1534438556479355e-09 180.152867521632 0.8475778990157081 0.9945929865929861
21600 242902792 1.1696550559340408e-09 180.96362067425457 0.8371621787269167 0.9958457918467066
25200 283386590 1.1771077542499003e-09 181.04204621360992 0.849287172851917 0.9963151282825465
28800 323870389 1.1952562653756683e-09 184.74164272691766 0.8487843686303177 0.9960651205784202
32400 364354187 1.2031151126305957e-09 185.90311166704996 0.8531107304537388 0.9959326934237845
36000 404837986 1.2113599525723924e-09 185.90562047815794 0.8486586545133586 0.9956116757502139
39600 445321784 1.2057801644631841e-09 191.00463281003087 0.858133068424891 0.9956187021840471
43200 485805583 1.2003950409661583e-09 205.80912821525186 0.8618577150556923 0.9953670789655259
46800 526289382 1.2000468906695562e-09 205.81207846812433 0.8658837276641468 0.9960382207765383
50400 562072561 1.200096002111558e-09 205.8668550629681 0.8784245287228815 0.9963218162366512
