3600 40483799 8.464000676052769e-10 114.79565583286679 0.8000571932257592 0.9801105985186975
7200 80967598 1.0696638316393809e-09 121.1034775624632 0.800000181378859 0.9931837282672235
10800 121451396 1.0786468077487203e-09 121.10347756246125 0.8000001814301999 0.9977104215378337
14400 161935195 1.0923986708493537e-09 121.10347756245864 0.8000001814995567 0.9983237419781583
18000 202418993 1.0942751335213973e-09 121.10347756245842 0.8000001815054048 0.9990719128051738
21600 242902792 1.0988714836952285e-09 121.10347756245775 0.8000001815231481 0.9992355008930663
25200 283386590 1.1033260998281695e-09 121.10347756245717 0.8000001815388774 0.9993174214403985
28800 323870389 1.108115338444807e-09 121.10347756245659 0.8000001815546601 0.9992333871272632
32400 364354187 1.1135766109521471e-09 121.10347756245595 0.8000001815718363 0.9990430302567013
36000 404837986 1.1195024251170457e-09 121.1034775624553 0.8000001815895252 0.9987802539967284
39600 445321784 1.1440891497965825e-09 124.91788734707401 0.8000001779062876 0.996289403591059
43200 485805583 1.1167576059736393e-09 123.09203918808538 0.8000002514890596 0.9918760006229225
46800 487514899 1.1158201979149933e-09 123.09203918808561 0.8000002514890596 0.991732598946835
