3600 40483799 9.137192015318087e-10 163.30472121001287 0.8826448141638606 0.9286302401429405
7200 80967598 1.1970950960017305e-09 167.97154043717381 0.8163265479736004 0.9857163864216845
10800 121451396 1.2326998167411627e-09 179.66248728251372 0.8384887794754785 0.994956649740538
14400 161935195 1.2713223442462611e-09 178.29007498383825 0.8424069920100778 0.9936517194596272
18000 202418993 1.2681573024596621e-09 186.1254816091571 0.8466761089235981 0.9954873667484962
21600 242902792 1.2644335794317463e-09 192.56573296994316 0.8538295811726192 0.9971874802956414
25200 283386590 1.2653222510765016e-09 198.42723179013873 0.8635603974497092 0.9980315241181351
28800 323870389 1.2667658910541617e-09 198.4267207504592 0.8691154276758227 0.9984652862189803
32400 364354187 1.2691336583302728e-09 200.3951008203515 0.8753273253007574 0.9986701313325935
36000 404837986 1.2606308431868773e-09 255.4282345586457 0.8323168881889894 0.9953940108859248
39600 445321784 1.257602517171111e-09 278.04570864507707 0.8158161389301403 0.9958262556122045
43200 485805583 1.2594977636478921e-09 278.04570864507707 0.8158161389301403 0.9963529090571082
46800 514785235 1.246837112672273e-09 278.01246477462996 0.9743693835366958 0.9960536365497844
