3600 40483799 9.128316385476688e-10 111.67589545179621 0.8000027187373415 0.9745064574555007
7200 80967598 9.214788517599195e-10 111.67589545179378 0.800002718843645 0.9926563037612585
10800 121451396 9.666746544595552e-10 111.67589545178262 0.8000027193343646 0.9934241514286964
14400 161935195 1.001884693809991e-09 111.67589545177529 0.8000027196599873 0.9920527415031813
18000 202418993 1.0429595566310952e-09 111.67589545176713 0.8000027200245106 0.9895956282163689
21600 242902792 1.050175688630199e-09 114.78978297170073 0.8000027736207956 0.9869856253219562
25200 283386590 1.024851570677176e-09 113.98576449826353 0.8000025872444438 0.9894472267376847
28800 323870389 1.0205922654206227e-09 114.02905744508104 0.800002545549363 0.9918606639479755
32400 364354187 1.038461411700696e-09 114.56027938279027 0.8000503736731415 0.9931802259980035
36000 404837986 1.0396963804117306e-09 114.56027938278996 0.8000503736847733 0.9933832805812672
39600 445321784 1.0488324846841698e-09 115.63430379468961 0.8000476837343737 0.9941253486458789
43200 485805583 1.0487997747762773e-09 116.20805687843418 0.8000438304348366 0.9941378642680723
46800 526289382 1.0487997747762773e-09 116.20805687843418 0.8000438304348366 0.9950480902296002
50400 566773180 1.036395757338022e-09 114.9287938831229 0.8000116468695712 0.9954775274224503
54000 577006585 1.0145048713588457e-09 114.21789946173988 0.8021724332326119 0.9955363217042525
