3600 40483799 8.065694991012091e-10 215.96532291723304 0.8675379840622024 0.35296158682762946
7200 80967598 1.0395906992896747e-09 215.9820670768255 0.9036542368393401 0.9044981972793346
10800 121451396 1.1348318644550838e-09 217.74380162205833 0.8953700466709978 0.9572731903376334
14400 161935195 1.1931998330114249e-09 215.75740805179788 0.8902505450394194 0.9746272237320381
18000 202418993 1.2124158821363311e-09 215.51605028360603 0.907363516477568 0.9825804949515251
21600 242902792 1.250468358982683e-09 224.9223679908337 0.9075620497980615 0.9862715417867155
25200 283386590 1.2431662097258978e-09 231.80953486024785 0.9120801101877364 0.9865331870794264
28800 323870389 1.2396847977370192e-09 236.75098065427684 0.9174080995394459 0.9896526360126313
32400 364354187 1.2442015734710058e-09 237.76139548007097 0.923378167217693 0.9912227636208204
36000 404837986 1.2442015734710058e-09 237.76139548007097 0.923378167217693 0.9928224558046382
39600 445321784 1.251160329136766e-09 237.1346075771071 0.9325868713101965 0.9931970829099097
43200 485805583 1.2655319891573148e-09 240.08873327756407 0.938236107247377 0.992493464082298
46800 526289382 1.2762592020994111e-09 240.08967779401326 0.9371127789775984 0.9915906580002679
50400 557675571 1.2787167051401641e-09 241.44714456482816 0.9491296577127566 0.9911827359980729
