3600 40483799 6.724080155826123e-10 299.9999906321085 1.0830715695887765 0.9910858484664861
7200 80967598 1.2063249411833622e-09 299.9997179282073 1.0375140385224983 0.9957476693854534
10800 121451396 1.0150525992137145e-09 299.9999667370187 1.0638144447379503 0.9977092228514696
14400 161935195 1.0628660808985355e-09 299.5336367837964 1.057560400338638 0.9989053083392982
18000 202418993 1.0856115197165226e-09 297.86214997481113 1.0527892431852897 0.9991112803408961
21600 242902792 1.1017392101473663e-09 297.8626716009711 1.0502239231570478 0.9994074157731301
25200 283386590 1.1279284712296671e-09 297.86363526376306 1.045658782720138 0.9995094357415713
28800 323870389 1.142158746673366e-09 297.86412010474794 1.0432656661827195 0.999572730127766
32400 364354187 1.094400840692057e-09 297.86398391728835 1.0511002594185486 0.9966630774113996
36000 404837986 1.0603266804453072e-09 297.86394638077076 1.055511396682829 0.9961642232576242
39600 445321784 1.0527145934087997e-09 297.86394035822985 1.0562510924818511 0.9964622418988923
43200 485805583 1.0473645229379787e-09 297.8639351252864 1.0568952012972435 0.9968594444361426
46800 526289382 1.0473645229379787e-09 297.8639351252864 1.0568952012972435 0.9973313234059886
50400 562117543 1.0538825949194028e-09 297.8639530940712 1.0564892669237937 0.9974281556549192
