3600 40483799 7.497143397026146e-10 215.2642567440307 0.8945463128609369 0.6716031437724452
7200 80967598 9.135838307864294e-10 215.2633484262764 0.9032414818434154 0.9339124557206951
10800 121451396 9.993125433819572e-10 216.8270187420546 0.909085253466879 0.965599116526675
14400 161935195 1.0609066179799607e-09 217.00218544980112 0.9009512191464942 0.9770669887466056
18000 202418993 1.103619146346602e-09 220.25137035277083 0.8943725336415949 0.9825664549789598
21600 242902792 1.1210746304028153e-09 219.69965310140887 0.9130313012899447 0.9854022942417947
25200 283386590 1.148793025756713e-09 219.70257175551072 0.896219795409488 0.9868148449721221
28800 323870389 1.164427765435375e-09 219.1618932320907 0.914964333656891 0.9863244403318967
32400 364354187 1.181519756397923e-09 219.16272294159145 0.9096875362347319 0.9861428358004769
36000 404837986 1.181519756397923e-09 219.16272294159145 0.9096875362347319 0.988859767312615
39600 445321784 1.2013640974499529e-09 219.16467985209118 0.9002079969471598 0.9896383053383332
43200 485805583 1.205567977887309e-09 219.33737365459126 0.9165280471701652 0.9904182415075464
46800 526289382 1.205567977887309e-09 219.33737365459126 0.9165280471701652 0.9901622965512302
50400 527413932 1.205567977887309e-09 219.33737365459126 0.9165280471701652 0.9901129253681721
