3600 40483799 1.0717403974152463e-09 196.51118167748007 0.8808244359144534 0.9406361072970871
7200 80967598 1.1933355979260036e-09 196.9800218775243 0.8691680318363872 0.990816145433697
10800 121451396 1.2160449224043e-09 196.19558199923154 0.8738629436307964 0.9960673185029093
14400 161935195 1.2396633632975463e-09 197.18166559760635 0.864814240515312 0.9974028411403034
18000 202418993 1.249552446350571e-09 197.07415290743825 0.8734789955764133 0.9976626411443353
21600 242902792 1.273219560852762e-09 198.18735052955813 0.8624372026192818 0.9970230103268368
25200 283386590 1.2814604646718173e-09 198.18565884056653 0.8759115690751458 0.9966797053990234
28800 323870389 1.2954022719970343e-09 201.2378713606527 0.8765945237937603 0.9966408113460874
32400 364354187 1.2954022719970343e-09 201.2378713606527 0.8765945237937603 0.9962811255485456
36000 404837986 1.2979021753735894e-09 202.318882550178 0.8852819677409702 0.9965776510520846
39600 445321784 1.3021251917907294e-09 202.31898207230967 0.8847512400171162 0.9966238774937856
43200 485805583 1.3087215795160142e-09 203.79411743580746 0.887319895808114 0.996370954296511
46800 526289382 1.3146774450156936e-09 203.50714795654528 0.8967952650494185 0.9952317204073258
50400 547307220 1.3146774450156936e-09 203.50714795654528 0.8967952650494185 0.9946592350108705
