3600 40483799 1.1228083090684971e-09 292.88793813769894 0.8000082681234219 0.8129701927942709
7200 80967598 1.1890535883413015e-09 292.88793813769894 0.8000082681234219 0.9753390000236662
10800 121451396 1.2346725585059797e-09 292.88793813769894 0.8000082681234219 0.9867237871078135
14400 161935195 1.2405422338918159e-09 292.88793813769894 0.8000082681234219 0.9942202489692439
18000 202418993 1.2434822418299483e-09 292.88793813769894 0.8000082681234219 0.9968007322374985
21600 242902792 1.245857324437648e-09 200.98326415676337 0.8696961015202731 0.9978546807212976
25200 283386590 1.2478292586902193e-09 201.33832178263444 0.8787462550312226 0.9982882405210782
28800 323870389 1.2549467956173528e-09 202.5289442526039 0.8796836160138948 0.9985098161200999
32400 364354187 1.2614585015048256e-09 204.15371248852816 0.8853156590377298 0.998468262449375
36000 404837986 1.266521925071585e-09 204.1540626335327 0.8838111894686957 0.9982510601815535
39600 445321784 1.2701245548555659e-09 205.07521094285147 0.8915531809047785 0.9980937421156464
43200 456409847 1.2701245548555659e-09 205.07521094285147 0.8915531809047785 0.9981270711195046
