3600 40483799 1.1509166826287662e-09 183.15469312322932 0.8590287408275928 0.904704211493238
7200 80967598 1.2508278909497709e-09 185.72572903649834 0.8537225254760494 0.9911686636133288
10800 121451396 1.2888276915959565e-09 189.43445254509103 0.8553407362864383 0.9958596542313409
14400 161935195 1.2997023623711518e-09 189.58749521889007 0.8563616171333971 0.9979209420622953
18000 202418993 1.3095361344190337e-09 190.13865926159036 0.8544511255733965 0.998503915929283
21600 242902792 1.3142333183893441e-09 190.00677912675962 0.8635919867588624 0.9986912758504314
25200 283386590 1.3249916621960135e-09 191.88902026301227 0.8620931610967032 0.998695079097768
28800 323870389 1.3287860399614086e-09 192.36009233387338 0.8685466244158816 0.9985123016226138
32400 364354187 1.3287860399614086e-09 192.36009233387338 0.8685466244158816 0.9973648876631609
36000 404837986 1.3321205352906526e-09 263.94812511112184 0.8000233471191812 0.9966823352918269
39600 445321784 1.326592499509869e-09 283.7002267472355 0.866194918378426 0.9962585618410769
43200 485805583 1.3115401015358503e-09 283.9481592620096 0.984622009971414 0.99553271858448
46800 498321824 1.3091006382274544e-09 283.94914158903543 0.9884839668894079 0.9952760022490716
