3600 40483799 8.790409460826194e-10 114.93301913983377 0.8000001659636269 0.9945837547052483
7200 80967598 1.1729414141794456e-09 130.14524947054892 0.8113760970469077 0.9906576663864131
10800 121451396 1.2868611975308795e-09 147.7748122302 0.8000027644623463 0.9968551347982767
14400 161935195 1.2950388030855288e-09 147.77481223019953 0.8000027644692786 0.9983150400476346
18000 202418993 1.292476970736684e-09 148.28132980345228 0.8000027409699213 0.9982149750718815
21600 242902792 1.2819655355721492e-09 143.18533991026055 0.8000034265725755 0.9988090825007209
25200 283386590 1.2863612999644487e-09 143.1853399102602 0.8000034265778827 0.9988527280809592
28800 323870389 1.2907075001361597e-09 143.18533991025987 0.8000034265829539 0.9990582743172548
32400 364354187 1.266588124428384e-09 138.5082856093771 0.8000041985423343 0.9960827406754595
36000 404837986 1.2581293899217829e-09 137.60812208643824 0.800005601617369 0.9964634587941217
39600 432355723 1.251998388669195e-09 136.53712340961766 0.8000065844524016 0.9963145589000806
