3600 40483799 7.464440119374525e-10 111.2552379803515 0.8000012709183887 0.9787043943864369
7200 80967598 1.0597493887721306e-09 121.65504201859802 0.8056267907028913 0.986410085308368
10800 121451396 1.1016831043216481e-09 121.52948542171193 0.8000526694533312 0.9965556223962563
14400 161935195 1.1109105535005006e-09 121.52948542171015 0.8000526694998127 0.9979318075246217
18000 202418993 1.1233440853352144e-09 121.52948542170803 0.8000526695554679 0.99821790112341
21600 242902792 1.1401979681557465e-09 121.52948542170536 0.8000526696255387 0.9972895005095872
25200 283386590 1.1538697854939226e-09 121.52948542170341 0.8000526696770345 0.9968098550917602
28800 323870389 1.1635333941143575e-09 121.52948542170222 0.8000526697089956 0.9972508671511789
32400 364354187 1.2385529845464209e-09 132.40264396026387 0.8000493600127289 0.9962584908326622
36000 404837986 1.2546105280214505e-09 138.82213176514557 0.8000475390640857 0.996403444025065
39600 445321784 1.2585487913476383e-09 142.6473903900481 0.8000463248358085 0.9964404957993908
43200 485805583 1.2618781083884142e-09 142.64739039004786 0.8000463248395728 0.996760908773042
46800 526289382 1.2694705678791875e-09 142.6473903900473 0.8000463248483866 0.9959983389994667
50400 566773180 1.2805230817309374e-09 142.64739039004647 0.8000463248614851 0.9945276366354499
54000 607256979 1.292020506862029e-09 143.01412699572106 0.8010570390842748 0.993093772798955
57600 608685157 1.2977279035604904e-09 143.0141269957206 0.8010570390913219 0.9929846980239845
