3600 40483799 1.0000000155263077e-10 135.62516435294128 0.8617302085662534 0.9232025755715042
7200 80967598 7.894991364344399e-10 198.75012383660234 0.8501128968537969 0.9605794472059929
10800 121451396 7.682746200831587e-10 270.7195480890289 0.850009463786287 0.9843069701750706
14400 161935195 7.327507895760042e-10 289.8537828537307 0.85000324363929 0.9845847016431131
18000 202418993 7.091921723112482e-10 298.1042027812004 0.8500006145715024 0.9843224017317563
21600 242902792 6.926107031373684e-10 299.757773595721 0.8500000776638379 0.9851095584422787
25200 283386590 6.829116314913303e-10 299.8728039936824 0.8500000412737765 0.9863420909947638
28800 323870389 6.711044049644446e-10 299.92777418135876 0.8500000233714504 0.9858692178523374
32400 364354187 6.598240880711007e-10 299.9597168898942 0.8500000130429636 0.9860568234501993
36000 404837986 6.512816650034806e-10 299.97976428553994 0.8500000065065508 0.9865347117517876
39600 445321784 6.440849757546877e-10 299.9905480662217 0.8500000030437347 0.98717197523242
43200 485805583 6.381599570079039e-10 299.99597904854613 0.8500000012934207 0.9875918877896083
46800 526289382 6.328492219430245e-10 299.9983620462979 0.8500000005262988 0.9882263224135667
50400 566773180 6.286918744490765e-10 299.9994092725687 0.8500000001901332 0.9890177722536083
54000 607256979 6.247139272238307e-10 299.9997877405695 0.8500000000683281 0.9896429544125128
57600 647740777 6.21414512910454e-10 299.9999308635093 0.8500000000325251 0.9902321077887577
61200 688224576 6.182505399546347e-10 299.9999774623131 0.8500000000324953 0.990836156830596
64800 728708374 6.182505399546347e-10 299.9999774623131 0.8500000001 0.9913895404552229
68400 769192173 6.141012406746079e-10 299.99999081752344 0.8500000000406138 0.9918701236106218
72000 809675971 6.141012406746079e-10 299.99999081752344 0.8500000001 0.992274710224781
75600 850159770 6.101174612926652e-10 299.99999622700784 0.850000000040995 0.9926378673349274
79200 890643568 6.101174612926652e-10 299.99999622700784 0.8500000001 0.9930017590148313
82800 904880371 6.072750659049534e-10 299.9999987139004 0.850000000033989 0.9931210290886031
