3600 40483799 2.316407244648513e-10 129.75914792248957 0.8500000026280231 0.9340070238195567
7200 80967598 5.318210436013718e-10 137.65806407472357 0.850002879181492 0.9870319018983834
10800 121451396 5.406110865571704e-10 137.65806407468696 0.8500028792930083 0.9957030745904109
14400 161935195 5.456572482798801e-10 137.65806407467142 0.8500028793408181 0.9979252884570693
18000 202418993 5.48053162394134e-10 137.65806407466687 0.85000287935506 0.9986967964668128
21600 242902792 5.572547159145005e-10 138.61521581824076 0.8500028591499383 0.9992704567428854
25200 283386590 5.53488158599092e-10 138.34588907831613 0.8500028871252423 0.9994828797999007
28800 323870389 5.46315828927584e-10 137.7450010990165 0.8500029412377973 0.9995612522443383
32400 364354187 5.396868932863913e-10 137.18595935973602 0.8500030341068742 0.9995906506523281
36000 404837986 5.346433894664245e-10 136.7472207236383 0.8500031382785758 0.9996334337566347
39600 445321784 5.323904393045756e-10 136.53647262977367 0.8500032265380271 0.9996832172010273
43200 485805583 5.268304455296996e-10 136.03538621389887 0.850003356695861 0.9996229137752607
46800 526289382 5.164963223009831e-10 135.09395755321162 0.850003531441007 0.9994235505490033
50400 566773180 5.077586209617879e-10 134.2973241393863 0.8500037231734056 0.9992914387506319
54000 607256979 4.995904985314036e-10 133.56039593048297 0.8500038617606338 0.9991718525816234
57600 647740777 4.984816969530137e-10 133.56068370305243 0.8500046057551599 0.9991132610819803
61200 688224576 4.979703584357486e-10 133.67145537827852 0.8500042992727014 0.9990445030627975
64800 728708374 4.966805811188558e-10 133.70668296566808 0.8500042389831092 0.9989745272893139
68400 769192173 4.927374403035579e-10 133.44902518728261 0.8500041551130614 0.9989011848209544
72000 809675971 4.897647060870401e-10 133.22335277058548 0.8500039673477109 0.998841187893573
75600 850159770 4.874777328499829e-10 133.0699014780814 0.8500037716857728 0.9987847597157378
79200 890643568 4.855383572954428e-10 132.96055570704442 0.8500035820281098 0.9987205585947952
82800 893207542 4.855383572954428e-10 132.96055570704442 0.8500035820281098 0.9987140380024213
