3600 40483799 6.690468282364406e-10 299.9999989796979 1.0816734294917105 0.9981526332387224
7200 80967598 8.799084559889005e-10 299.85115092401264 1.0718259541353188 0.9904348827727348
10800 121451396 3.197382543918991e-10 299.9999554800904 1.1015636895310799 0.9285094992773425
14400 161935195 3.382518900323542e-10 299.9999554800101 1.1015636896778869 0.9584503886881083
18000 202418993 3.602087004765891e-10 299.99995547993245 1.1015636898206496 0.9696752558450443
21600 242902792 3.76539330632134e-10 299.9999554798903 1.1015636898992942 0.975216811164409
25200 283386590 3.853581289095454e-10 299.99995547988294 1.1015636899145471 0.9810037865648726
28800 323870389 4.754162018098078e-10 299.99997180457615 1.0887812033528352 0.9905944200931099
32400 364354187 5.25716883223249e-10 128.36425409141904 0.8500035141012025 0.9929977704558963
36000 404837986 5.223525581792152e-10 128.1539462582453 0.8500020723593101 0.9944113301342709
39600 445321784 5.181451401201114e-10 127.88349489987186 0.850002115782155 0.995530827070625
43200 485805583 5.136043116266485e-10 127.57751056636796 0.8500021757665581 0.9962654671253345
46800 522162283 5.151397203701767e-10 127.57751056636482 0.8500021757764297 0.996094070263034
