3600 40483799 2.330988827434357e-10 299.99999999123696 1.0908128200318021 0.977925782471967
7200 80967598 6.939389842115038e-10 139.2841381165706 0.8500000013163054 0.991421259953705
10800 121451396 6.821445214125489e-10 138.76825268676168 0.8500000000000013 0.9974999947913196
14400 161935195 6.822542705581643e-10 138.76825268676103 0.850000000101899 0.9988307179077175
18000 202418993 6.755150465473379e-10 138.30107865274059 0.8500000001013186 0.9992855059136821
21600 242902792 6.505023278046492e-10 136.5522255541822 0.8500000001046518 0.9992987141962731
25200 283386590 6.375158530386872e-10 135.62064086798802 0.8500000001072981 0.9993612177518562
28800 323870389 6.043537740332039e-10 289.20628091574605 1.061420443403522 0.9975271022879495
32400 364354187 6.661424581927701e-10 290.98808409984895 1.0530445447761212 0.9963976559615664
36000 404837986 6.670621260005773e-10 290.98813309247134 1.0529374827019968 0.9971060084673036
39600 445321784 6.438442450559898e-10 282.5237114127641 1.0489566703104376 0.9973071893745743
43200 485805583 6.151090346525863e-10 282.1776102077005 1.0536717651957708 0.9970484417219199
46800 526289382 5.909483827856915e-10 281.93225937572925 1.0575881826201559 0.9965802193162732
50400 566773180 5.615997340169977e-10 281.68274150843285 1.0621777734219482 0.9956430977231681
54000 607256979 5.369475085104033e-10 281.48428164442413 1.0660440123031507 0.9947530374406744
57600 647740777 5.141158601486095e-10 281.36623915123073 1.0696196542221683 0.9938783969732098
61200 688224576 5.132033265611507e-10 281.3662383754365 1.069629758586097 0.9944521750485956
64800 728708374 5.116535528330428e-10 281.3662295862942 1.0697374854922466 0.9949101112519533
68400 769192173 5.043363853353505e-10 281.3661336712253 1.0708904961218886 0.9950384628720869
72000 809675971 4.975791817368862e-10 281.36605768191237 1.0718020533441373 0.9949362278720127
75600 850159770 4.976451959632767e-10 281.36608816093 1.0714168970555913 0.9946240432827993
79200 864160417 4.973898262914405e-10 281.36610026452297 1.0712587024065432 0.9944457831442092
