3600 40483799 1.0045791118427529e-10 130.43244724219153 0.8500520259725115 0.5571116555171647
7200 80967598 7.535395209997147e-10 140.31880351729632 0.8500076697978027 0.9912983981408086
10800 121451396 7.58943197446421e-10 140.11218191782416 0.85002212587095 0.9981005071136546
14400 161935195 7.491252496994101e-10 139.4014275684506 0.8500225216238492 0.9990479995435169
18000 202418993 7.171032244260096e-10 137.06126413282826 0.8500235555659463 0.9992400173493263
21600 242902792 6.837564938612083e-10 134.67686951932163 0.8500247666264711 0.9992544150976526
25200 283386590 6.56620792730789e-10 132.74970177703955 0.8500261615473874 0.9991323290578936
28800 323870389 6.294302741755999e-10 130.8352409357485 0.8500276538644663 0.9989735005766602
32400 364354187 6.069500432700655e-10 129.24273289267168 0.850028713556998 0.9987635024370062
36000 404837986 5.875701845753744e-10 127.88739430263088 0.8500301676937974 0.9984323470024945
39600 445321784 5.655014424107983e-10 126.32945291233308 0.8500317843001931 0.9980050824212041
43200 485805583 5.49472071807685e-10 125.20795385441087 0.850034325844839 0.9976998418564544
46800 526289382 5.340797090856121e-10 124.11470151719566 0.8500369381613182 0.9974804420390115
50400 566773180 5.327449418087358e-10 124.0483282976178 0.8500403558142473 0.9971863110556782
54000 607256979 5.005775443159125e-10 254.84964606244563 1.0493968732398868 0.997591953663955
57600 647740777 5.000271360225049e-10 254.84963598443514 1.0494412893163345 0.9979647716926272
61200 688224576 4.970256245085269e-10 254.8082682848763 1.049728359993031 0.9979960160021548
64800 728708374 4.930294531689319e-10 251.04904353513595 1.046042089103662 0.9976582019541503
68400 769192173 4.836972021747133e-10 249.12863115780962 1.0453343419049888 0.9970506841917863
72000 809675971 4.754312320632047e-10 246.56750027940473 1.0437151184976827 0.9963506272134697
75600 850159770 4.694154147704594e-10 243.14385094406182 1.0407282690035826 0.9958374627321207
79200 890643568 4.6548039198442703e-10 241.8578433884188 1.0396981316007792 0.996022046988064
82800 931127367 4.61152262171864e-10 239.71445916551517 1.037818861583483 0.9958883838927108
86400 971611166 4.573617056876483e-10 237.50488081003328 1.0357277160462401 0.9954509536664081
90000 978223519 4.573617056876483e-10 237.50488081003328 1.0357277160462401 0.995356303042571
