3600 40483799 8.999999999999999e-10 299.99999999999994 1.0814801834428995 0.9913915130155344
7200 80967598 5.791444576912176e-10 299.9999999753157 1.0934837736379484 0.9850643269663256
10800 121451396 6.113018282003942e-10 299.9999999697295 1.0934837741371133 0.9912304313597087
14400 161935195 6.364502767056467e-10 299.9999999695573 1.0934837744575772 0.9937681364846837
18000 202418993 6.62044578045776e-10 299.9999999694037 1.0934837747450776 0.9924528352192884
21600 242902792 6.784346541479475e-10 299.99999996933417 1.0934837748777764 0.9901408230553006
25200 283386590 7.493009971742677e-10 299.9999999706423 1.0848008473502357 0.995306028334715
28800 323870389 7.524070505367147e-10 299.9999999701867 1.0836373085639603 0.9954122819097877
32400 364354187 7.099637769265206e-10 299.9999999697534 1.0882483791724542 0.9952604511918879
36000 404837986 6.779819138592315e-10 299.99999997001066 1.0918427787784906 0.9954477140512005
39600 445321784 6.539992326879255e-10 299.9999999701102 1.0944225083979426 0.9955795649529422
43200 485805583 6.332990352185982e-10 299.9999999703033 1.0967914683423745 0.995587539045355
46800 526289382 6.148871748368243e-10 299.9999999700737 1.0988840910437871 0.9955611422315015
50400 566773180 5.988632836939858e-10 299.99999997016903 1.1009446624049823 0.9954560199974742
54000 607256979 5.829954532518403e-10 299.9999999701158 1.102842487562022 0.9952700088386032
57600 647740777 5.665837033595866e-10 299.9999999701237 1.1048897164943008 0.9949895238322763
61200 666880618 5.628397368944438e-10 299.99999997 1.1051360710698335 0.99488643727297
