3600 40483799 8.999999999999999e-10 299.99999999999994 1.0530551164955846 0.9728289083280799
7200 80967598 8.999999999999999e-10 299.99999999999983 1.0689563698719342 0.9716207951578805
10800 121451396 8.208958854723226e-10 299.99999997735205 1.071264306789276 0.9778304720512976
14400 161935195 7.60865656166685e-10 299.71142481181425 1.0760996235258506 0.9887055261232017
18000 202418993 7.493945131320393e-10 299.72780352909257 1.0772326253226427 0.9933488283778295
21600 242902792 7.413923095492841e-10 299.744127717906 1.0780650198086024 0.9953836184369254
25200 283386590 7.294039030278596e-10 299.7521093672883 1.0793379658280418 0.9966509681307363
28800 323870389 7.30684987088176e-10 299.7521093672796 1.0793379658452693 0.9973719249988412
32400 364354187 7.310704256130468e-10 299.75210936727854 1.0793379658477418 0.9979855849050046
36000 404837986 7.288115454716893e-10 299.7681094156782 1.07950341431699 0.998315221830369
39600 445321784 7.198903782280461e-10 299.7802989749137 1.0806647933004134 0.9985447709996204
43200 485805583 7.05171184533864e-10 299.78674877601605 1.0825336822973248 0.9985978515062027
46800 526289382 6.879677247402843e-10 299.78661620422514 1.084736194142156 0.9984060695099211
50400 566773180 6.680042756100814e-10 299.78622178356346 1.0873155184666021 0.9980891551600282
54000 607256979 6.480840074480056e-10 299.78609218509234 1.0899097197870338 0.997695464781664
57600 647740777 6.409005539498444e-10 299.7860916890941 1.0905200029737907 0.9975041734197704
61200 673301798 6.377242291408418e-10 299.7860914952461 1.0907554502751855 0.9974083865330688
