3600 40483799 4.348196838736691e-10 126.45492673746911 0.8500000034518139 0.9626977892966156
7200 80967598 8.747956132949793e-10 137.3454731137245 0.8500041267611034 0.9927895479210729
10800 121451396 8.999999999741137e-10 138.4073140049427 0.8500000002869346 0.9979734604584781
14400 161935195 8.908530923036401e-10 137.90546832905784 0.8500040926225598 0.9990467497209058
18000 202418993 8.685658292399971e-10 144.73893804592353 0.865611774496899 0.9992336987487033
21600 242902792 8.202638489179053e-10 151.13905529364007 0.8829298833665499 0.9990126547033074
25200 283386590 7.928035894923915e-10 150.75478098536576 0.8853441990394243 0.9989584005762676
28800 323870389 7.633579560060874e-10 149.23533192594883 0.8861952831178468 0.9987692984692683
32400 364354187 7.404506759386139e-10 148.2440351435348 0.8871237822162447 0.9986027730858484
36000 404837986 7.297802950468237e-10 147.93017515523263 0.887824639823739 0.9984114187687971
39600 445321784 6.885633512438824e-10 299.973979876231 1.0870346247874376 0.9987336961052679
43200 485805583 6.858017981453119e-10 299.97397985077197 1.087290164847535 0.9988946459736678
46800 526289382 6.748108076220037e-10 299.9739797113382 1.088650260307749 0.9987417946308685
50400 566773180 6.468222864006152e-10 299.97387860156795 1.0925971180277725 0.9982239837993937
54000 607256979 6.268899683181546e-10 299.9737625463515 1.0951553511359666 0.997559660890809
57600 647740777 6.170300189428572e-10 299.97376243912265 1.09622578703593 0.9969332149788709
61200 688224576 6.00972942959633e-10 299.9737622521782 1.0980857046762367 0.9961370693163499
64800 728708374 5.841800848033497e-10 299.9737620312774 1.1003048429252242 0.9953929948295485
68400 769192173 5.756865294627495e-10 299.9737619225184 1.1014100992069191 0.9953388445537816
72000 809675971 5.66433133341134e-10 299.9737618061889 1.1025951327084558 0.995164079465244
75600 850159770 5.556099994864006e-10 299.97376167368543 1.103946574472072 0.9946661002052598
79200 890643568 5.441108733944433e-10 299.97376152706937 1.1054492155165847 0.9940639925049151
82800 931127367 5.328483801972526e-10 299.97376137530614 1.1070163126395398 0.9936234998632174
86400 947118467 5.279464988620733e-10 299.9737612972009 1.1078307827569283 0.9935001273718259
