1.0 0.9999999993911315
674730.9757457955 0.9995848225336152
1349460.951491591 0.9991401256685496
1754298.9369390684 0.9988546379673846
1922981.4308755172 0.9987317063910983
3171231.8860052386 0.9977590855934718
13202217.525426066 0.9882669284069386
13876947.50117186 0.987593155771808
14551677.476917656 0.9869185451517247
15226407.452663451 0.9862433799651368
16587112.903750805 0.9848810838058457
17936572.855242398 0.9835304213850958
19004895.316839907 0.9824622488634144
19612152.29501112 0.9818557246228027
22322317.697590068 0.979156645704934
24357753.124423217 0.9771399797083584
25032483.100169014 0.9764737433737506
25943368.567425836 0.9755762320282898
26381943.051660605 0.9751448997832279
27056673.0274064 0.9744823540381046
31116298.381476935 0.9705238167083482
31791028.357222732 0.9698706422901725
32364548.836606655 0.969316529393331
36053072.704017006 0.9657768292280011
37402532.6555086 0.9644922255101884
38751992.60700019 0.9632131830615475
41462158.00957913 0.9606611245086242
42136887.98532493 0.960029193078083
42811617.961070724 0.959398620284538
43486347.93681652 0.9587693999843617
47545973.29088706 0.9550117620410327
48220703.26663285 0.9543918390463991
48895433.242378645 0.9537732115559842
49570163.21812444 0.9531558718447658
50053719.70074226 0.9527142328714613
50537276.183360085 0.952273248417811
51212006.159105875 0.9516590095895756
51886736.13485167 0.951046031515685
52572711.61019323 0.9504241213750051
53247441.58593903 0.9498136615599778
53854698.56411024 0.9492653052928317
54259536.54955772 0.9489002880565529
54731847.53257978 0.9484749916994617
55417823.00792134 0.9478583623995005
56092552.983667135 0.9472530627971111
56767282.959412925 0.9466489660913735
57442012.93515872 0.9460460643147909
58116742.91090452 0.9454443495257802
58791472.88665032 0.9448438138132722
59466202.862396106 0.9442444493008691
60152178.337737665 0.9436362879432378
60826908.31348346 0.9430392615526214
61501638.28922926 0.9424433828479803
62176368.264975056 0.9418486441265235
63525828.21646664 0.9406625560748881
64200558.19221244 0.9400711915983715
64819060.66997942 0.9395300825121786
65325108.15178876 0.9390880464518695
65876137.631981164 0.9386074201838455
66562113.10732272 0.9380101061422806
67236843.08306852 0.9374236771486505
67911573.05881432 0.9368383248744531
68586303.03456011 0.9362540421605547
69261033.01030591 0.9356708219108404
69935762.98605171 0.9350886570927653
70621738.46139327 0.934497864308623
71296468.43713906 0.9339178068138054
72589700.89065184 0.9328089160297839
73208203.36841881 0.9322799066289806
73882933.34416461 0.9317037785543247
74557663.3199104 0.9311286594723506
75232393.2956562 0.9305545428580603
75907123.27140199 0.9299814222511072
76593098.74674354 0.9293997640870706
77267828.72248934 0.9288286327060659
77751385.20510717 0.9284199231787502
78021277.19540548 0.9281920235603327
78471097.17923601 0.9278125355506561
79157072.65457757 0.9272346422307439
79831802.63032337 0.9266671903020748
80506532.60606916 0.9261006920452489
81181262.58181496 0.9255351414954841
82530722.53330655 0.9244068599658641
83205452.50905235 0.9238441173628548
83880182.48479815 0.9232822992195929
84566157.9601397 0.9227120593045566
87939807.83886868 0.9199212254693584
88614537.81461447 0.9193657380203858
89289267.79036027 0.9188111312769931
89975243.26570183 0.9182481785698915
90649973.24144763 0.9176953321447894
91999433.19293922 0.9165922297762334
92674163.168685 0.9160419638041433
93348893.1444308 0.9154925480416887
94023623.1201766 0.9149439776045573
94698353.0959224 0.9143962476593671
95373083.0716682 0.913849353423074
96059058.54700975 0.9132941961214999
96733788.52275555 0.9127489728843821
98083248.47424714 0.9116609865604804
98757978.44999294 0.9111182143475323
99432708.42573872 0.9105762500949024
100107438.40148452 0.9100350893562927
100793413.87682608 0.9094857284494057
101468143.85257187 0.9089461747914562
102165364.8275092 0.9083894662950768
102671412.30931854 0.9079859295604212
103357387.7846601 0.9074396157572893
104032117.7604059 0.9069030429688391
104706847.7361517 0.9063672445740312
105269122.71593986 0.9059213345004092
105831397.69572802 0.905475956996599
106506127.67147382 0.9049422037004947
106922211.15651706 0.9046134347005542
107338294.6415603 0.9042849536096732
108013024.6173061 0.9037528911939949
108687754.5930519 0.9032215795484362
109126329.07728666 0.9028766277460429
109564903.56152143 0.9025319904563269
110239633.53726722 0.9020023909706839
110925609.01260878 0.9014647215167491
111600338.98835458 0.9009366068076167
112275068.96410038 0.9004092227451604
112949798.93984616 0.8998825656614848
113624528.91559196 0.8993566319246247
114299258.89133775 0.8988314179380891
114973988.86708355 0.8983069201404144
115648718.84282935 0.8977831350047185
116334694.3181709 0.8972513470939818
117009424.2939167 0.8967289885704641
117684154.2696625 0.8962073322746079
118358884.2454083 0.8956863748140859
119033614.2211541 0.8951661128290133
119708344.19689988 0.8946465429915407
120383074.17264567 0.8941276620054508
121069049.64798723 0.8936008358057426
121743779.62373303 0.8930833341036147
122418509.59947883 0.8925665114969094
123093239.57522462 0.8920503648125024
123767969.55097042 0.8915348909069597
124442699.52671622 0.8910200866661612
125117429.50246201 0.8905059490049377
125792159.47820781 0.8899924748667093
126478134.95354937 0.8894711199077979
127827594.90504095 0.8884474839468705
128502324.88078675 0.8879366447290148
129177054.85653254 0.8874264541193663
129851784.83227834 0.886916909226008
130526514.80802414 0.8864080071832159
133911410.18634889 0.8838646177020192
134586140.16209468 0.8833595244227652
135260870.13784048 0.8828550545962353
135946845.61318204 0.8823428133157394
136621575.58892784 0.8818395926971394
137296305.56467363 0.8813369875567687
137971035.54041943 0.8808349952974723
138645765.5161652 0.8803336133446967
139320495.491911 0.8798328391462189
139995225.4676568 0.8793326701718792
140669955.4434026 0.8788331039133161
141355930.91874415 0.8783258268544145
142030660.89448994 0.8778274685301732
142705390.87023574 0.8773297054842684
143380120.84598154 0.8768325352933142
144054850.82172734 0.8763359555544535
144729580.79747313 0.8758399638851179
145404310.77321893 0.8753445579227895
146090286.2485605 0.874841493210596
146765016.2243063 0.8743472613181961
147439746.20005208 0.8738536081249711
148114476.17579788 0.8733605313465957
149463936.12728947 0.8723760979913795
150138666.10303527 0.8718847369395201
150813396.07878107 0.8713939433520437
151499371.55412263 0.8708955493417585
152174101.52986842 0.8704058934915934
152848831.5056142 0.8699167985473761
153523561.48136 0.86942826237031
154198291.4571058 0.868940282838826
154873021.43285158 0.8684528578483856
155547751.40859738 0.8679659853112898
156222481.38434318 0.8674796631564852
156908456.85968474 0.8669857977328519
157583186.83543053 0.8665005792827751
158257916.81117633 0.8660159050662853
158932646.78692213 0.865531773077331
159607376.76266792 0.8650481813255929
160282106.73841372 0.864565127836305
160956836.71415952 0.8640826106500848
161631566.68990532 0.8636006278227615
162317542.16524687 0.863111157751857
162992272.14099267 0.8626302466956166
163667002.11673847 0.8621498642238272
164341732.09248427 0.8616700084517465
165016462.06823006 0.8611906775090249
165691192.04397586 0.8607118695395445
166365922.01972163 0.8602335827012672
167051897.4950632 0.8597478567631252
167726627.47080898 0.8592706153262077
168401357.44655478 0.858793889547433
169076087.42230058 0.858317677639791
169750817.39804637 0.8578419778296041
170425547.37379217 0.8573667883563829
171775007.32528377 0.8564179334439854
172168599.81113547 0.8561415653104835
172382264.303455 0.8559916087558752
172865820.7860728 0.855652419780914
173270658.7715203 0.8553686460803152
173664251.257372 0.8550929280248737
174338981.2331178 0.854620664449734
174732573.7189695 0.8543454077757081
175013711.2088636 0.8541488995792443
175587231.6882475 0.8537482903038778
176936691.6397391 0.852807091022134
180996316.99380964 0.8499874724829615
181671046.96955544 0.849520540914757
182345776.94530123 0.8490540906118543
183020506.92104703 0.8485881200359712
183695236.89679283 0.8481226276595557
184369966.87253863 0.8476576119656765
185055942.34788018 0.847185333123215
185730672.32362598 0.8467212741676127
186405402.29937178 0.846257687381732
187080132.27511758 0.8457945712902322
187473724.76096928 0.8455246370230429
187642407.25490573 0.8454089997147851
188092227.23873624 0.8451007765024525
188766957.21448204 0.8446388307582802
189452932.6898236 0.8441696632246347
190127662.6655694 0.8437086549930445
190802392.6413152 0.8432481094956126
191477122.617061 0.8427880253209991
192151852.5928068 0.8423284010673215
192826582.56855258 0.8418692353420645
193456330.54591534 0.8414410931392942
193962378.02772468 0.8410973381136725
194513407.50791708 0.8407233180358091
195199382.98325863 0.8402581239682534
195874112.95900443 0.8398010121632316
196548842.93475023 0.8393443513688509
197223572.91049603 0.8388881402514281
197898302.88624182 0.838432377485983
198573032.86198762 0.837977061756152
199247762.83773342 0.8375221917541084
199922492.81347921 0.8370677661804784
200608468.28882077 0.8366062211173673
201283198.26456657 0.8361526878892824
201957928.24031237 0.8356995952202404
202632658.21605814 0.8352469418440199
203307388.19180393 0.8347947265024583
203982118.16754973 0.8343429479453769
204656848.14329553 0.8338916049305031
206017553.59438288 0.8329827163324875
208041743.52162027 0.8316338972910692
208716473.49736607 0.8311851490027155
209391203.47311187 0.8307368277561945
210065933.44885767 0.8302889323700173
210751908.92419922 0.8298340074163403
211426638.89994502 0.8293869672841953
212101368.87569082 0.8289403494920031
212776098.85143661 0.8284941528870712
213450828.8271824 0.8280483763237129
214125558.8029282 0.8276030186631842
214800288.778674 0.8271580787736217
215475018.7544198 0.826713555529978
215981066.23622915 0.8263804358481555
216194730.72854865 0.8262398553799448
216363413.2224851 0.8261289001507234
216824478.70591137 0.8258257545139789
217499208.68165717 0.8253824745250675
218173938.65740296 0.8249396067488434
218848668.63314876 0.8244971500934383
219523398.60889456 0.8240551034734445
220209374.08423612 0.8236061086407798
220884104.0599819 0.8231648856499423
221558834.0357277 0.8227240694587542
222233564.0114735 0.822283659007179
222908293.9872193 0.8218436532413586
223583023.9629651 0.8214040511135579
224257753.9387109 0.8209648515821115
224932483.9144567 0.8205260536113723
225618459.38979825 0.8200803529352098
226293189.36554405 0.81964236165256
229846767.23780525 0.8173421596029306
230521497.213551 0.8169066488481089
231196227.1892968 0.8164715303177309
231870957.1650426 0.8160368030350833
232545687.1407884 0.815602466028913
233220417.1165342 0.8151685183333766
233906392.59187576 0.8147277362836491
234581122.56762156 0.8142945707817921
235255852.54336736 0.8138617917092702
235930582.51911315 0.8134293981215215
236605312.49485895 0.8129973890791719
237156341.97505134 0.8126448663016703
237572425.4600946 0.8123788448595011
238100963.94109547 0.8120411353193964
238775693.91684127 0.8116103569211417
239450423.89258707 0.8111799591633295
240125153.86833286 0.8107499411329537
240811129.34367442 0.8103131444727063
241485859.31942022 0.8098838894688204
242160589.29516602 0.8094550114678076
242835319.27091178 0.8090265095761991
243510049.24665758 0.8085983829052925
244184779.22240338 0.8081706305711097
244859509.19814917 0.8077432516943611
245534239.17389497 0.8073162454004061
246208969.14964077 0.8068896108192163
246894944.62498233 0.806456245826764
247569674.60072812 0.8060303582384509
248244404.57647392 0.8056048397658808
248919134.55221972 0.8051796895571781
249593864.52796552 0.8047549067648949
250943324.4794571 0.803906440061728
251629299.95479867 0.80347569613816
252978759.90629026 0.8026294284630003
253653489.88203606 0.8022068386498726
254328219.85778186 0.8017846104285206
255002949.83352765 0.8013627429857517
255677679.80927345 0.8009412355124957
256363655.284615 0.8005130711036486
257038385.2603608 0.8000922871245013
257713115.23610657 0.7996718606988241
258387845.21185237 0.7992517910337833
259062575.18759817 0.7988320773405101
259737305.16334397 0.7984127188340684
260130897.6491957 0.7981682567551455
260524490.1350474 0.7979239151181464
261199220.1107932 0.797505323508963
261885195.58613476 0.797080116962544
262559925.56188056 0.79666223589758
263234655.53762636 0.796244706012743
263841912.51579756 0.7958692287461264
264449169.49396878 0.7954940347663376
265123899.46971458 0.795077484147724
265798629.44546038 0.7946612818360939
266315922.4268655 0.7943424288115584
266821969.90867484 0.7940307047269131
267496699.88442063 0.7936153756891031
268171429.86016643 0.7932003923462677
268857405.335508 0.7927788462424209
269532135.3112538 0.7923645578199696
270206865.2869996 0.7919506128868677
270881595.2627454 0.7915370107189711
271556325.2384912 0.791123750595577
272231055.214237 0.7907108317994
272905785.1899828 0.790298253616548
273580515.16572857 0.7898860153364934
274266490.6410701 0.789467254137039
274941220.6168159 0.7890556991799289
275615950.5925617 0.7886444820023433
276290680.5683075 0.7882336019070313
277415230.5278838 0.7875495489364015
281249945.8900391 0.785223911108761
281924675.8657849 0.7848158188635781
282599405.8415307 0.7844080573352421
283274135.8172765 0.7840006258589702
283960111.29261804 0.7835867415251344
284634841.26836383 0.7831799736439541
285309571.24410963 0.782773533827559
285984301.2198554 0.7823674214231273
286659031.1956012 0.7819616357807644
287333761.171347 0.7815561762534786
288008491.1470928 0.7811510421971628
289369196.5981802 0.7803350092610571
290043926.573926 0.7799308531687766
290718656.54967177 0.7795270199889546
291393386.52541757 0.7791235090916505
292068116.50116336 0.7787203198496887
292742846.47690916 0.7783174516386391
293417576.45265496 0.7779149038367972
294103551.9279965 0.7775059747307941
294778281.9037423 0.7771040712074291
295453011.8794881 0.7767024862341284
296127741.85523385 0.7763012191999514
296802471.83097965 0.7759002694965915
297477201.80672544 0.775499636518358
298151931.78247124 0.7750993196621573
298826661.75821704 0.7746993183274761
299512637.2335586 0.7742929731408861
300187367.2093044 0.7738936062917087
300862097.1850502 0.7734945531679567
301536827.160796 0.7730958131793042
302211557.1365418 0.7726973857379191
302886287.1122876 0.7722992702584466
303561017.0880334 0.7719014661579916
304235747.0637792 0.7715039728561026
304921722.53912073 0.7711001726817085
306945912.4663581 0.7699104944558426
307620642.4421039 0.7695145516518057
308295372.4178497 0.7691189162046217
308970102.3935955 0.7687235875505328
310330807.8446829 0.7679272723522319
311005537.82042867 0.7675328657985313
311680267.79617447 0.767138763796687
312354997.77192026 0.766744965794411
313029727.74766606 0.7663514712416558
313704457.72341186 0.7659582795906026
314379187.69915766 0.7655653902956427
315053917.67490345 0.765172802813367
315739893.150245 0.764773981048401
316414623.1259908 0.7643820005776361
317089353.1017366 0.7639903202934422
317764083.0774824 0.7635989396610952
318438813.0532282 0.7632078581479996
319079806.5301867 0.7628366072865723
319732045.5067409 0.762459119393671
321081505.4582325 0.7616789922385564
321756235.4339783 0.761289373718892
322430965.4097241 0.7609000512100984
323105695.3854699 0.7605110241939296
323780425.3612157 0.7601222921541628
324174017.8470674 0.7598956678148062
325253585.80826074 0.7592745831290207
325737142.29087853 0.7589966325896274
326220698.7734963 0.758718832529119
326906674.2488379 0.7583250018564609
327581404.2245837 0.7579379219669219
328256134.2003295 0.7575511336798056
328930864.1760753 0.757164636493919
329605594.1518211 0.7567784299099846
330280324.1275669 0.7563925134306294
330966299.60290843 0.7560004618966885
331641029.5786542 0.755615128956353
332315759.5544 0.7552300846316079
336375384.9084706 0.752919466011611
337050114.88421637 0.7525364331327461
337724844.85996217 0.752153684993871
338399574.83570796 0.7517712211196319
339018077.31347495 0.7514208785489843
339512879.2956885 0.7511407759417191
340075154.2754767 0.7508226622589872
340761129.75081825 0.7504348293220097
341435859.72656405 0.7500536388030236
342110589.70230985 0.7496727299653733
342785319.67805564 0.7492921023449453
343460049.65380144 0.7489117554793172
344134779.62954724 0.7485316889077469
344809509.60529304 0.7481519021711643
345495485.0806346 0.7477660720538594
346170215.0563804 0.7473868482615161
346844945.0321262 0.7470079029293171
347519675.007872 0.7466292356048035
348194404.9836178 0.7462508458371373
348869134.9593636 0.7458727331770926
349543864.9351094 0.7454948971770465
350229840.41045094 0.7451110470654814
350904570.38619673 0.7447337676413313
352096593.3433476 0.7440679132327521
352388976.33283746 0.7439047214108757
352850041.81626374 0.7436474851193632
353524771.79200953 0.7432712723867491
354199501.7677553 0.7428953332684709
354885477.2430969 0.7425134085422174
355560207.2188427 0.7421380198903664
356234937.1945885 0.7417629035443621
356909667.1703343 0.7413880590734844
359619832.5729132 0.7398851643113727
360969292.5244048 0.7391384596025704
361644022.5001506 0.73876551080011
362318752.4758964 0.738392830473175
362993482.4516422 0.7380204182042271
363679457.9269838 0.7376420734318553
364354187.9027296 0.7372702004822224
365028917.87847537 0.7368985943395779
365703647.85422117 0.7365272545920432
366378377.82996696 0.7361561808291271
367053107.80571276 0.7357853726417212
367727837.78145856 0.7354148296220897
368402567.75720435 0.7350445513638636
369088543.2325459 0.7346683728010537
369763273.2082917 0.7342986272477572
370438003.1840375 0.7339291452381849
371112733.1597833 0.733559926371379
371787463.1355291 0.73319097024771
372462193.1112749 0.7328222764688695
373136923.0870207 0.7324538446378633
373822898.56236225 0.7320795404013698
374497628.53810805 0.7317116356295654
375172358.51385385 0.7313439916158846
375847088.4895996 0.730976607968539
376521818.4653454 0.7306094842970196
377196548.4410912 0.7302426202120877
377871278.416837 0.72987601532577
378546008.3925828 0.7295096692513505
379231983.86792433 0.7291374823298217
379906713.8436701 0.7287716570215055
380581443.8194159 0.7284060893660474
381256173.7951617 0.7280407789817163
381930903.7709075 0.7276757254880046
383280363.7223991 0.7269463876564953
383943848.19854915 0.7265881718882133
384629823.6738907 0.7262180728517
385304553.6496365 0.7258542981458755
385979283.6253823 0.725490778072975
386654013.6011281 0.7251275122608799
387328743.5768739 0.7247645003386465
388003473.5526197 0.7244017419364963
388689449.02796125 0.7240331970742961
389364179.00370705 0.7236709488175777
390050154.4790486 0.7233029218447761
390724884.4547944 0.7229411822437858
391399614.4305402 0.7225796943191677
392074344.406286 0.7222184577080568
392749074.3820318 0.7218574720487126
393435049.85737336 0.7214907268503918
393862378.84201235 0.7212623933953455
394019815.83635306 0.7211782958259404
394413408.32220477 0.7209681114208266
395088138.29795057 0.7206079929426673
395762868.27369636 0.72024812381408
396437598.24944216 0.7198885036793705
399822493.6277669 0.7180881546254326
400497223.6035127 0.7177300251566961
401171953.5792585 0.7173721422163326
401846683.55500424 0.7170145054572123
402521413.53075004 0.7166571145332514
403196143.50649583 0.7162999690994035
403870873.48224163 0.7159430688116559
404556848.9575832 0.7155804711410251
405220333.4337332 0.7152300023035487
405895063.409479 0.714873835400285
406581038.8848206 0.7145119822886825
407255768.8605664 0.7141563066615506
407930498.8363122 0.7138008741322354
408605228.812058 0.7134456843638317
408998821.2979097 0.7132386023069784
409392413.78376144 0.7130316026754252
410067143.75950724 0.7126769377379476
410753119.2348488 0.7123166094929361
411427849.21059453 0.7119624316437815
412102579.18634033 0.7116084948250455
412777309.1620861 0.7112547987058833
413452039.1378319 0.7109013429564125
414126769.1135777 0.7105481272477085
414801499.0893235 0.7101951512518013
415476229.0650693 0.709842414641668
416162204.5404109 0.7094840441555704
416836934.5161567 0.7091317893158495
417511664.4919025 0.7087797728810864
418186394.46764827 0.7084279945280225
418861124.44339406 0.7080764539343254
419535854.41913986 0.7077251507785832
420210584.39488566 0.7073740847403024
420885314.37063146 0.7070232554999002
421560044.34637725 0.7066726627387021
422246019.8217188 0.7063164688612809
422920749.7974646 0.7059663520341416
423595479.7732104 0.705616470730329
424270209.7489562 0.705266824634772
424944939.724702 0.7049174134332851
425619669.7004478 0.7045682368125662
426294399.6761936 0.7042192944601902
426980375.15153515 0.7038647762383756
427655105.12728095 0.7035163053803754
428329835.10302675 0.7031680678535117
429004565.07877254 0.702820063348845
429679295.05451834 0.7024722915582907
430354025.03026414 0.7021247521746189
431028755.00600994 0.7017774448914489
431703484.98175573 0.701430369403244
432389460.4570973 0.7010777466315157
433738920.4085889 0.7003847595878915
435763110.3358263 0.6993470075923567
437123815.78691363 0.6986505699405157
437798545.76265943 0.6983055746263424
438473275.7384052 0.6979608080875008
439148005.714151 0.6976162700275224
439687789.6947476 0.6973408038856044
440216328.1757485 0.6970712179815853
440891058.1514943 0.696727268792113
441565788.1272401 0.6963835470256926
442251763.6025817 0.6960343294015189
442926493.5783275 0.6956910653816439
443601223.5540733 0.6953480279038082
444275953.529819 0.6950052166775252
444950683.5055648 0.6946626314130796
445557940.48373604 0.6943544976336197
446041496.9663539 0.6941092624397399
446716226.9420997 0.6937672670768121
447402202.41744125 0.6934198023642111
448076932.39318705 0.6930782602974166
448751662.36893284 0.6927369425746532
449426392.34467864 0.6923958489112372
450101122.32042444 0.6920549790232312
450775852.2961702 0.69171433262744
451450582.271916 0.6913739094414066
452136557.74725753 0.6910280410662052
452811287.7230033 0.6906880671636653
453306089.70521694 0.6904388943077573
453812137.18702626 0.6901841820063895
454498112.6623678 0.6898391046303557
455172842.6381136 0.689499907773925
455847572.6138594 0.6891609323044485
456522302.5896052 0.6888221779449193
457197032.565351 0.6884836444190429
457871762.5410968 0.688145331451232
458557738.01643836 0.6878016057532544
459232467.99218416 0.6874637367421323
459907197.96792996 0.6871260874619833
460581927.94367576 0.6867886576400353
461256657.91942155 0.6864514470042091
461931387.89516735 0.6861144552831144
462606117.87091315 0.6857776822060491
463966823.3220005 0.685099187140939
464641553.2977463 0.6847630720068971
465316283.2734921 0.6844271744364229
465709875.7593438 0.6842313345527191
465867312.7536845 0.6841530192908755
466035995.24762094 0.6840691231968219
466429587.73347265 0.6838734183827737
467115563.2088142 0.6835325091952407
467790293.18456 0.6831974070760157
468465023.1603058 0.6828625212786557
469139753.1360516 0.6825278515389573
469814483.1117974 0.6821933975933748
470489213.0875432 0.6818591591790143
471163943.063289 0.6815251360336322
471849918.53863055 0.6811857662467696
472524648.51437634 0.6808521764321026
473199378.49012214 0.6805188010992261
473874108.46586794 0.6801856399884817
474548838.44161373 0.6798526928408473
475898298.3931053 0.6791874394019873
476573028.3688511 0.6788551325958778
477247758.3445969 0.6785230387231035
477933733.8199385 0.6781856279749268
478608463.7956843 0.6778539627400195
479283193.7714301 0.6775225096684332
479957923.7471759 0.6771912685061533
480632653.72292167 0.6768602389997804
481307383.69866747 0.6765294208965236
484692279.0769922 0.6748729983197671
485355763.55314225 0.67454893766245
485794338.037377 0.6743348393795042
486244158.0212075 0.6741153433388622
486918887.9969533 0.673786273691689
487593617.9726991 0.6734574131213538
488268347.9484449 0.6731287613812191
488943077.9241907 0.6728003182252298
489629053.39953226 0.672466614591319
490303783.37527806 0.6721385913339334
490978513.35102385 0.6718107759219336
491653243.32676965 0.6714831681115812
492193027.3073663 0.6712212311730581
492530392.2952392 0.6710575879227676
493002703.27826124 0.6708285743237179
493677433.25400704 0.6705015878615751
494352163.22975284 0.6701748080318112
495026893.20549864 0.6698482345935202
495701623.18124443 0.6695218673063538
496387598.656586 0.669190271650755
497062328.6323318 0.6688643193728667
497737058.6080776 0.6685385725244213
498411788.5838234 0.668213030867296
499086518.5595692 0.6678876941639162
499761248.535315 0.6675625621772531
500447224.01065654 0.6672322209434396
501121953.98640233 0.6669075010833745
501796683.96214813 0.6665829852282773
502471413.9378939 0.6662586731432913
503146143.9136397 0.665934564594096
503820873.8893855 0.665610659346903
504495603.86513126 0.6652869571684555
505181579.3404729 0.6649580678874675
505856309.3162186 0.6646347745236215
506531039.2919644 0.6643116835280608
507205769.2677102 0.663988794669641
507880499.243456 0.663666107717739
508555229.2192018 0.6633436224422501
509229959.1949476 0.6630213386135869
509904689.1706934 0.6626992560026769
510590664.64603496 0.6623720113887895
511265394.62178075 0.6620503338723053
511940124.59752655 0.6617288568856355
512614854.57327235 0.6614075802017556
513289584.54901814 0.6610865035941449
513964314.52476394 0.6607656268367859
517349209.9030887 0.6591589032625293
518023939.8788345 0.6588392241947583
518698669.8545803 0.6585197434053326
519373399.8303261 0.658200460672197
520048129.8060719 0.6578813757737833
520722859.7818177 0.657562488489006
521408835.25715923 0.6572384887701708
522083565.23290503 0.6569199993356927
522758295.2086508 0.6566017068508258
523433025.1843966 0.6562836110964116
524107755.1601424 0.6559657118537657
524782485.1358882 0.6556480089046771
525457215.111634 0.6553305020314066
526131945.0873798 0.6550131910166841
526817920.5627214 0.6546907920437786
527492650.53846717 0.6543738753514716
528167380.51421297 0.654057153865109
528842110.48995876 0.6537406273692895
529516840.46570456 0.653424295649073
530191570.44145036 0.6531081584899778
530866300.41719615 0.6527922156779806
531541030.39294195 0.6524764669995138
532227005.8682835 0.6521556546372207
532901735.8440293 0.6518402968135887
533576465.81977504 0.651525132481968
534251195.79552084 0.651210161430605
534925925.77126664 0.6508953834481932
535600655.74701244 0.6505807983238721
536275385.72275823 0.6502664058472246
536950115.6985041 0.6499522058082774
537636091.1738456 0.6496329661613929
538310821.1495914 0.6493191535682354
538985551.1253372 0.6490055327820212
539660281.101083 0.6486921035945387
541009741.0525746 0.6480658191850884
541684471.0283204 0.6477529635488622
542370446.503662 0.6474350892168201
543045176.4794078 0.6471226180892867
543719906.4551536 0.6468103373168568
544394636.4308994 0.6464982466943336
545069366.4066452 0.6461863460169452
545744096.382391 0.6458746350803409
546418826.3581368 0.6455631136805908
547779531.8092241 0.6449354545636234
548454261.7849698 0.6446245037021188
549128991.7607156 0.644313741562558
549803721.7364614 0.6440031679430991
550478451.7122072 0.6436927826423113
551153181.687953 0.6433825854591754
551827911.6636988 0.6430725761930792
552502641.6394446 0.6427627546438195
553177371.6151904 0.642453120611598
553863347.090532 0.6421385180376413
554538077.0662777 0.6418292615586803
555212807.0420235 0.6415201919964788
555887537.0177693 0.641211309152855
556562266.9935151 0.6409026128300266
557236996.9692609 0.6405941028306081
557911726.9450067 0.64028577895761
558597702.4203483 0.6399725069561729
559272432.3960941 0.6396645578405258
559947162.3718399 0.6393567942594343
560621892.3475857 0.6390492160174857
561296622.3233315 0.6387418229196574
561971352.2990773 0.6384346147713144
562646082.2748231 0.638127591378208
563332057.7501646 0.6378156401284885
564006787.7259104 0.6375089887358104
564681517.7016562 0.6372025215147148
565356247.677402 0.6368962382724918
566030977.6531478 0.6365901388168127
566705707.6288936 0.6362842229557264
567380437.6046394 0.63597849049766
568055167.5803852 0.6356729412514162
568741143.0557268 0.6353624871385941
569415873.0314726 0.6350573067894657
570090603.0072184 0.6347523090776466
570765332.9829642 0.6344474938134379
571440062.95871 0.634142860807509
572114792.9344558 0.6338384098708987
572789522.9102015 0.6335341408150129
573464252.8859473 0.6332300534516235
574150228.3612889 0.6329210840319
574824958.3370347 0.6326173625106414
575499688.3127805 0.6323138221162617
576174418.2885263 0.6320104626619905
576849148.2642721 0.6317072839614168
577433914.2432518 0.6314446751534281
577861243.2278907 0.631252854416848
578367290.7097001 0.6310257918027196
579053266.1850417 0.630718157584908
579727996.1607875 0.6304157480140761
580402726.1365333 0.6301135182210692
581077456.112279 0.6298114680217038
581752186.0880249 0.6295095972321485
582426916.0637707 0.6292079056689214
583101646.0395164 0.6289063931488905
583776376.0152622 0.6286050594892706
584462351.4906038 0.6282988867706912
585137081.4663496 0.6279979132583144
585811811.4420954 0.6276971180570436
586486541.4178412 0.6273965009854788
587161271.393587 0.6270960618625626
587836001.3693328 0.6267958005075788
588510731.3450786 0.6264957167401509
589196706.8204201 0.6261908134429215
589871436.796166 0.6258910872631065
590546166.7719117 0.6255915381287589
591220896.7476575 0.6252921658608572
591895626.7234033 0.6249929702807128
593919816.6506407 0.6240964418849346
594605792.1259823 0.6237929779220003
595280522.1017281 0.6234946660404377
595955252.0774739 0.6231965297785225
596629982.0532197 0.6228985689598824
597304712.0289655 0.6226007834084712
597979442.0047113 0.6223031729485673
598654171.9804571 0.6220057374047726
599340147.4557986 0.6217035237347486
600014877.4315444 0.6214064404062285
600689607.4072902 0.6211095314666519
601364337.383036 0.6208127967419105
602039067.3587818 0.6205162360582157
602713797.3345276 0.6202198492420957
603388527.3102734 0.6199236361203958
604074502.785615 0.6196226639960708
604749232.7613608 0.6193268006326974
605423962.7371066 0.6190311104433014
606098692.7128524 0.6187355932559884
606773422.6885982 0.6184402488991771
607448152.664344 0.6181450772015965
608122882.6400898 0.6178500779922854
608797612.6158355 0.6175552511005908
609472342.5915813 0.6172605963561677
610158318.0669229 0.6169612069989207
610833048.0426687 0.6166668989012543
611507778.0184145 0.6163727624388409
612182507.9941603 0.6160787974425611
612857237.9699061 0.6157850037436005
613531967.9456519 0.6154913811734446
616916863.3239766 0.6140209513288697
617591593.2997224 0.6137283548435505
618266323.2754682 0.6134359283130502
618941053.2512139 0.6131436715712435
619615783.2269597 0.6128515844522991
620290513.2027055 0.6125596667906782
620976488.6780471 0.6122630573816479
621651218.6537929 0.6119714809566131
622280966.6311556 0.6116994954024189
622921960.1081141 0.6114228039738039
623607935.5834557 0.611126864202726
624282665.5592015 0.6108359457920843
624957395.5349473 0.6105451957017348
625632125.5106931 0.6102546137684264
626306855.4864389 0.6099641998291926
626981585.4621847 0.6096739537213511
627656315.4379305 0.6093838752825028
628331045.4136763 0.6090939643505318
629005775.389422 0.6088042207636025
629691750.8647636 0.6085098195022677
630366480.8405094 0.6082204129033798
631041210.8162552 0.6079311731630296
631715940.792001 0.6076421001205058
632390670.7677468 0.6073531936153737
633065400.7434926 0.6070644534874747
633740130.7192384 0.6067758795769276
634426106.19458 0.6064826663325479
635100836.1703258 0.606194427141781
635775566.1460716 0.6059063536877165
636450296.1218174 0.6056184458115716
637125026.0975631 0.6053307033548361
637788510.5737132 0.6050479177591614
638294558.0555226 0.6048323411570233
638811851.0369277 0.6046120698851253
639486581.0126735 0.6043249051519517
640161310.9884193 0.6040379051282287
640847286.4637609 0.603746290458969
641522016.4395065 0.6034596221219228
642871476.3909981 0.6028867780012559
643546206.3667439 0.6026006019054421
644220936.3424897 0.6023145895782844
644895666.3182355 0.602028740864345
645570396.2939813 0.601743055608447
646256371.7693229 0.6014527763391218
646931101.7450687 0.6011674202526536
648280561.6965603 0.6005971969000988
648955291.6723061 0.6003123293260069
649630021.6480519 0.6000276242817966
650304751.6237977 0.599743081614109
650990727.0991392 0.5994539628692908
651665457.074885 0.5991697471954741
652340187.0506308 0.5988856934370916
653014917.0263766 0.5986018014418074
653689647.0021224 0.5983180710575382
654364376.9778682 0.5980345021324531
655039106.953614 0.5977510945149728
655455190.4386573 0.5975764068257485
655882519.4232962 0.5973970616014256
656557249.399042 0.5971140163731419
657231979.3747878 0.5968311319615582
657906709.3505336 0.5965484082161572
658581439.3262794 0.5962658449866683
659256169.3020252 0.595983442123068
659930899.277771 0.5957011994755803
660605629.2535168 0.5954191168946736
661291604.7288584 0.5951324968740076
661966334.7046041 0.5948507366401931
662641064.68035 0.5945691360233567
663034657.1662017 0.5944049426497923
663147112.1621593 0.5943580402199997
663540704.6480111 0.5941939165705988
664215434.6237569 0.5939126878160993
664890164.5995027 0.5936316181843501
665564894.5752485 0.5933507075276052
666250870.05059 0.5930652778459872
666925600.0263358 0.5927846873403979
667600330.0020816 0.5925042553655651
668275059.9778274 0.5922239817747034
668949789.9535732 0.5919438664212647
669624519.929319 0.591663909158938
670299249.9050648 0.5913841098416479
670973979.8808106 0.5911044683235548
671659955.3561522 0.590820327729493
672334685.331898 0.5905410039971191
673009415.3076438 0.5902618376254121
673684145.2833894 0.5899828284694709
674358875.2591352 0.5897039763846275
675033605.234881 0.5894252812264447
675708335.2106268 0.5891467428507167
676383065.1863726 0.5888683611134677
677069040.6617142 0.5885855001086177
677743770.63746 0.5883074338219573
678418500.6132058 0.5880295237408388
679093230.5889516 0.5877517697222051
679767960.5646974 0.5874741716232266
680442690.5404432 0.5871967293012997
681117420.516189 0.586919442614048
681792150.4919348 0.5866423114193193
682478125.9672763 0.5863607206264748
683152855.9430221 0.5860839025768501
683827585.9187679 0.5858072395922825
684502315.8945137 0.5855307315315192
685177045.8702595 0.5852543782535299
685851775.8460053 0.5849781796175052
686526505.8217511 0.5847021354828579
687212481.2970927 0.5844216488533087
687887211.2728385 0.5841459158696958
689236671.2243301 0.5835949119985766
689911401.2000759 0.5833196408318783
690586131.1758217 0.5830445233253219
690979723.6616734 0.5828841090189653
691373316.1475251 0.5827237469248523
692722776.0990167 0.5821743300394232
694083481.550104 0.5816209546811493
694758211.5258498 0.5813467842266008
695432941.5015956 0.5810727664381159
696107671.4773414 0.5807989011781842
696782401.4530872 0.5805251883095077
697457131.428833 0.5802516276949992
698143106.9041746 0.57997366367749
698817836.8799204 0.5797004096927565
699492566.8556662 0.5794273075499247
700167296.831412 0.5791543571127529
700842026.8071578 0.5788815582452084
701516756.7829036 0.5786089108114679
702191486.7586493 0.5783364146759152
702866216.7343951 0.578064069703142
703552192.2097367 0.5777873404709629
704226922.1854825 0.5775152999320835
704901652.1612283 0.5772434101487524
705576382.1369741 0.5769716709863886
706251112.1127199 0.5767000823106159
706925842.0884657 0.5764286439872627
707600572.0642115 0.5761573558823605
708275302.0399573 0.5758862178621446
708961277.5152988 0.5756107145948933
709636007.4910446 0.575339878839398
711660197.418282 0.5745282691356173
712334927.3940278 0.5742580313127459
713009657.3697736 0.573987942641645
716394552.7480984 0.5726352441200171
717069282.7238442 0.5723660500627993
717744012.69959 0.5720970042342354
718418742.6753358 0.5718281065035531
719104718.1506773 0.5715548788303204
719779448.1264231 0.5712862793667071
720454178.1021689 0.5710178276076557
721128908.0779147 0.570749523423175
721803638.0536605 0.5704813666834646
722478368.0294063 0.5702133572589173
723153098.0051521 0.5699454950201186
723827827.9808979 0.5696777798378451
724333875.4627073 0.5694770898793567
724547539.9550267 0.5693923789203446
724941132.4408784 0.5692363709462871
725615862.4166242 0.56896904484028
726290592.39237 0.5687018653207515
726965322.3681158 0.5684348322593625
727651297.8434573 0.5681634986547845
728326027.8192031 0.5678967605610318
729000757.7949489 0.5676301685394056
729675487.7706947 0.5673637224623246
730350217.7464405 0.5670974222023926
731024947.7221863 0.5668312676324001
731699677.6979321 0.5665652586253248
732374407.6736779 0.5662993950543289
733060383.1490195 0.5660292493854413
733735113.1247653 0.5657636787254785
734409843.1005111 0.5654982531200898
735084573.0762569 0.565232972443179
735759303.0520027 0.5649678365688333
736434033.0277485 0.5647028453713229
737108763.0034943 0.5644379987250998
737783492.9792401 0.5641732965047996
738469468.4545816 0.5639043305084145
739144198.4303274 0.5636399191664601
739818928.4060732 0.5633756518733412
740493658.381819 0.5631115285044195
741168388.3575648 0.5628475489352359
741843118.3333106 0.5625837130415111
742517848.3090564 0.5623200206991452
743192578.2848022 0.5620564717842159
743878553.7601438 0.5617886772928556
744553283.7358896 0.5615254172470358
745228013.7116354 0.5612623002558985
745902743.6873811 0.5609993261962356
746577473.663127 0.560736494945014
747252203.6388727 0.5604738063793768
747926933.6146185 0.5602112603766427
748601663.5903643 0.559948856814306
749242657.0673229 0.559699705254081
749681231.5515577 0.5595293070853193
750153542.5345796 0.559345868517125
750839518.0099212 0.5590795697708497
751514247.985667 0.5588177796746653
752188977.9614128 0.5585561313704778
753538437.9129044 0.5580332596526255
754213167.8886502 0.5577720359966577
754887897.864396 0.5575109536480791
755573873.3397375 0.5572456646622785
756248603.3154833 0.5569848669165589
756923333.2912291 0.5567242101145631
757598063.2669749 0.5564636941360808
758272793.2427207 0.5562033188610707
758947523.2184665 0.5559430841696597
759622253.1942123 0.5556829899421435
760296983.1699581 0.5554230360589869
760982958.6452997 0.5551588933605232
761657688.6210455 0.5548992221422343
762332418.5967913 0.5546396909087183
763007148.5725371 0.5543802995411102
763681878.5482829 0.5541210479207113
764356608.5240287 0.5538619359289879
765031338.4997745 0.5536029634475726
765706068.4755203 0.5533441303582624
766392043.9508618 0.5530811261587207
767066773.9266076 0.552822573817942
767741503.9023534 0.5525641605136845
768416233.8780992 0.5523058861284047
769090963.853845 0.5520477505447212
769765693.8295908 0.5517897536454153
770440423.8053366 0.5515318953134303
771115153.7810824 0.5512741754318726
771789883.7568282 0.551016593884009
772475859.2321697 0.5507548610014317
773150589.2079155 0.5504975580720948
773825319.1836613 0.5502403931252831
774500049.1594071 0.5499833660449083
775174779.1351529 0.5497264767150427
775658335.6177708 0.5495424573665062
775984455.1060479 0.5494183911868844
776501748.087453 0.5492216624354227
777176478.0631988 0.5489651810848424
777851208.0389446 0.5487088370264891
778525938.0146904 0.5484526301452224
779200667.9904362 0.5481965603260589
779886643.4657778 0.5479363630659031
780561373.4415236 0.5476805693061997
781236103.4172693 0.5474249122626855
781910833.3930151 0.547169391821007
782585563.368761 0.5469140078669656
783260293.3445067 0.5466587602865197
783935023.3202525 0.5464036489657811
784328615.8061042 0.5462548969089394
784722208.291956 0.5461061911569932
785396938.2677017 0.5458513746756598
786082913.7430433 0.5455924505687847
786757643.7187891 0.5453379080365258
787432373.6945349 0.5450835011761284
788107103.6702807 0.5448292298746558
788781833.6460265 0.5445750940193235
789456563.6217723 0.5443210934975004
790131293.5975181 0.544067228196706
790817269.0728596 0.5438092703121089
791491999.0486054 0.5435556773655305
792166729.0243512 0.543302219301583
792841459.000097 0.5430488960083932
796226354.3784218 0.5417800874833187
796901084.3541676 0.5415275727078258
797429622.8351684 0.5413298630608911
797699514.8254668 0.541228936637093
798115598.3105099 0.5410733836923195
798790328.2862557 0.5408212438099732
799465058.2620015 0.540569237608083
800151033.7373431 0.5403131682301967
800825763.7130889 0.5400614312819689
801500493.6888347 0.539809827682006
802175223.6645805 0.5395583573204834
802849953.6403263 0.5393070200877217
803524683.616072 0.5390558158741866
804199413.5918179 0.5388047445704899
804874143.5675637 0.5385538060673872
805560119.0429052 0.5382988212824895
806234849.018651 0.5380481502622059
806909578.9943968 0.5377976117138369
807584308.9701426 0.537547205528716
808259038.9458884 0.5372969315983209
808933768.9216342 0.537046789814271
809608498.89738 0.5367967800683292
810283228.8731258 0.5365469022524002
810969204.3484674 0.5362929949415111
811643934.3242131 0.5360433828562141
812318664.299959 0.5357939023757011
812993394.2757047 0.5355445533924452
813668124.2514505 0.5352953357990601
814342854.2271963 0.5350462494882993
815017584.2029421 0.5347972943530579
815692314.1786879 0.5345484702863689
816367044.1544337 0.5342997771814062
817053019.6297753 0.534047073335343
817727749.6055211 0.5337986440121492
818402479.5812669 0.5335503453292634
819077209.5570127 0.5333021771804168
819751939.5327585 0.5330541394594781
820426669.5085043 0.532806232060453
821101399.4842501 0.5325584548774863
821776129.4599959 0.5323108078048591
822462104.9353374 0.5320591665533527
823136834.9110832 0.5318117815488895
823811564.886829 0.5315645263366746
824486294.8625748 0.5313174008115369
825161024.8383206 0.5310704048684406
825835754.8140664 0.5308235384024862
826510484.7898122 0.5305768013089086
827185214.765558 0.5303301934830779
827871190.2408996 0.5300796079364938
828545920.2166454 0.5298332604829022
829220650.1923912 0.5295870419822376
829895380.168137 0.5293409523304086
830570110.1438828 0.5290949914234572
831244840.1196285 0.5288491591575585
831919570.0953743 0.5286034554290205
832605545.5707159 0.5283537883002357
833280275.5464617 0.5281083434738382
833955005.5222075 0.5278630268727996
834629735.4979533 0.5276178383939588
835304465.4736991 0.5273727779342867
835979195.4494449 0.5271278453908848
836665170.9247864 0.5268789616644337
837339900.9005322 0.5266342867730457
838014630.876278 0.5263897394883102
838689360.8520238 0.5261453197078529
839364090.8277696 0.5259010273294292
840038820.8035154 0.5256568622509253
840713550.7792612 0.5254128243703552
841399526.2546028 0.5251648494823277
842074256.2303486 0.5249210678078963
842748986.2060944 0.5246774130245245
843423716.1818402 0.5244338850307427
844098446.157586 0.5241904837252107
844773176.1333318 0.5239472090067159
845447906.1090776 0.5237040607741722
846122636.0848233 0.5234610389266221
846797366.060569 0.5232181433632337
847483341.5359106 0.5229713288954523
848158071.5116564 0.522728687698931
848832801.4874022 0.5224861724831635
849507531.463148 0.5222437831478266
850182261.4388938 0.5220015195927218
850856991.4146396 0.5217593817177757
852892426.8414727 0.521029692879498
853567156.8172185 0.5207880588141341
854241886.7929643 0.520546549928781
854916616.7687101 0.5203051661241144
855591346.7444559 0.5200639073009341
856266076.7202017 0.5198227733601638
856940806.6959475 0.5195817642028494
857615536.6716933 0.5193408797301609
858301512.1470349 0.5190961082335678
859650972.0985265 0.5186149659698257
860325702.0742723 0.5183745813204577
861000432.0500181 0.5181343208617605
861675162.0257639 0.5178941844956373
862349892.0015097 0.5176541721241134
863710597.452597 0.5171705239439335
864385327.4283428 0.5169308850304268
865060057.4040886 0.5166913697192014
866409517.3555802 0.516212709514229
867084247.331326 0.5159735644260991
867758977.3070718 0.5157345425514832
869119682.7581592 0.5152528895014052
869794412.733905 0.5150142387343485
870469142.7096508 0.514775710792336
871143872.6853966 0.51453730557895
872493332.6368881 0.5140608629529754
873168062.612634 0.5138228253481399
873854038.0879755 0.5135809458690718
874528768.0637213 0.5133431548933293
875203498.0394671 0.5131054860685796
875878228.0152129 0.5128679392992267
876552957.9909587 0.5126305144897914
877227687.9667045 0.5123932115449102
880612583.3450292 0.5112045775696146
881287313.320775 0.510968005836674
881962043.2965208 0.5107315553023982
882636773.2722666 0.5104952258723465
883311503.2480124 0.5102590174521906
883986233.2237582 0.5100229299477176
884660963.199504 0.509786963264827
885346938.6748456 0.5095471875659068
886021668.6505914 0.5093114642541015
886696398.6263372 0.5090758614806956
887314901.1041042 0.5088599980813941
887730984.5891473 0.5087148377929842
888203295.5721694 0.5085501166870718
888878025.5479152 0.5083149030141613
889564001.0232568 0.5080758922758263
890238730.9990026 0.5078409207952479
890913460.9747484 0.5076060692696217
891588190.9504942 0.5073713376060006
892262920.92624 0.5071367257115493
892937650.9019858 0.5069022334935428
893612380.8777316 0.5066678608593678
894298356.3530731 0.5064297045093036
894973086.3288189 0.5061955727545911
895647816.3045647 0.5059615603049928
896322546.2803105 0.5057276670683379
896997276.2560563 0.5054938929525647
897672006.2318021 0.5052602378657209
898346736.2075479 0.5050267017159635
899021466.1832937 0.5047932844115584
899707441.6586353 0.5045560985572897
900382171.634381 0.504322920645752
901056901.6101269 0.5040898613034948
901731631.5858727 0.5038569204392197
902406361.5616184 0.5036240979617372
903081091.5373642 0.5033913937799652
903755821.51311 0.5031588078029285
904430551.4888558 0.5029263399397609
905116526.9641974 0.5026901186017685
905791256.9399432 0.5024578886589384
906465986.915689 0.5022257765565095
907140716.8914348 0.5019937822040441
907815446.8671806 0.501761905511211
908490176.8429264 0.5015301463877848
909164906.8186722 0.5012985047436468
909839636.794418 0.5010669804887828
910525612.2697595 0.5008317177439691
911200342.2455053 0.500600429950769
911875072.2212511 0.5003692592759427
912549802.1969969 0.5001382056298989
913224532.1727427 0.499907268923153
913899262.1484885 0.49967644906632375
914573992.1242343 0.4994457459701345
915248722.0999801 0.49921515954541357
915934697.5753217 0.498980849526259
916609427.5510674 0.4987504981181776
917284157.5268131 0.49852026311319164
917958887.502559 0.49829014442254493
918633617.4783047 0.4980601419575857
919308347.4540505 0.49783025562976524
919983077.4297963 0.4976004853506371
920669052.9051379 0.4973670044418174
921343782.8808837 0.49713746792560115
922018512.8566295 0.49690804719188664
922693242.8323753 0.49667874215263896
923367972.8081211 0.49644955271992586
924042702.7838669 0.49622047880591585
924717432.7596127 0.4959915203228801
925403408.2349542 0.49575886410757825
926078138.2107 0.4955301381438977
926752868.1864458 0.4953015273471545
927427598.1621916 0.4950730316300258
928102328.1379374 0.4948446509052897
928777058.1136832 0.4946163850858234
929451788.089429 0.49438823408460586
930137763.5647706 0.49415639818175217
930812493.5405164 0.4939284784663742
931487223.5162622 0.49370067330733514
932161953.492008 0.49347298261801475
932836683.4677538 0.4932454063118922
933511413.4434996 0.4930179443025452
934186143.4192454 0.49279059650365054
934860873.3949912 0.4925633628289847
935546848.8703327 0.4923324588308123
936221578.8460785 0.4921054550447992
936896308.8218243 0.49187856512350286
937571038.7975701 0.4916517889810944
938245768.7733159 0.491425126531843
938920498.7490617 0.4911985776901158
939606474.2244033 0.49096836940967886
940281204.200149 0.49074204941637783
940955934.1758949 0.49051584277286553
941630664.1516407 0.4902897493939008
942305394.1273865 0.4900637691943381
942980124.1031322 0.48983790208912914
943654854.078878 0.489612147993323
944329584.0546238 0.489386506822064
945004314.0303696 0.48916097849059337
945690289.5057112 0.4889318069427807
946365019.481457 0.4887065059141208
947039749.4572028 0.48848131747014134
947714479.4329486 0.4882562415264679
948389209.4086944 0.48803127799882184
949063939.3844402 0.48780642680301994
949738669.360186 0.48758168785497397
950413399.3359318 0.4873570610706898
951099374.8112733 0.48712880540361697
951774104.7870191 0.48690440456114664
952448834.7627649 0.48668011562963115
954473024.6900023 0.4860079194651433
957857920.0683271 0.4848861006224852
958532650.0440729 0.4846628169901768
959207380.0198187 0.4844396444355165
959882109.9955645 0.4842165828758246
960556839.9713103 0.4839936322285143
961242815.4466518 0.48376707935264013
961917545.4223976 0.483544352127795
962592275.3981434 0.48332173556675273
963267005.3738892 0.48309922958729534
963941735.349635 0.4828768341072977
964616465.3253808 0.48265454904472527
965291195.3011266 0.48243237431763497
965965925.2768724 0.4822103098441753
966651900.752214 0.48198465723716055
967326630.7279598 0.4817628148599155
968001360.7037055 0.48154108248993166
968676090.6794513 0.4813194600457219
969350820.6551971 0.48109794744588935
970025550.630943 0.4808765446091271
970700280.6066887 0.4806552514542187
971375010.5824345 0.4804340679000367
972049740.5581803 0.4802129938655447
972735716.0335219 0.4799883474532614
973410446.0092677 0.47976749403734287
974085175.9850134 0.4795467498971946
974759905.9607592 0.47932611495213806
975434635.936505 0.47910558912158463
976109365.9122508 0.4788851723250332
976784095.8879966 0.47866486448207296
977470071.3633381 0.4784409964514932
978144801.3390839 0.4782209080873712
978819531.3148297 0.47800092843480024
979494261.2905755 0.4777810574137233
980168991.2663213 0.47756129494417165
980843721.2420671 0.4773416409462634
981518451.2178129 0.4771220953402052
982193181.1935587 0.47690265804629034
982879156.6689003 0.4766796744170606
983553886.644646 0.4764604553105402
984228616.6203918 0.4762413442762443
984903346.5961376 0.4760223412348172
985578076.5718834 0.47580344610698805
986252806.5476292 0.4755846588135753
986927536.523375 0.4753659792754811
987602266.4991208 0.4751474074136952
988288241.9744624 0.47492530298936053
989637701.925954 0.47448870051874903
990312431.9016998 0.4742705603625009
990987161.8774456 0.4740525274874902
991661891.8531914 0.47383460181522247
992336621.8289372 0.4736167832672886
993022597.3042787 0.4733954441468051
993697327.2800245 0.47317784139478675
994372057.2557703 0.4729603455310844
995046787.2315161 0.47274295647763
995721517.2072619 0.4725256741564404
996396247.1830077 0.4723084984896167
997070977.1587535 0.4720914293993447
997745707.1344993 0.47187446680789386
998431682.6098409 0.47165399726929513
999106412.5855867 0.4714372492143685
999781142.5613325 0.47122060742428507
1000455872.5370783 0.471004071821651
1001130602.512824 0.4707876423291562
1001805332.4885699 0.4705713188695737
1002480062.4643157 0.47035510136575975
1003166037.9396572 0.4701353887768247
1004515497.8911488 0.4697034863790475
1005190227.8668946 0.46948769368867915
1005864957.8426404 0.46927200656832535
1007214417.794132 0.4688409487311593
1007889147.7698778 0.4686255778613011
1009249853.2209651 0.46819156672080137
1009924583.196711 0.46797651316505007
1010599313.1724567 0.4677615646432433
1011274043.1482025 0.46754672107930995
1011948773.1239483 0.46733198239725865
1012623503.0996941 0.46711734852117986
1013309478.5750357 0.46689924477634503
1013984208.5507815 0.46668482202840533
1014658938.5265273 0.466470503857935
1015333668.5022731 0.4662562901893479
1016008398.4780189 0.4660421809471409
1017357858.4295105 0.46561427544024975
1018032588.4052563 0.46540047902495746
1020742753.8078352 0.4645427784052113
1021417483.783581 0.46432950359528313
1022092213.7593268 0.46411633253454954
1022766943.7350726 0.46390326514830493
1023441673.7108184 0.46369030136192324
1024127649.18616 0.46347389430650493
1024802379.1619058 0.46326113921983586
1025477109.1376516 0.4630484875083853
1026151839.1133974 0.46283593909784243
1026826569.0891432 0.4626234939139766
1027501299.064889 0.46241115188263404
1028176029.0406348 0.4621989129297399
1028850759.0163805 0.4619867769812973
1029536734.4917221 0.4617712109513846
1030211464.4674679 0.4615592825038189
1030886194.4432136 0.46134745683795214
1031560924.4189594 0.4611357338800996
1032235654.3947052 0.4609241135566545
1032910384.370451 0.4607125957940862
1033585114.3461968 0.46050118051894284
1034259844.3219426 0.46028986765784824
1034945819.7972841 0.4600751378288014
1035620549.7730299 0.4598640312798242
1036295279.7487757 0.45965302692401194
1036970009.7245215 0.45944212468829715
1037644739.7002673 0.4592313244996885
1038319469.6760131 0.4590206262852724
1038994199.6517589 0.45881002997221
1039668929.6275047 0.4585995354877388
1040354905.1028463 0.45838563707538194
1041029635.0785921 0.45817534772421786
1041704365.0543379 0.4579651599826059
1042379095.0300837 0.45775507377808805
1043053825.0058295 0.4575450890382823
1043728554.9815753 0.4573352056908814
1044403284.957321 0.45712542366365394
1045078014.9330668 0.4569157428844434
1045752744.9088126 0.4567061632811682
1047113450.3599 0.45628381854557315
1047788180.3356458 0.45607454372042444
1048462910.3113916 0.4558653697824373
1049137640.2871374 0.4556562966599049
1049812370.2628832 0.4554473242811948
1050487100.238629 0.4552384525747484
1051173075.7139705 0.4550262028025589
1051847805.6897163 0.4548175339011458
1052522535.6654621 0.45460896545657736
1053197265.6412079 0.4544004973975918
1053871995.6169537 0.454192129653001
1054546725.5926995 0.45398386215169073
1055221455.5684453 0.4537756948226205
1055896185.5441911 0.4535676275948222
1056413478.5255963 0.4534081771333694
1056919526.0074056 0.45325224984791074
1057594255.9831514 0.45304443422809215
1058268985.9588972 0.4528367184605564
1058943715.9346429 0.45262910247466515
1059618445.9103887 0.45242158619985284
1060293175.8861345 0.45221416956562666
1060967905.8618803 0.45200685250156625
1061653881.3372219 0.45179618215383677
1062328611.3129677 0.4515890656756998
1063003341.2887135 0.45138204855573066
1063678071.2644593 0.45117513072379933
1065702261.1916966 0.4505549722560025
1066376991.1674424 0.45034845087635117
1067062966.642784 0.450138588898972
1067737696.6185298 0.449932266973763
1068412426.5942756 0.4497260438465232
1069087156.5700214 0.44951991944769565
1069761886.5457672 0.4493138937077936
1070436616.521513 0.44910796655740126
1071111346.4972588 0.44890213792717387
1071786076.4730046 0.4486964077478375
1072460806.4487504 0.44849077595018805
1073146781.9240919 0.44828181773954
1073821511.8998377 0.4480763841347427
1074496241.8755836 0.44787104870329425
1075170971.8513293 0.44766581137627415
1075845701.8270752 0.4474606720848306
1076520431.802821 0.4472556307601826
1077195161.7785668 0.44705068733361847
1077881137.2539084 0.44684242847165345
1078555867.229654 0.4466376822641686
1079230597.2054 0.4464330337479102
1079905327.1811457 0.4462284828544455
1080580057.1568916 0.4460240295154123
1081254787.1326373 0.44581967366251646
1081929517.1083832 0.44561541522753345
1082604247.0841289 0.44541125414230787
1083290222.5594704 0.44520379009916483
1083964952.5352163 0.4449998251289141
1084639682.510962 0.44479595730323496
1085314412.486708 0.44459218655424737
1085989142.4624536 0.44438851281414055
1086472698.9450715 0.4442426062699275
1086776327.4341571 0.444151015968757
1087282374.9159663 0.4439984090517471
1087968350.3913078 0.44379162883427764
1088643080.3670537 0.44358833600582637
1089317810.3427994 0.44338513985271905
1089992540.3185453 0.4431820403075487
1091342000.270037 0.44277613077173034
1093377435.69687 0.44216461320292855
1094052165.6726158 0.44196209349646737
1094726895.6483617 0.44175966992687005
1095401625.6241074 0.44155734242726996
1096076355.5998533 0.4413551109308667
1096751085.575599 0.44115297537092824
1098100545.5270905 0.4407489917938455
1098775275.5028365 0.44054714364356895
1099461250.978178 0.4403420294323174
1100135980.9539237 0.4401403741488725
1100529573.4397755 0.44002278602367006
1100923165.9256272 0.4399052303942097
