1.0 0.9999999991608841
393593.48585171404 0.9991132093078015
697221.974937322 0.9982853023969049
1090814.460789036 0.9972357035103617
1439424.948257697 0.9963425968406151
1911735.9312797538 0.995185622616156
4621901.3338587 0.9893821609250826
5971361.28535029 0.9868392898836635
6646091.261096085 0.9856263860722836
7275839.238458828 0.9845239421466223
7916832.715417334 0.9834280092312544
9266292.666908925 0.981195986977236
10626998.11799628 0.9790332589175404
11301728.093742074 0.9779889844286523
11976458.06948787 0.9769614210749202
14000647.996725256 0.9739673634446869
16036083.423558407 0.9710711479122397
16710813.399304202 0.9701329296475167
17385543.375049997 0.9692045860535775
18521338.834222086 0.9676627524373833
20275636.771161154 0.9653283909377375
20455564.76469337 0.9650919703729872
21096558.241651874 0.9642539980798897
23795478.144635055 0.9607936583397804
25156183.595722407 0.959086917078964
26505643.547213998 0.9574168546071491
27180373.522959795 0.9565897534598451
28698515.968387835 0.9547469658302785
29800574.928772636 0.9534241859189613
31824764.85601002 0.9510250513978112
32499494.831755817 0.9502336204403683
33860200.28284317 0.9486494489546753
34534930.25858896 0.9478695849303206
34928522.74444068 0.9474163459733901
35322115.230292395 0.9469643225937532
35996845.20603819 0.9461922005898792
37346305.15752978 0.9446581574882931
38707010.608617134 0.943124542269741
40056470.56010873 0.94161608739665
43834958.42428518 0.9374539423381815
44509688.40003098 0.9367196687566229
45184418.37577677 0.9359879723554679
45859148.351522565 0.9352588022905483
46545123.82686412 0.9345200187408235
47219853.80260992 0.9337957962401882
47827110.780781135 0.9331460354058008
48220703.26663285 0.9327259102677479
48681768.75005914 0.9322347667180688
49356498.72580494 0.9315179441946234
49907528.20599734 0.9309342098146233
50458557.68618974 0.9303519543500842
51133287.66193554 0.9296409720610077
51808017.63768133 0.9289321385790666
52482747.613427125 0.9282254178223706
53168723.08876868 0.9275090482233698
53843453.06451448 0.9268064830235373
54518183.04026028 0.9261059284914857
55192913.016006075 0.9254073528859119
55867642.991751865 0.9247107254325534
56542372.96749766 0.9240160162837097
57217102.94324346 0.923323196479904
57734395.92464857 0.922793296552102
58251688.90605368 0.9222644782626023
58926418.881799474 0.9215763208622432
59601148.85754527 0.9208899570774375
60275878.83329106 0.9202053615460889
60669471.31914278 0.9198068209098192
60781926.31510041 0.919693060457638
61175518.80095212 0.9192952756091322
61861494.27629368 0.9186033829354019
62536224.25203948 0.9179245352650004
63210954.227785274 0.9172473534277101
63885684.20353107 0.916571815553202
64560414.17927687 0.9158979003484278
65235144.15502266 0.9152255870765635
65909874.130768456 0.9145548555369182
66584604.10651425 0.913885686045756
67270579.5818558 0.9132069452718251
67945309.5576016 0.9125408680503765
68620039.5333474 0.9118762964487308
69294769.5090932 0.9112132126831702
69969499.48483899 0.9105515994028784
70644229.46058479 0.9098914396753182
71318959.43633059 0.9092327169722257
71993689.41207638 0.9085754151562049
72679664.88741794 0.9079085986727822
73354394.86316374 0.9072541147523021
74029124.83890952 0.906601005278304
74658872.81627227 0.9059926635266105
75299866.29323077 0.9053746628710787
75974596.26897657 0.9047254352908416
76649326.24472237 0.9040775269242547
77998786.19621396 0.9027856142804991
78684761.67155552 0.9021308608827009
79280773.15013097 0.9015630403742614
79663120.13638692 0.9011992946846844
79843048.12991913 0.9010282591620643
80236640.61577085 0.9006544275094219
80911370.59151664 0.9000145527332891
81586100.56726244 0.8993759051055763
82260830.54300824 0.8987384731178338
82935560.51875404 0.8981022454968621
83610290.49449982 0.897467211197963
84285020.47024561 0.8968333593984291
84959750.44599141 0.8962006794912734
85645725.92133297 0.8955586455544224
86320455.89707877 0.8949282975470478
86995185.87282456 0.8942990906810444
87669915.84857036 0.8936710151570804
88344645.82431616 0.8930440613632673
89019375.80006196 0.8924182198700993
89705351.27540351 0.8917830784114791
90380081.25114931 0.8911594520931924
91054811.22689511 0.8905369106861347
94450952.1048156 0.8874196197903228
95125682.0805614 0.8868034440104874
95800412.0563072 0.8861882948797449
96340196.03690383 0.885696909579639
96711297.52356403 0.8853594584465267
97228590.50496913 0.8848895808826348
97914565.9803107 0.8842673911247457
98589295.95605649 0.8836564051819847
99264025.93180227 0.8830464077081471
99657618.417654 0.8826910295179794
100062456.40310147 0.8823258446089938
100737186.37884727 0.8817179809320159
101423161.85418883 0.881100976860937
102097891.82993463 0.8804950552529626
102772621.80568042 0.8798900866715929
103447351.7814262 0.8792860646413982
104122081.757172 0.8786829827906568
104796811.7329178 0.8780808348489709
105471541.7086636 0.8774796146449462
106146271.6844094 0.8768793161039421
106562355.16945264 0.8765095888231876
106978438.65449588 0.8761402083697394
107653168.63024168 0.8755419467551395
108327898.60598746 0.8749445877987132
109002628.58173326 0.8743481258119319
109677358.55747905 0.8737525551922477
110352088.53322485 0.8731578704212158
111038064.00856641 0.8725541767517903
111712793.9843122 0.8719612619893912
112387523.960058 0.8713692169195835
113062253.9358038 0.8707780363438019
113736983.9115496 0.8701877151388999
114411713.8872954 0.8695982482555539
115086443.86304118 0.8690096307167162
115772419.33838274 0.8684120685243882
116447149.31412853 0.8678251489777873
117121879.28987433 0.8672390641844007
117796609.26562013 0.866653809442689
118471339.24136592 0.8660693801162098
119146069.21711172 0.8654857716323003
119820799.19285752 0.8649029794807891
120495529.16860332 0.8643209992127429
121181504.64394487 0.8637301470428866
121856234.61969067 0.8631497907835708
122530964.59543645 0.8625702333455708
122947048.0804797 0.8622132359474803
123239431.06996955 0.8619625531559216
123812951.54935347 0.8614712599149086
124487681.52509926 0.8608939954207583
125162411.50084506 0.8603175136191409
125837141.47659086 0.8597418105052322
126388170.95678326 0.8592722278419833
127389020.42080618 0.8584206270472506
128074995.89614774 0.857837919605032
128749725.87189354 0.8572655330922669
129435701.3472351 0.8566843840791868
130110431.3229809 0.8561135228844886
130796406.79832245 0.8555339170185023
131471136.77406825 0.8549645662972594
132157112.24940981 0.8543864886728364
132831842.2251556 0.8538186339439291
133517817.70049717 0.8532420700182913
139545405.48382628 0.8482080589509126
146247723.24290118 0.8426764472434163
146922453.21864697 0.8421233108483908
147316045.70449868 0.8418009586772784
147709638.19035038 0.8414788347933183
148395613.66569194 0.8409179629367258
148867924.648714 0.8405321895476376
149340235.63173607 0.8401467418746605
149868774.11273694 0.8397157926475648
150397312.5937378 0.8392852489151625
151083288.06907937 0.8387270607332585
151758018.04482517 0.8381786848488768
152432748.02057096 0.8376309626096979
153107477.99631676 0.8370838914977704
153782207.97206256 0.8365374690205747
154456937.94780836 0.8359916927106225
155131667.92355415 0.835446560125071
155806397.89929995 0.8349020688453404
156492373.3746415 0.8343491576700566
157167103.3503873 0.8338059524304603
157841833.3261331 0.8332633813438839
158516563.3018789 0.8327214420855119
159191293.2776247 0.8321801323529923
159866023.25337046 0.831639449866094
160540753.22911626 0.8310993923663775
161215483.20486206 0.8305599576168703
161890213.18060786 0.8300211434017445
162564943.15635365 0.829482947526007
163250918.6316952 0.8289364133613335
163925648.607441 0.8283994578765707
164600378.5831868 0.827863114232771
165275108.5589326 0.8273273803155856
165949838.5346784 0.8267922540300185
172056144.81517786 0.8219766524377359
178848426.57101884 0.8166765598959287
179534402.0463604 0.8161445229160207
179950485.53140366 0.8158220978379075
180085431.52655283 0.8157175738141131
180366569.0164469 0.8154998881315104
180703934.0043198 0.8152387948471765
181052544.49178845 0.8149691466928033
181614819.47157663 0.8145345472103617
182289549.44732243 0.8140135430346411
182964279.42306823 0.8134930993059479
183639009.398814 0.8129732143506582
184999714.84990135 0.8119264726225697
185674444.82564715 0.8114082632946719
186068037.31149888 0.8111062296248454
186349174.80139294 0.8108906061500855
186911449.78118113 0.810459645842063
187327533.26622435 0.8101409808230577
187743616.75126758 0.8098225242965658
188418346.72701338 0.8093065505370406
190195135.663144 0.8079504262396657
191983170.09887034 0.8065895105578121
195176891.9840671 0.804168068847262
195851621.9598129 0.803658022995007
196526351.9355587 0.8031485063177568
197201081.9113045 0.8026395173793476
197875811.8870503 0.8021310547539553
198550541.8627961 0.8016231170259719
199236517.33813766 0.8011072503131289
199911247.31388345 0.8006003668632405
200585977.28962925 0.800094004101019
201260707.26537502 0.7995881606506848
201935437.24112082 0.7990828351460838
202610167.2168666 0.7985780262305734
203284897.1926124 0.7980737325569118
203959627.1683582 0.7975699527871496
204645602.64369977 0.7970583021410654
205320332.61944556 0.7965555547116767
205995062.59519136 0.7960533172052516
206669792.57093716 0.7955515883200942
207344522.54668295 0.7950503667632789
208019252.52242875 0.7945496512505474
208693982.49817455 0.7940494405062126
209368712.47392035 0.7935497332630627
210054687.9492619 0.7930422124268911
210729417.9250077 0.7925435167572072
211404147.9007535 0.7920453208163306
212078877.8764993 0.7915476233701397
212753607.8522451 0.7910504231925245
213428337.8279909 0.7905537190652946
214103067.8037367 0.7900575097780953
214777797.77948245 0.7895617941283206
215463773.254824 0.7890583213662159
216138503.2305698 0.7885635975916121
216813233.2063156 0.788069363872664
217420490.18448684 0.7876249715541187
218027747.16265804 0.7871809743814384
218702477.13840383 0.7866881066049318
219388452.6137454 0.7861875222069971
220063182.5894912 0.7856956326300896
220737912.565237 0.7852042263912001
221412642.54098278 0.7847133023595941
222087372.51672858 0.7842228594114291
222762102.49247438 0.7837328964296829
223436832.46822017 0.7832434123040841
224122807.94356173 0.7827462598661908
224797537.91930753 0.7822577380837193
225472267.89505333 0.7817696918482555
226146997.87079912 0.7812821200759359
226821727.84654492 0.7807950216893038
227496457.82229072 0.7803083956172406
228171187.79803652 0.7798222407949035
228800935.77539924 0.7793689205320419
229419438.25316623 0.7789240931285363
230105413.7285078 0.778431199249452
230780143.70425358 0.777946856687172
231454873.67999938 0.7774629802798902
232129603.65574518 0.7769795689983128
232804333.63149098 0.7764966218189997
233479063.60723677 0.7760141377243034
234153793.58298257 0.7755321157023134
234839769.05832413 0.7750425326314252
235514499.03406993 0.7745614394010981
236189229.00981572 0.7740808052250637
236863958.98556152 0.7736006291138879
237538688.96130732 0.7731209100835965
238213418.93705308 0.7726416471556208
238888148.91279888 0.772162839356745
239562878.88854468 0.7716844857190565
240248854.36388624 0.771198624106711
240923584.33963203 0.7707211834378764
241598314.31537783 0.7702441940419629
242273044.29112363 0.7697676549718436
242947774.26686943 0.7692915652854448
243622504.24261522 0.7688159240456961
244297234.21836102 0.7683407303204834
244971964.19410682 0.7678659831826048
245657939.66944838 0.7673837804557125
246332669.64519417 0.7669099311350128
247007399.62093997 0.7664365256338679
247682129.59668577 0.7659635630443378
248356859.57243156 0.7654910424631681
249031589.54817736 0.7650189629917458
249706319.52392316 0.7645473237360572
250381049.49966896 0.7640761238066439
251067024.9750105 0.7635975200033135
251741754.9507563 0.7631272033613438
252416484.92650208 0.7626573233896384
253091214.90224788 0.7621878792166276
253765944.87799367 0.7617188699750941
254440674.85373947 0.7612502948021339
255115404.82948527 0.7607821528391182
255801380.30482683 0.7603066517296948
256476110.28057262 0.7598393808121662
257150840.25631842 0.7593725405398986
257825570.23206422 0.7589061300710532
258500300.20781 0.7584401485678789
259175030.1835558 0.7579745951966766
259849760.1593016 0.7575094691277625
260524490.1350474 0.757044769535435
261199220.1107932 0.756580495597938
261761495.09058136 0.7561939252128694
262323770.0703695 0.7558076493821877
262998500.0461153 0.7553445065364123
263673230.0218611 0.7548817863655777
267732855.37593165 0.7521066302852015
268407585.35167745 0.7516468534866423
269082315.3274232 0.7511874930232361
269757045.303169 0.7507285481204379
270443020.7785106 0.7502623793484728
271117750.75425637 0.7498042701511521
271792480.73000216 0.7493465741990462
272467210.70574796 0.748889290731534
273141940.68149376 0.7484324189913918
273816670.65723956 0.7479759582247623
274491400.63298535 0.7475199076811273
275166130.60873115 0.7470642666132826
275852106.0840727 0.7466014505303532
276526836.0598185 0.7461466329791853
277201566.0355643 0.7456922226695357
277876296.0113101 0.7452382188672354
278551025.9870559 0.7447846208412962
279225755.9628017 0.7443314278638836
279900485.9385475 0.7438786392102937
280586461.41388905 0.7434187178233813
281261191.38963485 0.7429667423643741
281890939.3669976 0.7425452614513185
282273286.35325354 0.7422895329962609
282689369.8382968 0.7420113866031234
283364099.81404257 0.7415606621852863
284038829.78978837 0.7411103377134167
284634841.26836383 0.7407128832117176
285219607.24734354 0.7403232301445246
285905582.7226851 0.7398665181384405
286580312.6984309 0.7394176938421388
287165078.67741054 0.7390290336322564
287761090.155986 0.7386332052774788
288435820.1317318 0.7381854700312496
289110550.1074776 0.7377381295169543
289695316.0864573 0.7373507531719495
290268836.5658412 0.7369711134379817
290954812.04118276 0.7365174073107323
291629542.01692855 0.7360715344623965
292304271.99267435 0.7356260531441406
292979001.96842015 0.735180962687306
293653731.94416595 0.7347362624259037
294328461.91991174 0.7342919516965957
295003191.89565754 0.7338480298386765
295689167.3709991 0.7333971072519325
296363897.3467449 0.7329539676188557
297038627.3224907 0.7325112148797799
297713357.2982365 0.7320688483843718
298388087.2739823 0.7316268674848339
299062817.2497281 0.7311852715358832
299748792.72506964 0.730736709619675
300423522.70081544 0.7302958880350751
301098252.67656124 0.7298554494695214
301772982.65230703 0.729415393287656
302447712.62805283 0.7289757188565454
303009987.607841 0.728609614657483
303561017.0880334 0.7282510889716807
304246992.56337494 0.7278051152564139
304921722.53912073 0.7273668352017157
305472752.01931316 0.7270091875356792
306035026.9991013 0.7266445010320141
306709756.9748471 0.7262072235198858
307384486.9505929 0.7257703231997336
308059216.9263387 0.7253337994581378
308745192.40168023 0.724890385736188
309419922.377426 0.7244546195713393
310094652.3531718 0.7240192281482503
310769382.3289176 0.723584210862522
311444112.3046634 0.7231495671119611
312118842.2804092 0.7227152962965663
312793572.256155 0.7222813978185115
313479547.7314966 0.7218406487826212
314154277.70724237 0.7214074993751856
314829007.68298817 0.7209747205146813
315503737.65873396 0.7205423116118737
316178467.63447976 0.7201102720796299
316853197.61022556 0.7196786013329053
317527927.58597136 0.7192472987887288
318202657.56171715 0.7188163638661891
318888633.0370587 0.7183786229614717
319563363.0128045 0.7179484276505322
320238092.9885503 0.7175185982211535
320912822.9642961 0.7170891341005595
321520079.94246733 0.716702928259241
321924917.9279148 0.716445621625589
322374737.9117453 0.7161598790011726
323049467.8874911 0.7157315679355437
323735443.36283267 0.7152964904164477
324410173.33857846 0.7148689107101247
325084903.31432426 0.7144416928146456
325759633.29007006 0.7140148361712514
326434363.26581585 0.7135883402230812
327109093.24156165 0.7131622044151623
327783823.21730745 0.7127364281943952
328458553.19305325 0.712311011009544
329144528.6683948 0.7118788710336407
329706803.648183 0.7115249338686489
330269078.6279711 0.7111712449501558
330955054.1033127 0.7107400801872108
331629784.07905847 0.7103163431423836
332304514.05480427 0.7098929620264071
332979244.03055006 0.7094699363002186
333653974.00629586 0.7090472654265296
334328703.98204166 0.708624948869812
335014679.4573832 0.7081959563776938
335689409.433129 0.7077743527383485
336364139.4088748 0.7073531018110265
337038869.3846206 0.7069322030671653
337713599.3603664 0.7065116559799092
338388329.3361122 0.7060914600240985
339063059.311858 0.7056716146762599
339749034.78719956 0.7052451307899441
340255082.2690089 0.7049307431418803
340547465.2584987 0.7047491864821173
340997285.2423293 0.7044699964753913
341672015.2180751 0.7040515019171
342346745.1938209 0.7036333554429388
343021475.1695667 0.703215556539119
343696205.1453125 0.7027981046934666
344370935.1210582 0.702380999395415
345056910.59639984 0.7019572970771608
345731640.5721456 0.7015408891035512
346406370.5478914 0.7011248261469664
347081100.5236372 0.7007091077031957
347755830.499383 0.7002937332695859
348430560.47512877 0.6998787023450342
349105290.45087457 0.6994640144299773
349791265.9262161 0.69904276616866
350465995.9019619 0.69862876847607
351140725.8777077 0.6982151122951977
351815455.8534535 0.6978017971325763
352490185.8291993 0.6973888224962325
353164915.8049451 0.6969761878956794
353839645.7806909 0.6965638928419091
354525621.25603247 0.6961450737839542
355200351.23177826 0.6957334620013674
355875081.20752406 0.6953221882992527
356516074.6844826 0.6949317909891989
357157068.1614411 0.6945416979476619
357550660.6472928 0.6943023177311242
357944253.1331445 0.6940630519852504
358618983.1088903 0.6936531481811882
359304958.58423185 0.693236756729312
359979688.55997765 0.6928275293257814
360654418.53572345 0.6924186366109771
361329148.51146924 0.6920100781117328
362003878.48721504 0.6916018533562613
362678608.46296084 0.6911939618741455
363353338.43870664 0.6907864031963324
364028068.41445243 0.6903791768551233
364714043.889794 0.689965503618681
370370530.1864629 0.6865674077578436
371045260.1622087 0.6861636103181977
371675008.1395714 0.6857870278322911
372012373.1274443 0.6855854042973836
372136073.62299776 0.6855114961194527
372529666.10884947 0.6852764067014299
373204396.08459526 0.6848736543888935
373879126.06034106 0.6844712277342992
374553856.03608686 0.6840691262901547
375228586.01183265 0.6836673496102036
375858333.9891954 0.6832926506591147
376488081.9665581 0.6829182338651868
377162811.9423039 0.6825173857137155
377837541.9180497 0.6821168606124393
378512271.8937955 0.6817166581210323
379187001.8695413 0.6813167778003685
379636821.85337186 0.6810503696873594
380086641.83720237 0.680784104437222
380761371.81294817 0.6803849741472694
381436101.78869396 0.6799861645728891
382122077.2640355 0.6795810365028968
382616879.2462491 0.6792890182348349
383122926.72805846 0.6789905409223083
383797656.70380425 0.6785928504423185
384191249.18965596 0.6783610115670708
384663560.172678 0.6780829479784771
385079643.6577212 0.677838116391997
385754373.633467 0.6774413491695939
386429103.6092128 0.6770448994785297
387103833.5849586 0.6766487668932958
387778563.5607044 0.676252950989506
388453293.5364502 0.6758574513438911
389128023.512196 0.6754622675342945
389521615.9980477 0.6752318893327076
389926453.98349524 0.6749950407812411
390601183.95924103 0.6746005450852461
391275913.9349868 0.6742063638887384
391950643.9107326 0.6738124967741496
392625373.8864784 0.6734189433249949
393300103.8622242 0.6730257031258663
393974833.83796996 0.6726327757624289
394660809.3133115 0.6722336198836257
395335539.2890573 0.6718413221495082
396010269.2648031 0.6714493360076101
396684999.2405489 0.6710576610478485
397359729.2162947 0.6706662968611864
398034459.1920405 0.6702752430396276
398709189.1677863 0.6698844991762107
399383919.1435321 0.6694940648650058
399889966.6253415 0.6692014420316268
400396014.1071508 0.6689089929231444
401048253.08370507 0.6685323144965373
401689246.5606636 0.6681624110751182
402082839.0465153 0.66793541505948
402487677.03196275 0.6677020426185201
403162407.00770855 0.6673133343458468
403555999.49356025 0.6670867296064795
403949591.979412 0.6668602292187595
404624321.9551578 0.6664721853896742
405299051.9309036 0.6660844475974992
405973781.9066494 0.6656970154461096
406648511.8823952 0.6653098885403599
407323241.85814095 0.6649230664860774
408009217.3334825 0.6645301095073283
408683947.3092283 0.6641439010417857
409358677.2849741 0.6637579962444771
410033407.2607199 0.6633723947250957
410708137.2364657 0.6629870960942854
411382867.2122115 0.6626020999636364
412057597.1879573 0.6622174059456816
412732327.1637031 0.661833013653891
413418302.63904464 0.6614425237376476
414093032.61479044 0.6610587387550046
414767762.59053624 0.6606752543381323
415442492.56628203 0.6602920701042252
416117222.54202783 0.6599091856713925
416791952.5177736 0.659526600658656
417466682.4935194 0.6591443146859463
418118921.4700737 0.6587750554767309
418523759.45552117 0.6585460003259274
418939842.9405644 0.6583106943483806
419614572.9163102 0.6579293577994408
420289302.892056 0.6575483187103198
420964032.8678018 0.6571675767055873
421638762.8435476 0.6567871314106974
422313492.8192934 0.6564069824519818
422988222.7950392 0.6560271294566475
423674198.27038074 0.6556412485982441
424348928.24612653 0.6552619913319759
425023658.2218723 0.654883028909759
425698388.1976181 0.6545043609622756
426373118.1733639 0.6541259871210635
427047848.1491097 0.6537479070185132
427722578.1248555 0.6533701202878621
428397308.1006013 0.6529926265631933
429083283.5759429 0.6526091412719432
429758013.5516887 0.6522322373330407
430432743.52743447 0.6518556253013477
431107473.50318027 0.6514793048143006
431782203.47892606 0.6511032755101624
432456933.45467186 0.6507275370280199
433131663.43041766 0.6503520890077763
433806393.40616345 0.649976931090153
434481123.38190925 0.6496020629166814
435167098.8572508 0.6492212435996328
435841828.8329966 0.6488469586564342
436516558.8087424 0.6484729623808934
437191288.7844882 0.6480992544177695
437866018.760234 0.6477258344126156
438540748.7359798 0.647352702011777
439215478.7117256 0.6469798568623862
439901454.18706715 0.646601091736867
440576184.16281295 0.6462288248077355
441250914.13855875 0.6458568440703104
441925644.11430454 0.6454851491748561
442600374.09005034 0.6451137397724103
443275104.06579614 0.6447426155147766
443949834.04154193 0.6443717760545263
444635809.5168835 0.6439950475361242
445310539.4926293 0.6436247813635492
445985269.468375 0.6432547989448811
446659999.4441208 0.6428850999357323
447334729.4198666 0.6425156839924637
448009459.3956124 0.6421465507721841
448684189.3713582 0.6417776999327442
449358919.347104 0.6414091311327363
450033649.3228498 0.6410408440314892
450719624.79819137 0.6406667072418272
451394354.77393717 0.6402989871998138
452069084.74968296 0.6399315478333077
452743814.72542876 0.6395643888045698
453418544.70117456 0.6391975097765831
454093274.67692035 0.638830910413051
454768004.65266615 0.638464590378393
455442734.62841195 0.6380985493377428
456128710.1037535 0.6377266932762333
456803440.0794993 0.6373612138577937
457478170.0552451 0.6369960124274776
458152900.0309909 0.6366310886532587
458827630.0067367 0.6362664422038087
460177089.9582283 0.6355379799573893
460851819.9339741 0.6351741635012388
461537795.40931565 0.6348045663805142
462212525.38506144 0.6344413062011673
462887255.36080724 0.63407832136772
463561985.33655304 0.6337156115536787
464236715.31229883 0.6333531764332273
464911445.28804463 0.6329910156812265
465451229.26864123 0.6327014844068459
465991013.2492379 0.6324121283547834
466665743.2249837 0.6320506794439205
467059335.7108354 0.6318399604334831
467464173.69628286 0.6316233177997623
468138903.67202866 0.6312624649672137
468813633.64777446 0.6309018846358421
469488363.62352026 0.6305415764850223
470163093.59926605 0.6301815401947851
470837823.57501185 0.6298217754458133
471523799.0503534 0.6294562926567148
472198529.0260992 0.6290970745473112
472873259.001845 0.6287381270198351
473547988.9775908 0.6283794497575679
474222718.9533366 0.6280210424444341
474897448.9290824 0.6276629047649953
475572178.9048282 0.6273050364044495
476246908.880574 0.6269474370486292
476932884.35591555 0.6265841531475491
477607614.33166134 0.6262270953315228
478282344.30740714 0.625870305576298
478957074.28315294 0.6255137835702289
479631804.25889874 0.6251575290022919
480306534.23464453 0.6248015415620833
480981264.2103903 0.6244458209398166
481655994.1861361 0.6240903668263215
482341969.6614777 0.6237292613680376
483016699.6372235 0.6233743437759541
483691429.6129693 0.6230196917636817
484366159.5887151 0.6226653050244982
485040889.5644609 0.622311183252286
485715619.5402067 0.621957326141529
486390349.51595247 0.6216037333873119
487751054.9670398 0.6208914575487352
488425784.9427856 0.6205386604287982
489100514.9185314 0.6201861264466546
489775244.89427716 0.6198338553003655
490449974.87002295 0.6194818466885788
490877303.854662 0.6192590435532179
491990608.31464255 0.6186790761862535
492665338.29038835 0.6183279274509279
493340068.26613414 0.6179770399659061
494014798.24187994 0.6176264134329025
494689528.21762574 0.6172760475542063
495364258.19337153 0.6169259420326783
496050233.6687131 0.6165702680156727
496724963.6444589 0.6162206866462488
497399693.6202047 0.6158713647410702
498074423.5959505 0.615522302005276
498749153.5716963 0.6151734981445672
499423883.5474421 0.614824952865205
500098613.5231879 0.6144766658740095
500773343.4989337 0.6141286368783563
501459318.97427523 0.6137750715796334
502134048.950021 0.6134275619871422
502808778.9257668 0.6130803095107957
503483508.9015126 0.6127333138601865
504158238.8772584 0.612386574745452
504832968.85300416 0.6120400918772767
505507698.82874995 0.6116938649668866
506193674.3040915 0.6113421297031525
506868404.2798373 0.6109964180981068
508217864.2313289 0.6103057598711794
508892594.2070747 0.6099608126766121
509567324.1828205 0.6096161197137391
510242054.1585663 0.609271680697548
510916784.1343121 0.6089274953435537
511591514.1100579 0.6085835633677988
512952219.56114525 0.6078907367902516
513626949.53689104 0.6075475674571467
514301679.51263684 0.6072046503669909
514976409.48838264 0.6068619852384435
515651139.46412843 0.606519571790681
516325869.43987423 0.6061774097433932
517000599.41562 0.6058354988167848
517686574.8909616 0.6054881465204127
518361304.8667074 0.6051467411715026
519036034.8424532 0.6048055861023116
519710764.818199 0.6044646810350878
521060224.7696906 0.6037836197980558
521611254.249883 0.6035058065003409
521914882.73896855 0.6033527966629889
522330966.22401184 0.6031431983454356
523016941.6993534 0.6027978507829068
523691671.6750992 0.6024584151005984
524366401.650845 0.6021192275174395
525041131.6265908 0.6017802877596216
525715861.6023366 0.6014415955538287
526615501.5699976 0.6009903905555527
527042830.5546366 0.600776221994813
527717560.5303824 0.6004382625899692
528392290.5061282 0.6001005496578133
529067020.481874 0.5997630829274495
529741750.4576198 0.5994258621284654
530416480.4333656 0.5990888869909301
531102455.90870714 0.5987465471604492
531777185.88445294 0.5984100666210431
532451915.86019874 0.5980738309316942
533126645.83594453 0.5977378398243891
533801375.81169033 0.5974020930315893
534476105.7874361 0.5970665902862271
535150835.7631819 0.5967313313217072
535825565.7389277 0.5963963158719022
536511541.2142693 0.596055966193824
537186271.1900151 0.5957214410244268
537861001.1657609 0.5953871585697582
538535731.1415067 0.5950531185655628
539210461.1172525 0.5947193207480459
539738999.5982534 0.594458014780996
540031382.5877432 0.5943135262713695
540458711.5723822 0.5941024323596978
541133441.548128 0.5937693233310586
541808171.5238738 0.5934364554777812
542482901.4996196 0.5931038285382937
543157631.4753654 0.5927714422514778
543832361.4511112 0.5924392963566669
544518336.9264528 0.5921018608639003
545193066.9021986 0.5917701989685759
545867796.8779444 0.5914387766816431
546261389.363796 0.5912455575637933
546654981.8496478 0.5910524198399483
547329711.8253936 0.5907215158170864
548004441.8011394 0.5903908505844151
548679171.7768852 0.5900604238844795
549365147.2522267 0.5897247343371261
550039877.2279725 0.5893947878968774
550714607.2037183 0.5890650792153793
551389337.1794641 0.5887356080369426
552064067.1552099 0.5884063741063148
552738797.1309557 0.5880773771686774
553413527.1067015 0.5877486169696466
554099502.582043 0.5874146198621374
554774232.5577888 0.5870863363139363
555448962.5335346 0.5867582887395641
556123692.5092804 0.5864304768863666
556798422.4850262 0.5861029005021157
557473152.460772 0.5857755593350104
558147882.4365178 0.5854484531336741
558822612.4122636 0.5851215816471533
559508587.8876052 0.584789502659556
560183317.863351 0.5844631037529494
560858047.8390968 0.5841369388066717
561532777.8148426 0.5838110075714587
562061316.2958434 0.5835558578499547
562589854.7768443 0.5833008512640214
563264584.7525901 0.5829755187491777
563939314.7283359 0.58265041905975
567324210.1066606 0.5810230073233608
567998940.0824064 0.5806993032598142
568673670.0581522 0.5803758302946479
569348400.033898 0.5800525881833615
569775729.018537 0.5798479874714654
570214303.5027717 0.5796380986488412
570889033.4785175 0.5793153827395703
571575008.9538591 0.5789875240676657
572193511.4316261 0.5786921174315212
572823259.4089888 0.5783915379727818
573216851.8948406 0.5782037772830652
573610444.3806922 0.5780160945911449
574285174.356438 0.5776945341597788
574959904.3321838 0.5773732025644039
575645879.8075254 0.5770467497829094
576320609.7832712 0.5767258789414468
576995339.759017 0.5764052362108143
577670069.7347628 0.576084821351415
578344799.7105086 0.5757646341240411
579019529.6862544 0.5754446742898741
579694259.6620002 0.5751249416104843
581054965.1130875 0.5744808373653116
581729695.0888333 0.5741617884955571
582404425.0645791 0.5738429658267721
583079155.0403249 0.5735243691224573
583753885.0160707 0.5732059981464948
584428614.9918165 0.5728878526631469
585103344.9675623 0.5725699324370561
585789320.4429039 0.5722469442182812
586464050.4186497 0.5719294775466197
587138780.3943955 0.5716122354245086
587813510.3701413 0.571295217618104
588488240.3458871 0.5709784238939373
589162970.3216329 0.5706618540189129
589837700.2973787 0.5703455077603078
590512430.2731245 0.5700293848857702
591198405.748466 0.5697082220572196
591873135.7242118 0.5693925489686245
592547865.6999576 0.5690770985654099
593222595.6757034 0.5687618706167067
593897325.6514492 0.568446864892011
594290918.1373008 0.5682632140853541
594403373.1332586 0.5682107562945391
594796965.6191102 0.5680272025431581
595471695.594856 0.5677127144467984
596146425.5706018 0.5673984478087375
596832401.0459434 0.5670791701829068
597507131.0216892 0.5667653494564389
598181860.997435 0.5664517494987743
598856590.9731808 0.5661383700820739
599531320.9489266 0.5658252109788575
600206050.9246724 0.5655122719620017
600880780.9004182 0.5651995528047407
601555510.876164 0.5648870532806636
602241486.3515055 0.5645695703526792
602916216.3272513 0.5642575130682705
603590946.3029971 0.5639456747361857
604265676.2787429 0.5636340551314344
604940406.2544887 0.5633226540293758
605615136.2302345 0.5630114712057201
606289866.2059803 0.5627005064365267
606964596.1817261 0.5623897594982029
607639326.1574719 0.5620792301675042
608325301.6328135 0.5617637481962291
609000031.6085593 0.5614536570299167
609674761.584305 0.5611437827998693
610349491.5600508 0.5608341252842289
611024221.5357966 0.5605246842614805
611698951.5115424 0.5602154595104504
612373681.4872882 0.5599064508103071
613059656.9626298 0.5595925132200388
613734386.9383756 0.5592839395521745
614409116.9141214 0.5589755812710799
615083846.8898672 0.5586674381572848
615758576.865613 0.5583595099916558
616433306.8413588 0.558051796555397
617108036.8171046 0.5577442976300462
617794012.2924461 0.5574318934012288
618468742.2681919 0.5571248264097197
619143472.2439377 0.5568179732721154
619818202.2196835 0.5565113337712928
620492932.1954293 0.5562049076904596
621167662.1711751 0.5558986948131531
621842392.1469209 0.555592694923241
622517122.1226667 0.5552869078049192
623203097.5980083 0.5549762421329377
623877827.5737541 0.5546708834488887
624552557.5494999 0.5543657368874031
625227287.5252457 0.5540608022339883
625902017.5009915 0.5537560792744758
626576747.4767373 0.553451567795022
627251477.452483 0.553147267582105
627869979.93025 0.5528685111299557
628488482.4080169 0.5525899318572518
628983284.3902305 0.552367195898239
629376876.8760823 0.5521901004120393
629826696.8599128 0.5519877932281476
630119079.8494027 0.5518563436703539
630546408.8340416 0.5516642960653888
631221138.8097874 0.5513612344975373
631895868.7855332 0.5510583827351815
632570598.761279 0.5507557405673182
633245328.7370248 0.5504533077832605
633931304.2123663 0.5501460488834263
635280764.1638579 0.5495422353009578
636630224.1153495 0.5489392558816535
637304954.0910953 0.5486380784605982
637979684.0668411 0.5483371089538482
638654414.0425869 0.5480363471532224
639340389.5179285 0.5477307853692639
640015119.4936743 0.5474304418106651
640689849.4694201 0.5471303053320455
641364579.4451659 0.5468303757264615
642039309.4209117 0.5465306527872748
642714039.3966575 0.5462311363081523
643388769.3724033 0.5459318260830671
644063499.3481491 0.5456327219062949
644749474.8234906 0.5453288436762956
645424204.7992364 0.5450301544057513
646098934.7749822 0.5447316705647547
646773664.750728 0.5444333919487967
647392167.228495 0.5441601499942494
648010669.706262 0.5438870801570734
648685399.6820078 0.5435893819040813
649371375.1573493 0.5432869315957354
650046105.1330951 0.5429896454296965
650720835.108841 0.5426925632983114
651395565.0845867 0.5423956849991138
652070295.0603325 0.5420990103299341
652745025.0360783 0.5418025390888972
653419755.0118241 0.5415062710744218
654094484.9875699 0.5412102060852213
654780460.4629115 0.5409094146014484
655455190.4386573 0.5406137584354676
656129920.4144031 0.5403183046893175
656804650.3901489 0.5400230531628829
657479380.3658947 0.5397280036563398
658154110.3416405 0.5394331559701531
658828840.3173863 0.5391385099050763
659503570.2931321 0.5388440652621523
660178300.2688779 0.5385498218427104
660864275.7442194 0.538250880443796
661539005.7199652 0.5379570422218947
662213735.695711 0.5376634046258895
662888465.6714568 0.5373699674582582
663563195.6472026 0.5370767305217627
664237925.6229484 0.5367836936194502
664912655.5986942 0.5364908565546489
665587385.57444 0.5361982191309705
665992223.5598874 0.5360227324229102
666104678.555845 0.5359739988517334
666498271.0416968 0.5358034749424125
667173001.0174426 0.5355113059039447
667847730.9931884 0.5352193358507463
668522460.9689342 0.5349275645876503
669208436.4442757 0.5346311340567363
669883166.4200215 0.5343397630944852
671232626.3715131 0.5337576155850308
671907356.3472589 0.5334668386500016
672582086.3230047 0.5331762593366806
673256816.2987505 0.5328858774518436
673931546.2744963 0.5325956928025419
674617521.7498379 0.5323008737376211
675292251.7255837 0.5320110862608501
675966981.7013295 0.5317214954392082
676641711.6770753 0.5314321010808435
677395160.1499914 0.5311091759935218
678497219.1103762 0.5306372780460016
679171949.086122 0.530348618720868
680521409.0376135 0.5297718865473308
681196139.0133593 0.5294838133185966
681882114.4887009 0.5291911387556071
682556844.4644467 0.5289034585535386
683231574.4401925 0.5286159729551738
683906304.4159383 0.5283286817715532
684581034.391684 0.5280415848139813
685255764.3674299 0.5277546818940284
685930494.3431756 0.5274679728235276
686605224.3189214 0.5271814574145769
687291199.794263 0.5268903650853713
687965929.7700088 0.5266042396567185
688426995.2534351 0.5264088316823458
688899306.2364572 0.5262087510882686
689574036.212203 0.525923085564501
690248766.1879488 0.5256376126921359
690923496.1636946 0.5253523322849429
691598226.1394404 0.5250672441569514
692284201.614782 0.5247776014816096
692958931.5905278 0.5244929005520395
693633661.5662736 0.5242083913422235
694308391.5420194 0.5239240736672263
694983121.5177652 0.5236399473423691
695657851.493511 0.5233560121832289
696343826.9688525 0.5230675405530023
697018556.9445983 0.5227839903514528
697693286.9203441 0.522500630760823
698368016.8960899 0.5222174615977129
699042746.8718357 0.5219344826789749
699717476.8475815 0.521651693821715
700392206.8233273 0.5213690948432903
701066936.7990731 0.52108668556131
701752912.2744147 0.5207997637354111
702427642.2501603 0.5205177364541519
703102372.2259061 0.5202358983206439
703777102.2016519 0.5199542491535012
705126562.1531435 0.5193915169940142
705801292.1288893 0.5191104336401412
706329830.6098902 0.5188903831714196
707330680.0739132 0.5184740080083451
708005410.049659 0.5181935389160525
708680140.0254048 0.5179132574795003
709354870.0011506 0.517633163519346
713414495.3552212 0.515951878780981
714089225.330967 0.5156730952567734
714763955.3067127 0.5153944977800267
715438685.2824585 0.5151160861735846
716124660.7578001 0.5148332247342102
716799390.7335459 0.5145551874283207
717192983.2193975 0.5143930846010037
717384156.7125255 0.5143143716868667
717856467.6955476 0.5141199682131851
718531197.6712934 0.513842406252305
719205927.6470392 0.51356502917701
719880657.622785 0.5132878368117157
720555387.5985308 0.5130108289810751
721230117.5742766 0.5127340055099776
721904847.5500224 0.5124573662235483
722590823.0253639 0.5121763049171885
723265553.0011097 0.5119000365388641
723940282.9768555 0.5116239518190933
724615012.9526013 0.5113480505839446
725289742.9283471 0.5110723326597197
725964472.9040929 0.510796797872953
726470520.3859023 0.5105902668626157
726819130.8733709 0.5104480497762773
727336423.854776 0.5102371078641049
728011153.8305218 0.509962127535553
728685883.8062676 0.5096873296471719
729360613.7820134 0.5094127140266614
730035343.7577592 0.5091382805019532
730710073.733505 0.5088640289012067
731396049.2088466 0.5085853927608759
732070779.1845924 0.5083115075183513
732745509.1603382 0.5080378036827934
746836120.1538295 0.5023631105161764
761612706.6226624 0.49649538972085905
762287436.5984082 0.4962294640342859
762838466.0786006 0.4960124204490125
763007148.5725371 0.495946001717576
763400741.0583888 0.49579106691564834
764075471.0341346 0.4955256018956911
764750201.0098804 0.49526031041849033
765424930.9856262 0.4949951923234359
766099660.961372 0.49473024745012434
766785636.4367136 0.4944610642401351
767460366.4124594 0.4941964682102663
768135096.3882052 0.4939320449195106
768809826.363951 0.4936677942082934
769203418.8498026 0.4935137275948889
769597011.3356544 0.49335971962063113
770282986.8109959 0.4930914457880119
770957716.7867417 0.4928277433948324
771632446.7624875 0.49256421291586194
772307176.7382333 0.49230085419258623
772981906.7139791 0.4920376670666954
773656636.6897249 0.49177465138008175
774331366.6654707 0.4915118069748404
775006096.6412165 0.49124913369326934
775692072.1165581 0.49098225778684423
776366802.0923039 0.49071992912579504
777041532.0680497 0.4904577711139012
777716262.0437955 0.49019578359426846
778390992.0195413 0.4899339664102036
779065721.995287 0.4896723194052126
779740451.9710327 0.48941084242300126
780415181.9467785 0.48914953530747474
781101157.4221201 0.4888840470495989
781775887.3978659 0.488623082024553
782450617.3736117 0.48836228639650936
783125347.3493575 0.4881016600101691
783800077.3251033 0.48784120271043185
784474807.3008491 0.4875809143423934
785149537.2765949 0.4873207947513461
785824267.2523407 0.48706084378277975
786510242.7276822 0.4867967330004603
787184972.703428 0.4865371216180344
787859702.6791738 0.4862776783931666
788534432.6549196 0.4860184031721302
789209162.6306654 0.48575929580139393
789883892.6064112 0.48550035612762
790558622.582157 0.48524158399766437
791233352.5579028 0.48498297925857686
791919328.0332444 0.4847202358819265
792594058.0089902 0.4844619682499633
793268787.984736 0.4842038675486358
793943517.9604818 0.4839459336257675
794618247.9362276 0.4836881663293723
795292977.9119734 0.4834305655076558
795967707.8877192 0.4831731310090157
796653683.3630607 0.4829115762835709
797328413.3388065 0.48265447674276185
798003143.3145523 0.48239754306884586
798677873.2902981 0.48214077511098297
799352603.2660439 0.4818841727185229
800027333.2417897 0.4816277357410038
800702063.2175355 0.4813714640281527
801376793.1932813 0.4811153574298843
802737498.6443686 0.48059937742621656
803412228.6201144 0.48034376801622297
804086958.5958602 0.48008832311986094
804761688.571606 0.4798330425879839
805436418.5473518 0.4795779262716321
806111148.5230976 0.47932297402203194
806504741.0089494 0.47917432758427264
806909578.9943968 0.47902149226534674
807584308.9701426 0.47876689771204206
808259038.9458884 0.47851246675312514
808933768.9216342 0.4782581992405961
809608498.89738 0.4780040950266387
810283228.8731258 0.47775015396362025
810957958.8488716 0.4774963759040925
811632688.8246174 0.4772427607007892
812318664.299959 0.476985085376063
813668124.2514505 0.4764786733415563
814342854.2271963 0.4762257107973883
815692314.1786879 0.47572027192346306
816367044.1544337 0.47546779530154465
817053019.6297753 0.47521127648183337
817727749.6055211 0.4749591257697772
818402479.5812669 0.47470713644644336
819077209.5570127 0.47445530836656546
819751939.5327585 0.47420364138505594
820426669.5085043 0.47395213535700587
821112644.9838458 0.47369660241228106
821787374.9595916 0.4734454205336518
822462104.9353374 0.4731943991724227
823136834.9110832 0.4729435381844004
823811564.886829 0.4726928374255694
824486294.8625748 0.4724422967520915
825161024.8383206 0.47219191602030447
825835754.8140664 0.4719416950867232
826521730.289408 0.4716874674718766
827196460.2651538 0.47143756836227246
827871190.2408996 0.4711878286190924
828545920.2166454 0.47093824809955653
829220650.1923912 0.47068882666106027
829895380.168137 0.4704395641611731
830570110.1438828 0.47019046045763896
831256085.6192243 0.4699373676675674
831930815.5949701 0.469688583771339
832605545.5707159 0.46943995824337714
833280275.5464617 0.4691914909421241
833955005.5222075 0.46894318172619265
834629735.4979533 0.4686950304543697
835304465.4736991 0.46844703698561346
835979195.4494449 0.4681992011790544
836653925.4251907 0.4679515228939944
837328655.4009365 0.46770400198990675
837992139.8770865 0.4674607597664203
838385732.3629382 0.4673165353279195
838779324.8487899 0.4671723643201956
839454054.8245357 0.4669253382495697
840128784.8002815 0.46667846897855414
840814760.2756231 0.466427645817112
841489490.2513689 0.46618109233403293
842164220.2271147 0.4659346952298036
842838950.2028605 0.4656884543652862
843513680.1786063 0.4654423696015096
844188410.1543521 0.4651964407996725
844863140.1300979 0.46495066782114075
845549115.6054394 0.46470095822409524
846223845.5811852 0.4644554990682148
846898575.556931 0.4642101953184426
847573305.5326768 0.4639650468368171
848248035.5084226 0.4637200534855428
848922765.4841684 0.46347521512699086
849597495.4599142 0.46323053162369876
850283470.9352558 0.46298192866863697
850958200.9110016 0.46273755703932434
851632930.8867474 0.4624933398515949
852307660.8624932 0.46224927696864965
852982390.838239 0.4620053682538546
853657120.8139846 0.46176161357074014
854331850.7897304 0.4615180127830004
855006580.7654762 0.46127456575449366
855681310.741222 0.4610312723492413
856367286.2165636 0.46078408139907184
857042016.1923094 0.46054109738776117
857716746.1680552 0.4602982665904914
858391476.143801 0.46005558887193865
859066206.1195468 0.45981306409694034
859740936.0952926 0.4595706921304964
860415666.0710384 0.4593284728377683
861101641.5463799 0.45908237292976173
861776371.5221257 0.4588404611195308
862451101.4978715 0.4585987015772282
863125831.4736173 0.45835709416866216
864475291.4251089 0.457874335216771
865150021.4008547 0.4576331834058616
865824751.3766005 0.45739218319351926
869209646.7549253 0.45618544865478977
869884376.730671 0.4559453577503565
870289214.7161186 0.4558013755358144
870424160.7112677 0.4557533935126339
870851489.6959068 0.45560149016532203
871526219.6716526 0.4553617656506773
872200949.6473984 0.4551221914803488
872875679.6231441 0.4548827675224335
873561655.0984857 0.45463950701799904
874236385.0742315 0.45440038558786683
874911115.0499773 0.4541614139731892
875585845.0257231 0.45392259204269125
876260575.0014689 0.4536839196652525
876935304.9772147 0.45344539670990797
877610034.9529605 0.45320702304584776
878284764.9287062 0.45296879854241645
878959494.904452 0.45273072306911316
879645470.3797935 0.4524888323134692
880320200.3555393 0.4522510569879261
880994930.3312851 0.4520134302997661
881669660.3070309 0.4517759521191054
882344390.2827767 0.4515386223162138
883019120.2585225 0.4513014407615144
883693850.2342683 0.4510644073255819
884379825.7096099 0.45082357504143483
885054555.6853557 0.4505868399186184
885729285.6611015 0.4503502525250602
886404015.6368473 0.4501138127319462
887078745.612593 0.4498775204106133
887753475.5883389 0.4496413754325501
888428205.5640846 0.4494053776693958
889102935.5398304 0.44916952699294044
889788911.015172 0.4489298961241648
890463640.9909178 0.4486943416831743
891138370.9666636 0.448458933943026
891813100.9424094 0.4482236727761124
892487830.9181552 0.44798855805497534
893162560.893901 0.44775358965230627
893837290.8696468 0.4475187674409452
894512020.8453926 0.44728409129388136
895186750.8211384 0.4470495610842517
895872726.29648 0.44681127151331296
896547456.2722257 0.44657703522555464
897222186.2479715 0.4463429444934252
897896916.2237173 0.4461089991906558
898571646.1994631 0.4458751991911254
899246376.1752089 0.44564154436885944
899921106.1509547 0.44540803459803047
900595836.1267005 0.44517466975295705
901281811.6020421 0.4449375639334229
901956541.5777879 0.44470449097358905
902631271.5535337 0.4444715625612585
903306001.5292795 0.4442387785713372
903980731.5050253 0.4440061388788754
904655461.4807711 0.443773643359069
905341436.9561126 0.4435374205824261
906016166.9318584 0.4433052154317682
906690896.9076042 0.4430731540781505
907365626.88335 0.44284123639734946
908040356.8590958 0.44260946226528547
908715086.8348416 0.4423778315580232
909401062.3101832 0.44214248724170635
910075792.285929 0.4419111453980565
910750522.2616748 0.4416799466062048
911425252.2374206 0.44144889074279026
912099982.2131664 0.4412179776845955
912774712.1889122 0.4409872073085446
913449442.164658 0.44075657949170477
914124172.1404037 0.4405260941112845
914810147.6157453 0.44029191319853955
915484877.5914911 0.4400617146919689
916159607.5672369 0.4398316582522552
916834337.5429827 0.4396017437571753
917509067.5187285 0.4393719710846468
918183797.4944743 0.43914234011272746
918858527.4702201 0.4389128507196161
919544502.9455616 0.4386796815158162
920219232.9213074 0.4384504772700414
920893962.8970532 0.43822141423648886
921568692.872799 0.43799249229391773
922243422.8485448 0.4377637113212284
922918152.8242906 0.43753507119745905
923592882.8000364 0.43730657180178706
923997720.7854838 0.43716953966366034
924132666.780633 0.4371238735283754
924548750.2656763 0.4369831049884721
925223480.241422 0.43675494518773156
925898210.2171679 0.43652692570332297
926584185.6925094 0.4362952496139844
927258915.6682552 0.4360675127353252
927933645.644001 0.43583991581077713
928608375.6197468 0.4356124587205425
929283105.5954926 0.4353851413449617
929957835.5712384 0.4351579635645112
930632565.5469842 0.4349309252598039
931307295.52273 0.4347040263115899
931982025.4984758 0.4344772666007547
932668000.9738173 0.4342468701764115
933342730.9495631 0.43402039089918887
934017460.925309 0.4337940505008402
934692190.9010547 0.4335678488627963
935366920.8768005 0.43334178586662325
936041650.8525463 0.43311586139402164
936716380.8282921 0.4328900753268268
937391110.8040379 0.432664427547009
938077086.2793795 0.4324351606130986
938751816.2551253 0.4322097913543464
939426546.2308711 0.43198456002772695
940101276.2066169 0.431759466515748
940776006.1823627 0.43153451070105103
941450736.1581085 0.43130969246641127
942125466.1338543 0.43108501169473634
942811441.6091958 0.4308567270415998
943486171.5849416 0.43063232313127375
944160901.5606874 0.4304080563314889
944835631.5364332 0.4301839265256857
945510361.512179 0.42995993359743623
946185091.4879248 0.4297360774304447
946859821.4636706 0.42951235790854697
947534551.4394164 0.42928877491571005
948220526.914758 0.4290616053814346
948895256.8905038 0.42883829736978896
949569986.8662496 0.4286151255379666
950244716.8419954 0.42839208977046017
950919446.8177412 0.4281691899518932
951594176.793487 0.4279464259670196
952268906.7692327 0.42772379770072283
952954882.2445743 0.4274975979751811
953629612.2203201 0.427275243058382
954304342.1960659 0.42705302351367835
954979072.1718117 0.42683093922647414
955653802.1475575 0.4266089900823026
956328532.1233033 0.42638717596682507
957003262.0990491 0.4261654967658327
957689237.5743906 0.42594026109997773
958363967.5501364 0.4257188536296499
959038697.5258822 0.42549758073005284
959713427.5016279 0.42527644228749134
960388157.4773737 0.42505543818839886
961737617.4288653 0.424613832566989
962412347.4046111 0.42439323081817437
963098322.8799527 0.42416908962923416
963773052.8556985 0.4239487577771046
964447782.8314443 0.423728559587833
965122512.8071901 0.42350849494874254
965797242.7829359 0.423288563747283
966471972.7586817 0.4230687658710298
967146702.7344275 0.42284910120768365
967821432.7101732 0.422629569645072
968496162.685919 0.42241017107114665
969182138.1612606 0.4221872520708238
969856868.1370064 0.421968121350431
970531598.1127522 0.4217491232814715
971206328.088498 0.4215302577523987
971881058.0642438 0.42131152465179117
972555788.0399896 0.4210929238683515
973230518.0157354 0.4208744552909058
973916493.491077 0.4206524809855359
974591223.4668227 0.42043427868584893
975265953.4425685 0.4202162082575328
975940683.4183143 0.4199982695899106
976615413.3940601 0.41978046257242896
977290143.3698059 0.41956278709465655
977964873.3455517 0.41934524304628545
978639603.3212975 0.4191278303171303
979033195.8071493 0.4190010668252931
979438033.7925967 0.41887072807566145
980112763.7683425 0.4186536016778105
980506356.2541943 0.4185270051017727
980899948.7400459 0.41840045306989077
981585924.2153875 0.418179997361921
982260654.1911333 0.41796328750195444
982935384.166879 0.41774670826255234
983610114.1426249 0.4175302595344266
984284844.1183707 0.41731394120841037
984959574.0941164 0.41709775317545766
985634304.0698622 0.41688169532664315
986309034.045608 0.4166657675531619
986995009.5209496 0.4164463742167038
987669739.4966954 0.41623070843133847
988344469.4724412 0.4160151723938072
989019199.448187 0.41579976599578766
989693929.4239328 0.41558448912907675
990368659.3996786 0.4153693416855917
991043389.3754244 0.415154323557368
991718119.3511702 0.41493943463656086
992404094.8265117 0.41472109657824063
993078824.8022575 0.4145064678981649
993753554.7780033 0.4142919681008934
994428284.7537491 0.41407759707905833
995103014.7294949 0.41386335472540947
995777744.7052407 0.4136492409328151
996452474.6809865 0.4134352555942612
997127204.6567323 0.41322139860285123
997801934.6324781 0.41300766985180704
998487910.1078197 0.41279051030914815
999162640.0835655 0.41257703985185223
999837370.0593113 0.4123636973135163
1000512100.0350571 0.4121504825878324
1001186830.0108029 0.41193739556860887
1001861559.9865487 0.41172443614977056
1002536289.9622945 0.41151160422535904
1003211019.9380403 0.41129889968953137
1003885749.913786 0.4110863224365614
1004571725.3891276 0.41087033260311584
1005246455.3648734 0.4106580117161142
1005921185.3406192 0.41044581779372974
1007270645.2921108 0.41002181042187824
1007945375.2678566 0.4098099967622323
1008620105.2436024 0.40959830964684485
1009306080.718944 0.40938322403027483
1009834619.1999449 0.40921759139622293
1010363157.6809458 0.40905203623124603
1011037887.6566914 0.4088408017063098
1011712617.6324372 0.40862969324622633
1012387347.608183 0.40841871074671665
1013062077.5839288 0.40820785410361493
1013736807.5596746 0.40799712321286985
1014411537.5354204 0.407786517970543
1015086267.5111662 0.4075760382728091
1015772242.9865078 0.40736217917384815
1016446972.9622536 0.4071519523423548
1017121702.9379994 0.406941850742933
1017796432.9137452 0.40673187427221136
1018471162.889491 0.40652202282693
1019145892.8652368 0.40631229630394206
1019820622.8409826 0.40610269460021253
1020495352.8167284 0.40589321761281816
1021170082.7924742 0.40568386523894745
1021856058.2678157 0.40547115129914924
1022530788.2435615 0.40526204991694115
1023205518.2193073 0.405053072838785
1023880248.1950531 0.40484421996231723
1024554978.1707989 0.4046354911852848
1025229708.1465447 0.4044268864055455
1025904438.1222905 0.40421840552106814
1026579168.0980363 0.4040100484299318
1027265143.5733778 0.4037983455210285
1027939873.5491236 0.4035902377702223
