1.0 0.9999999987520978
3047531.390451843 0.9893599203230633
8861454.681461448 0.9745438632240798
15619999.938515166 0.9605411898639972
17655435.365348317 0.9566684639172973
19679625.2925857 0.9529292232307166
25763440.573893625 0.9422226885174856
26438170.54963942 0.9410762312993753
35232151.23352629 0.9267085319220663
35906881.20927209 0.9256441939822007
38572064.61346798 0.9214852269949316
45038226.88103185 0.9116642354720554
45712956.856777646 0.9106593157915036
48423122.25935659 0.906657405451563
50267384.19306176 0.9039643433988152
50942114.16880756 0.9029849361559745
52966304.09604494 0.9000648919939735
57025929.45011548 0.8942867781640056
59724849.35309866 0.8904996966793259
61760284.77993181 0.887670696436683
62435014.75567761 0.8867378774212658
63109744.73142341 0.8858074840266237
63784474.7071692 0.8848794877617419
64459204.682914995 0.8839538608823774
65819910.13400235 0.8820942778724511
67169370.08549394 0.8802592624656264
67844100.06123973 0.8793451277677136
68237692.54709145 0.878812907735875
68631285.03294316 0.8782814373723724
70666720.45977631 0.875544767580799
72690910.3870137 0.8728423840050477
73365640.3627595 0.871945739729254
74726345.81384686 0.8701436989464341
75401075.78959265 0.8692531570687817
76075805.76533844 0.8683646007242104
76750535.74108423 0.8674780119838129
79348246.14770555 0.8640827007404098
80450305.10809036 0.8626507650282442
81125035.08383614 0.861776523270963
84498684.96256512 0.8574326914187052
85848144.91405672 0.8557076663470553
86534120.38939828 0.8548334622703185
87883580.34088986 0.8531189297632542
89907770.26812725 0.8505599020589827
90582500.24387304 0.8497102495125107
94360988.1080495 0.8449825241475606
96396423.53488265 0.8424566154477497
97745883.48637424 0.8407898504405109
98420613.46212004 0.8399587912785407
99095343.43786584 0.8391292680929731
100444803.38935742 0.8374747918170122
101805508.84044477 0.8358126355213407
102480238.81619057 0.8349906774765122
103154968.79193637 0.8341702004618811
103829698.76768216 0.8333511958299652
105179158.71917376 0.8317175697697402
105696451.70057887 0.8310928848896967
106224990.18157974 0.8304554946507113
110059705.54373501 0.8258571519840471
110262124.53645875 0.8256156846536759
110689453.52109775 0.825106330463709
111442901.99401389 0.8242096097218564
111948949.47582324 0.8236082983367939
112623679.45156904 0.8228077485132399
114659114.87840217 0.8204009886858057
117358034.78138536 0.8172285175830852
118032764.75713116 0.8164387070267813
118707494.73287696 0.8156502065071249
119393470.20821851 0.814849900804982
120742930.15971011 0.8132794368372606
121417660.13545589 0.8124961357826106
122092390.11120169 0.8117141140207343
124802555.51378064 0.8085857641118588
126152015.46527223 0.8070356256154028
126826745.44101803 0.8062624181002914
130211640.81934276 0.8024020078106544
130886370.79508856 0.8016361443908798
131561100.77083436 0.8008714834553539
132235830.74658015 0.8001080199856264
132910560.72232595 0.7993457490179647
134260020.67381755 0.7978247650016471
136295456.1006507 0.7955395152107858
138319646.0278881 0.7932773943730403
138994376.00363386 0.7925256602489992
140355081.4547212 0.7910131432218447
141029811.430467 0.7902648515770354
141704541.4062128 0.7895176923259308
143054001.3577044 0.788026753889628
144403461.309196 0.7865402940999616
147001171.7158173 0.7836913461914522
147563446.6956055 0.7830768370528606
148238176.67135128 0.7823404273984835
148912906.64709705 0.7816051063942372
149598882.1224386 0.7808586420655237
150948342.0739302 0.7793934445335711
151623072.049676 0.7786624576122454
154321991.9526592 0.7757491688246408
155007967.42800075 0.7750114074165378
156357427.37949234 0.7735632415287093
158381617.30672973 0.7713988162091607
159056347.28247553 0.7706794135391835
160417052.7335629 0.7692317493859746
161766512.68505448 0.7678001616917828
163115972.63654605 0.7663726427863722
164352977.59208003 0.7650676359458091
164645360.58156985 0.7647596740058882
165072689.56620887 0.7643099146681093
165747419.54195467 0.7636005859114678
166141012.02780637 0.7631872720493897
166534604.51365808 0.7627742972876155
167209334.48940387 0.7620671277112575
168311393.4497887 0.7609142152957464
168738722.43442768 0.7604678765679438
169188542.41825822 0.7599984730461642
169638362.40208876 0.7595295063084222
170313092.37783456 0.7588268732353184
170987822.35358033 0.7581252179632956
173697987.75615928 0.7553166948570015
174372717.73190507 0.7546199008288114
175047447.70765087 0.7539240671879466
176396907.65914246 0.7525352698074282
177071637.63488826 0.7518423004880131
177757613.11022982 0.7511387547541055
178274906.09163493 0.7506088592227084
178803444.5726358 0.7500680175150827
179478174.5483816 0.7493784212755403
180152904.5241274 0.7486897645769723
180827634.4998732 0.7480020447467755
181502364.475619 0.747315259130819
182863069.92670634 0.7459330724536585
183537799.90245214 0.7452490891543342
184212529.87819794 0.7445660295899993
185561989.82968953 0.7432026714239796
186236719.80543533 0.7425223677437822
186911449.78118113 0.741842977641136
187597425.2565227 0.7411531983395164
188272155.23226848 0.7404756430380879
188946885.20801425 0.739798993829456
190442536.65425077 0.7383023061830676
194502162.00832132 0.7342620425601694
195176891.9840671 0.7335936459142398
195851621.9598129 0.7329261310218721
196526351.9355587 0.7322594955870053
197201081.9113045 0.731593737327566
197875811.8870503 0.7309288539753105
198561787.36239186 0.7302537838112023
199236517.33813766 0.7295906580110832
199911247.31388345 0.7289284003578467
200585977.28962925 0.7282670086372643
201935437.24112082 0.7269468142023858
202610167.2168666 0.7262880071244441
203284897.1926124 0.7256300572515847
204645602.64369977 0.7243057903814265
205320332.61944556 0.7236504134335784
205995062.59519136 0.7229958851284184
206669792.57093716 0.7223422033646242
207063385.05678886 0.7219612791085208
207468223.04223636 0.7215697706475825
208142953.01798216 0.7209179299206742
208817682.99372795 0.7202669291242857
209492412.96947375 0.7196167662058839
210167142.94521955 0.7189674391242843
210841872.9209653 0.7183189458495332
211527848.39630687 0.7176604970403224
212202578.37205267 0.7170136791464754
212877308.34779847 0.7163676890026617
213552038.32354426 0.7157225246228891
214226768.29929006 0.7150781840318317
214901498.27503586 0.714434665264722
215576228.25078166 0.7137919663672461
216250958.22652745 0.713150085395437
216925688.20227325 0.7125090204155731
217611663.6776148 0.7118581055416063
218286393.6533606 0.7112186803046967
218961123.6291064 0.7105800652873817
219635853.6048522 0.709942258596078
220310583.580598 0.7093052583469515
220985313.5563438 0.7086690626658207
221660043.5320896 0.7080336696880651
222346019.00743115 0.7073885077974789
223020748.98317695 0.7067547279715148
223695478.95892274 0.7061217452809789
224370208.93466854 0.7054895578987339
225044938.9104143 0.7048581640067522
225719668.8861601 0.704227561796031
226394398.8619059 0.7035977494665058
227080374.33724746 0.7029582481563525
228429834.28873906 0.7017025829768455
229104564.26448485 0.7010759253785757
229779294.24023065 0.7004500487631694
230454024.21597645 0.6998249513826169
231128754.19172224 0.6992006314972824
231814729.6670638 0.6985667015364228
232354513.64766043 0.698068433942233
232646896.6371503 0.6977987455176858
232883052.1286613 0.6975810260725304
233231662.61612996 0.6972598033654278
233760201.09713084 0.6967731804884953
234434931.07287663 0.6961526454567544
235109661.04862243 0.6955328778228165
235784391.02436823 0.6949138759028032
237133850.97585982 0.6936781625079551
237819826.45120138 0.6930511755594827
238494556.42694718 0.6924352324482785
239169286.40269297 0.6918200467198508
239844016.37843877 0.691205616736218
240518746.35418457 0.6905919408667972
241193476.32993037 0.6899790174883377
241744505.81012276 0.6894790204721888
242306780.7899109 0.6889693347519582
242981510.7656567 0.688358397678414
243656240.7414025 0.6877482072322053
244330970.7171483 0.6871387618233685
245005700.6928941 0.6865300598689288
246355160.6443857 0.6853148800259279
247715866.09547305 0.6840925656832891
248390596.07121885 0.6834875697443449
249065326.04696465 0.6828833078798144
249740056.02271044 0.6822797785541469
250414785.99845624 0.6816769802383285
251764245.94994783 0.6804735705525549
252450221.4252894 0.679862952063029
253124951.4010352 0.6792630746953126
253799681.376781 0.6786639207637054
254474411.35252678 0.6780654887774291
256498601.27976415 0.6762745096751731
257173331.25550994 0.6756789506852594
257859306.7308515 0.6750741982508497
258534036.7065973 0.674480078845961
259197521.18274733 0.6738965554024829
260546981.13423893 0.6727118454821462
261221711.10998473 0.6721205522917022
261896441.08573052 0.6715299650452747
262582416.56107208 0.6709302569052351
263257146.53681788 0.6703410889997685
263931876.51256368 0.6697526227724754
264606606.48830947 0.6691648568204501
265281336.46405527 0.6685777897462877
265956066.43980107 0.6679914201580414
266630796.41554686 0.6674057466691834
267316771.89088842 0.6668110241303504
267991501.86663422 0.6662267502462376
269340961.8181258 0.6650602769601954
270015691.7938716 0.6644780748331557
270690421.7696174 0.6638965605753604
271365151.7453632 0.6633157328371938
272039881.721109 0.6627355902741473
272725857.19645053 0.6621464796873292
274075317.1479421 0.6609896311124196
277280284.53273463 0.6582529948776098
277673877.0185864 0.6579179673860243
278067469.5044381 0.657583168848396
278742199.4801839 0.6570097604265859
279416929.4559297 0.6564370228030941
280091659.4316755 0.6558649546916391
280766389.4074213 0.6552935548105994
281441119.3831671 0.6547228218829838
282127094.85850865 0.6541432591481929
282801824.83425444 0.653573867377649
283476554.81000024 0.6530051387360001
284151284.785746 0.6524370719645336
284826014.7614918 0.6518696658090112
285500744.7372376 0.6513029190196373
286175474.71298337 0.6507368303510316
286850204.68872917 0.650171398562197
287536180.1640707 0.6495972150284602
288210910.1398165 0.6490331041900007
288885640.1155623 0.6484696465139076
289560370.0913081 0.6479068407765043
290235100.0670539 0.6473446857583542
290909830.0427997 0.6467831802442354
291584560.0185455 0.6462223230231107
292270535.49388707 0.6456527815279195
292945265.46963286 0.6450932280308359
293530031.4486126 0.6446088031718629
293946114.9336558 0.6442644106694075
294632090.40899736 0.6436971620847143
295306820.38474315 0.6431398596973217
295981550.36048895 0.6425831978116546
296656280.33623475 0.6420271752472884
297331010.31198055 0.6414717908277614
298005740.28772634 0.6409170433805501
298680470.26347214 0.6403629317370435
299355200.23921794 0.6398094547325195
300029930.21496373 0.6392566112061209
300715905.6903053 0.6386952018313338
301390635.6660511 0.6381436323036672
302065365.6417969 0.6375926927753759
302740095.6175427 0.6370423821008846
303414825.5932885 0.6364926991383646
304089555.5690343 0.63594364274971
304764285.5447801 0.6353952118005161
305439015.5205259 0.634847405160056
306124990.99586743 0.6342911072502759
306518583.48171914 0.6339722102856788
306912175.96757084 0.6336535247648274
307305768.45342255 0.6333350504657217
307699360.93927425 0.6330167871667767
308385336.4146158 0.6324626033770296
309060066.3903616 0.631918128028598
309734796.3661074 0.6313742698747593
310409526.3418532 0.6308310278112109
311084256.317599 0.6302884007371483
311758986.2933448 0.6297463875552451
312433716.2690906 0.6292049871716322
313108446.2448364 0.6286641984958778
313794421.72017795 0.6281150226405239
314469151.69592375 0.627575464272631
315143881.67166954 0.6270365143437492
315818611.64741534 0.6264981717770526
320395529.98289096 0.6228623655337446
321070259.95863676 0.6223287138301262
324443909.83736575 0.6196694051411695
325129885.3127073 0.6191304964646432
325804615.2884531 0.6186010190995792
326479345.2641989 0.6180721325138133
327154075.2399447 0.6175438356841791
327828805.2156905 0.6170161275905485
328503535.1914363 0.6164890072158165
329178265.1671821 0.6159624735458833
329864240.64252365 0.6154277647264169
330538970.61826944 0.6149024111719624
331213700.59401524 0.6143776412811557
331888430.56976104 0.6138534540518104
333237890.52125263 0.6128068235833705
333912620.4969984 0.6122843783544709
334587350.4727442 0.6117625118073915
335273325.9480858 0.6112325396956124
335948055.9238316 0.6107118371553851
336622785.8995774 0.6101917103260384
337297515.8753232 0.6096721582284136
337972245.851069 0.6091531798861568
338646975.8268148 0.6086347743257056
339321705.80256057 0.6081169405762732
339996435.77830637 0.6075996776698352
340682411.2536479 0.6070743779132812
341357141.2293937 0.6065582632735157
342031871.2051395 0.6060427165731275
342706601.1808853 0.6055277368550446
343381331.1566311 0.6050133231648865
344056061.1323769 0.604499474550952
344730791.1081227 0.6039861900642037
345405521.0838685 0.603473468758257
346091496.55921006 0.6029527784629172
346766226.53495586 0.602441190036931
347440956.5107016 0.6019301619527482
348115686.4864474 0.6014196932745008
348790416.4621932 0.6009097830689079
349465146.437939 0.6004004304052606
350139876.4136848 0.5998916343554117
350825851.88902634 0.5993749280237205
351500581.86477214 0.5988672516654845
352175311.84051794 0.598360129136521
352850041.81626374 0.5978535595188419
353524771.79200953 0.5973475418969579
354199501.7677553 0.5968420753578654
354874231.7435011 0.5963371589910362
355560207.2188427 0.5958243904183537
356234937.1945885 0.5953205808059543
356909667.1703343 0.5948173186339278
357584397.1460801 0.5943146030015666
358259127.1218259 0.5938124330105776
358933857.0975717 0.593310807765073
359619832.5729132 0.592801379617555
360294562.548659 0.5923008502267264
360969292.5244048 0.5918008628932375
361644022.5001506 0.5913014167307442
362329997.9754922 0.5907942003297323
363004727.951238 0.5902958428422108
363679457.9269838 0.5897980238660613
364354187.9027296 0.589300742524305
365028917.87847537 0.5888039979422683
365703647.85422117 0.5883077892475719
366378377.82996696 0.58781211557012
367064353.3053085 0.5873087282371225
367457945.7911602 0.5870201483568275
367570400.78711784 0.5869377302677914
367963993.27296954 0.5866493834409416
368638723.24871534 0.5861554957609809
369313453.22446114 0.5856621393396647
369988183.20020694 0.5851693133189391
370662913.17595273 0.5846770168429681
371337643.1516985 0.5841852490581252
372023618.6270401 0.5836858262476983
372698348.6027859 0.5831951220690066
373373078.5785317 0.5827049440196149
374047808.5542775 0.5822152912546684
374722538.5300233 0.5817261629314714
375397268.5057691 0.5812375582094782
376071998.4815149 0.5807494762502838
376757973.9568564 0.5802537946341941
377432703.9326022 0.5797667643717153
378107433.908348 0.5792802543557201
378782163.8840938 0.5787942637563065
379456893.8598396 0.5783087917456674
380131623.8355854 0.5778238374980794
380806353.8113312 0.5773394001898959
381481083.787077 0.5768554789995365
382155813.7628228 0.5763720731074786
382841789.23816437 0.5758811378602113
383516519.21391016 0.5753987686685706
384191249.18965596 0.5749169123153844
384865979.16540176 0.574435567989308
385540709.14114755 0.5739547348810106
386215439.11689335 0.5734744121831671
386890169.09263915 0.5729945990904495
387564899.06838495 0.5725152947995185
388250874.5437265 0.5720285228701775
388925604.5194723 0.5715502422273044
389600334.4952181 0.5710724679747754
390275064.4709639 0.5705951993171554
390949794.4467097 0.5701184354609564
391624524.4224555 0.56964217561463
392299254.3982013 0.5691664189885587
392973984.3739471 0.5686911647950482
393659959.84928864 0.5682085039514703
394334689.82503444 0.5677342606087369
395009419.80078024 0.5672605173339247
395684149.776526 0.5667872733469853
396358879.7522718 0.5663145278697532
397033609.72801757 0.5658422801259397
397708339.70376337 0.5653705293411251
398383069.67950916 0.5648992747427501
399057799.65525496 0.5644285155601094
399462637.6407025 0.5641462975301552
399856230.1265542 0.5638720894543177
400249822.6124059 0.5635980493870026
400598433.09987456 0.563355468366763
401239426.57683307 0.5629097756061401
401655510.0618763 0.562620704058291
401936647.5517704 0.5624254913086928
402476431.532367 0.5620509219238171
402948742.5153891 0.5617234313844931
403409807.99881536 0.5614039699515452
404084537.97456115 0.5609368775390643
404759267.95030695 0.5604702741028341
405433997.92605275 0.5600041588893024
406108727.90179855 0.5595385311466955
406783457.87754434 0.5590733901250098
407469433.3528859 0.5586009949382037
408144163.3286317 0.5581368331961877
408818893.3043775 0.557673155923241
409493623.2801233 0.5572099623764035
410168353.2558691 0.5567472518144514
410843083.2316149 0.5562850234978906
411517813.2073607 0.5558232766889502
412192543.1831065 0.555362010651575
412867273.1588523 0.5549012246514202
413553248.63419384 0.5544332502341942
414227978.60993963 0.5539734300822957
414902708.58568543 0.553514087762636
415577438.5614312 0.5530552225476713
416252168.537177 0.5525968337115361
416926898.5129228 0.5521389205300349
417601628.4886686 0.5516814822806374
418276358.4644144 0.5512245182424713
418962333.939756 0.5507604235279875
419637063.9155017 0.5503044136297726
420311793.8912475 0.5498488757781411
420986523.8669933 0.5493938092588184
421661253.8427391 0.5489392133591582
422335983.8184849 0.5484850873681341
423010713.7942307 0.5480314305763363
423696689.26957226 0.5475706931027631
424371419.24531806 0.5471179803780636
425046149.22106385 0.5466657347222605
425720879.19680965 0.5462139554323715
426395609.17255545 0.5457626418069992
427070339.14830124 0.5453117931463265
427745069.12404704 0.5448614087521098
428419799.09979284 0.5444114879276737
429105774.5751344 0.5439545429297011
429780504.5508802 0.5435055548581966
430455234.526626 0.5430570282642789
431129964.5023718 0.5426089624575148
431804694.4781176 0.5421613567490103
432479424.4538634 0.5417142104514061
433154154.4296092 0.5412675228788719
433840129.90495074 0.5408138600649701
434514859.88069654 0.5403680955080288
438563239.7351713 0.5377030744002086
439249215.2105129 0.5372531197405704
439923945.1862587 0.536810997083967
440598675.1620045 0.5363693256853664
441273405.13775027 0.5359281048769137
441948135.11349607 0.5354873339922134
442622865.08924186 0.5350470123663255
443297595.06498766 0.5346071393357588
443972325.04073346 0.5341677142384668
444658300.516075 0.5337214239024033
445333030.4918208 0.533282900129257
446007760.4675666 0.5328448223009137
446682490.4433124 0.5324071897610789
447357220.41905814 0.5319700018548783
448031950.39480394 0.5315332579288516
448706680.37054974 0.5310969573309499
449381410.34629554 0.5306610994105277
450067385.8216371 0.5302184303280751
450742115.7973829 0.529783463167135
451416845.7731287 0.5293489367293618
452091575.7488745 0.5289148503697069
452541395.73270506 0.5286257036331968
452991215.71653557 0.5283367520104828
453396053.70198303 0.5280768622152088
453789646.18783474 0.527824342819882
454464376.16358054 0.527391798965558
455139106.13932633 0.526959692293025
455813836.11507213 0.5265280221647978
456488566.0908179 0.5260967879447467
457163296.0665637 0.5256659889980931
457838026.0423095 0.5252356246914061
458512756.0180553 0.5248056943925968
459198731.4933969 0.5243690428569671
459873461.4691427 0.5239399858901307
460548191.4448885 0.523511361032459
461897651.39638007 0.5226554051389641
462572381.37212586 0.5222280728536147
463247111.34787166 0.5218011701783691
463921841.32361746 0.5213746964917413
464607816.798959 0.5209415540439513
465282546.7747048 0.5205159435992324
465957276.7504506 0.5200907602761927
466632006.7261964 0.5196660034585545
467306736.7019422 0.5192416725313266
467981466.677688 0.5188177668807995
468656196.6534338 0.5183942858945416
469342172.12877536 0.517964181601706
470691632.08026695 0.5171193515507807
471366362.05601275 0.516697570154679
472041092.03175855 0.5162762103696211
473390551.98325014 0.5154347532145698
474076527.4585917 0.5150076565489459
474751257.4343375 0.5145879841538116
475425987.4100833 0.5141687303480403
475864561.89431804 0.5138964395592341
476291890.87895703 0.5136313002957961
476966620.85470283 0.5132130000272002
478327326.3057902 0.5123706945090172
479002056.281536 0.5119536492625615
479676786.2572818 0.5115370188547134
480351516.2330276 0.5111208026945528
481026246.2087734 0.510705000192366
481700976.1845192 0.5102896107596402
482386951.65986073 0.5098677210178517
483736411.6113523 0.5090390159300525
484411141.5870981 0.5086252797544661
485085871.5628439 0.5082119537139741
485760601.5385897 0.5077990372272158
486435331.5143355 0.5073865297140064
487110061.4900813 0.5069744305953334
487796036.96542287 0.5065558812234807
488470766.94116867 0.5061446039439682
489145496.91691446 0.5057337333193692
489820226.89266026 0.5053232687753441
490494956.86840606 0.5049132097387062
491855662.3194934 0.5040874884942723
492530392.2952392 0.5036786492772638
493205122.27098495 0.503270213276905
493879852.24673074 0.5028621799257484
494554582.22247654 0.5024545486574791
495229312.19822234 0.5020473189069132
495904042.17396814 0.5016404901099927
496578772.14971393 0.5012340617037832
497264747.6250555 0.5008212693677591
497939477.6008013 0.5004156467083698
498614207.5765471 0.5000104227482768
499288937.5522929 0.49960559692902295
500638397.5037845 0.4987971374847363
501313127.4795303 0.4983935027483092
501999102.95487183 0.4979835466341087
502673832.93061763 0.4975807097655538
503348562.9063634 0.4971782677010313
504023292.8821092 0.4967762198897795
504698022.857855 0.4963745657821203
505372752.8336008 0.49597330482945634
506047482.8093466 0.49557243648426746
507408188.260434 0.49476521066603335
508082918.23617977 0.4943655233804589
508757648.21192557 0.49396622651394473
509432378.18767136 0.4935673195243279
510107108.16341716 0.49316880187050455
510781838.13916296 0.4927706730124258
511456568.11490875 0.4923729324110953
512131298.09065455 0.49197557952856663
512817273.5659961 0.4915720010101665
513492003.5417419 0.49117542839515005
514166733.5174877 0.4907792418824562
515516193.4689793 0.4899880250300219
516190923.4447251 0.4895929936258575
516865653.4204709 0.4891983461951611
517540383.3962167 0.4888040822082905
518226358.87155825 0.4884036396932344
518833615.8497294 0.4880494794173454
519452118.3274964 0.487689078604225
520126848.3032422 0.48729627959718536
520812823.77858377 0.4868973244106525
521487553.75432956 0.4865052930115372
522162283.73007536 0.48611364145553687
522814522.70662963 0.48573540552298977
523478007.18277967 0.4853510114703092
524152737.15852547 0.4849604774157664
524827467.13427126 0.484570321149466
525502197.11001706 0.48418054215364803
526176927.08576286 0.4837911399115419
526851657.06150866 0.48340211390736343
527526387.03725445 0.4830134636263117
528212362.512596 0.48261872047930515
528887092.4883418 0.4822308263446256
529561822.4640876 0.48184330638602013
530236552.4398334 0.48145616009261055
530911282.4155792 0.4810693869544884
531586012.391325 0.480682986462712
532260742.3670708 0.4802969581093043
532946717.84241235 0.4799048769208759
534296177.79390395 0.47913468870142917
535162081.2627777 0.4786412645926523
535836811.2385235 0.47825720013087825
536511541.2142693 0.477873504629226
537186271.1900151 0.4774901775866789
537861001.1657609 0.47710721850316273
538535731.1415067 0.47672462687954376
539210461.1172525 0.4763424022176251
