1.0 0.9999999986164201
674730.9757457955 0.995937691881435
2631447.905408602 0.9861442068126115
3992153.3564959564 0.9807654879249263
5105457.816476519 0.9768285011677504
5532786.801115523 0.9753992099872552
6218762.276457082 0.9731830601770665
6893492.252202877 0.9710852558409933
7568222.227948673 0.9690578806203257
8242952.203694468 0.9670922697701628
8917682.179440264 0.96518137110912
9592412.155186059 0.9633193577471317
10278387.630527617 0.961471400622154
10953117.606273413 0.9596939073276962
11627847.58201921 0.9579527081760181
12021440.067870922 0.9569525441797023
12415032.553722637 0.9559631509184486
13089762.529468432 0.9542906929390266
13764492.505214227 0.9526461801066284
14450467.980555788 0.9510008494790756
15125197.956301583 0.9494068525002265
15799927.932047378 0.9478354296751271
16474657.907793174 0.9462851690045301
17149387.88353897 0.9447547999081234
17824117.859284766 0.9432431744612346
18262692.34351953 0.9422701720893237
18690021.328158535 0.9413290588113592
19375996.803500094 0.9398320701928041
20050726.77924589 0.9383754032565326
20725456.754991684 0.9369336106538594
21400186.73073748 0.9355059833576375
22074916.706483275 0.9340918681165349
22749646.68222907 0.9326906616025902
23435622.15757063 0.9312787593434683
24110352.133316424 0.9299019281964317
24785082.10906222 0.9285364397831537
25459812.084808018 0.9271818460289988
26134542.06055381 0.9258377288187
26809272.03629961 0.924503697312715
27484002.012045402 0.9231793855618357
28158731.9877912 0.9218644503807408
28743497.966770887 0.9207321748554286
29035880.956260733 0.9201685249484081
29260790.948175997 0.9197360561927004
29665628.933623474 0.918960004221708
30340358.90936927 0.9176732758997023
31015088.885115065 0.9163946832125296
31689818.86086086 0.9151239752159316
32364548.836606655 0.9138609145976408
33039278.812352452 0.9126052766792973
33714008.788098246 0.9113568485093314
34399984.263439804 0.910094795959982
35074714.2391856 0.9088603033071595
35749444.2149314 0.9076324410391792
36424174.190677196 0.9064110356814328
36896485.17369925 0.9055598049950514
37087658.666827224 0.9052161232017613
37211359.16238062 0.9049940035754287
37323814.158338256 0.9047922548182407
37717406.64418997 0.9040874601899418
38403382.11953153 0.9028639632599127
39078112.095277324 0.9016664228968313
39471704.58112904 0.9009705041443117
39584159.57708667 0.9007720234969396
39977752.062938385 0.9000785650231535
40652482.03868418 0.8988941492500527
41327212.01442997 0.8977151473125158
42001941.99017577 0.8965414403018147
42676671.965921566 0.8953729142237616
43362647.441263124 0.8941901111774644
44037377.41700892 0.8930317051878699
44644634.395180136 0.8919933014098284
44981999.383053035 0.8914180867024231
45375591.86890475 0.8907484964042557
46039076.345054775 0.8896233505705978
46961207.311907366 0.8880669373529565
47635937.28765316 0.8869334003251718
48310667.26339896 0.8858042513122604
48985397.23914475 0.8846794111473922
49660127.21489055 0.8835588034708975
50334857.190636344 0.8824423545936139
50885886.670828745 0.8815336234007279
51448161.65061691 0.8806091179245147
52122891.626362704 0.8795033521725175
52797621.6021085 0.8784014969456906
53472351.57785429 0.87730348940464
54147081.55360009 0.8762092687484367
54821811.529345885 0.8751187761233065
55507787.00468744 0.8740138716283093
56182516.98043324 0.872930725672264
56857246.95617903 0.8718511411528173
57936814.91737231 0.8701310848678138
58352898.402415544 0.8694705016827415
59027628.37816134 0.868402029170243
59702358.35390714 0.8673369097000453
60377088.329652935 0.8662750975703386
61051818.305398725 0.8652165483865369
61726548.28114452 0.8641612190091402
62401278.25689032 0.863109067504202
63087253.73223188 0.8620425958735701
63761983.707977675 0.8609967301949246
64436713.68372347 0.8599539227265555
65111443.65946926 0.8589141359252466
65786173.63521506 0.8578773332391075
66460903.610960856 0.8568434790708032
67135633.58670665 0.8558125387424929
67821609.06204821 0.8547673683360463
68361393.04264484 0.8539470093693947
68710003.5301135 0.8534181546872297
68889931.52364571 0.8531454906114654
69283524.00949743 0.8525497303189312
69958253.98524323 0.8515306228278466
70632983.96098903 0.85051426294121
71307713.93673483 0.8495006209795589
71993689.41207638 0.8484728413763178
72668419.38782218 0.8474645931518181
73264430.86639763 0.8465761645743125
73871687.84456885 0.8456730665821036
74546417.82031465 0.84467207922567
75232393.2956562 0.843657031992542
75907123.27140199 0.8426611794776289
76581853.24714778 0.84166783558991
77256583.22289358 0.8406769761556143
81316208.57696413 0.8347664499142755
81990938.55270992 0.8337923858783682
82665668.5284557 0.8328206303060312
83340398.5042015 0.8318511632467278
84015128.4799473 0.8308839651506351
84689858.4556931 0.8299190168569599
85364588.4314389 0.828956299582682
86050563.90678045 0.8279798051428523
86725293.88252625 0.8270215314402916
87400023.85827205 0.8260654342758876
88074753.83401784 0.8251114962786631
88749483.80976364 0.8241597004048147
89300513.28995603 0.823383977821276
89851542.77014843 0.8226096637976843
90526272.74589422 0.8216634296374274
91212248.22123578 0.8207035599898335
91886978.19698158 0.8197615101343771
92561708.17272738 0.8188215118354631
93236438.14847317 0.8178835500096281
93911168.12421897 0.8169476098389082
94597143.59956053 0.8159981281353935
95271873.57530633 0.815066220941942
98668014.45322683 0.8104053841008992
99342744.42897262 0.8094852086596123
100017474.40471841 0.8085669317579224
100692204.38046421 0.8076505408971141
101366934.35621001 0.8067360237787776
102052909.83155157 0.8058081730794486
102727639.80729736 0.8048973980569669
103357387.7846601 0.8040489997125216
103998381.26161861 0.8031870857700749
104673111.23736441 0.8022815785658669
105212895.21796104 0.801558472941646
105752679.19855767 0.8008365168589795
106393672.67551619 0.7999806793537438
107023420.65287893 0.7991414185386745
107540713.63428403 0.7984531777715314
108046761.11609338 0.7977808993428336
108732736.59143494 0.7968711606381359
109407466.56718074 0.7959780912593896
110082196.54292654 0.795086752794182
110756926.51867233 0.7941971352895962
111431656.49441813 0.7933092289341547
112106386.47016393 0.7924230240547194
112792361.94550548 0.7915237835118617
113467091.92125128 0.7906409810667063
113860684.40710299 0.7901267862116989
114265522.39255047 0.789598492106834
114951497.86789203 0.7887046921413805
115626227.84363782 0.7878272116045042
116300957.81938362 0.7869513753338525
116975687.79512942 0.7860771745703569
117650417.7708752 0.7852046006708832
118325147.746621 0.7843336451058316
119011123.22196256 0.7834498239547465
119685853.19770835 0.7825821065359324
120360583.17345415 0.7817159823851043
121035313.14919995 0.7808514434057987
121721288.6245415 0.7799741122243867
122396018.6002873 0.7791127457948213
123070748.5760331 0.7782529407247369
123756724.05137466 0.777380398246334
124431454.02712046 0.7765237186018864
125106184.00286625 0.7756685773826433
125522267.48790948 0.7751420039309289
125780913.97861204 0.7748149671710073
126298206.96001716 0.7741615649275929
126972936.93576294 0.7733106416407086
127647666.91150874 0.772461229298525
128322396.88725454 0.7716133208103383
128997126.86300033 0.7707669091683467
129671856.83874613 0.769921987446093
130346586.81449193 0.7690785487969518
131021316.79023772 0.7682365864526466
131707292.26557928 0.7673820979227366
132382022.24132508 0.7665430925171584
133056752.21707088 0.7657055434590131
133731482.19281666 0.7648694442805258
134406212.16856247 0.7640347885853658
134799804.65441418 0.7635485701865723
134912259.65037182 0.7634097402917414
135024714.64632943 0.7632709501872528
135418307.13218117 0.7627854977542483
135834390.6172244 0.7622728334402376
135969336.61237356 0.7621066802951381
136081791.60833117 0.7619682628161597
136475384.0941829 0.7614841124589975
137150114.0699287 0.7606552624748775
137824844.0456745 0.7598278246187236
138499574.0214203 0.7590017929012243
139174303.9971661 0.7581771613960692
139849033.97291186 0.7573539242388656
140535009.44825342 0.7565183898804556
141209739.42399922 0.755697947066702
141884469.39974502 0.7548788812744534
142559199.3754908 0.7540611868775469
143233929.3512366 0.7532448583066371
143908659.3269824 0.7524298900482514
144560898.30353668 0.7516433753196949
144920754.2906011 0.7512099763209168
145134418.7829206 0.7509528269693648
145348083.27524012 0.7506958124985793
145741675.76109183 0.7502227173038065
146146513.7465393 0.7497365808968464
146551351.7319868 0.7492509258563446
147226081.7077326 0.7484425674199601
147619674.1935843 0.7479716389708041
148024512.17903176 0.7474877260619581
148699242.15477756 0.7466822621565691
149373972.13052335 0.7458781158527661
150048702.10626915 0.745075282105219
150723432.08201495 0.7442737559159562
151398162.05776075 0.7434735323336161
152084137.5331023 0.7426613019880419
152758867.5088481 0.7418636904546982
153433597.4845939 0.7410673668667326
154108327.4603397 0.7402723264527893
154501919.9461914 0.7398091435728462
154895512.4320431 0.7393463947869401
155570242.4077889 0.7385541184193729
156244972.3835347 0.737763110397689
156919702.3592805 0.7369733661257916
157605677.83462206 0.736171750272449
158280407.81036785 0.7353845407462176
158955137.78611365 0.7345985813473705
159629867.76185945 0.7338138676385845
160304597.73760524 0.7330303952206058
160979327.71335104 0.7322481597316897
161654057.68909684 0.7314671568470542
162328787.66484264 0.7306873822783404
163014763.1401842 0.729895866277804
163689493.11593 0.7291185559141735
164364223.0916758 0.7283424611453031
164870270.57348514 0.7277611853065937
165387563.55489025 0.7271676947397502
165781156.04074195 0.7267166004839446
166174748.52659366 0.7262659155299506
166849478.50233945 0.7254942626908661
167524208.47808525 0.7247238063120733
168198938.45383105 0.7239545424009183
168873668.42957684 0.7231864669964617
169368470.41179043 0.7226239647851842
169863272.39400402 0.7220620980732948
170256864.87985572 0.721615611435672
170436792.87338793 0.721411636654291
170729175.8628778 0.7210803558998222
171089031.8499422 0.7206729283196915
171437642.33741087 0.7202785507316827
171797498.3244753 0.7198717788577745
172314791.3058804 0.719287626145003
172989521.2816262 0.7185267166544314
173664251.257372 0.7177669684227076
174338981.2331178 0.7170083777303272
175013711.2088636 0.716250940885796
175620968.18703482 0.7155702312368922
176239470.66480178 0.7148778707984081
176914200.64054757 0.7141236643535017
177397757.1231654 0.7135838512063084
177892559.105379 0.7130320890005676
178567289.08112478 0.7122806692597982
179253264.55646634 0.7115178856066994
179927994.53221214 0.7107687437941741
183211680.414175 0.7071389071845895
183627763.89921823 0.7066808430695256
183942637.8878996 0.7063344794906313
184212529.87819794 0.7060377878193254
184392457.87173015 0.7058400914124292
184504912.8676878 0.705716570953952
184707331.86041152 0.7054943112149018
185179642.84343356 0.7049760901399612
185865618.31877512 0.7042243936572155
186540348.2945209 0.7034861239812336
187215078.2702667 0.702748945834609
187687389.25328878 0.7022335688662579
187912299.24520403 0.7019883383741569
188125963.73752356 0.7017554810732028
188598274.7205456 0.7012411294579755
189273004.6962914 0.7005072606738726
189947734.67203718 0.6997744705072212
190622464.64778298 0.6990427558233363
191308440.12312454 0.6982999452039697
191791996.60574237 0.6977769889014817
192286798.58795595 0.6972424381136288
192961528.56370175 0.6965144277898785
193355121.04955345 0.6960902456082586
193748713.5354052 0.69566642410819
194423443.51115096 0.6949407103778177
194951981.99215186 0.6943729718016531
195188137.48366287 0.6941195102768906
195300592.47962052 0.6939988596072362
195694184.96547222 0.6935768121507389
196368914.94121802 0.692854132832127
197043644.91696382 0.692132500164506
197729620.39230537 0.6913999102290107
198404350.36805117 0.6906803794165087
199079080.34379697 0.6899618864741203
199753810.31954277 0.6892444285272007
200428540.29528856 0.6885280027187658
201103270.27103436 0.6878126062092916
201778000.24678013 0.687098236176525
202463975.7221217 0.6863730093661384
203138705.69786748 0.6856607008793416
203813435.67361328 0.6849494104581559
204488165.64935908 0.6842391353477969
205162895.62510487 0.6835298728098189
205837625.60085067 0.6828216201219413
206512355.57659647 0.6821143745778718
207175840.0527465 0.6814198959555569
207828079.02930078 0.6807381323893967
208502809.00504658 0.6800338423033001
209188784.48038813 0.6793188356946792
209863514.45613393 0.6786165527370233
210538244.43187973 0.6779152610986648
211224219.9072213 0.6772032948266881
211898949.88296708 0.6765039944568276
212573679.85871288 0.6758056776089177
213259655.33405444 0.6750967277590781
213934385.30980024 0.6744003865879665
214609115.285546 0.6737050212724025
215283845.2612918 0.6730106292992444
215969820.73663336 0.6723056593613441
216644550.71237916 0.6716132227069662
217319280.68812495 0.6709217518967635
217994010.66387075 0.6702312444722128
218668740.63961655 0.6695416979880515
219343470.61536235 0.6688531100121424
220018200.59110814 0.6681654781253448
220704176.0664497 0.667467363350819
221378906.0421955 0.6667816522707899
222053636.0179413 0.6660968900595872
222660892.99611253 0.665481413394772
223268149.97428373 0.6648667016774485
223954125.44962528 0.6641732230770178
224628855.42537108 0.6634920607200433
225303585.40111688 0.6628118359377322
225978315.37686267 0.6621325464203884
226653045.35260847 0.6614541898701285
230037940.73093322 0.6580651010448695
230712670.70667902 0.6573923099940534
231387400.6824248 0.6567204361098181
232062130.6581706 0.6560494771850657
232736860.63391638 0.655379431023555
233422836.10925794 0.654699150882293
234097566.08500373 0.65403093882317
234772296.06074953 0.653363632966752
235447026.03649533 0.6526972311594286
236121756.01224113 0.6520317312579634
236796485.98798692 0.6513671311294015
237471215.96373272 0.6507034286509791
237876053.9491802 0.6503056371567065
237999754.4447336 0.6501841539904865
238123454.940287 0.6500627008688605
238517047.4261387 0.6496764588531357
239191777.4018845 0.6490150358435048
239866507.3776303 0.6483545030291622
240541237.3533761 0.6476948583325867
241215967.3291219 0.6470360996859613
241890697.30486768 0.6463782250310889
242565427.28061348 0.6457212323193079
243251402.75595504 0.645054191741115
243926132.73170084 0.6443989714213618
244600862.70744663 0.6437446269215243
245084419.19006446 0.6432762176601953
245275592.68319243 0.6430911562304316
245399293.1787458 0.6429714478961799
245511748.17470345 0.6428626475550901
245905340.66055515 0.6424820368554705
246580070.63630095 0.6418302498590581
247254800.61204675 0.6411793308243704
247929530.58779255 0.6405292777757278
248604260.56353834 0.6398800887462889
249278990.53928414 0.639231761777977
249964966.0146257 0.638573511083125
250639695.9903715 0.6379269166839913
251314425.9661173 0.6372811784914914
251989155.9418631 0.6366362945820323
252663885.9176089 0.6359922630404312
253338615.89335468 0.6353490819598465
254024591.36869624 0.634696051078175
254699321.34444204 0.6340545793273624
255374051.32018784 0.6334139523351213
256048781.29593363 0.6327741682274457
256723511.27167943 0.6321352251383403
257398241.24742523 0.6314971212097593
258072971.22317103 0.630859854591542
258747701.1989168 0.6302234234413504
259422431.1746626 0.6295878259246102
260108406.65000415 0.6289424878228231
260783136.62574995 0.6283085659177585
261457866.60149574 0.6276754721582601
262132596.57724154 0.6270432047403283
262807326.55298734 0.6264117618674274
263482056.52873313 0.6257811417504313
264168032.0040747 0.6251408529005431
264842761.9798205 0.6245118865956625
265517491.9555663 0.6238837376938006
266192221.93131208 0.6232564044350246
266732005.91190872 0.622755123912904
267013143.4018028 0.6224942463084695
267148089.39695197 0.6223690751250421
267541681.88280368 0.6220041778425975
268216411.85854948 0.6213792810245227
268891141.8342953 0.6207551928805798
269565871.81004107 0.620131911685963
270240601.78578687 0.6195094357227365
270915331.76153266 0.618887763279784
271601307.2368742 0.6182565515924605
272276037.21262 0.6176364944046973
272950767.1883658 0.6170172356161538
273625497.1641116 0.6163987735426086
274300227.1398574 0.6157811065064144
274974957.1156032 0.6151642328364508
275660932.59094477 0.6145378895332918
276335662.56669056 0.6139226107616844
277010392.54243636 0.6133081203541701
277685122.51818216 0.6126944166653817
278359852.49392796 0.6120814980562492
279034582.46967375 0.611469362893956
279709312.44541955 0.6108580095518954
280136641.43005854 0.6104712227407766
280518988.4163145 0.6101254152629814
280968808.400145 0.6097189028666798
283352854.3144468 0.6075701425744948
284027584.2901926 0.6069637547689242
284713559.76553416 0.6063480498193764
285388289.74127996 0.6057432131753511
286063019.71702576 0.6051391433309846
286726504.1931758 0.6045458875364532
287401234.1689216 0.6039433338886939
288075964.1446674 0.6033415423903623
288750694.1204132 0.6027405114940552
289425424.096159 0.6021402396579955
290111399.57150054 0.6015307398499837
290786129.54724634 0.6009319941183658
291460859.52299213 0.6003340028296855
292135589.49873793 0.5997367644643954
292810319.4744837 0.5991402775083934
293485049.4502295 0.5985445404529849
294159779.4259753 0.597949551794848
294834509.4017211 0.597355310036
295520484.8770627 0.5967519283846623
297544674.80430007 0.5949759340040028
298219404.78004587 0.5943854167686593
298894134.75579166 0.5937956375305022
299568864.73153746 0.5932065948280553
300254840.206879 0.5926084882973435
300929570.1826248 0.5920209265170067
301604300.1583706 0.5914340968941899
302279030.13411635 0.5908479979875951
302953760.10986215 0.5902626283608713
303628490.08560795 0.5896779865825809
304303220.06135374 0.5890940712261715
304696812.5472055 0.5887537888350323
305101650.532653 0.5884040411684212
305776380.5083988 0.5878217068991326
306451110.48414457 0.5872400945427131
307125840.45989037 0.5866592026927208
307800570.43563616 0.5860790299474459
308475300.41138196 0.585499574909883
309161275.8867235 0.5849111966032035
309836005.8624693 0.5843331847124469
310510735.8382151 0.583755886343308
311185465.8139609 0.5831793001173888
311860195.78970665 0.5826034246608554
312377488.7711118 0.5821624006376435
312602398.7630271 0.5819707809631862
313007236.74847454 0.5816260637269255
313681966.72422034 0.5810521005208429
314356696.69996613 0.5804788430401963
315031426.6757119 0.5799062899322427
315706156.6514577 0.5793344398486509
316380886.6272035 0.5787632914454781
317055616.6029493 0.5781928433831427
317741592.0782909 0.5776136044233318
318416322.0540367 0.5770445646579059
319091052.0297825 0.5764762212184167
319484644.5156342 0.576145008586552
319878237.0014859 0.5758140321870899
320552966.9772317 0.5752471929231759
321227696.9529775 0.574681045812375
321913672.42831904 0.5741061711201462
322588402.40406483 0.5735414158740896
323263132.37981063 0.5729773488450309
324612592.3313022 0.5718512742560211
325287322.307048 0.5712892641153335
325962052.2827938 0.5707279370301257
326648027.7581354 0.570157953400511
327322757.7338812 0.5695979999203321
327997487.709627 0.569038725645654
328672217.68537277 0.568480129308217
329346947.66111857 0.5679222096436981
330021677.63686436 0.5673649653916886
330696407.61261016 0.5668083952956715
331371137.58835596 0.5662524981030028
332057113.0636975 0.5656880244892314
332731843.03944325 0.5651334805236761
333406573.01518905 0.564579605705904
334081302.99093485 0.5640263987986136
334756032.96668065 0.5634738585682708
335430762.94242644 0.5629219837850907
336105492.91817224 0.5623707732230175
336499085.40402395 0.5620495399832321
336622785.8995774 0.5619486275205032
337016378.3854291 0.5616276904203601
337511180.36764264 0.5612245458951255
337724844.85996217 0.5610505705893487
337837299.8559198 0.5609590312279297
337949754.85187745 0.560867510196454
338343347.33772916 0.5605473308536841
339018077.31347495 0.5599989735327692
339692807.28922075 0.5594512739762345
340367537.26496655 0.5589042309811254
341053512.7403081 0.5583487424330825
341728242.7160539 0.557803019858955
342402972.6917997 0.5572579502390028
343077702.6675455 0.5567135323845702
343752432.6432913 0.5561697651105172
344427162.6190371 0.5556266472351981
344820755.1048888 0.5553101279018784
345214347.5907405 0.5549938289102319
345900323.06608206 0.5544430909205771
346991136.5268711 0.5535687010946428
347407220.0119143 0.5532356145326742
348081949.9876601 0.5526959938472538
348756679.9634059 0.5521570150603585
349431409.9391517 0.5516186770157256
350106139.9148975 0.5510809785604434
350780869.8906433 0.5505439185449321
351466845.36598486 0.5499985608370085
352141575.34173065 0.5494627848583997
352816305.31747645 0.5489276438716958
353491035.29322225 0.5483931367405429
354165765.26896805 0.5478592623318378
354840495.24471384 0.547326019515715
355526470.7200554 0.5467845356280696
356201200.6958012 0.5462525630999182
356875930.671547 0.5457212187753643
357550660.6472928 0.5451905015373815
358225390.6230386 0.544660410272101
358900120.5987844 0.544130943868797
359574850.5745302 0.5436021012198717
360249580.550276 0.5430738812208389
360935556.02561754 0.5425374947224405
361610286.00136334 0.5420105270536633
362285015.97710913 0.5414841787216225
362959745.95285493 0.540958448634187
363634475.9286007 0.5404333357022644
364309205.9043465 0.5399088388397878
364983935.8800923 0.5393849569637008
365669911.3554339 0.5388529730561261
366344641.3311797 0.5383303281203338
367019371.3069255 0.5378082949218088
367694101.2826713 0.5372868723894473
368368831.25841707 0.5367660594550858
369043561.23416287 0.5362458550534893
369718291.20990866 0.5357262581223354
370393021.18565446 0.5352072676022035
371078996.660996 0.5346802478064923
371753726.6367418 0.534162477004448
372428456.6124876 0.5336453094349446
373103186.58823335 0.5331287440500796
373777916.56397915 0.5326127798047843
374452646.53972495 0.5320974156568129
375127376.51547074 0.531582650566729
375813351.9908123 0.5310599191074219
376488081.9665581 0.5305463589670228
377162811.9423039 0.53003339476577
377837541.9180497 0.5295210254753842
378512271.8937955 0.5290092500703335
379187001.8695413 0.5284980675278208
379861731.8452871 0.527987476827771
380547707.32062864 0.5274689819547231
381222437.29637444 0.526959581711798
381897167.27212024 0.5264507702504838
382571897.24786603 0.5259425465615207
383246627.22361183 0.5254349096383127
383921357.1993576 0.5249278584769145
384607332.6746992 0.5244129559178694
385282062.650445 0.5239070829997228
385956792.6261908 0.5234017928307658
386631522.6019366 0.5228970844175893
387306252.5776824 0.5223929567693769
387980982.5534282 0.5218894088978958
388655712.529174 0.5213864398174858
389341688.0045155 0.5208756802469032
390016417.9802613 0.5203738754073852
390691147.9560071 0.5198726464010022
392715337.8832445 0.51837240463885
393390067.8589903 0.5178734692357418
394076043.33433187 0.5173668035719344
394750773.31007767 0.5168690186600516
395425503.28582346 0.5163718027897481
396100233.26156926 0.5158751550030297
396684999.2405489 0.5154451856990632
397281010.7191244 0.5150073854546579
397955740.6948702 0.514512294978062
398630470.670616 0.5140177690142632
399305200.64636177 0.5135238066167886
399979930.62210757 0.5130304068415643
400654660.59785336 0.5125375687469019
401340636.0731949 0.51203709151632
402015366.0489407 0.5115453832893668
402690096.0246865 0.5110542339165827
403364826.0004323 0.5105636424657705
404039555.9761781 0.5100736080070726
404714285.9519239 0.509584129612961
405389015.9276697 0.5090952063582262
406063745.9034155 0.5086068373199714
406749721.37875706 0.5081108959976387
407424451.35450286 0.507623641831371
410123371.25748605 0.5056801305036104
410798101.23323184 0.5051956244543931
411472831.20897764 0.5047116653054934
412158806.6843192 0.504220199889269
412833536.660065 0.503737340913142
413508266.6358108 0.503255026121608
414182996.6115566 0.5027732546188626
414857726.5873024 0.5022920255112949
415532456.5630481 0.5018113379074802
416207186.5387939 0.5013311909181706
416893162.0141355 0.5008435947695697
417567891.9898813 0.5003645353234156
418242621.9656271 0.49988601382230635
418917351.9413729 0.4994080293856535
419592081.91711867 0.49893058113500427
420266811.89286447 0.4984536681940324
420941541.86861026 0.49797728968853106
421627517.3439518 0.49749351851287776
422302247.3196976 0.4970182151349942
422976977.2954434 0.4965434435681442
423651707.2711892 0.49606920294655016
424326437.246935 0.49559549240651235
425001167.2226808 0.4951223110864026
425675897.1984266 0.49464965812665584
426350627.1741724 0.4941775326697614
427036602.64951396 0.4936980783371089
427711332.62525976 0.49322701407758507
428386062.60100555 0.4927564747464651
429060792.57675135 0.4922864594944155
429735522.55249715 0.49181696747412196
430410252.52824295 0.49134799784027716
431084982.50398874 0.49087954974957765
431770957.9793303 0.49040382797761767
432445687.9550761 0.48993642910854196
433120417.9308219 0.4894695492506973
433795147.9065677 0.48900318756874683
434469877.8823135 0.48853734322931824
435110871.359272 0.48809526953808735
435470727.3463364 0.4878472918593214
435583182.34229404 0.48776982889868337
435695637.33825165 0.4876923802475839
436089229.8241034 0.4874214226010817
436763959.7998492 0.4869573310189089
437449935.2751908 0.4864860311850122
438124665.25093657 0.48602297471862804
438799395.2266823 0.48556043029357954
439474125.2024281 0.4850983970908487
440148855.1781739 0.48463687429332203
440823585.1539197 0.48417586108578536
441498315.1296655 0.48371535665491694
442173045.1054113 0.48325536018928056
442859020.58075285 0.4827882170162848
443533750.55649865 0.48232924248661074
443927343.04235035 0.48206174085189324
444275953.529819 0.48182495435871103
444905701.50718176 0.4813975524168337
445591676.9825233 0.4809324890521718
446266406.9582691 0.4804755569564729
446941136.9340149 0.4800191271450147
447615866.9097607 0.47956319882132586
448290596.8855065 0.4791077711907598
448965326.8612523 0.4786528434604898
449640056.8369981 0.4781984148395019
450326032.31233966 0.47773692325096395
451000762.28808546 0.4772834987682658
451394354.77393717 0.47701923059818024
451506809.76989484 0.47694375643080694
451911647.7553423 0.4766721635157839
452586377.7310881 0.47621990511495577
453261107.7068339 0.4757681416090024
453935837.6825797 0.4753168722183033
454610567.6583255 0.4748660961650042
455285297.6340713 0.47441581267301114
455960027.6098171 0.47396602096798585
456646003.08515865 0.47350923608808304
457320733.06090444 0.4730604338051674
457995463.03665024 0.47261212098386507
458670193.01239604 0.472164296856824
459344922.98814183 0.4717169606584164
460019652.96388763 0.4712701116247336
460694382.93963337 0.4708237489935787
461369112.91537917 0.47037787200446396
462043842.89112496 0.46993247989860043
462639854.36970043 0.46953945292836746
463235865.8482759 0.4691468031902688
463910595.8240217 0.46870274865504413
464585325.7997675 0.468259176160144
465271301.27510905 0.4678087041747117
465946031.25085485 0.467366101512527
466620761.22660065 0.46692397863095136
467126808.70840997 0.466592700877122
467632856.19021934 0.46626169226637215
468318831.6655609 0.4658134208439745
468914843.14413637 0.46542433956521945
469454627.124733 0.46507228493247177
470073129.60249996 0.4646692634335778
470747859.57824576 0.46423005904000286
471422589.55399156 0.46379132915559146
472108565.0293331 0.46334577278750155
472783295.0050789 0.4629079975985591
473458024.9808247 0.46247069470912916
474132754.9565705 0.462033863389957
474807484.9323163 0.46159750291338375
475482214.9080621 0.46116161255334326
476156944.8838079 0.4607261915853563
476831674.8595537 0.4602912392865245
477517650.33489525 0.4598495174901333
478192380.31064105 0.4594155081482649
478867110.28638685 0.4589819653043396
479541840.26213264 0.45854888824176043
480216570.23787844 0.4581162762454869
480891300.21362424 0.45768412860202856
481566030.18937 0.45725244459944225
482252005.66471153 0.456814040427466
482926735.64045733 0.45638328927464644
483601465.6162031 0.4559529996243173
484276195.5919489 0.4555231707706941
484950925.5676947 0.4550938020095145
485625655.5434405 0.4546648926380319
486311631.0187821 0.45422930499241837
486986360.9945279 0.4538013199253585
487661090.9702737 0.4533737921371831
488335820.9460195 0.4529467209311881
489010550.92176527 0.45252010561216216
489685280.89751107 0.4520939454863821
490360010.87325686 0.451668239861607
491045986.3485984 0.45123590435768607
494419636.2273274 0.44911646598154925
495094366.2030732 0.4486939300938464
495769096.178819 0.448271843210728
496455071.65416056 0.4478431811382758
496961119.1359699 0.44752725161834117
497275993.12465125 0.4473308002035269
497467166.61777925 0.4472115736086168
497624603.6121199 0.4471134139231477
498074423.5959505 0.4468330915893356
498749153.5716963 0.44641297970635874
499423883.5474421 0.4459933131667662
500098613.5231879 0.4455740912992137
500773343.4989337 0.44515531343376935
501448073.47467947 0.4447369789019117
502122803.45042527 0.44431908703652356
502808778.9257668 0.4438946834150869
503483508.9015126 0.4434776822368694
504158238.8772584 0.44306112172111767
504832968.85300416 0.4426450012063134
505507698.82874995 0.44222932003232185
506182428.80449575 0.4418140775403876
506857158.78024155 0.4413992730731295
507543134.2555831 0.44097800355798233
508217864.2313289 0.44056408044644263
508892594.2070747 0.44015059338476864
509567324.1828205 0.43973754172106094
510242054.1585663 0.43932492480477414
510916784.1343121 0.4389127419867126
511591514.1100579 0.4385009926190273
512277489.58539945 0.4380828244422821
512952219.56114525 0.43767194723435265
513626949.53689104 0.43726150153056925
514301679.51263684 0.4368514866884491
514976409.48838264 0.4364419020668354
515662384.9637242 0.43602593141107593
516337114.93947 0.4356172124559239
517011844.9152158 0.4352089217951163
517686574.8909616 0.4348010587927835
518372550.36630315 0.4343868358289551
518946070.8456871 0.434040856558456
519238453.83517694 0.43386459340192474
519350908.83113456 0.43379682116144935
519463363.8270922 0.4337290607394213
519643291.8206244 0.4336206686392607
520093111.8044549 0.4333498206443509
520779087.2797965 0.43293714086364304
521453817.2555423 0.43253165399529947
522128547.2312881 0.4321265906317206
522803277.2070339 0.43172195014684756
523478007.18277967 0.43131773191590006
524152737.15852547 0.4309139353153712
524827467.13427126 0.4305105597230246
525513442.6096128 0.4301008921558869
526188172.5853586 0.4296983637091391
526862902.5611044 0.42929625440115016
527537632.5368502 0.42889456361474904
528212362.512596 0.42849329073401515
528887092.4883418 0.42809243514427653
529561822.4640876 0.4276919962321055
530236552.4398334 0.42729197338531527
530922527.91517496 0.4268857093860987
531597257.89092076 0.42648652374737595
532271987.86666656 0.4260877523347533
532946717.84241235 0.4256893945409919
533621447.81815815 0.4252914497600774
534296177.79390395 0.42489391738721405
534970907.76964974 0.42449679681882235
535656883.2449913 0.4240934791101352
536331613.2207371 0.42369718718305993
537006343.1964829 0.42330130524699244
537681073.1722287 0.4229058327032032
538355803.1479745 0.4225107689541624
539030533.1237203 0.4221161134035345
539705263.0994661 0.4217218654561774
540391238.5748076 0.42132146394739856
541065968.5505534 0.4209280361944999
541740698.5262992 0.42053501425671297
542415428.502045 0.42014239754364957
543022685.4802163 0.41978938848202235
543348804.9684933 0.4195999446637427
543461259.964451 0.41953464108622696
543573714.9604086 0.41946934872327907
543686169.9563663 0.419404067572183
544079762.442218 0.41917567179748494
544765737.9175595 0.4187779384468494
545440467.8933053 0.41838713126550425
546115197.8690511 0.41799672609239164
546789927.8447969 0.4176067223446851
547464657.8205427 0.41721711944071194
548139387.7962885 0.4168279167999513
548814117.7720343 0.4164391138430294
549488847.7477801 0.4160507099917171
550174823.2231216 0.4156562412866879
550849553.1988674 0.41526864054414037
551524283.1746132 0.41488143716978065
552199013.150359 0.4144946305899454
552873743.1261048 0.4141082202320996
553548473.1018506 0.4137222055248343
554223203.0775964 0.41333658589786293
554909178.552938 0.41294494370256996
555583908.5286838 0.41256011909071305
556258638.5044296 0.41217568784555525
556933368.4801754 0.4117916494012882
557608098.4559212 0.41140800319321
558282828.431667 0.411024748657724
558957558.4074128 0.41064188523233364
559632288.3831586 0.41025941235564134
560307018.3589044 0.40987732946734406
560992993.8342459 0.40948927774672955
561667723.8099917 0.40910797963514184
562342453.7857375 0.408727069828307
563017183.7614833 0.4083465477702917
563691913.7372291 0.4079664129062422
564366643.7129749 0.4075866646823826
565052619.1883165 0.40720098311161407
565727349.1640623 0.4068220129320313
566402079.139808 0.4064434277285787
567076809.1155539 0.4060652269517785
567751539.0912997 0.40568741005321574
568426269.0670455 0.40530997648553646
569100999.0427912 0.40493292570244277
569786974.5181328 0.4045499825849454
570461704.4938786 0.40417370209332726
571136434.4696244 0.4037978027446745
571811164.4453702 0.40342228399690766
572485894.421116 0.403047145308991
573160624.3968618 0.4026723861409284
573722899.3766499 0.40236037635634664
574217701.3588635 0.40208602520211284
574836203.8366305 0.4017433722018146
575510933.8123763 0.4013699308261542
575983244.7953984 0.40110874627639986
576455555.7784203 0.4008477463279717
577130285.7541661 0.40047520912266155
577816261.2295077 0.4000968482397599
578490991.2052535 0.39972506841482247
579165721.1809993 0.3993536633491718
579840451.1567451 0.39898263251296423
580515181.1324909 0.3986119753773668
581189911.1082367 0.398241691414555
581864641.0839825 0.39787178009770974
582550616.559324 0.39749608506409684
583225346.5350698 0.39712692365155017
583900076.5108156 0.3967581333017969
584574806.4865614 0.39638971349203034
585249536.4623072 0.39602166370043546
585924266.438053 0.395653983406188
586598996.4137988 0.3952866720894498
587273726.3895446 0.39491972923136826
587959701.8648862 0.39454704784644823
588634431.840632 0.39418084647240464
589309161.8163778 0.3938150119977506
589983891.7921236 0.39344954390756265
590658621.7678694 0.3930844416878891
591333351.7436152 0.3927197048257472
592008081.719361 0.39235533280912205
592694057.1947025 0.39198526141607565
593368787.1704483 0.39162162361771524
594043517.1461941 0.39125834912612417
594718247.1219399 0.39089543743314575
595392977.0976857 0.39053288803157715
596067707.0734315 0.3901707004151685
596585000.0548366 0.38989326793591894
597113538.5358375 0.38961002340628514
597653322.5164341 0.3893209807112334
598204351.9966265 0.3890261540049637
598879081.9723723 0.38866546839846855
599553811.9481181 0.3883051419765807
600228541.9238639 0.387945174238868
600903271.8996097 0.38758556468583216
602252731.8511013 0.3868674181404581
602938707.3264428 0.38650290753981226
603613437.3021886 0.3861447316815199
604288167.2779344 0.3857869115161128
604962897.2536802 0.3854294465496673
605637627.229426 0.3850723362891776
606312357.2051718 0.3847155802425545
606987087.1809176 0.3843591779186222
607661817.1566634 0.38400312882711574
608347792.632005 0.3836415071919405
609022522.6077508 0.38328616896490414
609697252.5834966 0.3829311824968274
610371982.5592424 0.38257654730108315
611046712.5349882 0.38222226289194516
611721442.510734 0.3818683287845833
612396172.4864798 0.3815147444950641
613082147.9618213 0.38115562524799645
613756877.9375671 0.3808027449560624
614431607.9133129 0.38045021302750603
615106337.8890587 0.3800980289819678
615781067.8648045 0.3797461923399725
616455797.8405503 0.37939470262292635
617130527.8162961 0.37904355935311673
617816503.2916377 0.37868691836047663
618491233.2673835 0.3783364723097209
619165963.2431293 0.37798637127040846
619840693.218875 0.37763661476833776
620515423.1946208 0.3772872023301776
621190153.1703666 0.3769381334834625
621864883.1461124 0.3765894077565922
622550858.621454 0.37623522119452224
623225588.5971998 0.3758871859950008
623900318.5729456 0.375539492497881
624575048.5486914 0.3751921402350145
625249778.5244372 0.3748451287391077
625924508.500183 0.37449845754371824
626419310.4823965 0.37424444801067785
626869130.466227 0.3740136886887169
627240231.9528873 0.3738234257396088
627498878.4435898 0.3736908788649358
627926207.4282289 0.37347199742317483
628612182.9035704 0.3731209189413642
629286912.8793162 0.3727759366523744
629961642.855062 0.3724312918907094
630636372.8308078 0.37208698419581937
631311102.8065536 0.37174301310799074
632469389.2649171 0.37115331298422793
632941700.2479392 0.37091313653134095
633616430.223685 0.3705703120603707
634291160.1994308 0.37022782217600175
634977135.6747724 0.36987996665537337
635651865.6505182 0.36953815013679714
636326595.626264 0.3691966668340664
639700245.504993 0.36749423274047355
640386220.9803345 0.3671490838264696
641060950.9560803 0.36680992590059786
641578243.9374855 0.36655012806627596
641949345.4241456 0.36636387059278186
642466638.4055507 0.36610440501140407
643152613.8808923 0.365760629012547
643827343.8566381 0.36542281965192247
644502073.8323839 0.3650853380759139
645176803.8081297 0.3647481838415394
645851533.7838755 0.3644113565066085
646526263.7596213 0.36407485562972375
647200993.7353671 0.3637386807702767
647875723.7111129 0.36340283148844615
648561699.1864544 0.3630617180282921
649236429.1622002 0.36272652399333694
649911159.137946 0.36239165421395814
650585889.1136918 0.36205710825347986
651260619.0894376 0.3617228856760044
651935349.0651834 0.3613889860464104
652610079.0409292 0.36105540893035104
653059899.0247597 0.3608332031463555
653509719.0085902 0.36061114038071723
653937047.9932293 0.3604003131074161
654364376.9778682 0.3601896146828267
655039106.953614 0.35985719503102875
655725082.4289556 0.3595195636323707
656399812.4047014 0.3591877899327467
657074542.3804471 0.3588563358921184
657749272.356193 0.35852520108197905
658424002.3319387 0.35819438507458223
659098732.3076845 0.35786388744293757
659773462.2834303 0.3575337077608109
660448192.2591761 0.35720384560272167
661134167.7345177 0.3568688108104149
661808897.7102635 0.3565395877012987
662483627.6860093 0.3562106808372353
663158357.6617551 0.35588208979575386
663833087.6375009 0.35555381415512805
664507817.6132467 0.3552258534943753
665182547.5889925 0.3548982073932547
665868523.064334 0.35456542255866025
666543253.0400798 0.35423840954418245
667217983.0158256 0.3539117098260838
667892712.9915714 0.3535853229870837
668567442.9673172 0.3532592486106345
669242172.943063 0.3529334862809204
669928148.4184046 0.3526026140424051
670602878.3941504 0.3522774797450765
671277608.3698962 0.3519526562445169
671952338.345642 0.3516281431278294
672627068.3213878 0.35130393998284065
673301798.2971336 0.35098004639809827
