1.0 0.999999998441031
1349460.951491591 0.9956093278242948
2035436.4268331497 0.9934281650804553
2890094.3961111573 0.9908593705504503
6949719.750181694 0.9800418188389034
8973909.67741908 0.9751669235599726
10334615.128506435 0.9720159114556486
11009345.10425223 0.9704848173333362
16924477.891623702 0.9577418143882693
17441770.873028815 0.9566742312684249
19465960.8002662 0.9525546345326898
21636342.22224851 0.9482301098895501
22997047.67333586 0.9455626109957859
26370697.55206484 0.939077663456901
28406132.97889799 0.9352447467094286
31779782.857626967 0.9290084159020752
32454512.833372764 0.9277772868822678
33534080.794566035 0.925818003319761
33927673.28041775 0.9251068259493787
34377493.26424828 0.9242960664707327
35513288.72342037 0.9222582633421734
36559120.185826354 0.9203934159857043
36671575.18178398 0.9201935387638424
37065167.6676357 0.9194949382781924
37739897.64338149 0.9183008074219875
38414627.61912729 0.9171109877462954
40438817.54636468 0.9135666078215667
41124793.02170624 0.9123737384235233
42474252.973197825 0.9100389281252966
43767485.4267106 0.9078157118522249
44442215.402456395 0.9066611885539464
46477650.82928955 0.9032002024066684
52100400.62717117 0.8938001662756009
53449860.57866277 0.8915772422635879
54124590.554408565 0.8904703601318611
54540674.0394518 0.889789283248493
54945512.02489928 0.8891277031539543
55350350.010346755 0.8884671900250183
55743942.49619847 0.8878260405414271
56418672.471944265 0.8867292388453183
57655677.427478224 0.8847259254473024
58892682.38301218 0.8827321438600666
60253387.83409954 0.8805497772384652
60928117.809845336 0.879471736963919
64987743.16391587 0.8730415889131564
65662473.13966166 0.8719819529599774
68305165.54466604 0.8678558459690869
69407224.50505082 0.8661463216302291
69890780.98766865 0.8653982598249094
70565510.96341445 0.8643565087401556
71926216.4145018 0.862262858373267
72600946.3902476 0.861228224459943
73275676.3659934 0.8601959131601903
73950406.3417392 0.8591659068435844
75839650.27382742 0.8562940059657098
76165769.76210454 0.85580004949706
76638080.7451266 0.8550855887728711
77312810.7208724 0.8540668181574159
77987540.6966182 0.8530502541413695
78662270.672364 0.852035881375078
79348246.14770555 0.8510068332069831
81372436.07494293 0.8479832611297582
82047166.05068873 0.8469796593679081
82721896.02643453 0.8459781623031479
84082601.47752188 0.8439648239239553
84757331.45326768 0.8429695952293258
85432061.42901348 0.8419764184314161
86106791.40475927 0.8409852809430606
86781521.38050507 0.8399961703875676
87456251.35625085 0.8390090745930813
89491686.783084 0.8360434216785877
90323853.75317049 0.8348361200009745
90751182.7378095 0.8342173106251113
91178511.7224485 0.8335992822170273
91853241.6981943 0.8326250312123181
93202701.64968589 0.830682306480074
93877431.62543169 0.8297138116519972
94552161.60117747 0.8287472147114271
95226891.57692327 0.8277825054960593
96587597.02801062 0.8258427100383284
97104890.00941573 0.8251072537889905
97622182.99082084 0.824372885273219
98982888.4419082 0.8224463390980549
101007078.36914559 0.8195941099724138
106416163.67470771 0.8120510647528452
107102139.15004927 0.8111024956661542
108451599.10154086 0.8092416462368616
108935155.58415869 0.8085765066500245
109418712.0667765 0.8079122409186252
110093442.0425223 0.8069868136065921
110779417.51786385 0.8060476934050479
112803607.44510125 0.803286617889349
113478337.42084704 0.8023695875360343
114153067.39659284 0.8014542094244065
115513772.84768018 0.7996131943508729
116863232.79917178 0.7977939473809434
117537962.77491757 0.7968867542288848
118212692.75066337 0.7959811724703865
119562152.70215496 0.7941748170737933
120248128.17749652 0.7932590309212981
120922858.15324232 0.7923598564754285
121597588.12898812 0.791462261338733
122272318.1047339 0.7905662393143257
123621778.0562255 0.7887788901296519
124296508.03197129 0.787887550886996
124982483.50731285 0.7869829438407007
126331943.45880444 0.7852080378098949
127006673.43455024 0.7843228847003545
127670157.91070028 0.7834539718684179
128333642.3868503 0.7825865288413519
129008372.3625961 0.7817058852687131
129694347.83793765 0.7808121111743342
131043807.78942925 0.7790583968166328
132393267.74092084 0.7773106525153699
133067997.71666664 0.7764390057696717
134428703.167754 0.7746856708982305
135103433.1434998 0.7738184626581537
135778163.1192456 0.7729527153953363
136452893.0949914 0.772088424031201
137127623.07073718 0.7712255835310686
137802353.04648298 0.7703641889034519
138477083.02222875 0.7695042351993682
139151812.99797454 0.7686457175116642
139837788.4733161 0.7677743582962231
140512518.4490619 0.7669187218152882
141187248.4248077 0.7660645067943104
141682050.40702128 0.7654389831128533
142176852.38923487 0.7648142194497801
142851582.36498067 0.7639634904871503
143526312.34072646 0.7631141666970231
144201042.31647226 0.7622662434652977
144875772.29221806 0.7614197162145389
145550502.26796386 0.7605745804034288
146236477.74330541 0.759716780769845
146911207.7190512 0.7588744373592458
147585937.694797 0.7580334719020778
148935397.6462886 0.756355657275349
149610127.6220344 0.7555187994027805
150970833.07312173 0.75383527014236
151645563.04886752 0.7530025036281033
152320293.02461332 0.752171084874003
152995023.00035912 0.751341009703866
153669752.97610492 0.7505122739718232
154344482.9518507 0.7496848735619098
155019212.9275965 0.7488588043876516
155693942.9033423 0.7480340623916603
156379918.37868387 0.7471969310849913
157054648.35442966 0.746374853339823
157729378.33017546 0.7455540907053677
158404108.30592126 0.7447346392371432
159078838.28166705 0.7439164950178369
159472430.76751876 0.7434398463698337
159866023.25337046 0.7429636404571625
160540753.22911626 0.7421483152991992
161204237.7052663 0.7413478417382009
161867722.18141633 0.7405486167679679
163217182.13290793 0.7389269118600431
163891912.10865372 0.7381179813668428
164465432.58803764 0.7374313941257097
165050198.56701735 0.7367322915080698
165724928.54276314 0.7359268198624305
166399658.51850894 0.7351226146146834
167074388.49425474 0.7343196721438033
167749118.47000054 0.7335179888517799
168423848.44574633 0.7327175611633316
169098578.4214921 0.7319183855256294
169773308.3972379 0.7311204584080193
170459283.87257946 0.7303105087947759
171134013.84832525 0.7295150888754085
171808743.82407105 0.7287209069569847
172483473.79981685 0.727927959595262
173158203.77556264 0.7271362433668712
173832933.75130844 0.7263457548690679
174507663.72705424 0.725556490719491
175193639.2023958 0.7247553238286009
175868369.1781416 0.7239685185745972
176543099.1538874 0.7231829275864617
177217829.1296332 0.7223985475613465
177892559.105379 0.72161537521563
178567289.08112478 0.7208334072847009
179242019.05687058 0.7200526405227408
179927994.53221214 0.7192600890197715
180602724.50795794 0.7184817348175484
181277454.48370373 0.7177045721044796
181952184.45944953 0.716928597708139
182626914.43519533 0.7161538084738671
183301644.4109411 0.7153802012645776
183976374.3866869 0.7146077729605623
184662349.86202845 0.7138236761950195
185202133.8426251 0.7132075343174584
185539498.830498 0.7128228260615322
185753163.3228175 0.7125793286402975
185888109.31796667 0.7124256011332433
186259210.80462685 0.7120030911305303
186630312.29128703 0.7115809336703929
191083530.13120928 0.7065423602680303
191758260.10695508 0.705783308643746
192432990.08270088 0.705025398224408
193118965.55804244 0.704256022867048
193793695.53378823 0.7035004050661695
194468425.50953403 0.7027459197615099
195143155.48527983 0.7019925640957475
195817885.46102563 0.7012403352260301
196492615.43677142 0.7004892303238301
197167345.41251722 0.6997392465748044
197560937.89836892 0.6993022726951426
197898302.88624182 0.6989280261227382
198516805.36400878 0.6982426313489886
199191535.33975458 0.6974959943131899
199866265.31550038 0.6967504673122797
200540995.29124618 0.6960060476007889
201901700.74233353 0.6945081582286202
203251160.69382513 0.6930270628501993
203925890.66957092 0.6922881570743283
204600620.64531672 0.6915503423472908
205275350.62106252 0.6908136160148725
205961326.09640408 0.690065723942806
206636056.07214987 0.6893311845168177
207310786.04789567 0.6885977255539765
207985516.02364147 0.6878653444496803
208660245.99938726 0.6871340386113989
209334975.97513306 0.686403805458564
210009705.95087886 0.685674642422463
210414543.93632632 0.6852376571926516
210729417.9250077 0.684898045142979
211302938.40439162 0.6842800617403432
211943931.88135013 0.6835902829368926
212337524.36720183 0.6831672088733558
212731116.85305357 0.682744495104903
213405846.82879934 0.682020679734502
214091822.3041409 0.6812858821429796
215441282.2556325 0.679843550778493
216790742.20712408 0.6784054089918802
217465472.18286988 0.6776879030589417
218140202.15861568 0.6769714371843218
218814932.13436148 0.6762560089448253
219500907.60970303 0.6755297181344027
220850367.56119463 0.674104062515607
222199827.51268622 0.6726825189341074
222874557.48843202 0.6719732832350318
223549287.46417782 0.6712650684585693
224235262.93951938 0.6705460942763373
224909992.91526517 0.6698399312482758
225584722.89101097 0.6691347821091574
226259452.86675677 0.6684306445468913
226934182.84250256 0.667727516258973
227608912.81824833 0.6670253949524086
228958372.76973993 0.6656241641584683
230993808.19657308 0.6635182032896672
234367458.07530206 0.660047540124343
236402893.50213522 0.657965469131097
237752353.4536268 0.6565899893609022
238427083.4293726 0.6559037077360697
239101813.4051184 0.6552183954262165
239630351.88611928 0.6546822431068839
240170135.8667159 0.6541352947771987
241519595.8182075 0.652770620282947
242194325.7939533 0.6520897234932023
242869055.7696991 0.6514097842106435
243543785.7454449 0.6507308003469355
244218515.7211907 0.6500527698216442
244904491.19653225 0.6493644139554248
245579221.17227805 0.6486882996995701
246253951.1480238 0.6480131325534774
246670034.63306707 0.647597250696675
247288537.11083406 0.6469797110750954
247963267.08657983 0.6463069341196562
248649242.5619214 0.6456239077346686
249323972.53766719 0.64495302417719
250673432.48915878 0.6436140625506398
251348162.46490458 0.6429459804737832
251741754.9507563 0.6425566954577254
252810077.4123538 0.6415016564964061
253496052.88769537 0.6408254341727679
254170782.86344117 0.6401612287032675
254845512.83918697 0.6394979448059445
255520242.81493276 0.6388355805248974
256194972.79067856 0.638174133911222
256869702.76642436 0.6375136030229661
257544432.74217013 0.636853985925083
258219162.71791592 0.6361952806893868
258893892.69366172 0.6355374853945084
259568622.66940752 0.6348805981258501
260243352.6451533 0.6342246169755439
260918082.6208991 0.6335695400424066
261592812.5966449 0.6329153654318984
262278788.07198647 0.6322512109711077
262953518.04773226 0.6315988503085828
263628248.02347806 0.6309473862933089
264302977.99922386 0.6302968170570062
264977707.97496966 0.62964714073783
268362603.3532944 0.6264013416655712
269037333.32904017 0.6257569987883199
269712063.30478597 0.6251135359418897
270386793.28053176 0.6244709513146061
271061523.25627756 0.6238292431008796
271736253.23202336 0.6231884095011729
272410983.20776916 0.6225484487219624
273085713.18351495 0.6219093589757025
273771688.6588565 0.6212605088269113
274446418.6346023 0.6206231702505682
275121148.6103481 0.6199866973506066
275795878.5860939 0.619351088363138
276470608.5618397 0.6187163415300772
277145338.5375855 0.6180824550991072
277820068.5133313 0.6174494273236475
278506043.98867285 0.616806727531886
279180773.96441865 0.6161754260888006
279855503.94016445 0.6155449780667847
280530233.91591024 0.6149153817419627
281204963.89165604 0.6142866353960299
281879693.86740184 0.613658737316222
282554423.84314764 0.6130316857952827
283229153.81889343 0.6124054791314335
283915129.294235 0.6117697000370969
284589859.2699808 0.6111451920140472
285264589.2457266 0.6105215237472592
285939319.2214724 0.6098986935566465
286614049.1972182 0.609276699767447
287131342.17862326 0.6088004032491615
287648635.1600284 0.6083245966174454
288323365.1357742 0.6077047142520758
288998095.11152 0.6070856624128436
289672825.0872658 0.6064674394487615
290347555.0630116 0.605850043714008
291033530.53835315 0.6052232043840455
291708260.51409894 0.6046074719097291
292382990.48984474 0.6039925617308572
293057720.46559054 0.6033784722220761
293732450.4413363 0.6027652017630583
294407180.4170821 0.6021527487384772
295081910.39282787 0.6015411115379796
295767885.8681694 0.6009201150622487
296442615.8439152 0.6003101182287265
297117345.819661 0.5997009323912563
297792075.7954068 0.5990925559591993
298466805.7711526 0.5984849873467605
299141535.7468984 0.5978782249729635
299816265.7226442 0.5972722672616247
300490995.69839 0.5966671126413302
301176971.17373157 0.5960526937756012
301851701.14947736 0.5954491539616041
302526431.12522316 0.5948464125268599
303201161.10096896 0.5942444679188623
303875891.07671475 0.5936433185897524
304550621.05246055 0.5930429629962952
305011686.5358868 0.5926331757239676
305225351.02820635 0.5924433995998553
305652680.01284534 0.5920640851606838
306327409.98859113 0.5914658123890311
307013385.4639327 0.590858376376603
307688115.4396785 0.5902616915149461
308362845.4154243 0.589665791755414
309037575.3911701 0.5890706755849334
309712305.3669159 0.58847634149488
310387035.3426617 0.5878827879810576
311747740.79374903 0.5866881566523953
312422470.76949483 0.5860969488082615
313097200.7452406 0.585506515542674
313771930.7209864 0.5849168553733223
314446660.6967322 0.5843279668221955
315121390.672478 0.5837398484155607
315796120.6482238 0.5831524986839434
316482096.1235654 0.5825561462783869
317156826.0993112 0.5819703422554335
317831556.07505697 0.5813853025001705
318506286.05080277 0.5808010255600209
319181016.02654856 0.5802175099865634
319855746.00229436 0.5796347543355151
320530475.97804016 0.5790527571667103
321216451.4533817 0.5784618361144065
321891181.4291275 0.5778813641874255
322565911.4048733 0.5773016464229392
323240641.3806191 0.576722681397127
327412721.73064727 0.5731593791321412
327918769.2124566 0.5727291100801669
328154924.70396763 0.5725284606464944
328289870.69911677 0.5724138445914263
328683463.18496853 0.5720797169803219
332743088.5390391 0.5686480726061875
333417818.5147848 0.5680802914198841
334092548.4905306 0.5675132406124893
334767278.4662764 0.5669469188264271
335453253.94161797 0.566371904296467
336127983.91736376 0.5658070485890863
336802713.89310956 0.5652429178301689
337196306.3789613 0.564914175805254
337387479.87208927 0.564754589870593
337859790.8551113 0.5643605673153802
338534520.8308571 0.5637982911203068
339209250.8066029 0.5632367351013479
339883980.7823487 0.5626758979287488
340569956.25769025 0.5621064490202702
341548314.72252166 0.5612955646035208
342223044.69826746 0.5607372091870475
342897774.67401326 0.5601795667211064
344247234.62550485 0.5590664154032985
344921964.60125065 0.5585109039414478
345596694.57699645 0.5579561002101313
346271424.55274224 0.5574020029130671
346957400.0280838 0.5568393935216032
347632130.0038296 0.5562867169379752
348306859.9795754 0.5557347428990358
348981589.9553212 0.5551834701223026
349656319.931067 0.554632897328693
350331049.9068128 0.554083023242508
351005779.8825586 0.5535338465914225
351680509.8583044 0.552985366106466
352366485.33364594 0.5524284566424306
353041215.30939174 0.551881376246146
353715945.28513753 0.5513349882081339
354390675.26088333 0.5507892912727694
355065405.2366291 0.5502442841877181
355740135.2123749 0.5496999657039199
356414865.1881207 0.5491563345755762
357100840.6634623 0.5486043462823849
357775570.6392081 0.5480620975446138
358450300.6149539 0.5475205324237651
359125030.5906997 0.5469796496870085
359799760.56644547 0.5464394481047093
360474490.54219127 0.5458999264504162
361149220.51793706 0.5453610835008481
361835195.9932786 0.54481395434433
362509925.9690244 0.5442764764078204
363184655.94477016 0.5437396735048835
363859385.92051595 0.5432035444248452
364534115.89626175 0.5426680879601384
365208845.87200755 0.5421333029062927
365883575.84775335 0.541599188061919
366558305.82349914 0.5410657422287
367244281.2988407 0.5405240902288455
367919011.2745865 0.5399919899355179
368312603.7604382 0.5396819054660996
368425058.7563959 0.5395933514588444
368818651.2422476 0.5392835577622093
369493381.2179934 0.5387530082586838
369909464.7030366 0.538426166453535
370325548.18807983 0.5380995763634517
371000278.16382563 0.5375705051587678
371675008.1395714 0.5370420939766988
372349738.1153172 0.5365143416447974
373024468.091063 0.5359872469935747
373699198.0668088 0.5354608088564886
374373928.0425546 0.5349350260699334
375059903.5178962 0.5344011508657924
375734633.493642 0.533876686175242
376409363.46938777 0.5333528733426824
377084093.44513357 0.5328297112161873
377758823.42087936 0.5323071986467092
378433553.39662516 0.5317853344880707
379108283.37237096 0.531264117596953
379794258.8477125 0.530734876121132
380468988.8234583 0.5302149610866789
381042509.30284226 0.5297735395677569
381627275.2818219 0.5293239409465813
382020867.7676737 0.5290215980028403
382414460.2535254 0.5287194732575553
382909262.23573893 0.5283399685223994
383415309.7175483 0.5279521945398672
384090039.6932941 0.5274357215306313
384764769.6690399 0.5269198863150651
385439499.6447857 0.5264046877761545
386800205.09587306 0.5253676361674449
387474935.0716188 0.5248543515301858
390646165.9576241 0.5224503640922432
391320895.9333699 0.5219406683607067
391995625.9091157 0.5214315985938184
392670355.88486147 0.5209231537035133
393345085.86060727 0.5204153326043695
393783660.344842 0.5200855828849249
394210989.329481 0.5197645410651931
394885719.3052268 0.519258140234613
395560449.2809726 0.5187523596498693
396235179.2567184 0.5182471982367585
396921154.73205996 0.5177342510990428
397595884.70780575 0.5172303350917646
398270614.68355155 0.5167270350312867
398664207.16940325 0.5164337273538377
398776662.1653609 0.5163499635609548
399170254.65121263 0.5160569245850862
399575092.6366601 0.5157557308462253
399687547.6326177 0.5156721050817628
400092385.6180652 0.5153711932057001
400767115.593811 0.5148701629182935
401441845.5695568 0.5143697435998141
402116575.54530257 0.5138699341983654
402791305.52104837 0.5133707336645665
403466035.49679416 0.5128721409515431
404140765.47253996 0.5123741550149183
404826740.9478815 0.511868490268764
405501470.9236273 0.5113717248312145
406176200.8993731 0.5108755630345725
406850930.8751189 0.510380003844407
407525660.8508647 0.509885046228741
408200390.8266105 0.5093906891580442
408875120.8023563 0.5088969316052232
409549850.7781021 0.5084037725456145
410235826.25344366 0.5079030066532595
410910556.22918946 0.5074110514479838
411585286.20493525 0.5069196916594834
412260016.18068105 0.5064289262727677
412934746.15642685 0.5059387542752339
413609476.13217264 0.5054491746566584
414025559.6172159 0.5051475620713684
414430397.60266334 0.5048543168035994
415116373.0780049 0.5043579138611252
415791103.0537507 0.5038702427155841
416454587.5299007 0.5033912729348685
416870671.01494396 0.503091191774814
417016862.5096889 0.5029858108165778
417410454.9955406 0.5027022296310827
418085184.9712864 0.5022165540555027
418771160.446628 0.5017233833263419
419445890.4223738 0.5012388859719148
420120620.39811957 0.5007549713684678
420795350.37386537 0.5002716385306251
421470080.34961116 0.49978888647529834
422144810.32535696 0.4993067142216805
422819540.30110276 0.49882512079123575
423494270.27684855 0.498344105207694
424180245.7521901 0.49785566406705567
424854975.7279359 0.4973758108476627
425529705.7036817 0.4968965325437362
426204435.6794275 0.4964178281880284
426879165.6551733 0.4959396968155184
427553895.6309191 0.4954621374634063
428228625.6066649 0.49498514917110426
428903355.5824107 0.4945087309802312
429589331.05775225 0.49402495593366524
430264061.03349805 0.49354968454107634
430938791.00924385 0.4930749803720886
431613520.9849896 0.49260084247710834
432288250.9607354 0.4921272699087108
432962980.9364812 0.49165426172163457
433637710.912227 0.4911818169727742
434323686.38756853 0.49070207477723093
434998416.36331433 0.49023076343543875
435673146.3390601 0.4897600126998168
436347876.3148059 0.4892898216358488
437022606.2905517 0.4888201893111394
437697336.2662975 0.48835111479540766
438372066.2420433 0.48788259716048
439046796.2177891 0.48741463548028413
439732771.6931307 0.4869394434171076
440407501.66887647 0.48647260010387566
441082231.64462227 0.48600630996438243
441756961.62036806 0.485540572080927
442431691.59611386 0.48507538553787427
443106421.57185966 0.484610749421652
443769906.0480097 0.4841543930993796
444444636.0237555 0.483690845968319
445130611.49909705 0.4832201345290081
445805341.47484285 0.4827576910253628
446480071.45058864 0.48229579341136747
447154801.42633444 0.48183444078567805
447829531.40208024 0.4813736322489667
448504261.37782604 0.48091336690391506
449178991.35357183 0.4804536438552084
449853721.3293176 0.47999446220952807
450539696.8046592 0.4795281816309149
451214426.780405 0.4790700891054729
451889156.7561508 0.4786125353002509
452563886.7318966 0.4781555193298889
453238616.7076424 0.47769904031099464
453913346.6833882 0.47724309736213416
454588076.659134 0.476787689603829
455274052.1344755 0.4763252394562882
455948782.1102213 0.4758709083316574
456623512.0859671 0.4754171097562625
457298242.0617129 0.47496384285841226
457972972.0374587 0.47451110676833874
458647702.01320446 0.4740589006181928
459333677.4885461 0.47359970006827656
460008407.4642918 0.47314855999826955
460683137.4400376 0.47269794726173847
461357867.4157834 0.4722478609984789
464742762.79410815 0.4699978434464628
465395001.7706624 0.46956579624557304
466013504.2484294 0.46915654563454245
466643252.22579217 0.4687403028112162
467329227.7011337 0.46828740984220163
468003957.6768795 0.4678424637706006
468678687.6526253 0.4673980349592828
469353417.6283711 0.4669541225700625
470028147.6041169 0.4665107257665776
470702877.5798627 0.4660678437142824
471377607.5556085 0.46562547558044276
472052337.5313543 0.4651836205341309
472738313.00669587 0.4647349263683409
473413042.98244166 0.464294103528351
474087772.95818746 0.4638537912801446
474762502.93393326 0.46341398879999496
475437232.90967906 0.46297469526595425
476111962.88542485 0.4625359098578492
476786692.86117065 0.4620976317572745
477472668.3365122 0.46165256824055534
478147398.31225795 0.46121531072791805
478822128.28800374 0.46077855806462187
479496858.26374954 0.4603423094393148
480171588.23949534 0.45990656404238806
480846318.21524113 0.4594713210659706
481521048.19098693 0.4590365797039241
482207023.6663285 0.4585951060477024
483556483.6178201 0.45772814080436863
484231213.5935659 0.4572954061729227
484905943.5693117 0.4568631691376923
485580673.5450575 0.45643142890285876
486255403.5208033 0.45600018467429965
486930133.49654907 0.45556943565958685
487616108.9718906 0.4551320143424852
488290838.9476364 0.4547022616054827
488965568.9233822 0.4542730017020384
489640298.899128 0.4538442338464727
490315028.8748738 0.4534159572547758
490989758.8506196 0.45298817114459955
491664488.8263654 0.4525608747352565
492350464.30170697 0.45212695792741003
493025194.27745277 0.4517006467134419
493699924.25319856 0.45127482285523085
494374654.22894436 0.4508494855787039
495049384.20469016 0.45042463411142203
495724114.18043596 0.4500002676825776
496398844.15618175 0.44957638552298784
497084819.6315233 0.4491459343127628
497759549.6072691 0.4487230264297312
498434279.5830149 0.4483006005053904
499109009.5587607 0.4478786557770415
499783739.5345065 0.4474571914835883
500458469.5102523 0.4470362068655332
501133199.4859981 0.4466157011649716
501819174.96133965 0.4461886772133864
502493904.93708545 0.4457691350308407
503168634.91283125 0.44535006948905387
503843364.88857704 0.4449314798364777
504518094.86432284 0.44451336532313535
505192824.84006864 0.4440957252006161
505878800.3154102 0.4436716099560009
506553530.291156 0.44325492425148355
507228260.26690173 0.4428387106895341
507902990.2426475 0.442422968527992
508577720.2183933 0.4420076970262413
509252450.1941391 0.4415928954452072
509927180.1698849 0.44117856304735076
510601910.1456307 0.44076469909666555
511276640.1213765 0.44035130285867286
511962615.5967181 0.4399314953983016
512637345.57246387 0.43951904015296467
513312075.54820967 0.4391070504138561
513986805.52395546 0.4386955254525918
514661535.49970126 0.4382844645422937
515336265.47544706 0.4378738669575867
516010995.45119286 0.4374637319745944
516685725.42693865 0.43705405887093374
517371700.9022802 0.4366380306295637
518046430.878026 0.436229286791274
518721160.8537718 0.4358210026621411
519395890.8295176 0.43541317752574304
520070620.8052634 0.43500581066713234
520587913.78666854 0.43469380598577656
521105206.7680736 0.43438206992959355
521779936.7438194 0.43397586085151874
522454666.7195652 0.43357010753682657
523129396.695311 0.43316480927720047
523804126.6710568 0.4327599653657751
524478856.6468026 0.43235557509713335
525164832.12214416 0.43194490931186597
525839562.09788996 0.43154143174963777
526514292.07363576 0.43113840571091533
527189022.04938155 0.43073583049605674
527863752.02512735 0.4303337054068486
528538482.00087315 0.4299320297465017
529213211.97661895 0.4295308028196465
529887941.95236474 0.4291300239323314
530573917.4277063 0.4287230239857628
531248647.4034521 0.4283231465397348
531923377.3791979 0.4279237150483671
532598107.3549437 0.42752472882336007
533272837.3306895 0.42712618717781003
533947567.3064353 0.42672808942620766
534622297.2821811 0.42633043488443423
535308272.75752264 0.4259266064148176
535983002.73326844 0.42552984360421686
536657732.7090142 0.42513352194806964
537332462.68476 0.4247376407678032
538007192.6605058 0.4243421993862158
538681922.6362516 0.42394719712747414
539356652.6119974 0.423552633317109
540031382.5877432 0.4231585072820119
540717358.0630847 0.422758260567656
541392088.0388305 0.4223650153374064
542066818.0145763 0.42197220586008727
542741547.9903221 0.4215798314680191
543416277.9660679 0.4211878914948646
544091007.9418137 0.4207963852756261
544776983.4171553 0.4203987979266207
545451713.3929011 0.42000816442708705
546126443.3686469 0.4196179626834692
546801173.3443927 0.41922819203611233
547475903.3201385 0.41883885182668334
548150633.2958843 0.4184499413981667
548825363.27163 0.41806146009486184
549511338.7469716 0.4176669433415495
550186068.7227174 0.41727932545157675
550860798.6984632 0.41689213471671405
551535528.674209 0.41650537048650643
552210258.6499548 0.41611903211179546
552884988.6257006 0.41573311894471776
553559718.6014464 0.4153476303386993
554234448.5771922 0.41496256564845424
555595154.0282795 0.41418730537101706
556944613.9797711 0.4134201471595511
557619343.9555169 0.41303719942010175
558294073.9312627 0.4126546717409373
558968803.9070085 0.41227256348570934
559654779.3823501 0.41188451607268584
560329509.3580959 0.41150325172521535
