5849 0.9984681464642345 0.00019386251830009064
5872 0.9988047927954947 6.161881616042057e-05
5950 0.9866825923904122 0.00031498125975639265
5979 0.9909163202379805 0.000603948521200232
6024 0.9903917792379319 0.0008432880603223149
6026 0.9926418320167161 0.00039978083208703455
6031 0.9886830327510686 0.0007878943610997262
6046 0.9901755297538265 0.0006556067851738
6050 0.9922457247342 0.0006209163622448325
6052 0.9924925491214388 0.00038128786264494637
6061 0.9947980708910577 0.00018337687395597892
6091 0.9909461321605886 8.085913670187639e-05
6097 0.9972689834312045 8.086957671273134e-05
6104 0.99418987407542 0.00012046371327844991
6106 0.9969166940531039 8.303095121183926e-05
6110 0.9974005269751535 8.457071073310956e-05
6140 0.9960962585352837 0.00015117321002035202
6142 0.9988471737670919 5.149670560369007e-05
6143 0.9985163879217226 4.462226556904637e-05
6161 0.9975633011501 5.897220331428755e-05
6165 0.995600253977401 6.843481632091653e-05
6171 0.9920484810508791 0.00010413041757575012
6174 0.9980854036156158 5.231093766541971e-05
6175 0.9973772635835495 5.139327255369958e-05
6177 0.9975278237457511 6.145326992296203e-05
6186 0.9975709186892411 4.9683824426592815e-05
6189 0.9969122338785874 6.55747614259873e-05
6191 0.998420134777946 5.003379957949463e-05
6240 0.9935340573635544 0.000259473030583947
6241 0.9958479729116465 0.0002474151174150674
6243 0.9928986901515237 0.00039375329699553043
6245 0.9956032683056857 0.00023881684288967455
6252 0.9950747450072388 0.00019313816751927602
6253 0.9952329052273919 0.0002991822186096958
6255 0.9891362717390902 0.0010953917944191021
6259 0.997297112744954 0.0002250955007070261
