1.0 0.9999999979975609
2035436.4268331497 0.9915240032926314
10042232.13901659 0.9658517382611524
11706566.079189552 0.961216475867324
12145140.563424319 0.9600179720126462
14158084.991065942 0.9546236283152292
14979006.46155666 0.9524690177673785
15406335.446195664 0.9513568768893286
17925327.355646633 0.944920164215405
19128595.812393304 0.9419105167183879
22187371.70244091 0.9344234137039807
23536831.6539325 0.931187355527292
31959710.85115918 0.9117486653757689
34669876.25373813 0.9057304296218115
38718256.108212896 0.8969216100150618
45881639.350714095 0.8818058180850383
50492294.18497703 0.87235948120497
56576109.46628495 0.860197806341899
60624489.32075973 0.8522814003193165
61310464.79610129 0.8509532552836132
61985194.77184708 0.8496505368539817
74164070.83405869 0.8267260683646985
75513530.78555028 0.8242510945703982
78201205.1889377 0.8193583197993155
79258282.15093945 0.8174470793830534
79606892.63840811 0.8168183791787949
80922616.0911124 0.8144526435820583
84982241.44518295 0.8072227852155951
86331701.39667453 0.804842315460563
89705351.27540351 0.7989397016737205
91853241.6981943 0.7952171758674624
92527971.67394009 0.7940533989198343
93011528.1565579 0.7932209923808464
95519274.56641312 0.7889257684171889
98229439.96899205 0.7843241262528842
98904169.94473785 0.783184901027523
102963795.2988084 0.7763835686813618
104313255.25029999 0.7741425850790251
104987985.22604577 0.7730257553332736
105673960.70138733 0.7718927992652492
107698150.62862472 0.7685641602753848
110127178.54130958 0.7645980837147324
110520771.0271613 0.763958307621068
111195501.0029071 0.762863400227025
114704096.87678523 0.7572072241981076
115378826.85253103 0.7561266071329585
116053556.82827683 0.7550482605300821
116728286.80402263 0.753972175083959
119764571.6948787 0.7491575273758866
123835442.548545 0.7427724696586537
125184902.5000366 0.7406733189381484
127209092.42727397 0.7375406487940436
128569797.87836133 0.7354455319778288
129244527.85410713 0.7344098076444472
130593987.80559872 0.7323446378855215
133866428.18796583 0.727371035856442
135215888.1394574 0.7253341143988057
136576593.59054476 0.7232884371298545
141299703.42076534 0.7162509532024981
142413007.8807459 0.7146062360474973
143515066.8411307 0.7129833746687082
144189796.8168765 0.7119923478275063
150959587.57352597 0.7021552219105878
151634317.54927176 0.7011852197104861
152309047.52501756 0.7002170855133363
153658507.47650915 0.6982863969183645
154333237.45225495 0.6973238305138443
156368672.8790881 0.6944312362601057
160034705.7473069 0.6892631881288317
162070141.17414007 0.6864167510339355
163419601.12563166 0.6845385416003621
166804496.5039564 0.6798583777566255
167479226.4797022 0.6789307121446415
169503416.4069396 0.6761581054666741
171538851.83377275 0.6733857002352198
172213581.80951855 0.6724701000442063
172888311.78526434 0.6715561988077468
174237771.7367559 0.6697334730275576
175216130.20158732 0.6684162109590704
175890860.17733312 0.6675098092202608
177251565.62842047 0.6656869791785357
177926295.60416627 0.6647856057131957
179275755.55565786 0.6629878251250125
184010110.8854742 0.6567324748608728
184617367.8636454 0.6559359112092307
185224624.84181663 0.6551406519047671
185899354.81756243 0.6542585561804366
186574084.79330823 0.6533780620720492
187923544.7447998 0.6516218605644681
188598274.7205456 0.650746144152219
189284250.19588715 0.6498574558401428
189958980.17163295 0.6489849284369009
190633710.14737874 0.648113975668791
191308440.12312454 0.6472445931282986
194018605.5257035 0.6437683052125291
194693335.5014493 0.642906734210638
195368065.47719508 0.6420467073621146
196717525.42868668 0.6403312690989581
197392255.40443248 0.6394758492212166
198066985.38017827 0.6386219565702803
198640505.8595622 0.6378973454745762
199214026.3389461 0.6371738322207258
200574731.79003346 0.6354616389367467
201148252.2694174 0.634741809483525
201721772.74880132 0.6340230668066108
204420692.6517845 0.6306552640696066
205095422.6275303 0.629817034896936
206456128.07861766 0.6281311056738168
207130858.05436346 0.6272973309225983
207805588.03010926 0.6264650248486965
208401599.5086847 0.625731039671619
208727718.99696183 0.6253299079513723
209121311.48281354 0.6248462374667235
209514903.96866527 0.6243630628241732
209706077.46179324 0.6241285566759366
210189633.94441107 0.6235359148165959
210594471.92985854 0.6230403227641917
210898100.41894415 0.6226689710366349
211449129.89913654 0.6219957846091805
212123859.87488234 0.6211727860266791
212517452.36073405 0.6206933688046625
212922290.34618154 0.6202007643849982
213484565.3259697 0.6195174487767062
214046840.30575785 0.6188351279283291
215317581.76007912 0.6172967359313406
215711174.24593082 0.6168212672458591
216194730.72854865 0.616237781458321
216869460.70429444 0.6154248315827651
217544190.68004024 0.6146132954547283
218038992.66225383 0.6140190653433062
218533794.64446738 0.6134255920867957
219219770.11980894 0.6126040716296777
219894500.09555474 0.6117974314050743
221243960.04704633 0.6101883394222668
221918690.02279213 0.6093858804515668
222593419.99853793 0.6085848080443973
223942879.95002952 0.6069868086579515
224628855.42537108 0.6061766039859249
225978315.37686267 0.6045868950735013
226653045.35260847 0.603794090325026
227327775.32835427 0.6030026473995008
228002505.30410007 0.6022125628277609
228677235.27984586 0.601423833154517
229363210.75518742 0.6006233433982914
230037940.73093322 0.5998373356493865
231387400.6824248 0.598269350425492
232062130.6581706 0.5974873661628901
232736860.63391638 0.5967067162970283
234086320.58540797 0.5951494063264092
234772296.06074953 0.5943598062946956
235447026.03649533 0.593584482530242
236121756.01224113 0.5928104764351736
236796485.98798692 0.5920377847139564
237471215.96373272 0.5912664040837613
238145945.93947852 0.5904963312743843
238820675.9152243 0.5897275630281611
239416687.39379975 0.5890495669588506
239765297.88126844 0.588653472973037
240215117.86509895 0.5881428954090472
240889847.84084475 0.5873781076405977
241564577.81659055 0.5866146113149908
241958170.30244225 0.5861698335826824
242306780.7899109 0.5857762531600118
242925283.2676779 0.5850788090419893
243600013.2434237 0.5843191892590358
244274743.2191695 0.5835608481570149
244960718.69451106 0.5827911756178139
245635448.67025685 0.5820354036274478
246310178.64600265 0.5812809008591489
246984908.62174845 0.5805276642008017
249683828.52473164 0.5775273168270623
250369804.0000732 0.5767679258107543
251719263.95156476 0.575277802519039
252393993.92731056 0.57453460474249
253068723.90305635 0.5737926455277343
254429429.3541437 0.5723001163702583
256453619.2813811 0.5700890701030598
257128349.2571269 0.5693544999651234
257803079.2328727 0.5686211475685414
258477809.2086185 0.5678890099885491
259152539.1843643 0.5671580843108036
260513244.63545164 0.5656877254154727
261862704.58694324 0.5642343510667471
262537434.56268904 0.5635094614795926
263617002.5238823 0.5623521216923802
264010595.009734 0.5619309333309913
264696570.48507556 0.5611978284120468
265360054.9612256 0.5604899255140708
266034784.9369714 0.5597711971477175
267384244.888463 0.5583372774912108
268070220.36380455 0.55761017061308
268744950.3395503 0.556896164861638
269419680.3152961 0.5561833279106007
270094410.2910419 0.5554716570066298
270769140.2667877 0.5547611494058469
272118600.2182793 0.5533436131853271
272793330.1940251 0.5526365791246762
276178225.57234985 0.5491069626741711
276852955.54809564 0.5484068218247281
277527685.52384144 0.5477078173048062
279338210.9587593 0.5458377503349972
279788030.9425899 0.5453743974695252
281137490.8940815 0.5439873355103484
282486950.84557307 0.5426047523448932
283172926.3209146 0.5419036496329003
283847656.2966604 0.541215161605342
284522386.2724062 0.5405277829331278
285197116.248152 0.5398415110630611
286546576.19964355 0.5384722775585852
287907281.6507309 0.5370960856102597
288582011.6264767 0.5364153279605929
289256741.6022225 0.535735661927342
289931471.5779683 0.535057085015424
290606201.5537141 0.5343795947378727
291280931.5294599 0.5337031886157974
291955661.5052057 0.5330278641783448
292630391.4809515 0.5323536189626589
293991096.93203884 0.5309971639040683
295340556.88353044 0.5296562245049726
300074912.2133468 0.5249853873701034
300749642.1890926 0.5243239385394223
301424372.1648384 0.5236635375449883
302099102.1405842 0.523004182032155
302773832.11632997 0.5223458696537113
303459807.5916715 0.521677652348
304134537.5674173 0.5210214365142588
304809267.5431631 0.5203662567788541
305483997.5189089 0.5197121108240942
306158727.4946547 0.5190589963395488
306833457.4704005 0.5184069110220176
307508187.4461463 0.5177558525754954
308182917.4218921 0.5171058187111385
309543622.87297946 0.5157980243791537
310218352.84872526 0.5151510675428255
310623190.8341727 0.5147633810062695
311028028.8196202 0.5143760595481912
311702758.795366 0.5137313337502813
312377488.7711118 0.5130876184642031
313052218.7468576 0.5124449114518327
313738194.22219914 0.5117925239765151
314412924.19794494 0.5111518435362388
315087654.17369074 0.5105121646596524
315762384.14943653 0.5098734851361465
316437114.12518233 0.5092358027618833
317786574.0766739 0.5079634206794188
318461304.0524197 0.5073287165971345
319147279.5277613 0.5066844473494295
319822009.5035071 0.5060517343175821
320496739.4792529 0.5054200053164889
321171469.4549987 0.5047892581889928
321846199.43074447 0.5041594907844716
322520929.40649027 0.5035307009588101
323195659.38223606 0.5029028865743704
323870389.35798186 0.502276045499964
325231094.8090692 0.5010148679729862
325905824.784815 0.5003909502036813
326580554.7605608 0.4997679972485498
327041620.2439871 0.49934286655118637
330212851.1299923 0.4964309226101129
330887581.1057381 0.49581407918064624
331562311.0814839 0.49519818521277087
332248286.55682546 0.4945729975586425
332923016.53257126 0.4939590120982429
333316609.01842296 0.49360128965810457
333710201.50427467 0.49324388779267064
334384931.48002046 0.4926319435453577
335070906.955362 0.49201076270153826
335745636.9311078 0.4914007097959005
336420366.9068536 0.49079159170153674
337095096.8825994 0.49018340640820457
337769826.8583452 0.4895761519115671
338444556.834091 0.48896982621316665
340412519.2633496 0.48720666274779145
341019776.2415208 0.48666418502487524
341694506.2172666 0.48606230522829763
342369236.1930124 0.4854613427209135
342987738.67077935 0.4849112645623125
343617486.6481421 0.48435197366225063
344292216.6238879 0.48375361470063616
344966946.5996337 0.48315616551713997
345641676.5753795 0.4825596241745301
346316406.5511253 0.4819639887411784
347665866.5026169 0.48077542790361594
348340596.4783627 0.48018249866396123
349026571.95370424 0.47958060807849967
349701301.92945004 0.47898948833435073
350274822.408834 0.4784877398516804
350848342.88821787 0.47798663641326855
351534318.3635594 0.47738812293903843
352209048.3393052 0.4768003178567047
352883778.315051 0.476213400170544
353558508.2907968 0.4756273680076623
354233238.2665426 0.47504221950051023
355582698.2180342 0.47387456600978906
356268673.69337577 0.4732823562682559
356943403.66912156 0.472700738403029
357618133.64486736 0.472119994904564
358292863.62061316 0.4715401239370211
358967593.59635895 0.4709611236697576
359642323.57210475 0.47038299227730784
360317053.54785055 0.46980572793936315
360991783.52359635 0.46922932884075186
361677758.9989379 0.4686442082151406
362352488.9746837 0.46806954851526816
363027218.9504295 0.46749574860987747
363701948.9261753 0.4669228067042275
364376678.9019211 0.4663507210086143
365051408.8776669 0.46577948973835215
366400868.8291585 0.464639583360106
367761574.28024584 0.46349361670514183
368436304.25599164 0.46292664504366265
369111034.23173743 0.4623605171744986
369785764.20748323 0.461795231347631
370460494.183229 0.4612307858179057
372271019.6181469 0.45972032948793295
372720839.6019774 0.4593459933319702
373406815.07731897 0.4587758431118813
374081545.05306476 0.4582158775652758
374756275.02881056 0.4576567413178834
375431005.00455636 0.4570984326598248
376105734.98030216 0.45654094988593286
376780464.95604795 0.4559842912957363
378141170.4071353 0.4548641965771829
378815900.3828811 0.4543100140195079
379490630.3586269 0.45375664886225153
380165360.3343727 0.4532040994282326
380840090.3101185 0.45265236404486037
381514820.2858643 0.4521014410441175
382189550.2616101 0.45155132876254384
382875525.73695165 0.45099287733263893
383550255.71269745 0.4504443949599365
384224985.68844324 0.4498967183157315
385574445.63993484 0.4488037756359759
386923905.59142643 0.4477140361843229
388284611.0425138 0.44661844571229
388959341.0182596 0.446076376572432
389634070.9940054 0.4455351000958993
390308800.9697512 0.44499461467276247
396392616.2510591 0.44015669571033583
397067346.2268049 0.4396240461293536
397742076.20255065 0.4390921701497411
398428051.6778922 0.43855222101250585
399102781.653638 0.4380219003918121
399575092.6366601 0.4376511335518858
400047403.61968213 0.43728074294803854
400722133.59542793 0.43675226511868204
401396863.5711737 0.4362245524969216
402071593.5469195 0.43569760354634035
402746323.5226653 0.4351714167346013
403421053.4984111 0.434645990533431
404107028.9737527 0.43411258538917885
404781758.9494985 0.4335886884537617
405456488.9252443 0.43306554754310506
406131218.90099007 0.43254316114511815
406805948.87673587 0.43202152775170416
408155408.82822746 0.43098051396608844
408830138.80397326 0.43046113057753277
409516114.2793148 0.4299338565815709
410190844.2550606 0.42941597814115423
410865574.2308064 0.42889884371509757
411315394.2146369 0.4285545000411156
411776459.69806325 0.4282018898109294
413811895.12489635 0.4266493711032249
414205487.6107481 0.4263499344707326
414317942.6067057 0.42626442711372325
414711535.09255743 0.42596531210528876
415386265.0683032 0.4254531245762716
415937294.54849565 0.42503538169156385
416488324.028688 0.42461812669601984
417163054.0044338 0.42410786552928925
417837783.9801796 0.4235983332641798
419187243.9316712 0.422581449678608
419861973.907417 0.4220740954873903
420536703.8831628 0.4215674644562576
421222679.35850435 0.4210531294440931
421863672.83546287 0.42057319421643535
422515911.81201714 0.42008550508334563
423168150.7885714 0.4195984864814961
423820389.7651257 0.4191121371357205
424495119.7408715 0.4186097200396218
425169849.7166173 0.4181080163851921
426530555.16770464 0.4170984117977169
427205285.14345044 0.4165988518859913
427880015.11919624 0.41609999981055923
428554745.09494203 0.4156018541848845
429229475.07068783 0.41510441362599154
429904205.04643357 0.41460767675445415
430410252.52824295 0.414235585067812
430916300.01005226 0.4138638878521457
431591029.98579806 0.41336890418718913
432265759.96154386 0.412874619409372
432940489.93728966 0.4123810321550911
433626465.4126312 0.4118799321030331
434402404.8847389 0.41131397952171134
434807242.8701864 0.41101906398899124
435481972.8459322 0.4105280918919778
436156702.821678 0.41003781086634283
436820187.297828 0.40955637377871007
437483671.77397805 0.40907560234506385
438158401.74972385 0.40858736360500963
438833131.72546965 0.4080998106265019
439384161.205662 0.40770215013590244
439890208.6874714 0.4073373532101002
440531202.1644299 0.4068758280338036
441048495.145835 0.40650381737338537
441565788.1272401 0.40613220645327336
442060590.1094537 0.40577712603083455
442341727.5993478 0.40557553828904613
442802793.08277404 0.40524518900148826
443320086.0641792 0.40487492931279395
443848624.54518 0.4044970306845126
444320935.5282021 0.40415968431179417
444782001.0116284 0.4038306884331545
445456730.9873742 0.40334979724829967
447559639.4117819 0.4018553219594383
448020704.8952082 0.4015285242842947
452755060.2250245 0.3981908062104308
453441035.7003661 0.39770989008013735
454115765.6761119 0.39723751973971655
454790495.6518577 0.3967658045843431
455465225.6276035 0.39629474336070936
456139955.60334927 0.39582433481862944
456814685.57909507 0.3953545777110297
457286996.56211716 0.39502613467295417
457748062.04554343 0.39470581860503157
458152900.0309909 0.39442481514819344
458557738.01643836 0.39414404487497284
459120012.99622655 0.39375447250227846
459682287.97601473 0.39336534871532036
460244562.95580286 0.3929766728019197
460795592.4359953 0.3925962042487735
461470322.4117411 0.39213090829970515
461998860.8927419 0.39176687473774185
462527399.3737428 0.3914032343378719
463876859.3252344 0.3904765701160293
464551589.3009802 0.3900141946420692
465226319.276726 0.3895524553129442
465912294.75206757 0.38908367122183984
466587024.72781336 0.3886232111190601
467261754.70355916 0.38816338353166224
467936484.67930496 0.387704187262454
468611214.65505075 0.3872456211171862
469285944.63079655 0.38678768390454243
469960674.60654235 0.3863303744361312
470635404.58228815 0.38587369152647566
471321380.0576297 0.3854100383257174
471996110.0333755 0.3849546153820544
472670840.00912124 0.38449981543852596
473345569.98486704 0.38404563732127217
474020299.96061283 0.38359207985930144
474695029.93635863 0.38313914188448317
475381005.4117002 0.3826792888025913
476055735.387446 0.3822275965852399
476730465.3631918 0.3817765203484178
477405195.3389376 0.38132605893539306
478079925.3146834 0.38087621119224946
478754655.2904292 0.380426975967878
479440630.76577073 0.37997088022287373
480115360.74151653 0.37952287675462854
480790090.7172623 0.37907548234955973
481464820.6930081 0.37862869586774417
482139550.6687539 0.3781825161720237
482735562.1473294 0.3777888945952099
483331573.62590486 0.3773957448148121
484017549.1012464 0.37694383465231673
484692279.0769922 0.37649994038905393
485367009.052738 0.37605664751043183
486041739.0284838 0.37561395489510635
486716469.0042296 0.37517186142443937
487391198.9799754 0.37473036598249065
488065928.95572114 0.3742894674560089
488751904.4310627 0.3738418313972097
489426634.4068085 0.37340213327487104
490101364.3825543 0.37296302872590276
490776094.3583001 0.37252451664777286
491450824.3340459 0.372086595940598
492125554.3097917 0.37164926550713495
492800284.2855375 0.3712125242527726
493486259.76087904 0.3707691068422664
494160989.73662484 0.37033355044684113
494835719.71237063 0.3698985799443045
495510449.68811643 0.3694641942505365
496185179.6638622 0.36903039228400963
496859909.639608 0.3685971729657803
497534639.6153538 0.36816453521948145
498220615.0906954 0.36772528192918247
498895345.0664412 0.36729381375596204
499570075.042187 0.3668629239231603
500244805.0179328 0.36643261136467925
500919534.99367857 0.3660028750169593
501594264.96942437 0.3655737138189693
502268994.94517016 0.36514512671220145
502943724.92091596 0.3647171126406615
503607209.397066 0.3642967899043168
504203220.87564147 0.36391968259696517
504799232.3542169 0.36354302006500966
505473962.3299627 0.3631171455133332
506148692.30570847 0.3626918390150199
506823422.28145427 0.36226709952838754
507498152.25720006 0.36184292601421775
508172882.23294586 0.36141931743574945
508847612.20869166 0.36099627275866947
509533587.6840332 0.36056675435053775
510208317.659779 0.3601448437383516
510883047.6355248 0.359723493922142
511557777.6112706 0.35930270387736035
512232507.5870164 0.35888247258187034
512907237.5627622 0.3584627990159416
513593213.03810376 0.35803670159215284
514267943.01384956 0.35761814968877714
514942672.98959535 0.3572001524532763
515617402.96534115 0.35678270887551
516292132.94108695 0.3563658179477073
516966862.91683275 0.35594947866446003
517641592.89257854 0.3555336900227163
518316322.86832434 0.3551184510217729
519002298.3436659 0.35469685379983795
519677028.3194117 0.3542827202067601
520351758.2951575 0.35386913324985386
521026488.2709033 0.35345609193778055
521701218.2466491 0.3530435952815158
522375948.2223949 0.35263164229434246
523050678.1981407 0.35222023199184405
523725408.1738865 0.35180936339189806
524400138.1496323 0.35139903551466917
525086113.62497383 0.35098242214768416
525760843.60071963 0.3505731817567455
526435573.5764654 0.3501644791464754
527110303.5522112 0.3497563133461578
527785033.527957 0.3493486833873295
528459763.5037028 0.34894158830377536
529134493.4794486 0.3485350271315201
529809223.45519435 0.34812899890882326
530495198.9305359 0.3477167489073094
531169928.9062817 0.3473117925498571
531844658.8820275 0.3469073662541793
532519388.8577733 0.34650346906744306
533194118.8335191 0.3461001000390164
533868848.8092649 0.34569725822046293
534543578.7850107 0.3452949426655347
534959662.270054 0.3450471099905775
535375745.7550972 0.3447994768619576
536061721.23043877 0.34439165193188387
536736451.20618457 0.34399104022504723
537411181.1819303 0.34359095078455365
538085911.1576761 0.3431913826755427
538760641.1334219 0.3427923349653033
539435371.1091677 0.34239380672326775
540110101.0849135 0.3419957970210051
540784831.0606593 0.34159830493221555
541470806.5360008 0.3411947176483183
542145536.5117466 0.3407982666043893
542820266.4874924 0.3404023303924436
543494996.4632382 0.3400069080946786
544169726.438984 0.3396119987953923
544844456.4147298 0.33921760158097664
545519186.3904756 0.33882371553991264
546193916.3662214 0.3384303397627629
546879891.841563 0.3380309298787128
547554621.8173088 0.3376385803759089
548229351.7930546 0.33724673840610564
548904081.7688004 0.3368554030681696
549578811.7445462 0.3364645734630207
