1.0 0.9999999976472211
4059626.3540705363 0.9904588951175628
4655637.832645989 0.9890660207327533
5937624.786563001 0.9860790128717304
10424579.12527254 0.9757253310073466
12741152.041999772 0.9704422564779496
13415882.017745567 0.9689114972393011
14090611.993491363 0.9673843372396866
14765341.969237158 0.9658607693640522
16114801.920728749 0.9628243780210344
21029085.24407729 0.9518868609451198
21703815.21982309 0.9503997025348813
22378545.195568882 0.9489160272931614
27765139.501939483 0.937194971812917
28439869.47768528 0.935742104409664
29114599.453431077 0.9342926126080136
29789329.42917687 0.9328464856702801
30475304.90451843 0.931379695028219
31026334.38471083 0.9302039567228431
31577363.86490323 0.9290304424045718
32252093.840649024 0.9275965065456097
32926823.81639482 0.926165886005998
33601553.79214062 0.9247385702272253
34287529.26748218 0.9232908428457548
34962259.243227966 0.9218701597049945
35636989.21897376 0.92045274970518
36986449.17046536 0.9176277075622035
37661179.146211155 0.9162200547389553
38335909.121956944 0.9148156336974264
39696614.5730443 0.9119931734088383
40371344.5487901 0.9105984397399439
41046074.524535894 0.9092068970001949
41720804.50028169 0.9078185351261991
42395534.47602748 0.9064333440974975
43070264.45177328 0.9050513139365501
43744994.427519076 0.9036724347086877
44430969.902860634 0.9022737941077036
45105699.87860643 0.9009012392164047
45780429.85435222 0.899531805547419
46455159.83009802 0.8981654833372404
47129889.805843815 0.8968022628646107
47804619.78158961 0.8954421344503388
48479349.75733541 0.8940850884571099
49154079.7330812 0.8927311152892818
49840055.20842276 0.8913577161262093
51189515.15991435 0.8886651496096067
51864245.13566015 0.8873234231140914
52538975.11140594 0.8859847219270213
53213705.087151736 0.8846490366987739
53888435.06289753 0.8833163581197857
54563165.03864333 0.8819866769203069
55249140.51398489 0.8806378975831844
55923870.489730686 0.8793142330631573
56598600.465476476 0.8779935381975981
57273330.44122227 0.8766758038741804
60658225.81954701 0.8701095310117479
61332955.79529281 0.8688094190943343
62682415.746784404 0.8662178794739711
63357145.72253019 0.8649264341875498
64031875.69827599 0.8636378602554422
64706605.67402179 0.86235214897674
65392581.14936335 0.8610479348620363
66067311.12510914 0.8597679702805786
66742041.10085494 0.858490842321414
67416771.07660073 0.857216542426487
68091501.05234653 0.855945062072739
68766231.02809232 0.8546763927718863
69452206.50343388 0.853389451988085
70081954.48079662 0.8522105409422059
70711702.45815937 0.8510340569970835
71386432.43390517 0.8497762241070433
71971198.41288485 0.8486883432656976
72544718.89226878 0.8476233990153093
73219448.86801457 0.8463730722401496
74310262.32880361 0.8443575187282626
74996237.80414517 0.8430936682068505
75670967.77989097 0.841853285447809
76345697.75563677 0.8406156207145212
77020427.73138255 0.8393806659270125
77695157.70712835 0.8381484130373563
78369887.68287414 0.8369188540294814
79044617.65861994 0.835691980918983
79719347.63436574 0.8344677857529371
80405323.1097073 0.8332259244333717
81080053.0854531 0.8320071057246523
81754783.06119889 0.83079094115792
82429513.03694469 0.8295774229048509
82980542.51713708 0.8285883406164593
83306662.00541422 0.8280037925951357
83778972.98843627 0.8271582941790883
84453702.96418206 0.8259526682019034
85128432.93992786 0.8247496575290538
86061809.40637621 0.8230897897540213
86736539.38212201 0.8218929813253815
87411269.3578678 0.8206987623460165
88085999.3336136 0.8195071252385764
88479591.81946531 0.818813192912505
88884429.80491279 0.8181003462597406
89559159.78065859 0.8169143200480381
90233889.75640438 0.815730851780371
90908619.73215018 0.8145499340002836
91583349.70789598 0.8133715592798099
92258079.68364178 0.8121957202193193
92944055.15898333 0.8110028756461898
93618785.13472912 0.8098321277730408
94293515.11047491 0.8086638934077729
94968245.08622071 0.8074981652630356
95642975.06196651 0.8063349360790589
96317705.0377123 0.805174198623505
96992435.0134581 0.8040159456913251
97678410.48879966 0.8028409281260271
98229439.96899205 0.8018989110392026
98780469.44918446 0.8009585374737367
99455199.42493026 0.7998092923403582
100129929.40067606 0.7986624985811918
100815904.87601762 0.797499097320833
101490634.85176341 0.7963572257380207
102165364.8275092 0.7952177843312949
102840094.80325499 0.7940807661262199
103514824.77900079 0.7929461641743113
104189554.75474659 0.7918139715529037
104875530.23008814 0.7906653718433357
106224990.18157974 0.7884130509299327
106899720.15732554 0.7872904665563074
107574450.13307133 0.7861702571695486
108249180.10881713 0.7850524159996086
108935155.58415869 0.7839183649416623
109609885.55990447 0.7828052791838438
110284615.53565027 0.7816945413703568
111634075.48714186 0.7794800829180586
112308805.46288766 0.7783763490110489
112983535.43863346 0.7772749365117336
114344240.88972081 0.7750607891615259
115018970.86546661 0.773966339846447
115693700.8412124 0.7728741856794785
116683304.80563956 0.7712764977004951
117076897.29149128 0.7706424175294061
118426357.24298288 0.768474298832043
119112332.71832444 0.767375644781915
119787062.69407022 0.7662972764973974
120461792.66981602 0.7652211580817314
121136522.64556181 0.7641472832204323
121811252.62130761 0.7630756456217332
122485982.59705341 0.7620062390164791
123160712.5727992 0.7609390571580186
128581043.37795709 0.7524460014479241
129255773.35370289 0.7513986370863739
129930503.32944869 0.7503534360194516
130605233.30519448 0.7493103922419585
131279963.28094028 0.7482694997699779
131954693.25668608 0.7472307526407772
132640668.73202763 0.7461768862089766
133315398.70777343 0.7451424474693582
133990128.68351921 0.7441101362123114
134664858.659265 0.7430799465592268
135339588.6350108 0.7420518726522005
136014318.6107566 0.7410259086539424
137273814.56548208 0.7391164009914839
137847335.04486603 0.738249312174443
138533310.52020758 0.7372141872914957
139208040.49595338 0.7361981316114893
139882770.47169918 0.7351841527663957
140557500.44744498 0.7341722450553259
141232230.42319077 0.7331624027972992
141918205.89853233 0.7321378413755792
142592935.87427813 0.7311321472480524
143267665.8500239 0.7301285015556721
143942395.8257697 0.7291268986965413
144617125.8015155 0.7281273330882339
145291855.7772613 0.7271297991677086
145977831.25260285 0.7261177167294025
146652561.22834864 0.72512426320273
147327291.20409444 0.7241328246985826
148002021.17984024 0.723143395730929
148676751.15558603 0.7221559708327006
149351481.13133183 0.7211705445557083
150026211.10707763 0.7201871114705608
151386916.55816498 0.7182098956344294
152061646.53391078 0.7172324426400596
152736376.50965658 0.7162569612172219
153411106.48540238 0.7152834460296014
154085836.46114817 0.714311891759196
154760566.43689397 0.7133422931062378
155435296.41263977 0.7123746447891142
156121271.88798133 0.711392862939394
157189594.34957883 0.7098678490168064
157594432.3350263 0.7092912152366588
158280407.81036785 0.7083157254663108
158955137.78611365 0.7073581664609915
159629867.76185945 0.7064025253599799
160304597.73760524 0.705448797010398
160979327.71335104 0.7044969762768952
161654057.68909684 0.7035470580415735
162340033.1644384 0.7025832529028203
164364223.0916758 0.699750618264003
165038953.0674216 0.6988101676004058
165713683.04316738 0.697871589006558
166388413.01891318 0.6969348774849622
167063142.99465898 0.696000028054992
167749118.47000054 0.6950515015869185
168423848.44574633 0.6941203922933078
169098578.4214921 0.6931911301679257
169773308.3972379 0.6922637102971988
170448038.3729837 0.6913381277840731
171122768.3487295 0.6904143777479441
171640061.3301346 0.6897074073425135
172157354.3115397 0.6890015089814625
172832084.2872855 0.688082379487589
173518059.76262707 0.6871497921405582
174192789.73837286 0.6862343187009645
174867519.71411866 0.6853206509468974
175542249.68986446 0.6844087841038212
176216979.66561025 0.6834987134131424
178241169.59284765 0.680779230907293
178915899.56859344 0.6798762975567965
179601875.043935 0.6789601324478959
180276605.0196808 0.6780607690516997
180951334.9954266 0.6771631688612647
181626064.9711724 0.6762673272434437
182300794.9469182 0.6753732395804481
182975524.922664 0.6744809012697867
183650254.89840978 0.6735903077242028
184336230.37375134 0.6726866548663967
185010960.3494971 0.6717995660385713
185685690.3252429 0.6709142082292698
186360420.3009887 0.6700305769118049
187035150.2767345 0.669148667574415
187709880.2524803 0.6682684757202041
188384610.2282261 0.667389996867081
189059340.2039719 0.6665132265477002
189745315.67931345 0.6656235902841537
190420045.65505925 0.664750251978769
190813638.14091095 0.6642415877448941
191881960.6025085 0.6628638283953342
192567936.07785004 0.6619813907789283
193242666.05359584 0.6611151145488291
193917396.02934164 0.660250515117498
194592126.0050874 0.6593875881362753
195266855.9808332 0.658526329270709
195941585.956579 0.6576667342004973
196627561.43192056 0.656794513728178
197302291.40766636 0.6559382608944219
197977021.38341215 0.655083658908268
198651751.35915795 0.6542307035056845
202711376.7132285 0.6491332732675246
203386106.6889743 0.6482917526318728
204060836.6647201 0.6474518448930794
204735566.6404659 0.646613545910189
206557337.5749795 0.6443581421360841
207018403.05840582 0.643789175350346
207693133.0341516 0.6429578795586721
208367863.0098974 0.6421281704593347
209042592.9856432 0.641300043995887
209717322.961389 0.6404734961249302
210392052.9371348 0.6396485228160603
211066782.9128806 0.6388251200518187
211752758.38822216 0.6379895998065612
212427488.36396796 0.6371693521394516
212911044.84658578 0.6365824669046001
213394601.32920358 0.635996380673558
214069331.30494937 0.6351799184512349
214755306.78029093 0.6343514363145633
215430036.75603673 0.6335380936223818
216104766.73178253 0.6327262918819491
216779496.70752832 0.6319160271833952
217454226.68327412 0.6311072956293241
218128956.65901992 0.6303000933347648
218803686.6347657 0.6294944164271238
219489662.11010727 0.6286768713252322
220164392.08585307 0.6278742588850266
221513852.03734466 0.6262735715185328
222188582.01309046 0.6254754889576598
222863311.98883626 0.6246789087421628
223538041.96458206 0.6238838270849539
224212771.94032785 0.6230902402109432
224898747.4156694 0.6222849553703002
225573477.3914152 0.6214943715412784
226720518.35018304 0.6201537815927662
227395248.32592884 0.619367194577282
228069978.30167463 0.6185820809921375
228744708.27742043 0.6177984371416411
229419438.25316623 0.617016259341747
230094168.22891203 0.616235543920012
230780143.70425358 0.6154433119415856
231454873.67999938 0.6146655345253018
232129603.65574518 0.6138892084784795
232804333.63149098 0.6131143301748297
233479063.60723677 0.6123408959994453
233872656.09308848 0.6118903915367748
234277494.07853594 0.6114275261526088
236301684.00577334 0.6091209396648188
236976413.98151913 0.6083549333915216
237651143.95726493 0.6075903491444511
238325873.93301073 0.6068271833891892
239011849.4083523 0.6060527487238095
239686579.38409808 0.6052924328875665
240361309.35984388 0.604533524947635
241036039.33558968 0.6037760214136543
241710769.31133547 0.6030199188061287
242396744.78667703 0.6022526470570879
243071474.76242283 0.601499359111335
243746204.73816863 0.600747461660967
244420934.71391442 0.5999969512697164
245095664.68966022 0.5992478245119762
245770394.66540602 0.5985000779727603
246445124.64115182 0.597753708247663
247119854.6168976 0.5970087119428202
247805830.09223917 0.5962527034917685
248480560.06798494 0.5955104666370223
249155290.04373074 0.5947695930278335
249830020.01947653 0.5940300793122798
250504749.99522233 0.5932919221487826
251865455.4463097 0.5918074180135318
252540185.42205548 0.5910733329747543
253214915.39780128 0.5903405911694659
253889645.37354708 0.5896091893074009
254564375.34929287 0.5888791241084071
255239105.32503867 0.5881503923024085
255925080.80038023 0.5874108785188089
256498601.27976415 0.5867936492635027
256993403.26197773 0.5862619065206983
257589414.7405532 0.5856223418344527
258264144.716299 0.5848995481443855
258938874.6920448 0.5841780700938488
259613604.6677906 0.5834579044771918
260288334.64353636 0.5827390480985636
260963064.61928216 0.582021497771876
261649040.0946237 0.5812933238834527
262323770.0703695 0.5805783977762969
263673230.0218611 0.5791524319128353
264347959.9976069 0.5784413858716446
265022689.9733527 0.5777316269168287
265708665.44869426 0.5770113548736887
266383395.42444006 0.5763041820666922
267058125.40018585 0.575598286967123
267732855.37593165 0.5748936664848794
268407585.35167745 0.5741903175392336
269082315.3274232 0.5734882370587959
269757045.303169 0.5727874219814828
270443020.7785106 0.5720762207199297
270960313.7599157 0.5715407660289799
271488852.24091655 0.5709944340689161
272174827.7162581 0.5702865126335191
272568420.2021099 0.5698809124336651
272748348.19564205 0.5696956368713777
273220659.17866415 0.569209710926852
273895389.15440995 0.5685165905511622
274828765.62085825 0.5675598238164261
275514741.0961998 0.5668581707776646
276189471.0719456 0.566169267241913
276864201.0476914 0.565481597411972
278213660.999183 0.5641099470496299
278888390.9749288 0.5634259606294725
279563120.9506746 0.5627431961395469
280249096.42601615 0.562050301877767
280923826.40176195 0.561369992735185
281598556.37750775 0.5606908967352452
282273286.35325354 0.5600130109824416
282948016.32899934 0.5593363325899325
283622746.30474514 0.5586608586795091
284308721.7800867 0.5579753586739545
289717807.08564883 0.5526131860576331
290392537.06139463 0.5519496397013494
291067267.0371404 0.5512872666351201
291741997.0128862 0.5506260640822144
292427972.4882278 0.5499550385716655
293102702.4639736 0.5492961881412021
293777432.4397194 0.5486384998973743
294452162.4154652 0.5479819710963577
295126892.391211 0.5473265990024475
295801622.3669568 0.5466723808880289
296487597.8422983 0.5460084393242497
297162327.8180441 0.545356540137733
297837057.79378986 0.5447057867511257
298511787.76953566 0.5440561764690186
299861247.72102726 0.5427603744763738
300535977.69677305 0.5421141774146376
301210707.67251885 0.5414691127549492
301896683.1478604 0.5408144551491577
302571413.1236062 0.5401716660960713
303246143.099352 0.5395300014566093
303920873.0750978 0.5388894585982793
304494393.55448174 0.5383458772083592
305056668.5342699 0.5378137376903668
305731398.5100157 0.5371761919949659
306417373.9853573 0.5365291606326074
307092103.9611031 0.5358938551136426
307766833.9368489 0.5352596565172597
308441563.9125946 0.5346265622621924
309116293.8883404 0.5339945697747167
309791023.8640862 0.5333636764886241
310476999.33942777 0.5327233925109318
310983046.82123715 0.5322517768290257
311500339.8026422 0.5317703157486113
312175069.778388 0.5311432858653112
312849799.7541338 0.5305173436434588
313535775.2294754 0.5298820814523648
314210505.2052212 0.5292583250078136
314885235.180967 0.5286356486296465
316234695.13245857 0.5273935260676564
316909425.10820436 0.526774074899571
317584155.08395016 0.5261556938292947
318270130.5592917 0.5255281008563678
318944860.5350375 0.5249118702983215
319619590.5107833 0.5242967023963143
320294320.4865291 0.5236825946977856
320969050.4622749 0.5230695447572652
321643780.4380207 0.5224575501363505
322318510.4137665 0.5218466084036788
322993240.3895123 0.5212367171349064
323679215.86485386 0.5206177353911895
324353945.84059966 0.520009955212015
325028675.81634545 0.5194032182255658
325703405.79209125 0.5187975220354384
326378135.76783705 0.5181928642521239
327052865.74358284 0.5175892424929859
327727595.71932864 0.5169866543822356
328402325.69507444 0.5163850975509086
329077055.67082024 0.5157845696368412
329763031.1461618 0.5151750852793182
330437761.1219076 0.5145766251907242
331112491.0976534 0.5139791869344922
331787221.0733992 0.5133827681755382
332461951.049145 0.512787366585462
333811411.0006366 0.5115996056316198
334497386.47597814 0.5109973774568605
335172116.45172393 0.5104060381703853
335846846.42746973 0.5098157044720354
336521576.4032155 0.5092263740731398
337196306.3789613 0.5086380446915512
337871036.3547071 0.5080507140516239
338545766.33045286 0.5074643798841912
339220496.30619866 0.5068790399265434
339906471.7815402 0.5062849611802315
340581201.757286 0.505701619355777
341255931.7330318 0.505119264954161
341660769.71847934 0.504770325345299
342076853.20352256 0.5044120620439071
342751583.17926836 0.5038318884635543
343437558.6546099 0.5032430502030474
344112288.6303557 0.5026648511873668
344787018.6061015 0.5020876279576213
345461748.5818473 0.5015113783097895
346136478.5575931 0.5009361000460846
346811208.5333389 0.5003617909749324
347485938.5090847 0.49978844891095053
348160668.4848305 0.49921607167492754
348835398.4605763 0.4986446570938016
349521373.93591785 0.4980647035575736
350870833.8874094 0.49692670006976514
351545563.8631552 0.4963591303821034
352220293.838901 0.49579251253988926
352895023.8146468 0.495226844406624
353569753.7903926 0.49466212385181424
354244483.7661384 0.49409834875095066
357629379.1444631 0.49128427103181804
358304109.1202089 0.4907261399020613
358978839.0959547 0.4901689394858947
364387924.40151685 0.48573543770655336
365062654.37726265 0.48518653611521584
365748629.8526042 0.4846294191992768
366423359.82835 0.48408235103904335
367098089.8040958 0.4835361889771301
367772819.7798416 0.4829909310048535
368447549.7555874 0.4824465751191055
369122279.7313332 0.48190311932233376
369797009.707079 0.4813605616225249
370471739.6828248 0.4808189000331839
371157715.15816635 0.48026912734632454
371832445.13391215 0.47972926689294854
372507175.10965794 0.47919029659070184
373181905.08540374 0.4786522144750745
373856635.06114954 0.47811501858698524
374531365.03689533 0.4775787069727618
375206095.01264113 0.4770432776841239
375880824.9883869 0.4765087287781654
376566800.4637285 0.475966171241026
377241530.4394743 0.4754333918853226
377916260.4152201 0.4749014870835752
378590990.3909659 0.4743704549142835
379265720.3667116 0.47384029346123263
379940450.3424574 0.4733110008134753
380615180.3182032 0.47278257506531407
381289910.293949 0.47225501431628486
381975885.76929057 0.47171954567868946
382650615.74503636 0.4711937235849568
383325345.72078216 0.4706687607888171
384000075.69652796 0.4701446554106512
384562350.67631614 0.4697085545484161
385113380.15650856 0.4692817510829616
385788110.13225436 0.4687599088106476
386474085.6075959 0.46823024114062783
387148815.5833417 0.46771011234436977
387823545.55908746 0.46719083041163156
388498275.53483325 0.4666723934967881
389173005.51057905 0.46615479975924873
389847735.48632485 0.4656380473634418
390522465.46207064 0.4651221344787974
391197195.43781644 0.4646070592797314
391871925.41356224 0.46409281994562906
392557900.8889038 0.4635708649620135
393232630.8646496 0.4630583057711197
393907360.8403954 0.4625465769829433
394582090.8161412 0.4620356767966664
395256820.791887 0.46152560341635895
399991176.1217033 0.45796969177834473
400665906.0974491 0.45746618230236435
401340636.0731949 0.45696348365717654
402015366.0489407 0.45646159409494547
402701341.5242823 0.4559521673322337
403376071.5000281 0.4554519041232464
404050801.4757739 0.4549524447530874
404725531.45151967 0.4544537874927703
405400261.42726547 0.45395593061796385
406074991.40301126 0.45345887240897637
406749721.37875706 0.45296261115074066
407435696.8540986 0.45245889409356466
408110426.8298444 0.451964234821203
408785156.8055902 0.4514703673536747
409459886.781336 0.450977289994338
410134616.7570818 0.450485001051102
410809346.7328276 0.44999349883641093
411484076.7085734 0.44950278166722957
412158806.6843192 0.44901284786502965
412844782.15966076 0.44851554983378195
413519512.13540655 0.4480271907341823
414194242.11115235 0.44753960996515807
414868972.08689815 0.44705280586613544
415543702.06264395 0.4465667767809748
416229677.5379855 0.44607344000528076
416904407.51373124 0.4455889688450735
417579137.48947704 0.44510526772942716
418253867.46522284 0.44462233501987
418928597.44096863 0.44414016908229303
419603327.41671443 0.44365876828693696
420278057.3924602 0.44317813100837733
420964032.8678018 0.44269026414819923
421638762.8435476 0.44221116170187397
422313492.8192934 0.44173281789510777
422988222.7950392 0.4412552311197509
423662952.770785 0.44077839977191985
424337682.7465308 0.4403023222519845
425023658.2218723 0.43981908124044217
425698388.1976181 0.4393445190915811
426373118.1733639 0.43887070597069094
427047848.1491097 0.438397640295087
427722578.1248555 0.4379253204862691
428397308.1006013 0.43745374496990985
429083283.5759429 0.4369750712461892
429758013.5516887 0.43650499194774545
430432743.52743447 0.43603565221767937
431107473.50318027 0.4355670504982877
