1.0 0.9999999978688128
2462765.4114721534 0.991669092969516
3137495.387217949 0.9895061297062084
22817119.67980365 0.9375396121665363
23221957.66525113 0.9365799090888874
24582663.116338484 0.933373899172977
25257393.092084277 0.9317950278647316
25932123.067830075 0.9302231319881504
26606853.043575868 0.9286580443673067
27292828.518917426 0.9270736888897607
27967558.494663224 0.9255218607453789
28642288.470409017 0.9239763912263905
29069617.45504802 0.9230008219013335
29339509.44534634 0.9223859446736902
29856802.42675145 0.9212101489243589
30531532.402497247 0.9196817963482042
31082561.882689647 0.9184380140388512
31644836.86247781 0.9171728336129091
32319566.838223603 0.9156598452251522
32994296.8139694 0.9141524647919286
33781481.78567283 0.9124008134205807
34456211.761418626 0.9109052577381179
35130941.737164415 0.9094150183895069
35569516.22139919 0.9084491738014132
36008090.70563395 0.907485517599274
36682820.68137975 0.9060071931121905
37357550.65712554 0.9045339210020856
38032280.63287134 0.903065628136423
38493346.11629763 0.9020651221721679
38965657.09931969 0.9010425676512674
39640387.075065486 0.8995858636234701
40315117.05081128 0.8981339116427812
40989847.02655707 0.8966866499420157
41664577.00230287 0.8952440189696085
45049472.38062761 0.8880747464196049
45724202.35637341 0.8866588307182379
46398932.332119204 0.8852471810616042
47073662.307865 0.883839751953779
47759637.78320656 0.8824131468766884
48434367.75895235 0.8810140963887587
49154079.7330812 0.8795262845353609
49603899.71691173 0.8785987442873693
50278629.69265753 0.8772107821911382
50953359.66840332 0.8758268040038688
51594353.145361826 0.8745156808291649
52235346.62232033 0.8732080883132418
52910076.59806613 0.8718354560702413
53584806.573811926 0.8704666677982735
54270782.049153484 0.8690789723576807
54945512.02489928 0.8677178347619535
55620242.00064507 0.8663604423318028
56294971.97639087 0.8650067639368173
56969701.952136666 0.8636567692005376
57644431.92788246 0.8623104284706347
58319161.90362826 0.8609677127906075
58993891.87937405 0.859628593872918
59679867.35471561 0.8582708149937427
60748189.81631312 0.856163520929884
61141782.30216484 0.8553893667531642
61827757.777506396 0.8540429581884775
62502487.753252186 0.8527221103776154
63177217.72899798 0.8514046974155551
64526677.68048958 0.8487800799178081
65212653.155831136 0.8474510693829488
65887383.13157693 0.8461472146218857
66562113.10732272 0.8448466783357165
67236843.08306852 0.8435494386782061
67911573.05881432 0.8422554742173783
68586303.03456011 0.8409647639218956
69261033.01030591 0.8396772871480285
69935762.98605171 0.8383930236271835
70621738.46139327 0.8370906292273076
71195258.94077718 0.8360042605779532
71768779.42016111 0.8349201729447819
72443509.39590691 0.8336476802954932
73118239.37165271 0.8323783100096593
74478944.82274006 0.8298278365155799
75153674.79848586 0.8285677754814399
75828404.77423166 0.8273107649535273
76503134.74997744 0.8260567877599457
77177864.72572324 0.8248058269984524
78538570.17681059 0.8222921640229384
79213300.15255639 0.8210502030462787
79888030.12830219 0.8198111931768016
80562760.10404798 0.8185751187546748
81237490.07979378 0.8173419643476059
81912220.05553958 0.816111714744726
82350794.53977434 0.8153136030922349
82778123.52441335 0.8145371263413107
83452853.50015914 0.8133134535009051
84127583.47590494 0.8120926370078132
84813558.9512465 0.8108543869583774
85488288.92699228 0.809639287385485
86163018.90273808 0.8084270015220766
86837748.87848388 0.8072175156078041
87512478.85422967 0.8060108160606786
88187208.82997547 0.8048068894726811
88873184.30531703 0.8035857264640244
89547914.28106283 0.8023873519126847
90222644.25680862 0.801191710884691
90897374.23255442 0.7999987906294781
92246834.184046 0.797621062201855
92887827.66100451 0.7964954073869973
93517575.63836725 0.7953918492459692
94878281.0894546 0.7930152769676182
95553011.0652004 0.7918407945702475
96227741.0409462 0.7906689373554896
97577200.9924378 0.788333052612905
98263176.46777935 0.7871496235193416
98937906.44352515 0.785988196218633
99612636.41927095 0.7848293376664791
100287366.39501673 0.7836730369711163
100962096.37076253 0.7825192833538597
101636826.34650832 0.7813680661467761
102311556.32225412 0.7802193747904294
102986286.29799992 0.7790731988316865
103672261.77334148 0.7779104879045834
104110836.25757624 0.7771684672775678
104549410.741811 0.7764274978396515
105224140.7175568 0.7752895910943497
105898870.6933026 0.7741541557935648
106573600.6690484 0.7730211820150161
107248330.6447942 0.7718906599302471
107923060.62054 0.7707625798028435
109283766.07162735 0.7684950069786942
109958496.04737315 0.7673742353412801
114018121.40144368 0.7606813399399182
114692851.37718947 0.7595772411100512
115367581.35293527 0.7584754824552423
116042311.32868107 0.7573760552233499
116717041.30442686 0.7562789507349741
117391771.28017265 0.75518416038223
118066501.25591844 0.754091675627549
118741231.23166424 0.7530014880025128
119427206.7070058 0.7518954768015187
120776666.6584974 0.749726587664912
121451396.63424319 0.7486455428809379
122126126.60998899 0.7475667537477408
122800856.58573478 0.7464902121898667
123475586.56148058 0.7454159101935792
124150316.53722636 0.7443438398058979
124825046.51297216 0.7432739931336606
125511021.98831372 0.7421885872251589
126185751.96405952 0.7411232012752275
126860481.93980531 0.7400600155829299
127422756.91959348 0.7391757027290091
127973786.39978588 0.7383105491476594
128659761.87512743 0.7372355524588025
129334491.85087323 0.7361803692448357
130009221.82661903 0.7351273510009632
130683951.80236483 0.7340764903170843
131100035.28740807 0.7334295318443721
131516118.77245131 0.7327833893287059
132190848.7481971 0.731737320703512
133540308.69968869 0.7296515781110056
134226284.17503026 0.7285945795794622
134901014.15077606 0.7275570389269455
135575744.12652183 0.726521603614906
136250474.10226762 0.7254882666393141
136925204.07801342 0.7244570210422964
137420006.060227 0.7237020994540121
137914808.0424406 0.7229482961337843
138589538.0181864 0.7219221798102929
139275513.49352795 0.7208810810935631
139950243.46927375 0.7198591275148676
140624973.44501954 0.718839227956127
141299703.42076534 0.7178213757443134
141974433.39651114 0.7168055642482402
142559199.3754908 0.7159268399026446
143143965.35447052 0.7150496391459963
143818695.33021632 0.7140393721032674
145168155.2817079 0.7120248805382795
145842885.2574537 0.7110206431747077
146517615.23319948 0.7100184029273211
147203590.70854104 0.7090014994777378
147878320.68428683 0.7080032675482444
148553050.66003263 0.7070070137692654
149227780.63577843 0.7060127319280826
149902510.61152422 0.7050204158482222
150577240.58727002 0.7040300593890354
151263216.06261158 0.7030251995788857
151937946.03835738 0.7020387764865288
152612676.01410317 0.7010542947034514
153287405.98984897 0.7000717482288163
153962135.96559477 0.6990911310956149
154636865.94134057 0.6981124373702907
155322841.41668212 0.6971193977608227
161237974.2040536 0.6886377994035352
161912704.17979938 0.687679478179746
162587434.15554518 0.6867230128441704
163262164.13129097 0.6857683978604571
163756966.11350456 0.6850695196835386
164263013.5953139 0.6843557818524164
164859025.07388937 0.6835164821153177
165455036.5524648 0.6826786117869965
166129766.5282106 0.6817317996997299
166804496.5039564 0.6807868093657389
167479226.4797022 0.6798436354245523
168153956.455448 0.6789022725428424
168839931.93078956 0.6779470713973196
169514661.90653536 0.6770093447051537
170864121.85802695 0.6751392714911697
171538851.83377275 0.674206914541411
172213581.80951855 0.6732763371207162
172888311.78526434 0.6723475340790587
173574287.2606059 0.6714050646888712
174249017.2363517 0.6704798244150804
174923747.2120975 0.6695563431358451
175598477.18784326 0.6686346158007699
176273207.16358906 0.6677146373837007
176947937.13933486 0.6667964028825056
177633912.61467642 0.6658646470972155
178308642.5904222 0.6649499143742675
178702235.07627395 0.6644171190489072
178859672.07061464 0.6642041654324962
179287001.05525362 0.6636266216996042
179972976.53059518 0.6627009557098397
180647706.50634098 0.6617921958123574
181322436.48208678 0.660885147968601
181997166.45783257 0.6599798073496125
182671896.43357837 0.6590761691487331
184032601.88466573 0.6572589910721022
184707331.86041152 0.6563604596012198
185382061.83615732 0.6554636114625795
186056791.81190312 0.6545684419585831
186731521.78764892 0.6536749464128315
187406251.76339468 0.6527831201699498
187799844.24924642 0.6522636572444243
187923544.7447998 0.6521005143108296
188328382.7302473 0.6515669821973714
189003112.7059931 0.6506790882120362
189677842.68173888 0.6497928480087755
190352572.65748468 0.6489082570220395
191027302.63323048 0.6480253107064076
191713278.10857204 0.647129329970253
192388008.08431783 0.6462496866628957
193062738.06006363 0.645371674434972
193737468.0358094 0.6444952888203286
194412198.0115552 0.6436205253721616
194940736.4925561 0.6429364241727781
195199382.98325863 0.6426020123483257
195615466.46830186 0.6420645426120628
196290196.44404766 0.6411942709415203
198314386.37128505 0.638593071614729
198989116.34703085 0.6377291959413806
199663846.32277665 0.6368669084686743
200349821.7981182 0.6359918732492884
200743414.2839699 0.6354905412859038
200934587.7770979 0.6352472308744727
201418144.2597157 0.6346323631349641
202092874.2354615 0.6337757578494264
202778849.71080306 0.6329064838656232
206152499.58953205 0.6286548134197626
206827229.56527784 0.6278091267252605
207513205.0406194 0.6269509234596918
208187935.0163652 0.626108337296147
208862664.992111 0.6252672824456259
209537394.9678568 0.6244277548591988
210212124.9436026 0.6235897505042376
211572830.39468995 0.6219043920881361
212247560.37043574 0.62107095854665
212922290.34618154 0.6202390322009019
213597020.32192734 0.6194086090983792
214282995.7972689 0.6185658825857145
214957725.7730147 0.6177384790645346
215632455.74876046 0.6169125669575365
216307185.72450626 0.616088142374427
216891951.70348597 0.6153748413150387
217487963.1820614 0.6146489670614292
218162693.1578072 0.613828613233706
218848668.63314876 0.6129960969219219
219523398.60889456 0.6121787098709544
220198128.58464035 0.6113627882040138
220602966.57008785 0.6108739370112996
220996559.05593956 0.6103991686963399
221682534.5312811 0.6095729000372659
222357264.5070269 0.6087616422080074
223031994.4827727 0.6079518339459703
223706724.4585185 0.6071434715226431
225056184.4100101 0.6055310693489655
225730914.38575587 0.6047270222122172
226416889.86109746 0.6039110413101443
227091619.83684322 0.6031098764056705
227766349.81258902 0.6023101352032475
228441079.78833482 0.6015118140721285
229115809.7640806 0.6007149093951595
229790539.7398264 0.5999194175686949
230476515.21516797 0.5991121122122574
231151245.19091377 0.5983194587273227
231825975.16665956 0.5975282073029168
232500705.14240536 0.5967383543888407
233175435.11815116 0.5959498964480029
233850165.09389696 0.5951628299563412
234536140.5692385 0.5943640684991645
235210870.5449843 0.5935797974298341
235885600.5207301 0.5927969072569217
236560330.4964759 0.5920153945079312
236953922.9823276 0.5915601467966556
237358760.96777508 0.591092379043712
238033490.94352087 0.5903138616640798
239382950.89501247 0.5887609228458309
240057680.87075827 0.5879864945794454
240732410.84650406 0.5872134225435517
241418386.32184562 0.5864288528108538
242093116.29759142 0.5856585055611867
242767846.27333722 0.5848895043728057
243442576.249083 0.5841218458988987
244117306.2248288 0.5833555268045872
244792036.2005746 0.582590543766861
245466766.1763204 0.581826893474511
246152741.65166196 0.5810518785252438
246827471.62740776 0.5802909059117453
247502201.60315356 0.5795312561256484
248176931.57889935 0.5787729259024939
248851661.55464515 0.5780159119893016
249526391.53039095 0.5772602111445079
250201121.50613675 0.5765058201379035
250887096.9814783 0.575740195395802
251561826.95722407 0.574988436116475
252236556.93296987 0.5742379769990456
253586016.88446146 0.5727409465200698
254260746.86020726 0.5719943688211904
254935476.83595306 0.5712490786094239
255621452.31129462 0.570492683509063
256296182.2870404 0.5697499801853904
256970912.2627862 0.5690085549052502
257645642.238532 0.5682684045597499
258320372.2142778 0.5675295260506459
258995102.1900236 0.5667919162902896
259512395.1714287 0.5662272727766728
260018442.65323806 0.5656756226445545
260693172.62898386 0.5649411923086809
261367902.60472965 0.5642080199466606
262042632.58047545 0.5634761025180164
262717362.55622125 0.5627454369925676
263403338.0315628 0.5620038739700037
264078068.0073086 0.5612757239404477
264752797.9830544 0.5605488167348955
265427527.9588002 0.5598231493640005
266102257.93454596 0.5590987188484532
268137693.36137912 0.5569208168818212
268812423.33712494 0.5562013245860072
269487153.31287074 0.555483054349058
270161883.28861654 0.5547660032510072
270836613.26436234 0.5540501683815794
271353906.2457674 0.5535021834934654
271859953.7275768 0.552966800148443
272534683.7033226 0.5522540133068149
273209413.6790684 0.5515424325356241
273895389.15440995 0.5508202255191704
274570119.1301557 0.55011106827863
275244849.1059015 0.5494031084881281
275919579.0816473 0.5486963433088967
276594309.0573931 0.5479907699114656
277257793.5335431 0.547298115488574
277932523.5092889 0.5465948974571023
278607253.4850347 0.5458928628209759
279293228.96037626 0.5451803378732145
279686821.44622797 0.5447720618978664
280080413.93207973 0.5443641861409854
280766389.4074213 0.5436542719287286
281441119.3831671 0.5429571771602769
282790579.3346587 0.5415664917902421
283465309.3104044 0.5408728957052323
284140039.2861502 0.5401804603793308
284826014.7614918 0.5394776716004506
285500744.7372376 0.5387875688749719
286175474.71298337 0.5380986187307154
286850204.68872917 0.5374108184742105
287524934.66447496 0.5367241654205992
288210910.1398165 0.5360272414329581
288885640.1155623 0.5353428937732398
289560370.0913081 0.5346596852688716
290235100.0670539 0.5339776132691918
290909830.0427997 0.5332966751319552
291584560.0185455 0.5326168682232945
292259289.9942913 0.5319381899176818
292945265.46963286 0.5312493545839607
293619995.44537866 0.5305729443419235
294294725.42112446 0.5298976548327389
294969455.39687026 0.5292234834639997
295644185.37261605 0.5285504276514527
296318915.34836185 0.5278784848189598
298747943.2610467 0.5254686664856532
299141535.7468984 0.5250795334395949
301176971.17373157 0.5230731202387491
301851701.14947736 0.5224102076988564
302526431.12522316 0.5217483848131254
303201161.10096896 0.5210876490861802
303875891.07671475 0.5204279980303697
304550621.05246055 0.5197694291657329
305225351.02820635 0.5191119400199665
305911326.5035479 0.518444597042931
306586056.4792937 0.5177892778409703
307260786.4550395 0.5171350309458215
307935516.4307853 0.5164818539156061
308610246.4065311 0.5158297443159383
309296221.88187265 0.5151678579857835
309970951.85761845 0.5145178936631446
310645681.83336425 0.5138689894723949
311320411.80911005 0.513221143008924
311995141.78485584 0.5125743518754553
312669871.76060164 0.5119286136820148
313693212.2238161 0.5109512482670485
314379187.69915766 0.5102974399879616
315053917.67490345 0.5096554031487173
315728647.65064925 0.5090144085057057
316403377.62639505 0.5083744537088073
317078107.60214084 0.5077355364150071
317752837.57788664 0.5070976542883647
318427567.55363244 0.5064608049999844
319102297.52937824 0.5058249862279866
319788273.0047198 0.5051796245126324
320463002.9804656 0.5045458769143876
321137732.9562114 0.5039131528703964
321812462.9319572 0.5032814500866662
322487192.907703 0.502650766276076
323161922.8834488 0.5020210991583468
323836652.8591945 0.5013924464600159
324522628.3345361 0.5007543538009477
325197358.3102819 0.500127739960579
325872088.28602767 0.499502133722331
326265680.77187943 0.49913766117269465
326659273.25773114 0.49877353027830995
327334003.23347694 0.49815009948059535
328019978.7088185 0.49751730382012976
329369438.6603101 0.4962754690890558
330044168.6360559 0.4956560435572175
330718898.6118017 0.4950376096383057
331393628.5875475 0.49442016513331144
332068358.5632933 0.49380370784971095
332754334.03863484 0.49317798606365065
333147926.52448654 0.4928194241624408
333541519.01033825 0.4924611962611024
334227494.4856798 0.4918376532478451
334902224.4614256 0.491225318497038
335576954.4371714 0.49061395967003874
336251684.4129172 0.4900035746139552
336926414.388663 0.48939416118219736
337601144.3644088 0.4887857172344506
338287119.83975035 0.4881681242101655
338961849.81549615 0.48756162890352195
339636579.79124194 0.48695609666204775
340311309.76698774 0.4863515253703895
340986039.74273354 0.48574791291934644
341660769.71847934 0.4851452572058466
342335499.69422513 0.4845435561329239
343010229.6699709 0.4839428076096921
343696205.1453125 0.4833330209577191
345720395.0725498 0.48153935607705967
346395125.0482956 0.4809433548358553
347069855.0240414 0.4803482936912156
347744584.9997872 0.4797541705942643
348273123.4807881 0.47928942804445895
348801661.96178895 0.4788252588579601
351916665.3498154 0.4761012187469297
352591395.3255612 0.47551377426624986
353266125.30130696 0.4749272512860895
353940855.27705276 0.4743416478108619
354615585.25279856 0.4737569618506731
355290315.22854435 0.4731731914212967
355976290.7038859 0.4725806279914425
358675210.6068691 0.4702583571392703
359349940.5826149 0.46968005358669984
360024670.5583607 0.46910265179993427
360710646.03370225 0.46851654908592466
361385376.00944805 0.467940959966127
362060105.98519385 0.467366266777818
362734835.96093965 0.4667924675979202
363409565.93668544 0.46621956050877333
364084295.91243124 0.46564754359811494
364759025.88817704 0.4650764149590605
365433755.86392283 0.46450617269008254
366119731.3392644 0.4639273330810907
366794461.3150102 0.46335887256274466
367469191.290756 0.46279129271046116
368143921.2665018 0.46222459164403407
368818651.2422476 0.46165876748851636
369504626.71758914 0.4610844099585466
370179356.69333494 0.46052034855812507
370854086.66908073 0.45995715844418916
371528816.64482653 0.45939483776272166
372203546.6205723 0.45883338466486806
372878276.5963181 0.4582727973069182
373564252.0716597 0.4577037524347245
374126527.0514478 0.45723798678492555
374632574.5332572 0.45681930865996256
375251077.0110242 0.4563082471654298
375937052.48636574 0.4557422761566866
376611782.46211153 0.4551864461317896
377286512.43785733 0.45463146992650405
377961242.4136031 0.45407734573527414
378635972.3893489 0.4535240717575302
379310702.3650947 0.4529716461976717
379985432.3408405 0.45242006726504824
380671407.8161821 0.45186016141996066
381346137.7919279 0.4513102844255238
382020867.7676737 0.4507612486863411
382695597.74341947 0.4502130524314698
383291609.2219949 0.449729509282027
383876375.2009746 0.44925572368525957
384551105.1767204 0.4487098269204496
385225835.1524662 0.4481647630420746
385900565.128212 0.4476205303021322
386575295.1039578 0.4470771269574008
387070097.0861713 0.44667915729113966
387576144.5679807 0.4462726025308835
388250874.5437265 0.4457312513419947
388925604.5194723 0.44519072351317684
389611579.99481386 0.4446420291705661
390230082.47258085 0.4441480313294977
390803602.95196474 0.443690575056173
391444596.42892325 0.44317999877273656
392119326.40466905 0.4426433448949524
392794056.38041484 0.4421075045677801
393468786.35616064 0.4415724760958755
394154761.8315022 0.4410293610043164
394829491.807248 0.44049596463565505
395504221.7829938 0.4399633750357409
396178951.7587396 0.43943159052758585
396853681.7344854 0.4389006094387309
397528411.7102312 0.4383704301012311
398214387.18557274 0.43783223463321547
398889117.16131854 0.4373036671056893
399563847.13706434 0.4367758963250738
400238577.11281013 0.43624892064139753
400913307.08855593 0.43572273840912457
401588037.0643017 0.4351973479871396
402262767.0400475 0.434672747738732
402948742.5153891 0.4341402125078811
403623472.4911349 0.43361720081549504
404298202.4668807 0.43309497438581035
404972932.4426265 0.43257353159965656
405647662.4183723 0.43205287084219324
406322392.3941181 0.4315329905028942
406997122.36986387 0.43101388897553267
407683097.8452054 0.4304869324951344
408357827.8209512 0.42996939670345236
409032557.79669696 0.42945263490415625
409707287.77244276 0.42893664550814115
410382017.74818856 0.42842142693052787
410843083.2316149 0.4280698034168183
411304148.71504116 0.4277185385910788
411990124.1903827 0.427196587807437
412664854.1661285 0.4266839654692476
413339584.1418743 0.42617210705190867
414014314.1176201 0.4256610109930457
414700289.59296167 0.42514217658358777
415375019.56870747 0.42463261321203866
416049749.54445326 0.4241238075107981
416724479.52019906 0.4236157579340164
417399209.49594486 0.42310846293992277
422808294.801507 0.41906873534540073
423494270.27684855 0.4185598388169287
424169000.25259435 0.4180600303603887
424843730.22834015 0.4175609597425337
425518460.20408595 0.4170626254696167
426193190.17983174 0.4165650260517952
426867920.15557754 0.416068160003118
427553895.6309191 0.4155637631311049
428228625.6066649 0.4150683715393431
428903355.5824107 0.41457370885755085
429578085.5581565 0.41407977361527787
430252815.5339023 0.41358656434589997
430927545.509648 0.41309407958660754
431602275.4853938 0.41260231787839297
432288250.9607354 0.4121030998694136
432962980.9364812 0.41161279189160627
433637710.912227 0.41112320258644103
434312440.8879728 0.41063433051005477
434987170.86371857 0.410146174222322
435661900.83946437 0.40965873228684535
436336630.81521016 0.4091720032709414
437011360.79095596 0.4086859857456293
437697336.2662975 0.4081925958356811
438372066.2420433 0.40770800881806407
439046796.2177891 0.4072241290025887
439721526.1935349 0.40674095497502355
440407501.66887647 0.40625045012356525
441082231.64462227 0.4057686951479568
441756961.62036806 0.40528764171601117
442431691.59611386 0.40480728842805475
443106421.57185966 0.40432763388800785
443781151.54760545 0.4038486767033739
444455881.52335125 0.4033704154852276
445130611.49909705 0.4028928488482032
445816586.9744386 0.40240803338493897
446491316.9501844 0.40193186328693614
447166046.9259302 0.4014563836123188
447840776.901676 0.4009815929899034
448515506.8774218 0.40050749005200903
449190236.8531676 0.4000340734344453
449864966.8289134 0.399561341776502
450550942.30425495 0.39908143203726076
451225672.28000075 0.39861007758964995
451900402.25574654 0.3981394040178183
452575132.23149234 0.3976694099749195
453249862.20723814 0.39720009411753165
453924592.18298393 0.3967314551056459
454599322.15872973 0.39626349160265456
455274052.1344755 0.39579620227534196
455960027.6098171 0.3953218145454549
456634757.5855629 0.39485588076413275
457309487.5613087 0.39439061715705626
457984217.5370545 0.393926022404522
458377810.0229062 0.39365531715600843
458771402.5087579 0.39338483879506986
459457377.98409945 0.39291397518305515
460132107.95984524 0.3924515008685939
460806837.93559104 0.3919896899239729
461481567.91133684 0.39152854104667095
462167543.3866784 0.39106038372641816
462842273.3624242 0.3906005660695524
463517003.33817 0.39014140657057933
464191733.3139158 0.38968290394010024
464866463.2896616 0.38922505689195713
465541193.2654074 0.38876786414322273
466215923.2411532 0.38831132441419064
466901898.71649474 0.3878478438097247
467576628.69224054 0.3873926171242048
468251358.66798633 0.38693803961734813
468926088.64373213 0.38648411002228206
469600818.6194779 0.3860308270753039
470275548.59522367 0.38557818951587186
470961524.0705652 0.38511866831283775
471636254.046311 0.3846673284634501
472310984.0220568 0.3842166302180165
472985713.9978026 0.3837665723285879
473660443.9735484 0.3833171535503261
474335173.9492942 0.38286837264149365
475009903.92504 0.38242022836344464
475684633.9007858 0.3819727194806144
476370609.37612736 0.3815184022142706
477045339.35187316 0.3810721709659537
477438931.83772486 0.38081216119930344
477630105.33085287 0.38068594822561713
478113661.81347066 0.38036692955617424
478788391.78921646 0.37992232766408857
479463121.76496226 0.37947835430456284
480149097.2403038 0.37902762446928573
480823827.2160496 0.3785849149563182
481498557.1917954 0.3781428303184042
482173287.1675412 0.3777013693491299
482848017.143287 0.37726053084506295
483500256.1198413 0.37683497751711115
484141249.5967998 0.3764173258773914
484827225.07214135 0.37597098412435986
485501955.04788715 0.3755325823643812
486030493.52888805 0.37518959837040383
486401595.0155482 0.3749490055907295
486907642.49735755 0.37462122429712663
487593617.9726991 0.3741774499489337
488268347.9484449 0.37374156860890667
488943077.9241907 0.373306298996675
489617807.8999365 0.37287163993821715
490292537.8756823 0.3724375902623938
490967267.8514281 0.3720041488009387
491641997.8271739 0.37157131438844965
492327973.30251545 0.3711318871802079
493002703.27826124 0.3707002734498274
493677433.25400704 0.3702692632700479
494352163.22975284 0.36983885548688344
495026893.20549864 0.36940904894917
495701623.18124443 0.36897984250855437
496376353.15699023 0.3685512350194875
497062328.6323318 0.3681160969028167
497737058.6080776 0.36768869382620895
498411788.5838234 0.36726188626230843
499086518.5595692 0.36683567307674064
499761248.535315 0.3664100531378922
500435978.5110608 0.3659850253169029
501110708.4868066 0.3655605884876558
501785438.46255237 0.3651367415267709
502471413.9378939 0.3647064339916734
503146143.9136397 0.364283773192648
503820873.8893855 0.3638616988896129
504495603.86513126 0.3634402099700941
505170333.84087706 0.36301930532431254
505845063.81662285 0.36259898384517586
506519793.79236865 0.3621792444282703
507205769.2677102 0.36175310491334156
507880499.243456 0.36133453597339055
508555229.2192018 0.36091654578016885
509229959.1949476 0.36049913323994004
509904689.1706934 0.36008229726160773
510579419.1464392 0.3596660367567044
510995502.6314824 0.359409629163989
511422831.6161215 0.35914651873111836
512097561.59186727 0.35873154907529603
512772291.56761307 0.3583171513734579
513447021.54335886 0.3579033245482293
514121751.51910466 0.3574900675248258
514796481.49485046 0.35707737923104327
515482456.970192 0.35665839472328437
516157186.9459378 0.3562468501166134
516831916.9216836 0.3558358710206477
517506646.8974294 0.3554254563734769
518181376.87317514 0.3550156051157338
518856106.84892094 0.3546063161905876
519530836.82466674 0.3541975885437352
520205566.80041254 0.353789421123395
520891542.2757541 0.3533750241410886
521566272.2514999 0.3529679833217932
522241002.2272457 0.35256149957133126
522915732.2029915 0.352155571847971
523590462.1787373 0.35175019911246497
524265192.1544831 0.3513453803280411
524951167.62982464 0.3509343813744901
525625897.60557044 0.35053067658113896
526300627.58131623 0.35012752262620406
526975357.55706203 0.3497249184827873
527650087.5328078 0.34932286312642946
528324817.5085536 0.3489213555351046
529010792.9838952 0.3485137166348
529685522.959641 0.3481133106040249
530360252.9353868 0.3477134492698374
531034982.9111326 0.34731413161991026
531709712.8868784 0.3469153566443148
532384442.86262417 0.346517123335511
533059172.83836997 0.34611943068834283
533745148.3137115 0.34571566304996715
534419878.2894573 0.3453190576892769
535094608.2652031 0.3449229899723681
535769338.2409489 0.3445274589035857
536444068.2166947 0.344132463489624
537118798.1924405 0.34373800273951843
537804773.6677821 0.34333751472918544
538479503.6435279 0.34294412921303574
539154233.6192737 0.34255127538544855
539828963.5950195 0.34215895226479626
540503693.5707653 0.3417671588717577
541178423.546511 0.3413758942293133
541853153.5222569 0.3409851573627371
