1.0 0.9999999975089282
10705716.615166621 0.9703585605554406
11267991.594954785 0.9688675461268516
13978156.99753373 0.9617576463874029
21377695.731545955 0.9429125386108005
22052425.70729175 0.9412310774280589
25426075.586020727 0.9329081416672671
26112051.061362285 0.9312324773444973
28810970.964345466 0.9246921640460708
29485700.940091264 0.9230698658836927
35569516.22139919 0.908662354081686
36739048.179358564 0.905936536200025
37976053.13489252 0.9030683041737728
38538328.114680685 0.9017695496127569
40348853.54959857 0.8976084544940702
41484649.00877066 0.8950141493843271
42159378.98451646 0.8934787707858204
43430120.4388377 0.8905987418702639
45150681.876989484 0.8867230947561985
46162776.84060817 0.8844559609888987
46837506.81635397 0.8829496926136315
47512236.79209977 0.881447517909722
48861696.74359135 0.8784553506961086
50897132.170424506 0.8739725296133064
52246592.1219161 0.8710203549182333
53596052.07340769 0.8680838100526221
54282027.548749246 0.8665970037376161
54911775.52611199 0.86523556524037
55541523.503474735 0.8638774586243158
56902228.95456208 0.860954278683632
58184215.908479095 0.8582142261951015
59477448.361991875 0.8554637824483484
60152178.337737665 0.8540341649129489
66235993.61904559 0.8413077072132362
67596699.07013294 0.8385009388840374
69463452.00302964 0.8346734094624689
70824157.454117 0.8319001168347646
72848347.38135439 0.8278002467375888
73523077.35710019 0.8264403922468492
77582702.71117072 0.8183290394553434
78257432.68691652 0.8169924697242694
80292868.11374967 0.8129802044875374
80967598.08949547 0.8116566647830972
81642328.06524125 0.810336336438404
82317058.04098704 0.8090192066758908
83003033.5163286 0.8076833906851326
83677763.4920744 0.8063726729801124
84228792.97226681 0.8053045987074212
84791067.95205496 0.8042168929972915
86140527.90354656 0.8016152836342842
86781521.38050507 0.8003838915922394
87422514.85746357 0.7991553015880821
88097244.83320937 0.7978650648785633
88783220.30855092 0.7965564832831832
89457950.28429672 0.7952724492475808
90132680.26004252 0.7939914733533703
91482140.21153411 0.7914386499758248
92156870.1872799 0.790166779703244
92842845.66262145 0.788876799821303
93517575.63836725 0.7876109934133496
94192305.61411305 0.7863481770950184
94867035.58985884 0.7850883398459689
95541765.56560464 0.783831470724946
96891225.51709624 0.7813265934897718
97577200.9924378 0.780057788195472
97970793.4782895 0.7793311508493109
98364385.96414122 0.7786055066983179
99039115.93988702 0.7773638499758656
100388575.89137861 0.7748892325914684
101749281.34246597 0.7724056633394517
102424011.31821175 0.7711784615997813
103098741.29395755 0.769954110490902
104122081.757172 0.7681025958171271
105471541.7086636 0.7656709684494314
106157517.18400516 0.7644391985522226
106832247.15975095 0.7632304406678438
108181707.11124255 0.7608212732035661
109531167.06273414 0.7584231726909992
110205897.03847992 0.757228248715386
113039762.93661228 0.7522393609971576
113714492.91235806 0.7510585742585826
115063952.86384965 0.7487050620337607
115738682.83959545 0.747532318414408
116413412.81534125 0.7463622377879141
117088142.79108705 0.7451948112161548
117774118.2664286 0.7440106391479301
119123578.2179202 0.7416890641180964
119798308.193666 0.7405322089543663
120473038.16941178 0.7393779637534569
122002426.11443558 0.7367712918584663
122508473.59624493 0.735911715784889
123183203.57199073 0.7347678673194826
124420208.5275247 0.7326774729736217
125094938.50327048 0.7315408760478458
125769668.47901627 0.7304068224678713
126444398.45476207 0.7292753039456151
127119128.43050787 0.7281463122362648
127613930.41272146 0.7273199861616271
128108732.39493504 0.7264950113189911
128783462.37068084 0.7253722174353132
130144167.82176818 0.7231155082645889
130818897.79751398 0.7220002272380434
131493627.77325977 0.7208874205909204
132168357.74900557 0.7197770803888573
132843087.72475137 0.718669198737292
133529063.20009293 0.7175453646500856
134203793.17583872 0.7164424172218214
134878523.1515845 0.7153419047661589
136227983.1030761 0.7131481538569816
137577443.0545677 0.7109640504690037
138263418.52990925 0.7098574769347633
138938148.50565505 0.7087714528801987
139612878.48140085 0.7076878102901888
140006470.96725255 0.7070567822439646
140400063.4531043 0.7064265605326876
140951092.93329668 0.7055456019723465
141490876.9138933 0.7046841478372524
142165606.8896391 0.7036094477466146
142840336.8653849 0.702537093666429
143526312.34072646 0.7014492644684778
144201042.31647226 0.7003816193059528
144875772.29221806 0.6993162982028504
145550502.26796386 0.6982532939506192
146899962.21945545 0.6961342073313463
148249422.17094705 0.6940243024430587
149610127.6220344 0.691906054486334
150284857.59778017 0.6908591068530029
150959587.57352597 0.68981441946699
151634317.54927176 0.688771985411485
152309047.52501756 0.687731797800773
152995023.00035912 0.6866765695817099
153669752.97610492 0.6856408914817433
154344482.9518507 0.6846074392406445
155019212.9275965 0.6835762060952215
155480278.4110228 0.6828728029357339
155952589.39404488 0.6821533125157188
156627319.36979067 0.6811273411229717
157302049.34553644 0.6801035661643896
159326239.27277383 0.6770453537019143
160686944.7238612 0.6750005434808206
161361674.69960698 0.6739898447238308
162711134.65109858 0.6719748922523897
163385864.62684438 0.6709706256961285
164735324.57833597 0.6689684800435053
166096030.02942333 0.6669582303235763
167445489.98091492 0.6649730531720621
170830385.35923967 0.6600303030686954
171505115.33498546 0.6590512669947838
172179845.31073123 0.6580742875001206
173529305.26222283 0.6561264741146298
174204035.23796862 0.6551556282189248
174878765.21371442 0.6541868148923938
175553495.18946022 0.6532200281939582
176914200.64054757 0.6512764822219427
177498966.61952728 0.6504437520842122
178083732.59850696 0.649612527011715
178769708.07384852 0.6486393492955215
179444438.0495943 0.647684134788357
180119168.0253401 0.646730907337868
180793898.0010859 0.6457796611874541
181468627.9768317 0.6448303906036251
182143357.9525775 0.6438830898758584
182818087.9283233 0.6429377533164605
183504063.40366486 0.6419786688535359
184853523.35515645 0.6400978306107057
185528253.33090222 0.6391603266130073
186202983.30664802 0.6382247585900892
186877713.2823938 0.637291120988731
187563688.75773537 0.6363438960090991
188238418.73348117 0.6354141346217284
188913148.70922697 0.6344862870357626
189587878.68497276 0.6335603477851064
190262608.66071856 0.632636311425038
190937338.63646436 0.6317141725320846
191612068.61221015 0.6307939257038992
192286798.58795595 0.62987556555914
192972774.0632975 0.6289438279988654
193647504.0390433 0.6280292563816141
194322234.0147891 0.6271165553401117
195671693.9662807 0.6252967438120494
196784998.42626125 0.6238009862499797
197234818.4100918 0.6231980666898148
197909548.38583758 0.6222952224009107
198595523.86117914 0.6213792143180252
199270253.83692494 0.6204800702500023
199944983.81267074 0.6195827532225572
200619713.78841653 0.6186872581041485
201294443.76416233 0.6177935797827165
201969173.73990813 0.6169017131655785
202643903.71565393 0.6160116531793206
203329879.19099548 0.6151086056975221
204004609.16674125 0.6142221737291472
204476920.14976332 0.6136027375568277
204949231.13278538 0.6129841774756265
205623961.10853118 0.6121020365766476
206298691.08427697 0.6112216751579795
206973421.06002277 0.6103430882674005
207659396.53536433 0.6094516723139768
208334126.51111013 0.6085766490666454
210358316.43834752 0.6059621180328617
211033046.41409332 0.6050941043898089
211707776.3898391 0.6042278310419524
212382506.36558488 0.6033632931827628
213068481.84092644 0.6024861205398129
213507056.32516122 0.6019262403936878
213956876.30899176 0.6013527604336769
214440432.79160956 0.6007371218306092
214923989.27422738 0.6001223646879827
215609964.74956894 0.5992517761151476
216284694.72531474 0.5983971817822531
216959424.70106053 0.5975442907975844
217634154.67680633 0.5966930984903477
218308884.65255213 0.5958436002067986
218983614.62829792 0.5949957913101552
219669590.10363948 0.5941355793591662
220344320.07938528 0.593291163357238
221019050.05513108 0.5924484228564904
221693780.03087687 0.5916073532874155
223043239.98236847 0.5899302087488612
223717969.95811427 0.5890941247227274
224403945.43345582 0.5882458003054574
225078675.40920162 0.5874130448623354
225753405.38494742 0.5865819332038823
226428135.36069322 0.5857524608749108
227102865.336439 0.5849246234362052
227777595.31218478 0.5840984164644419
228452325.28793058 0.5832738355521133
229127055.26367638 0.5824508763074489
229813030.73901793 0.5816158589989853
230487760.71476373 0.5807961568222354
231162490.69050953 0.5799780631592155
231837220.66625533 0.5791615736806015
232511950.64200112 0.5783466840724276
233186680.61774692 0.5775333900360134
233625255.1019817 0.5770056025080458
234052584.0866207 0.5764919935566372
235413289.53770804 0.5748607867152984
236088019.51345384 0.5740543050165408
236762749.48919964 0.5732493963587486
237437479.46494544 0.5724460565378661
238112209.44069123 0.5716442813645974
238786939.41643703 0.5708440666643372
239472914.8917786 0.5700321104657808
240147644.8675244 0.5692350300805581
240822374.84327018 0.5684394976632526
241497104.81901598 0.5676455090975722
242171834.79476178 0.5668530602815717
242846564.77050757 0.5660621471275873
243521294.74625334 0.5652727655621688
244207270.2215949 0.5644717935439205
244882000.1973407 0.5636854883490185
245556730.1730865 0.5629007025398898
246231460.1488323 0.5621174320995161
246906190.1245781 0.561335673024767
247580920.1003239 0.5605554213263344
248941625.55141124 0.5589864827033529
249616355.52715704 0.5582107542267788
250291085.50290284 0.557436517240797
250965815.47864863 0.5566637678244963
251640545.45439443 0.5558925020704137
252315275.43014023 0.5551227160844728
252990005.40588602 0.5543544059859227
253675980.88122758 0.5535747997219445
254350710.85697338 0.5528094542457741
255025440.83271918 0.5520455730301896
255700170.80846497 0.5512831522473627
256374900.78421077 0.5505221880824928
257049630.75995657 0.5497626767337485
257645642.238532 0.5490929804735012
258230408.21751168 0.5484370163231373
258905138.19325748 0.5476814807207475
259591113.66859904 0.5469148276774335
260265843.64434484 0.5461621895655117
261615303.59583643 0.5446612030531688
262964763.54732803 0.5431659114482206
263639493.52307382 0.5424203920173157
264325468.99841538 0.5416638954443715
265000198.97416118 0.5409212211914186
265674928.94990698 0.5401799522723602
266349658.92565277 0.5394400850583693
267024388.90139857 0.5387016159327661
267699118.87714437 0.5379645412909659
268373848.85289016 0.5372288575404258
269048578.82863593 0.5364945611005925
269723308.8043817 0.5357616484028501
270409284.2797233 0.5350179353549613
271084014.2554691 0.534287802397089
271758744.2312149 0.5335590424877857
272433474.2069607 0.5328316521058682
273108204.1827065 0.5321056277418342
273782934.1584523 0.5313809658978125
275132394.10994387 0.5299357158361797
275818369.5852854 0.5292031221968547
276493099.5610312 0.5284838981332752
277167829.536777 0.5277660192158412
277673877.0185864 0.5272284907167814
280901335.4025704 0.5238179150771666
281576065.3783162 0.523108740575533
282250795.354062 0.5224008856643598
282925525.3298078 0.5216943469985783
283600255.3055536 0.5209891212440538
284274985.2812994 0.5202852050775381
284949715.2570452 0.5195825951866249
285635690.73238677 0.5188696108414168
286310420.70813257 0.5181696252411949
286985150.68387836 0.5174709359893745
288334610.63536996 0.5160774334642998
289009340.61111575 0.5153826136842227
289684070.58686155 0.5146890772388145
290358800.56260735 0.5139968209009634
291044776.0379489 0.5132943359297115
291719506.0136947 0.5126046513683343
292394235.9894405 0.5119162372424781
293068965.9651863 0.5112290903667108
293743695.9409321 0.5105432075658698
294429671.41627365 0.5098471859749011
295104401.39201945 0.5091638427752101
295779131.3677652 0.5084817541338299
296453861.343511 0.5078009169164245
297128591.3192568 0.5071213279987179
297803321.2950026 0.5064429842664532
298478051.2707484 0.5057658826153515
299152781.2464942 0.5050900199510716
299827511.22224 0.5044153931891694
300513486.6975815 0.503730786450145
301739246.15351975 0.5025106354727092
302301521.13330793 0.501952285979086
302976251.10905373 0.5012833862669539
303650981.08479947 0.5006157051636984
304325711.06054527 0.4999492396498385
306990894.4647412 0.4973285265519632
307620642.4421039 0.4967120296001421
308295372.4178497 0.49605265517201286
308970102.3935955 0.4953944758074523
309644832.3693413 0.49473748856157723
310252089.34751254 0.4941472168753106
310870591.82527953 0.493547002185088
311545321.80102533 0.49289335699109327
312220051.7767711 0.4922408927612669
312894781.7525169 0.4915896065951587
313569511.72826266 0.49093949560143735
314244241.70400846 0.4902905568978533
314930217.17935 0.4896320013476616
315604947.1550958 0.4889854180320855
316279677.1308416 0.4883399983665242
316954407.1065874 0.48769573950484857
317629137.0823332 0.48705263860983433
318303867.058079 0.48641069285312527
318978597.0338248 0.4857698994151995
319664572.50916636 0.48511960447608765
320339302.48491216 0.4844811263404043
321014032.46065795 0.4838437920711158
321688762.43640375 0.48320759888383535
322363492.41214955 0.4825725440028379
323049467.8874911 0.4819280689434804
323724197.8632369 0.4812953012387069
324398927.8389827 0.48066366351891326
325073657.8147285 0.48003315304282573
325748387.7904743 0.479403767077665
326423117.7662201 0.4787755028991115
327109093.24156165 0.4781379148383944
327783823.21730745 0.47751190467693955
328458553.19305325 0.47688700813465595
329133283.16879904 0.47626322252087877
329808013.14454484 0.47564054515324095
330482743.12029064 0.47501897335764065
331157473.09603643 0.47439850446820964
331832203.07178223 0.4737791358272822
332506933.047528 0.47316086478536235
333192908.5228696 0.4725334116947386
333867638.4986154 0.4719173461180149
334542368.4743612 0.47130237019683613
335217098.450107 0.4706884813142093
335891828.4258528 0.47007567686115626
336566558.4015986 0.4694639542366823
337252533.87694013 0.46884314258671955
337927263.8526859 0.46823359377051876
338601993.8284317 0.46762511898462383
339276723.8041775 0.4670177156598026
339951453.7799233 0.46641138123465453
340626183.7556691 0.4658061131555818
341300913.7314149 0.46520190887675944
341986889.2067565 0.46458872245332233
342661619.18250227 0.46398665579260595
343336349.158248 0.4633856452990281
344011079.1339938 0.462785688457689
344685809.1097396 0.4621867827613153
345360539.0854854 0.461588925710231
346046514.56082696 0.4609821768131125
346518825.54384905 0.46056504248070007
346991136.5268711 0.4601484186755218
347665866.5026169 0.4595541257383195
351050761.8809416 0.45658836728960367
353749681.7839248 0.4542421499759573
354424411.7596706 0.45365814112934294
355099141.7354164 0.453075145678351
355773871.7111622 0.4524931612370092
356459847.18650377 0.4519025110281403
357134577.16224957 0.4513225582276607
357809307.13799536 0.4507436092823184
358484037.11374116 0.4501656618346735
359158767.08948696 0.4495887135343242
359833497.06523275 0.44901276203788004
360519472.5405743 0.44842823080386046
361194202.5163201 0.44785428242891057
361868932.4920659 0.44728132383085556
362543662.4678117 0.4467093526942088
363218392.4435575 0.44613836671036616
363893122.4193033 0.4455683635775811
364579097.89464486 0.44498986558577724
365253827.87039065 0.4444218375622918
365928557.84613645 0.4438547854875529
366603287.8218822 0.4432887070871052
367278017.797628 0.44272360009322576
367952747.7733738 0.44215946224489916
368627477.7491196 0.4415962912877931
369302207.7248654 0.4410340849742339
369976937.7006112 0.4404728410631819
370662913.17595273 0.4399032273798851
371337643.1516985 0.43934391752397906
372012373.1274443 0.43878556335006075
372687103.1031901 0.43822816264349557
373361833.0789359 0.4376717131961634
374036563.0546817 0.4371162128064345
374711293.0304275 0.4365616592791456
375386023.0061733 0.4360080504255771
376071998.4815149 0.43544618092998916
376746728.45726067 0.4348944705368863
377421458.43300647 0.43434369825366725
378096188.40875226 0.43379386191725916
378770918.38449806 0.4332449593709167
379445648.36024386 0.4326969884641989
380131623.8355854 0.43214083755879984
380806353.8113312 0.43159473894299527
381481083.787077 0.43104956551761786
382155813.7628228 0.43050531515732215
382830543.7385686 0.42996198574295397
383505273.7143144 0.4294195751615288
384180003.6900602 0.4288780813062089
385180853.15408313 0.4280765493611704
385855583.12982893 0.4275373229695197
386530313.1055747 0.42699900601284424
387205043.0813205 0.4264615964115973
387891018.5566621 0.4259161580115702
388565748.5324079 0.4253805719427198
389240478.5081537 0.4248458869924296
389915208.4838995 0.42431210110523354
390589938.4596453 0.4237792122316084
391264668.43539107 0.4232472183279509
391939398.41113687 0.4227161173565579
392625373.8864784 0.42217707798744897
393300103.8622242 0.42164777158841255
393974833.83796996 0.42111935201010064
394649563.81371576 0.42059181723829697
395324293.78946155 0.4200651652645808
395999023.76520735 0.4195393940863066
396673753.74095315 0.41901450170658344
397359729.2162947 0.4184817599585744
398034459.1920405 0.417958633771775
398709189.1677863 0.4174363803942317
399383919.1435321 0.4169149978519641
400058649.1192779 0.4163944841766458
400733379.0950237 0.4158748374055842
401408109.0707695 0.41535605558170047
402082839.0465153 0.41483813675350995
402768814.52185684 0.41431246862940935
403162407.00770855 0.4140112568045367
407424451.35450286 0.4107681796698725
408099181.33024865 0.4102578704986329
408773911.30599445 0.40974840526949435
409448641.28174025 0.40923978209078415
410123371.25748605 0.40873199907619584
410798101.23323184 0.40822505434476947
411484076.7085734 0.40771051795771374
412158806.6843192 0.4072052580641661
412833536.660065 0.40670083081175973
413508266.6358108 0.40619723434082616
414182996.6115566 0.4056944667969518
414868972.08689815 0.4051841676532044
415543702.06264395 0.40468306615944094
416218432.0383897 0.40418278803024027
416893162.0141355 0.4036833314321122
417567891.9898813 0.4031846945367316
418242621.9656271 0.40268687552091936
418917351.9413729 0.40218987256662503
419592081.91711867 0.40169368386090926
420278057.3924602 0.40119005819774733
420952787.368206 0.4006955060661156
421627517.3439518 0.40020176274481617
422302247.3196976 0.39970882644126277
422976977.2954434 0.39921669536789284
423651707.2711892 0.3987253677421499
424337682.7465308 0.3982266731356969
425012412.72227657 0.3977369603941132
425687142.69802237 0.3972480457529356
426361872.67376816 0.39675992744954447
427036602.64951396 0.3962726037262412
427711332.62525976 0.3957860728302315
428386062.60100555 0.39530033301360856
429072038.0763471 0.39480730670285874
429746768.0520929 0.39432315693269315
430421498.0278387 0.3938397929985047
431613520.9849896 0.39298776524312534
432142059.4659905 0.39261076000375833
432816789.4417363 0.3921301718608951
433491519.4174821 0.39165036172828743
434166249.3932279 0.39117132789922304
434852224.86856943 0.3906851042375184
435526954.84431523 0.39020763078169546
436201684.820061 0.3897309285094296
436876414.7958068 0.389254995732914
437551144.7715526 0.388779830769009
438225874.7472984 0.388305431939226
438900604.7230442 0.387831797569712
439586580.1983858 0.38735105125130764
440261310.1741316 0.38687895347060003
440936040.14987737 0.38640761512863114
441610770.12562317 0.3859370345700109
442285500.10136896 0.38546721014390667
442960230.07711476 0.38499814020402834
443634960.05286056 0.3845298231086134
444309690.02860636 0.38406225722041076
444984420.00435215 0.383595440906667
445670395.4796937 0.3831216110604958
446345125.4554395 0.38265630144029467
447019855.4311853 0.38219173649617033
447694585.40693104 0.3817279146132804
448369315.38267684 0.38126483418120444
449044045.35842264 0.3808024935939293
449718775.33416843 0.3803408912498342
458017954.03584176 0.37472294904322107
458692684.01158756 0.3742710151289191
460042143.96307915 0.37336929319989176
460716873.93882495 0.37291950211691205
461402849.4141665 0.37246294360214705
462077579.3899123 0.37201458524226316
462752309.36565804 0.3715669350294482
