1.0 0.9999999978195926
1979208.9288543335 0.9935353581339198
4059626.3540705363 0.9870402118068886
7883096.216630044 0.9759973199725517
17554225.868986446 0.950678819500819
20118199.77682047 0.944354138561423
23458113.156762157 0.9362936033022555
26809272.03629961 0.9283842684593163
28484851.476068333 0.9244902449783121
29159581.45181413 0.9229329328344268
37706161.14459421 0.9036925964909266
39730351.07183159 0.8992565319801167
41079811.023323186 0.8963228326804856
42440516.474410534 0.8933833251094389
45139436.377393715 0.8876066091298757
45814166.35313951 0.8861733078666604
47849601.779972665 0.8818751569824552
53674770.57057803 0.8697788605454007
56384935.97315697 0.8642496866692493
57059665.94890277 0.8628825076189579
58409125.900394365 0.8601591654918757
59769831.35148172 0.8574278165377754
63143481.23021069 0.8507181316996272
64391731.68534042 0.8482575792739107
64864042.668362476 0.8473296105227499
68147728.55032535 0.8409235933725966
69508434.0014127 0.8382920308597509
72600946.3902476 0.8323601516821393
73005784.37569508 0.8315885766013139
73680514.35144086 0.8303051408774277
74355244.32718666 0.8290248432855474
75029974.30293246 0.8277476664227515
76390679.75401981 0.8251814495580256
76986691.23259526 0.8240613441285342
78257432.68691652 0.8216811408298343
78932162.66266231 0.8204216840640584
80292868.11374967 0.8178909176514141
81642328.06524125 0.8153930303715377
84341247.96822444 0.8104325212947262
85027223.443566 0.8091791335414018
86376683.39505759 0.8067221175104173
87051413.37080339 0.8054978905456291
87726143.34654918 0.8042764996990343
88164717.83078395 0.8034841102428398
89289267.79036027 0.8014577671986981
91324703.21719342 0.7978097748356987
91999433.19293922 0.7966060452210023
94023623.1201766 0.793011263765273
94698353.0959224 0.7918184323722046
95373083.0716682 0.7906282958341876
96047813.04741399 0.7894408425272056
99432708.42573872 0.7835238781733033
102817603.80406347 0.7776727511634288
104167063.75555506 0.7753581310544158
105516523.70704666 0.7730536795180761
106191253.68279244 0.7719052417545264
106877229.158134 0.77074023853155
107270821.64398572 0.7700729623550341
107664414.12983744 0.7694065356408041
108339144.10558324 0.7682660605973063
109025119.5809248 0.7671091210277299
109699849.55667058 0.7659736396847537
111724039.48390797 0.7625819294424854
113073499.43539956 0.7603329744854068
113748229.41114536 0.759212125090891
114434204.88648692 0.7580750620105181
115108934.86223271 0.7569590569422571
115783664.83797851 0.7558454406161687
117133124.78947009 0.7536253390972916
118482584.74096169 0.7514146879577097
119168560.21630324 0.750294541296917
119843290.19204904 0.7491951140981319
120428056.17102873 0.7482441609843974
121012822.15000843 0.7472949514047641
121698797.62534998 0.7461836705887563
123722987.55258736 0.7429183410108929
125072447.50407895 0.7407528754222811
127107882.9309121 0.7375037545151323
128457342.8824037 0.7353609018445735
129132072.8581495 0.7342928193089462
129806802.8338953 0.7332269558283003
130481532.80964108 0.7321633038587295
132516968.23647423 0.7289679431386172
133191698.21222003 0.7279130990836093
133866428.18796583 0.7268604294484621
135901863.61479896 0.7236979765199294
136486629.59377867 0.7227930456412774
137071395.57275835 0.7218897217374881
137746125.54850414 0.7208494157832204
138420855.52424994 0.7198112362162258
139095585.49999574 0.7187751760934585
139781560.9753373 0.7177240139140341
140456290.9510831 0.7166922070588638
141131020.9268289 0.7156624989612553
141805750.9025747 0.7146348828475727
143155210.85406628 0.7125858996813668
143829940.82981208 0.7115645192840242
144909508.79100534 0.7099346037219728
145303101.27685705 0.7093416735886687
145977831.25260285 0.7083268449153614
146652561.22834864 0.7073140607411172
148687996.6551818 0.7042711498354386
149362726.6309276 0.7032665130907962
150037456.6066734 0.7022638888419788
150712186.5824192 0.7012632708178796
151386916.55816498 0.7002646527824465
151926700.53876162 0.6994671941774563
152466484.51935825 0.6986710084363809
153141214.49510404 0.6976775614344641
153815944.47084984 0.6966860922557934
154490674.44659564 0.6956965948207084
155165404.42234144 0.6947090630825296
156514864.37383303 0.6927398726729909
157200839.8491746 0.691741857361383
157875569.8249204 0.6907621609054899
158550299.80066618 0.6897844002979608
159225029.77641198 0.6888085696833928
160574489.72790357 0.6868626751644821
161249219.70364937 0.6858925997013697
161935195.17899093 0.6849083110928691
162609925.15473673 0.683942075312203
163273409.63088673 0.6829937917693759
163711984.1151215 0.6823679638003812
164161804.09895205 0.6817269167744572
164847779.5742936 0.6807509303068866
165522509.5500394 0.6797928360690405
166197239.52578518 0.6788366130587925
166871969.50153098 0.6778822557509266
167546699.47727677 0.6769297586476545
168221429.45302257 0.6759791162783587
168615021.9388743 0.675425429256843
169019859.92432177 0.6748565779700788
169694589.90006757 0.6739099662222285
170369319.87581336 0.6729651919715872
171055295.35115492 0.6720065496484812
173360622.76828638 0.6687986855514737
174035352.74403217 0.6678638020276337
174710082.71977797 0.6669307219672804
175384812.69552377 0.665999440173392
176059542.67126957 0.6650699514734021
176734272.64701536 0.664142250718989
177409002.62276116 0.6632163327858661
178083732.59850696 0.6622921925735749
178769708.07384852 0.6613544672018998
179253264.55646634 0.6606945458084788
179736821.03908417 0.6600355303729772
180411551.01482996 0.659117484472927
181086280.99057576 0.6582011938803934
181772256.46591732 0.6572714260846201
182446986.4416631 0.6563586602553027
183121716.41740888 0.655447634796796
183515308.90326062 0.6549170050401543
183830182.891942 0.654492925771046
184156302.3802191 0.6540540980635329
184549894.86607084 0.6535250159605935
185224624.84181663 0.6526193832808965
186416647.79896754 0.6510236334568777
187091377.77471334 0.6501227485495038
187766107.75045913 0.6492235706794218
188440837.72620493 0.6483260950880917
189115567.7019507 0.6474303170378128
189801543.17729226 0.6465213447063318
190476273.15303805 0.6456289757033952
191151003.12878385 0.6447382900740796
191825733.10452965 0.6438492831627834
195885358.4586002 0.638535600009524
196560088.434346 0.6376582428392701
197234818.4100918 0.636782527776646
197909548.38583758 0.6359084503414997
198584278.36158338 0.6350360060724262
199944983.81267074 0.6332815264953303
200619713.78841653 0.6324139821024964
201294443.76416233 0.6315480531419359
201969173.73990813 0.6306837352442837
202643903.71565393 0.6298210240581337
203318633.6913997 0.6289599152499094
204004609.16674125 0.6280860928392727
204679339.14248705 0.6272282023832912
205354069.11823285 0.6263719013390601
206028799.09397864 0.6255171854433863
206703529.06972444 0.6246640504502987
207175840.0527465 0.6240677943269347
207648151.03576857 0.6234723093277956
208322881.01151437 0.6226229512794617
208997610.98726016 0.6217751598246591
209683586.46260172 0.620914840188101
210358316.43834752 0.620070195358255
211033046.41409332 0.619227104588086
211707776.3898391 0.6183855637557735
213057236.34133068 0.6167071154986996
213743211.81667224 0.6158562643224669
214417941.79241803 0.6150209078731846
215092671.76816383 0.6141870809274276
215767401.74390963 0.6133547794597052
216442131.71965542 0.6125239994601755
217116861.69540122 0.6116947369345468
217802837.17074278 0.6108532048868746
218477567.14648858 0.6100269905132449
219152297.12223437 0.6092022816572805
219827027.09798017 0.6083790743861612
220501757.07372597 0.6075573647821316
221851217.02521756 0.6059184229790787
222537192.50055912 0.6050875749207801
223211922.47630492 0.6042718417753836
223886652.45205072 0.6034575868670731
224561382.4277965 0.6026448063667829
225236112.4035423 0.6018334964598749
226034542.87484148 0.600875340915706
226709272.85058728 0.6000672286173109
227384002.82633308 0.5992605748640895
228058732.80207887 0.5984553759008177
228733462.77782467 0.5976516279862538
229385701.75437894 0.5968760474674676
230026695.23133746 0.5961151534423921
230701425.20708326 0.5953156165137405
231376155.18282902 0.5945175161136791
232062130.6581706 0.5937075828947103
232736860.63391638 0.592912368333275
233411590.60966218 0.5921185792591626
234086320.58540797 0.5913262120391963
234761050.56115377 0.5905352630534701
235435780.53689957 0.5897457286952739
236110510.51264536 0.5889576053710163
236785240.48839116 0.588170889500152
237471215.96373272 0.587372500855793
238145945.93947852 0.5865886125107005
238820675.9152243 0.5858061208959782
240170135.8667159 0.584245313754786
240844865.8424617 0.58346699120852
241519595.8182075 0.5826900513528915
242194325.7939533 0.5819144907093208
242880301.26929486 0.5811274143659387
243555031.24504066 0.580354624602628
244229761.22078645 0.5795832036325238
244904491.19653225 0.5788131480264551
245579221.17227805 0.5780444543673832
248615506.0631341 0.5746020959807027
249290236.0388799 0.5738408324865709
249976211.51422146 0.5730682549628832
250650941.48996726 0.5723096904458802
251325671.46571305 0.5715524592566202
252000401.44145885 0.5707965580903269
252675131.41720465 0.5700419836536941
253349861.39295045 0.569288732664825
254710566.8440378 0.5677736888666363
255385296.8197836 0.5670244105099419
256060026.7955294 0.566276442532495
256734756.7712752 0.5655297817087539
257409486.747021 0.5647844248242366
258084216.7227668 0.5640403686754644
258758946.69851258 0.563297610069905
259433676.67425838 0.562556145825918
260119652.14959994 0.5618036474763889
260794382.1253457 0.5610647838943841
261469112.1010915 0.5603272051414312
262143842.0768373 0.5595909080790853
262818572.0525831 0.5588558895795198
263493302.0283289 0.5581221465254738
264168032.0040747 0.5573896758101997
264854007.47941625 0.5566462983819126
265528737.45516205 0.5559163841422553
266203467.43090785 0.5551877329325133
266878197.40665364 0.5544603416876442
268227657.35814524 0.5530093268835796
268902387.33389103 0.5522856972453738
269588362.8092326 0.5515512862712455
270263092.7849784 0.5508301699533413
270724158.26840466 0.5503381214900298
271185223.751831 0.5498466518934202
271871199.22717255 0.5491165102781592
272545929.20291835 0.548399583121298
273074467.6839192 0.5478388506031537
273591760.66532433 0.5472907789993177
274277736.1406659 0.5465651005378136
274952466.1164117 0.545852552729765
275627196.0921575 0.545141226054035
276301926.0679033 0.5444311175843966
276976656.0436491 0.5437222244042093
277662631.51899064 0.5430027591814665
278337361.49473643 0.5422963080019639
279012091.4704822 0.5415910633710045
279686821.44622797 0.5408870224100016
280361551.42197376 0.5401841822497322
281036281.39771956 0.5394825400302924
282385741.34921116 0.5380828380206253
283071716.8245527 0.5373731481933135
283746446.8002985 0.536676289075729
284421176.7760443 0.5359806136909202
285095906.7517901 0.5352861192341516
285770636.7275359 0.5345928029097101
286445366.7032817 0.5339006619308633
287120096.6790275 0.533209693519818
287794826.6547733 0.532519894907681
288480802.13011485 0.5318197960132606
289155532.10586065 0.5311323481091885
289830262.08160645 0.5304460617047022
290504992.05735224 0.5297609340662488
291179722.03309804 0.529076962468975
291854452.00884384 0.5283941441966866
292529181.98458964 0.5277124765418127
293215157.4599312 0.5270206245198419
293889887.435677 0.5263412690757623
294418425.9166779 0.5258099054517232
294946964.39767873 0.5252792415936749
295632939.8730203 0.5245915490205522
296307669.8487661 0.523916275187047
298331859.7760035 0.5218972408872444
299006589.7517493 0.5212264830708829
299681319.7274951 0.5205568476919467
300367295.20283663 0.5198771996868554
301042025.17858243 0.5192098199584125
301716755.1543282 0.5185435548177302
302391485.130074 0.5178784016789919
303066215.1058198 0.5172143579644299
303740945.0815656 0.5165514211042898
304415675.0573114 0.5158895885367974
305776380.5083988 0.5145582415098928
306451110.48414457 0.513899724785099
307125840.45989037 0.513242302142862
307800570.43563616 0.5125859710609243
308475300.41138196 0.5119307290248035
309150030.38712776 0.5112765735277622
309824760.36287355 0.5106235020707721
310510735.8382151 0.5099606548129769
311185465.8139609 0.5093097619331025
311860195.78970665 0.5086599456009298
313108446.2448364 0.5074606150897104
313636984.7258373 0.5069538944626919
314255487.2036042 0.5063617552816208
314941462.6789458 0.5057060660482154
315616192.6546916 0.5050621975922878
316290922.6304374 0.5044193896121042
316965652.6061832 0.503777639688279
317640382.58192897 0.5031369454087714
318315112.55767477 0.5024973043688545
318944860.5350375 0.5019012542060306
319585854.01199603 0.501295498348371
320260583.9877418 0.500658880752731
320935313.9634876 0.5000233071271206
321610043.9392334 0.49938877510210083
322161073.41942585 0.49887134496793456
322700857.40002245 0.4983651454373622
323375587.37576824 0.49773332777406437
324050317.35151404 0.49710254320127634
324725047.32725984 0.49647278938227607
325411022.8026014 0.4958335939305649
326085752.7783472 0.4952059117190205
326546818.26177347 0.49477758447814824
326996638.24560404 0.4943601642246545
328593499.1882024 0.4928819811489772
329268229.1639482 0.4922591074288969
329942959.139694 0.4916372466264056
330617689.1154398 0.4910163964650204
331303664.59078133 0.49038623250877106
331978394.5665271 0.4897674135765159
332653124.5422729 0.4891495984588439
333327854.5180187 0.48853278490627566
334002584.4937645 0.48791697067598855
334677314.4695103 0.4873021535317886
335363289.9448519 0.48667810928859945
338736939.82358086 0.4836239253785373
339411669.79932666 0.48301604211668403
340097645.2746682 0.48239903147137947
340772375.250414 0.4817931210919709
341447105.2261598 0.48118818572336947
342121835.2019056 0.48058422320081723
343471295.1533972 0.47937920806642076
344146025.129143 0.47877815115657885
344764527.60691 0.4782280294415021
345371784.58508116 0.47768869662450936
346046514.56082696 0.47709035023162677
346732490.0361685 0.47648301373313323
347407220.0119143 0.475886597655697
349442655.43874747 0.4740931803519575
350117385.41449326 0.47350058343796086
350792115.39023906 0.4729089321070471
351466845.36598486 0.47231822427989556
352141575.34173065 0.47172845788317963
352827550.8170722 0.4711298250123954
353502280.792818 0.47054195088469986
354177010.7685638 0.46995501196899314
354851740.7443096 0.4693690062157987
355526470.7200554 0.4687839315815209
356201200.6958012 0.4681997860284237
356875930.671547 0.467616567524608
359451150.0789768 0.4653991021224037
360002179.5591692 0.46492636198481463
360676909.534915 0.4643483281700901
361351639.51066077 0.4637712080725708
362026369.48640656 0.4631949997041982
362712344.9617481 0.4626101204685136
363387074.9374939 0.462035744729623
364061804.9132397 0.4614622747567178
364736534.8889855 0.4608897085843106
365411264.8647313 0.4603180442524798
366085994.8404771 0.45974727980685154
366771970.31581867 0.4591679231198891
367446700.29156446 0.4585989675224268
368121430.26731026 0.45803090594886775
371315152.152507 0.45535415338531426
371989882.1282528 0.45479118041634053
372664612.1039986 0.45422908856493005
373339342.0797444 0.4536678759350601
374014072.0554902 0.4531075406360196
374688802.031236 0.4525480807823899
375363532.0069818 0.4519894944940262
376049507.48232335 0.45142249202723694
376724237.45806915 0.45086566173116965
377398967.43381494 0.4503096993603524
378073697.40956074 0.44975460305563025
378748427.38530654 0.44920037096302595
379423157.36105233 0.44864700123372164
380109132.8363939 0.44808529081724835
380783862.8121397 0.4475336545844408
381334892.2923321 0.4470837873356187
381829694.27454567 0.44668031104577777
382448196.75231266 0.4461766114256179
383134172.2276542 0.44561880033412027
383808902.2034 0.4450709912546394
384483632.1791458 0.4445240308349268
385158362.1548916 0.4439779172692795
385833092.1306374 0.443432648756981
386226684.6164891 0.4431149649941589
386631522.6019366 0.44278850353416416
387306252.5776824 0.44224507382132455
387891018.5566621 0.44177478041175294
388487030.0352375 0.44129609044858575
389161760.0109833 0.440754964679137
390511219.9624749 0.4396752147857271
391185949.9382207 0.439136587133359
391770715.9172004 0.43867044728316207
392355481.8961801 0.4382049291024358
393030211.8719259 0.4376685637421879
393704941.8476717 0.43713302278947325
394379671.8234175 0.4365983045052281
395054401.7991633 0.4360644071551392
395729131.7749091 0.4355313290096276
396415107.25025064 0.434990204248802
397089837.22599643 0.43445877292400753
397764567.20174223 0.43392815561474113
398439297.177488 0.43339835061027254
399114027.15323377 0.43286935620452416
399788757.12897956 0.43234117069605277
400463487.10472536 0.4318137923880352
401149462.5800669 0.4312784501897487
401824192.5558127 0.430752694593304
402498922.5315585 0.4302277411063866
403173652.5073043 0.4297035880505667
403848382.4830501 0.42918023375195347
404523112.4587959 0.4286576765411805
405209087.93413746 0.42812722545313064
405883817.90988326 0.42760627064329104
406558547.88562906 0.4270861079126186
407233277.86137486 0.42656673560976105
407908007.83712065 0.4260481520878116
408582737.81286645 0.42553035570429504
409257467.78861225 0.4250133448211514
409797251.7692089 0.4246003005769384
410348281.2494013 0.4241791678384834
411023011.22514707 0.4236642046290008
411697741.20089287 0.4231500210322033
412372471.17663866 0.42263661543022135
413058446.6519802 0.42211544895767594
413733176.627726 0.4216036074082873
414407906.6034718 0.4210925389993241
415082636.5792176 0.4205822421302267
415757366.5549634 0.42007271520470707
416432096.5307092 0.4195639566307362
417106826.506455 0.4190559648205284
417792801.98179656 0.4185402908871366
418467531.95754236 0.41803384057132503
421166451.86052555 0.41601564361515886
424551347.2388503 0.4135015689395585
425226077.2145961 0.41300268088058883
425900807.1903419 0.4125045392728276
426575537.1660877 0.41200714258655424
427261512.64142925 0.4115022180307834
427936242.61717504 0.4110063189661467
428610972.59292084 0.410511160232726
429285702.56866664 0.41001674031692315
429960432.54441243 0.4095230577091199
430635162.52015823 0.40903011090366526
431309892.495904 0.4085378983988623
431995867.9712456 0.4080382335685451
432670597.9469914 0.40754749735155466
433345327.9227372 0.40705749092891813
434020057.898483 0.4065682128146886
434694787.8742287 0.40607966152680713
435369517.8499745 0.4055918355870912
436044247.8257203 0.4051047335212213
436718977.8014661 0.40461835385872746
437404953.27680767 0.4041246069204823
438079683.25255346 0.40363967964753145
438754413.22829926 0.40315547036523913
439429143.20404506 0.40267197761847406
440103873.17979085 0.4021891999558921
440778603.15553665 0.4017071359299233
441453333.13128245 0.40122578409676113
441914398.6147088 0.40089726921291874
442375464.09813505 0.4005690857525595
443050194.07388085 0.4000894137121265
443736169.5492224 0.3996024722712658
444410899.5249682 0.3991242252757371
445085629.500714 0.3986466827646461
445760359.4764598 0.3981698433179142
446435089.4522056 0.3976937055191357
447109819.4279514 0.3972182679555651
447784549.4036972 0.3967435292181063
448459279.379443 0.39626948790130007
449145254.85478455 0.3957882594038701
449819984.83053035 0.3953156202916643
450494714.80627614 0.3948436743822238
451169444.78202194 0.39437242028457975
451844174.75776774 0.39390185661134103
452518904.73351353 0.393431981978684
453193634.70925933 0.3929627950063397
453823382.686622 0.3925255063733389
454453130.6639848 0.3920888144530117
455127860.6397306 0.3916215911556204
455813836.11507213 0.3911472803057027
456488566.0908179 0.3906814316965707
457163296.0665637 0.39021626269855114
457838026.0423095 0.3897517719555387
458512756.0180553 0.38928795811489436
459187485.9938011 0.38882481982743383
459862215.9695469 0.3883623557474169
460548191.4448885 0.38789287370532133
461222921.42063427 0.3874317651974728
461897651.39638007 0.3869713268581722
462572381.37212586 0.38651155735540277
463247111.34787166 0.38605245536053623
463921841.32361746 0.3855940195483234
464596571.29936326 0.38513624859688217
465271301.27510905 0.3846791411876874
465957276.7504506 0.38421509418891786
466632006.7261964 0.3837593209261748
467306736.7019422 0.3833042072483589
467981466.677688 0.3828497518503219
468656196.6534338 0.38239595343022
469342172.12877536 0.3819352638581701
470016902.10452116 0.38148278639701616
470691632.08026695 0.3810309620064786
471366362.05601275 0.38057978939787923
472041092.03175855 0.380129267285792
472715822.00750434 0.37967939438803255
473390551.98325014 0.3792301694256479
474065281.95899594 0.3787815911229062
474751257.4343375 0.3783261981193229
475425987.4100833 0.3778789200460678
476100717.3858291 0.3774322848034126
476595519.36804265 0.3771051601152746
477090321.3502562 0.3767783799509624
477765051.326002 0.37633332496417105
478203625.8102368 0.3760443816785955
478653445.7940673 0.3757483094460794
479328175.7698131 0.3753047316635438
480002905.7455589 0.37486178945155674
480677635.7213047 0.3744194815654261
481352365.6970505 0.37397780676357395
482038341.1723921 0.37352941843769005
482713071.14813787 0.37308901659179283
483387801.12388366 0.37264924410351513
484062531.09962946 0.37221009974368957
484737261.07537526 0.3717715822862148
485411991.05112106 0.3713336905080457
486086721.02686685 0.37089642318918403
491810680.3211103 0.3672118874614223
492485410.2968561 0.3667804820282222
493148894.77300614 0.36635686333142065
494487109.224902 0.36550424140061566
495161839.2006478 0.36507525601011537
495836569.17639357 0.36464687778434335
496511299.15213937 0.36421910554919634
497197274.6274809 0.36378482379404503
497872004.6032267 0.36335827008038357
498546734.5789725 0.36293231883297844
499221464.5547183 0.3625069688893049
499896194.5304641 0.3620822190896993
500570924.5062099 0.36165806827734953
