1.0 0.9999999980406731
3328668.8803459243 0.9822911168715268
9086364.673376713 0.9609917608657207
12853607.037957404 0.9492819771291301
22142389.704057854 0.9237463869330548
22817119.67980365 0.922014936867263
23491849.655549448 0.920296472705836
24166579.63129524 0.9185905028612537
30531532.402497247 0.9030372803166642
33803972.78486435 0.8953657233600463
36334210.19391109 0.8895623643097934
36829012.17612467 0.8884396229406775
38189717.627212025 0.8853715996410767
38864447.60295782 0.8838606055053474
39539177.57870361 0.882356280718891
40888637.53019521 0.8793671194646647
41563367.505941 0.877882036529878
42249342.98128256 0.876378532625787
43598802.93277415 0.8734390039405096
46972452.81150313 0.8661909507474539
48333158.26259048 0.8633063563192372
49682618.21408208 0.8604666183953128
51706808.14131946 0.8562449421135887
52381538.11706526 0.8548475515912825
54416973.5438984 0.850660960292694
55091703.5196442 0.8492825049632015
55766433.49539 0.8479086151105758
56441163.471135795 0.8465392349552158
57115893.446881585 0.8451743103296848
59826058.849460535 0.8397357120344769
60500788.82520633 0.8383923741385708
61175518.80095212 0.8370531963116569
61850248.77669792 0.8357181339785118
62524978.752443716 0.834387143721828
63199708.72818951 0.8330601832376775
64560414.17927687 0.8303962371857798
67934064.05800584 0.8238593225721935
68608794.03375164 0.8225632596670223
69294769.5090932 0.8212493805544574
71251486.438756 0.8175222563118465
71926216.4145018 0.816244034091726
73275676.3659934 0.8136981677707111
73950406.3417392 0.8124304647579353
74625136.31748497 0.8111662102621742
75299866.29323077 0.8099053763374365
75974596.26897657 0.8086479356071813
76368188.75482829 0.8079159848208568
76480643.75078592 0.8077070656861752
76874236.23663764 0.8069765799823401
78223696.18812923 0.8044806324587377
80427814.10889882 0.8004320517673711
80877634.09272936 0.7996100359012646
81541118.56887938 0.7984001455639373
82890578.52037098 0.7959487682477702
83576553.99571253 0.794707446195455
84217547.47267105 0.7935504163146228
84869786.4492253 0.7923759382884732
85544516.4249711 0.7911639668651942
86893976.3764627 0.7887491131364682
88243436.32795429 0.786346245094013
89604141.77904165 0.7839353315604266
90953601.73053323 0.7815560712078335
91628331.70627902 0.7803707751422843
92303061.68202482 0.7791883447441033
93382629.6432181 0.77730237321795
93776222.1290698 0.7766165794129947
94462197.60441136 0.7754236230992343
95136927.58015716 0.7742530409318316
95811657.55590296 0.7730852364957563
96879980.01750048 0.7712418543186995
97273572.50335218 0.7705644461569966
97948302.47909798 0.7694053325309004
98634277.95443954 0.7682296804583871
99309007.93018533 0.7670760205068076
101333197.85742272 0.7636310714027716
102682657.8089143 0.7613476524466878
103357387.7846601 0.7602098645747456
107417013.13873065 0.7534184960202026
108091743.11447644 0.7522986416209521
108766473.09022224 0.7511812911951363
109452448.5655638 0.7500478723407105
110127178.54130958 0.7489355338543029
110801908.51705538 0.7478256622155973
111476638.49280117 0.7467182454135081
112826098.44429277 0.7445107289827813
113512073.91963433 0.7433922910830176
114186803.89538012 0.7422946163567075
114861533.87112592 0.7411993382991716
115536263.84687172 0.7401064457121777
116210993.82261752 0.7390159275232281
116885723.7983633 0.7379277727830796
117560453.7741091 0.7368419706633288
118246429.24945065 0.7357404725646002
118921159.22519645 0.7346593824382844
119595889.20094225 0.7335806129752884
120270619.17668805 0.7325041538095147
120697948.16132705 0.7318235866139292
121125277.14596605 0.7311439394049792
121800007.12171185 0.7300726791092218
122485982.59705341 0.7289858988525835
123835442.548545 0.7268547998992662
124510172.5242908 0.7257926266652349
125184902.5000366 0.7247326914103129
125870877.97537816 0.7236573749973656
126545607.95112394 0.7226019241489449
127220337.92686974 0.7215486828549487
127895067.90261553 0.7204976418772663
128569797.87836133 0.7194487920669299
129244527.85410713 0.718402124362558
129919257.82985292 0.7173576297888432
130605233.30519448 0.7162979455684866
131279963.28094028 0.7152578065168084
131954693.25668608 0.7142198140269279
132629423.23243187 0.7131839594547
133304153.20817766 0.7121502342349705
133978883.18392345 0.7111186298802616
135317097.6358193 0.7090788561291912
137330042.06346092 0.7060261333699597
138004772.0392067 0.7050070112388835
138679502.0149525 0.7039899528959699
139354231.9906983 0.702974950429029
140028961.9664441 0.7019619959930176
140714937.44178566 0.7009342504806995
141389667.41753143 0.6999254026454236
142064397.39327723 0.698918579571487
142739127.36902303 0.697913773673213
143413857.34476882 0.6969109774270366
144088587.32051462 0.6959101833705634
144650862.3003028 0.6950777124319
145213137.28009096 0.6942466225092048
147248572.7069241 0.6912495594386217
148598032.6584157 0.6892724056806726
149272762.6341615 0.6882867525104779
149756319.1167793 0.6875815614065512
150239875.59939712 0.6868773640721519
150914605.57514292 0.6858964191112932
151600581.05048448 0.6849010964691508
152275311.02623028 0.6839240227919049
153624770.97772187 0.6819755971191518
154299500.95346767 0.6810042317972943
154974230.92921346 0.680034756015409
155660206.40455502 0.6790510526008264
156334936.38030082 0.6780853675391566
157009666.35604662 0.6771215524240121
158359126.3075382 0.6751995064701931
159033856.283284 0.6742412629625284
159719831.75862557 0.6732689396729631
160394561.73437136 0.6723144097426574
161069291.71011716 0.671361711910822
161744021.68586293 0.6704108400389008
162429997.1612045 0.6694459858804334
163104727.13695028 0.6684987778585283
163779457.11269608 0.6675533775298357
164454187.08844188 0.6666097789206324
165128917.06418768 0.6656679760969417
165803647.03993347 0.664727963164041
166467131.5160835 0.6638053568266677
167130615.99223354 0.6628844700198567
167805345.96797934 0.6619497327877465
168480075.94372514 0.6610167624412824
169166051.4190667 0.6600700480096195
170515511.3705583 0.6582129488933132
171190241.3463041 0.6572870184080188
171864971.3220499 0.6563628265423714
172539701.29779568 0.6554403677682423
173214431.27354148 0.6545196365918655
173889161.24928725 0.6536006275534403
174575136.7246288 0.6526680615348925
175249866.7003746 0.6517525090033359
175924596.6761204 0.6508386623411504
176599326.6518662 0.6499265162210636
177274056.627612 0.6490160653478632
177948786.6033578 0.6481073044580338
178623516.5791036 0.6472002283194044
179309492.05444515 0.6462797559876875
179984222.03019094 0.6453760616412757
181333681.98168254 0.6435736753003563
182008411.95742834 0.6426749731160434
182683141.93317413 0.6417779248450575
183369117.4085157 0.640867616083978
183818937.39234623 0.6402716149950449
184100074.8822403 0.6398994846598065
184617367.8636454 0.6392155077946856
185292097.8393912 0.6383248076631235
185764408.82241327 0.6377022875584553
185966827.815137 0.6374357372731514
186360420.3009887 0.636917863559044
187035150.2767345 0.6360313636138791
187709880.2524803 0.6351464808467091
188384610.2282261 0.6342632104425193
189059340.2039719 0.6333815476128357
189531651.18699396 0.6327653375876808
190003962.17001602 0.6321499113141691
190689937.64535758 0.6312574703789081
191364667.62110338 0.6303812643214397
192039397.59684917 0.6295066450000097
193388857.54834074 0.6277621479928472
194063587.52408653 0.6268922610828351
194749562.9994281 0.6260094837436851
195266855.9808332 0.6253448519931379
195784148.9622383 0.6246811372854835
196458878.9379841 0.6238167972497893
197144854.41332567 0.6229396427804234
197819584.38907146 0.6220784285107879
198494314.36481726 0.6212187574929752
199169044.34056306 0.6203606253058793
199843774.31630886 0.6195040275510546
200327330.79892668 0.6188910739438971
200799641.78194875 0.6182931321880082
201474371.75769454 0.617440224621636
201946682.74071658 0.6168440937270462
202430239.2233344 0.6162345390917235
203104969.1990802 0.6153852964680885
203779699.174826 0.6145375630598748
205129159.1263176 0.612846606914208
205803889.1020634 0.6120033757414867
206489864.57740495 0.6111476205525217
207164594.55315074 0.6103073946706133
207839324.52889654 0.6094686527526167
208514054.50464234 0.6086313906733362
209188784.48038813 0.6077956043275353
209863514.45613393 0.6069612896297665
210549489.9314755 0.6061145741395455
211224219.9072213 0.6052832149178694
211898949.88296708 0.6044533151379248
212573679.85871288 0.6036248707920191
213248409.83445868 0.602797877891403
213923139.81020445 0.6019723324661068
214597869.78595024 0.6011482305647811
215272599.76169604 0.6003255682545412
216633305.2127834 0.5986708956278473
217308035.1885292 0.597852552441471
217982765.164275 0.5970356332320037
218657495.1400208 0.596220134156881
219332225.11576658 0.5954060513910977
220006955.09151238 0.5945933811270631
220681685.06725818 0.593782119574461
221086523.05270565 0.5932960372540346
221480115.53855738 0.592823941347451
222154845.51430318 0.5920157423924287
222829575.49004897 0.5912089401964137
223515550.96539053 0.5903901193349375
224190280.9411363 0.5895861226391743
224865010.9168821 0.5887835115320255
225539740.8926279 0.587982282343518
226214470.8683737 0.5871824314198559
226900446.34371525 0.5863706588105138
227575176.31946105 0.5855735763387225
228924636.27095264 0.583983509822942
229599366.24669844 0.583190518614357
230274096.22244424 0.5823988840213901
230960071.6977858 0.5815954425850085
231634801.6735316 0.5808065330697951
232309531.6492774 0.580018969526005
232984261.6250232 0.5792327484554076
233658991.60076898 0.5784478663746376
234333721.57651478 0.577664319815085
235008451.55226058 0.576882105322784
235683181.52800637 0.5761012194583071
236369157.00334793 0.5753086773269319
237043886.97909373 0.574530460458493
237718616.95483953 0.5737535619292731
238393346.93058532 0.5729779783571745
239068076.9063311 0.5722037063741142
241778242.30891004 0.5691068607852983
242452972.28465584 0.5683391182644375
243127702.26040164 0.5675726673582169
243689977.2401898 0.5669349425584159
244252252.21997797 0.5662981105536244
244938227.69531953 0.5655223817980486
245612957.67106533 0.564760660215036
246006550.15691704 0.5643169122806738
246130250.65247044 0.5641775382451131
246535088.6379179 0.5637217043085383
247209818.6136637 0.5629629983523907
247884548.5894095 0.5622055612187341
248559278.5651553 0.5614493897264637
249234008.5409011 0.5606944807070866
249908738.5166469 0.559940831004637
250583468.4923927 0.5591884374755903
251944173.94348004 0.5576749188211841
252618903.91922584 0.5569262958284081
253293633.89497164 0.5561789165062347
253968363.87071744 0.555432777772319
254643093.84646323 0.55468787655627
255317823.822209 0.5539442097995725
256003799.29755056 0.5531894109486084
256678529.27329636 0.5524482244294989
257353259.24904215 0.5517082632143893
258027989.22478795 0.5509695242916935
258702719.20053375 0.550232004661322
259377449.17627954 0.5494957013346066
260063424.6516211 0.5487483700968848
260457017.1374728 0.5483201384963037
260850609.62332454 0.5478923181504907
261525339.59907034 0.5471598669539001
262200069.57481614 0.5464286196805946
263560775.0259035 0.5449575878560051
264235505.0016493 0.5442299547075692
264910234.9773951 0.543503513777391
265303827.4632468 0.5430803059926668
265708665.44869426 0.5426454281676327
266383395.42444006 0.5419215802296009
267058125.40018585 0.5411989153569847
267732855.37593165 0.540477430696755
268407585.35167745 0.5397571234063899
269093560.827019 0.5390260150427942
269768290.8027648 0.5383080735110538
270443020.7785106 0.5375913008372474
270904086.2619369 0.5371021769911547
271376397.24495894 0.5366016869295134
271882444.7267683 0.5360660794980945
272377246.7089819 0.5355430054361995
273063222.18432343 0.5348188645571638
273737952.1600692 0.5341077597588633
274412682.135815 0.5333978074848389
275087412.1115608 0.5326890049932415
276436872.0630524 0.5312748384390961
277111602.0387982 0.5305694689418418
277797577.5141398 0.5298535108148541
278472307.48988557 0.5291504353644367
279147037.46563137 0.528448493405441
279821767.44137716 0.5277476822638973
280496497.41712296 0.5270479992752873
281171227.39286876 0.5263494417844913
281845957.36861455 0.5256520071457343
282531932.8439561 0.5249440969578862
283206662.8197019 0.5242489187272638
283881392.7954477 0.5235548554233415
284556122.7711935 0.522861904437351
285230852.7469393 0.5221700631696093
285905582.7226851 0.521479329029466
286580312.6984309 0.5207896994352545
287266288.17377245 0.5200897056754402
287941018.14951825 0.5194022957655976
289290478.10100985 0.5180307638353244
289976453.5763514 0.5173352438480291
290651183.55209714 0.5166522240758963
291325913.52784294 0.5159702909415925
292000643.50358874 0.5152894419338527
292675373.47933453 0.5146096745499614
293350103.45508033 0.5139309862957069
294036078.9304219 0.5132420902659429
294710808.9061677 0.5125655707039518
295385538.8819135 0.5118901227984551
296060268.8576593 0.5112157440889438
296734998.8334051 0.5105424321231881
297409728.8091509 0.5098701844571945
298084458.7848967 0.5091989986551604
301469354.1632214 0.5058478232543857
302818814.114713 0.50451917249411
303493544.0904588 0.5038564122416752
304179519.56580037 0.5031836723867715
304854249.54154617 0.5025230075849986
305528979.51729196 0.5018633783038605
308227899.42027515 0.49923516969045456
308913874.8956167 0.4985697836086881
309588604.8713625 0.49791633557478693
310263334.8471083 0.49726390679937366
310938064.8228541 0.49661249499488896
311612794.7985999 0.49596209788116696
312287524.7743457 0.4953127131853996
312962254.7500915 0.4946643386420984
313648230.22543305 0.49400619107518445
314322960.20117885 0.49335984681114864
314997690.17692465 0.4927145059093465
315672420.15267044 0.4920701661333359
316347150.12841624 0.49142682525381626
317021880.10416204 0.4907844810485953
317696610.07990783 0.4901431313025547
318371340.05565363 0.4895027738076155
319057315.5309952 0.4888527586140402
319732045.5067409 0.4882143954707706
320406775.4824867 0.48757701795986963
321081505.4582325 0.48694062390119397
321756235.4339783 0.4863052111214726
322430965.4097241 0.4856707774542731
323105695.3854699 0.48503732073996986
323791670.8608115 0.4843943057069652
324466400.83655727 0.48376281263939913
325141130.81230307 0.48313229005077274
325815860.78804886 0.4825027358084781
326490590.76379466 0.4818741477865557
327165320.73954046 0.4812465238656622
327840050.71528625 0.48061986193303996
328526026.1906278 0.479983739635344
329200756.1663736 0.47935901131246855
329875486.1421194 0.47873523864396894
330550216.1178652 0.478112419543233
331224946.093611 0.47749055193008383
331899676.0693568 0.4768696337307489
332574406.0451026 0.4762496628778313
333249136.0208484 0.47563063731028
333935111.49618995 0.4750022615806644
334609841.47193575 0.4743851360949852
338624484.82762325 0.470732587399838
339299214.80336905 0.4701219468179703
339973944.77911484 0.46951223132028647
340659920.2544564 0.4688933001826701
341334650.2302022 0.46828544421436874
342009380.205948 0.46767850733537053
342684110.1816938 0.46707248757042663
343358840.1574396 0.46646738295022194
344033570.1331854 0.46586319151134814
344708300.1089311 0.46525991129627775
345383030.0846769 0.46465754035333984
346069005.5600185 0.4640460600190945
346743735.5357643 0.46344551686206786
347418465.5115101 0.46284587712484804
348093195.4872559 0.46224713887902646
348767925.46300167 0.46164930020192446
349442655.43874747 0.46105235917656673
350128630.914089 0.46044638738162635
350803360.8898348 0.4598512508126586
351478090.8655806 0.45925700614686904
352152820.8413264 0.4586636514899484
352827550.8170722 0.45807118495316873
353457298.79443496 0.4575190158058723
354098292.2713935 0.4569577777308155
354773022.2471393 0.45636786141700597
355166614.732991 0.45602415046273803
355571452.71843845 0.455670931503446
356246182.69418424 0.4550829359480965
356774721.17518514 0.45462295192972857
357303259.656186 0.4541635050238193
357955498.63274026 0.4535972670560599
358607737.60929453 0.45303184402109437
359282467.58504033 0.45244777944345044
359968443.0603819 0.45185487077656006
360643173.0361277 0.45127255579759623
361036765.5219794 0.4509332715555616
361430358.0078311 0.45059428123227485
363701948.9261753 0.44864354790532657
364376678.9019211 0.4480659955800314
368436304.25599164 0.44460903729834866
369111034.23173743 0.4440374455892869
369797009.707079 0.44345719093444513
370471739.6828248 0.44288729630139356
371146469.6585706 0.4423182405578597
371821199.6343164 0.4417500219630237
372495929.6100622 0.44118263878101105
373170659.585808 0.4406160892808736
373845389.5615538 0.4400503717365698
374520119.5372996 0.43948548442694374
375206095.01264113 0.43891203166549275
375880824.9883869 0.43834881344685095
376555554.9641327 0.4377864203001448
377230284.9398785 0.43722485052365123
377905014.9156243 0.4366641024204382
378579744.89137006 0.43610417429834314
379254474.86711586 0.43554506446995656
379929204.84286165 0.4349867712526018
380615180.3182032 0.43442000855833635
381289910.293949 0.43386335707403556
381964640.2696948 0.4333075171531796
382639370.2454406 0.4327524871319177
383314100.2211864 0.43219826535103884
383988830.1969322 0.4316448501559551
384663560.172678 0.43109223989668327
385349535.64801955 0.43053124294131634
386024265.62376535 0.4299802509689987
386698995.59951115 0.4294300589827599
387373725.57525694 0.4288806653509326
388048455.55100274 0.42833206844636523
388723185.52674854 0.42778426664640545
389397915.50249434 0.4272372583328812
390083890.9778359 0.4266819449844881
390758620.9535817 0.426136531964607
391433350.9293275 0.42559190757665133
392108080.9050733 0.42504807022027624
392782810.8808191 0.42450501829953236
393423804.3577776 0.4239898450349071
393817396.8436293 0.423673860538866
394244725.8282683 0.4233310927079245
394919455.8040141 0.42279051752083185
395346784.7886531 0.42244855616486227
395774113.7732921 0.4221069068073635
396460089.2486337 0.42155912108739957
397134819.2243795 0.4210210971766155
397809549.2001253 0.4204838469483554
398484279.1758711 0.4199473688431553
399159009.1516169 0.41941166130579094
399833739.12736267 0.4188767227852639
400519714.6027042 0.41833365537732947
401194444.57845 0.4178002630067153
401869174.5541958 0.4172676349995316
402543904.5299416 0.4167357698215923
403218634.50568736 0.41620466594285876
403893364.48143315 0.4156743218374228
404568094.45717895 0.4151447359834929
405254069.9325205 0.41460709944730045
405928799.9082663 0.4140790381215985
406603529.8840121 0.41355173048144667
407278259.8597579 0.4130251750214339
407952989.8355037 0.4124993702401881
408627719.8112495 0.41197431464036344
409302449.7869953 0.4114500067286255
409977179.7627411 0.41092644501563447
410663155.23808265 0.4103949207003082
411337885.21382844 0.40987285930737843
412012615.18957424 0.40935153964441884
412687345.16532004 0.4088309602379957
413362075.14106584 0.4083111196185981
414036805.11681163 0.4077920163206244
414711535.09255743 0.4072736488823686
415386265.0683032 0.40675601584600546
416072240.5436448 0.4062305069575367
416746970.5193906 0.4057143505463041
417421700.4951364 0.40519892416256387
418096430.4708822 0.4046842263639386
418771160.446628 0.40417025571186405
419445890.4223738 0.4036570107715725
420120620.39811957 0.403144490112081
420795350.37386537 0.40263269230617776
421470080.34961116 0.40212161593040735
422156055.8249527 0.40160275971765524
422549648.3108044 0.40130539076164984
422943240.79665613 0.4010082660388063
423617970.7724019 0.4004994767805783
424303946.2477435 0.39998294119643346
424978676.2234893 0.3994755934555653
425653406.1992351 0.3989689584024601
426328136.1749809 0.39846303464032445
427002866.1507267 0.3979578207760137
427677596.1264725 0.3974533154200203
428352326.1022183 0.3969495171864603
429027056.07796407 0.39644642469306046
429713031.5533056 0.39593566938528524
430387761.5290514 0.3954339959445787
430781354.0149031 0.39514167719109144
431174946.50075483 0.3948495969020546
431849676.47650063 0.3943494418488446
432524406.4522464 0.393849985428398
433199136.4279922 0.3933512262804908
433885111.9033338 0.3928448678827957
434559841.8790796 0.39234751077797053
435234571.8548254 0.3918508468636293
435909301.8305712 0.391354874793619
436584031.806317 0.390859593225259
437258761.78206277 0.39036500081933034
437933491.75780857 0.3898710962400616
438608221.73355436 0.3893778781551196
439294197.2088959 0.38887714215092234
439968927.1846417 0.3883853044574409
440643657.1603875 0.3878941492597809
441318387.1361333 0.3874036752392942
441993117.1118791 0.38691388108071173
442454182.5953054 0.38657957874568155
442915248.0787317 0.38624559283803606
443601223.5540733 0.3857492716856135
444275953.529819 0.3852617680182695
444950683.5055648 0.38477493848713146
445625413.4813106 0.3842887817949181
446300143.4570564 0.3838032966476536
446986118.93239796 0.3833104071776455
447660848.90814376 0.38282627239007494
448335578.88388956 0.38234280526387066
449010308.85963535 0.38186000451822066
449685038.83538115 0.3813778688755627
450359768.81112695 0.3808963970615732
451045744.2864685 0.38040757992365865
451720474.2622143 0.37992744296770625
452395204.2379601 0.3794479660157239
453069934.2137059 0.3789691478062871
453744664.1894517 0.3784909870811561
454419394.1651975 0.37801348258526524
455094124.1409433 0.377536633066712
456353620.0956688 0.37664826208970836
456949631.57424426 0.37622866393393284
457635607.0495858 0.37574635824603336
458310337.0253316 0.3752726136775412
458985067.00107735 0.37479951692826907
459659796.97682315 0.3743270667674443
460334526.95256895 0.3738552619673768
461020502.4279105 0.37337625407601993
461695232.4036563 0.37290574703158774
462369962.3794021 0.37243588166295377
463044692.3551479 0.3719666567547082
463719422.3308937 0.3714980710944722
464405397.80623525 0.371022329744593
465080127.78198105 0.3705550295589868
465754857.75772685 0.3700883649823161
466429587.73347265 0.3696223348142812
467014353.71245235 0.3692189542425512
467610365.1910278 0.36880830496636885
468285095.1667736 0.3683440132573478
468959825.1425194 0.36788035148231946
469634555.1182652 0.36741731845506365
470320530.59360677 0.36694721154472326
470826578.0754161 0.36660082640082925
471343871.0568212 0.36624710745323436
472029846.5321628 0.36577861148084084
472704576.5079086 0.3653184243591575
473379306.4836544 0.3648588594548385
476764201.86197907 0.3625627248049309
477438931.83772486 0.3621068790393088
478113661.81347066 0.36165164736184857
478799637.2888122 0.3611894568328788
479474367.264558 0.36073546007994123
480149097.2403038 0.3602820739630431
480823827.2160496 0.3598292973434554
481498557.1917954 0.35937712908523206
482173287.1675412 0.3589255680552019
482859262.64288276 0.3584671023359915
483533992.61862856 0.3580167624471867
484208722.59437436 0.3575670263848966
484883452.57012016 0.35711789302700647
485558182.54586595 0.3566693612541324
486232912.52161175 0.35622142994961226
486907642.49735755 0.3557740979994978
487593617.9726991 0.35531992379289457
488268347.9484449 0.35487379716342426
488943077.9241907 0.35442826654430126
489617807.8999365 0.3539833308323902
490292537.8756823 0.3535389889272264
490967267.8514281 0.35309523973100787
491641997.8271739 0.352652082148586
492316727.8029197 0.3522095150874589
492991457.7786655 0.3517675374577612
493677433.25400704 0.35131879666256716
494352163.22975284 0.350878004415127
495026893.20549864 0.35043779832725147
495701623.18124443 0.3499981773195865
496376353.15699023 0.3495591403153737
497051083.132736 0.3491206862404437
497725813.1084818 0.348682814023206
498411788.5838234 0.34823823931866094
499086518.5595692 0.34780153726533647
499761248.535315 0.3473654138526258
500435978.5110608 0.34692986801922293
501110708.4868066 0.3464948987063608
501785438.46255237 0.34606050485780565
502460168.43829817 0.3456266854198478
503134898.41404396 0.3451934393412943
503809628.3897897 0.3447607655734613
504495603.86513126 0.3443214661957107
505170333.84087706 0.34388994340811696
505845063.81662285 0.34345898978283607
506519793.79236865 0.3430286042811845
507014595.77458227 0.3427133487206421
507509397.7567958 0.3423983977192493
508184127.7325416 0.34196940916397495
508858857.7082874 0.34154098515063797
509533587.6840332 0.3411131246515308
510219563.1593748 0.3406787097675833
510894293.1351206 0.34025198257267014
511569023.11086637 0.33982581580646926
512243753.08661216 0.33940020845101637
512918483.06235796 0.3389751594907539
513593213.03810376 0.3385506679125246
514279188.5134453 0.33811967182673563
514953918.4891911 0.3376963012301814
515628648.4649369 0.33727348497376786
516303378.4406827 0.3368512220539031
516978108.4164285 0.33642951146935945
517652838.3921743 0.33600835222126535
518338813.86751586 0.33558073782156594
519013543.84326166 0.3351606874064993
519688273.81900746 0.3347411853288239
520363003.79475325 0.33432223059906113
521037733.77049905 0.3339038222300541
521712463.74624485 0.3334859592369592
522387193.72199064 0.33306864063723984
523073169.1973322 0.3326449237958943
523747899.173078 0.3322287000768244
524422629.1488238 0.3318130178010521
525097359.1245696 0.3313978759952375
525772089.1003154 0.33098327368831315
526446819.0760612 0.3305692099114781
527121549.051807 0.3301556836981893
527796279.0275528 0.3297426940841565
528471009.0032986 0.3293302401073348
529156984.47864014 0.32891146001071014
529831714.45438594 0.32850008331835473
530506444.43013173 0.3280892393745779
531181174.4058775 0.32767892722628655
531855904.38162327 0.32726914592260065
532530634.35736907 0.3268598945148448
533205364.33311486 0.32645117205654284
533880094.30886066 0.3260429776034115
534566069.7842022 0.32562852021689176
535240799.759948 0.3252213877107577
535915529.7356938 0.32481478037442374
536590259.7114396 0.324408697272348
537264989.6871854 0.32400313747114917
537939719.6629312 0.3235981000395993
538625695.1382728 0.32318684652791396
539300425.1140186 0.3227828597179495
539975155.0897644 0.322379392481416
540649885.0655102 0.3219764438956739
541324615.041256 0.32157401304020544
541999345.0170017 0.32117209899660937
542674074.9927475 0.3207707008485945
543360050.4680891 0.32036314065370175
544034780.4438349 0.3199627801164897
544709510.4195807 0.31956293272343356
545361749.396135 0.3191769004954241
546013988.3726892 0.3187913461055113
546688718.348435 0.31839299870558657
547363448.3241808 0.3179951608908012
548038178.2999266 0.31759783176141987
548724153.7752682 0.3171944010277217
549398883.751014 0.31679809501878403
550073613.7267598 0.3164022949934781
550748343.7025056 0.3160070000602888
551423073.6782514 0.3156122093297331
552097803.6539972 0.3152179219143531
552772533.629743 0.3148241369287115
553447263.6054888 0.3144308534893845
554133239.0808303 0.3140315285721158
554807969.0565761 0.3136392539054936
555482699.0323219 0.31324747813233494
556157429.0080677 0.312856200377248
556832158.9838135 0.312465419766826
557506888.9595593 0.31207513542964116
558181618.9353051 0.31168534649624013
558856348.9110509 0.311296052099137
559542324.3863925 0.3109007755382709
560217054.3621383 0.3105124758252993
560891784.3378841 0.3101246680435771
561566514.3136299 0.3097373513334668
562241244.2893757 0.30935052483727166
562915974.2651215 0.3089641876992286
563590704.2408673 0.30857833906550325
564265434.216613 0.30819297808418566
564951409.6919546 0.3078016934551
565626139.6677004 0.30741731332259653
566300869.6434462 0.3070334182841677
566975599.619192 0.30665000749557353
567650329.5949378 0.3062670801144703
568325059.5706836 0.3058846353004045
569011035.0460252 0.3054963102399248
569685765.021771 0.30511483605389594
570360494.9975168 0.3047338419109382
571035224.9732624 0.30435332697813905
571709954.9490082 0.30397329042444937
572395930.4243498 0.3035874094784779
573070660.4000956 0.30320833513566864
573745390.3758414 0.302829736676212
574420120.3515872 0.3024516132764933
575094850.327333 0.30207396411473564
575769580.3030788 0.301696788370995
576455555.7784203 0.301313810840744
577130285.7541661 0.30093758733666387
577805015.7299119 0.3005618347881529
578479745.7056577 0.3001865523825759
579154475.6814035 0.2998117393091049
579829205.6571493 0.29943739475871345
580503935.6328951 0.29906351792417185
581178665.6086409 0.29869010800004253
581864641.0839825 0.29831095239677574
582539371.0597283 0.29793848163259745
583214101.0354741 0.2975664753598992
583888831.0112199 0.2971949327803891
584563560.9869657 0.2968238530975432
585238290.9627115 0.296453235516599
585924266.438053 0.29607691387715296
586598996.4137988 0.29570722579134845
587273726.3895446 0.2953379974205368
587925965.3660989 0.29498151290624663
588578204.3426532 0.2946254565239602
589252934.318399 0.2942575721125624
589938909.7937405 0.29388402439551775
590613639.7694863 0.2935170600471624
591288369.7452321 0.29315055075227114
591963099.7209779 0.2927844957333768
598429261.9885418 0.28929935444152666
599103991.9642876 0.28893805995844807
599778721.9400333 0.28857721086904853
601139427.3911207 0.28785085026128865
601814157.3668665 0.28749134020083655
602488887.3426123 0.28713227250623324
603163617.3183581 0.2867736464277795
603838347.2941039 0.2864154612174098
