1.0 0.9999999979757921
3947171.358112904 0.9910128942449755
4621901.3338587 0.9894858899565715
5971361.28535029 0.9864562377945132
6646091.261096085 0.9849529646245626
7332066.736437644 0.983432090915563
17475507.371816102 0.9616610179791755
18150237.3475619 0.9602532164067017
21523887.226290878 0.9532787473029023
22884592.67737823 0.9504948348832146
24234052.62886982 0.9477497323314206
24908782.604615618 0.9463829493130865
29080862.954643786 0.9380139170295186
33140488.308714323 0.9299999977601158
33815218.28446012 0.9286798971346366
34489948.26020591 0.9273630947609844
37087658.666827224 0.9223237046717575
37661179.146211155 0.9212174968237632
39696614.5730443 0.9173098236218075
40371344.5487901 0.9160206833444062
41720804.50028169 0.9134515655669486
43081509.95136904 0.9108732698454326
43756239.92711484 0.9095992814838604
48490595.25693117 0.9007424114037105
49840055.20842276 0.8982437496520237
50514785.184168555 0.8969986400283779
52538975.11140594 0.893280014310828
53899680.562493294 0.8907942055230548
54574410.53823909 0.8895656851773339
55923870.489730686 0.8871167548628923
57284575.940818034 0.8846582765497204
58442862.39918165 0.8825740356220991
59117592.374927446 0.8813634965643287
59792322.35067324 0.8801555792877568
60467052.32641904 0.8789502717582438
63177217.72899798 0.8741350097733698
65201407.656235375 0.8705654491336026
65876137.631981164 0.8693806484954194
67236843.08306852 0.8669989205643667
67911573.05881432 0.8658216559481982
68586303.03456011 0.8646468687685809
69261033.01030591 0.86347454893276
71971198.41288485 0.8587903900292434
72421018.39671539 0.85801672845026
72882083.88014168 0.8572248379246066
73556813.85588747 0.8560679977804093
74231543.83163327 0.8549135541470553
74625136.31748497 0.8542412317634386
75693458.77908249 0.8524204373879961
76379434.25442405 0.8512544273950732
78403624.18166144 0.8478279187998046
79078354.15740722 0.8466904261114202
79753084.13315302 0.8455552575607782
80427814.10889882 0.844422404701248
81113789.58424038 0.8432730362413572
81788519.55998617 0.8421448279894321
82463249.53573197 0.8410189104248148
83812709.48722357 0.8387739148856836
84487439.46296936 0.8376548208565058
85162169.43871516 0.8365379854022579
85836899.41446096 0.8354234006700747
86522874.88980252 0.8342925388029696
87872334.8412941 0.8320746274560391
88547064.81703989 0.8309690053429829
88974393.8016789 0.8302699227362271
89401722.7863179 0.8295717256120986
90087698.26165946 0.8284527823481561
90762428.23740526 0.8273543961013368
91437158.21315105 0.8262581978697996
92111888.18889685 0.825164180376888
92786618.16464265 0.8240723364019759
94147323.61573 0.8218770333446034
95496783.56722158 0.819708517625237
96171513.54296738 0.818627470400198
96846243.51871318 0.8175485543759609
97520973.49445897 0.8164717626978001
98881678.94554633 0.8143066669916912
99556408.92129213 0.8132362427164351
100231138.89703792 0.8121679157354497
100669713.38127269 0.8114746247346664
101097042.36591169 0.810799958328695
101569353.34893374 0.8100552460524876
102041664.3319558 0.8093115518381747
102716394.3077016 0.8082508931439343
103402369.78304316 0.8071746753975941
104077099.75878896 0.806118177922229
105089194.72240765 0.8045372805659373
105763924.69815344 0.8034859056793586
106449900.173495 0.8024190970999717
107124630.14924079 0.8013718258387482
108474090.10073239 0.7992833536424286
110498280.02796978 0.7961657293956995
111858985.47905713 0.7940800952200369
113208445.43054873 0.7920196632329664
113602037.91640043 0.7914201913182433
114006875.90184791 0.7908042902284441
114681605.87759371 0.7897793593211331
115356335.85333951 0.7887563870310148
116031065.8290853 0.7877353675963008
119415961.20741004 0.7826425244314411
119955745.18800667 0.7818348595243202
121181504.64394487 0.7800053328867854
121856234.61969067 0.7790009381612103
122530964.59543645 0.7779984423842377
123880424.54692805 0.7759991259537776
124566400.0222696 0.774985696572681
127265319.9252528 0.771017215788445
127940049.90099859 0.7700297490811117
128614779.87674439 0.7690441332919052
129300755.35208595 0.7680439826680385
129975485.32783175 0.767062083794133
130650215.30357753 0.7660820202506393
131324945.27932332 0.7651037869211652
131999675.25506912 0.7641273787141722
132393267.74092084 0.7635586480958328
132798105.72636832 0.7629743130952821
134147565.6778599 0.7610312403098028
135497025.6293515 0.7590953838944976
139556650.98342204 0.7533147943174892
140231380.95916784 0.7523602517475942
140906110.93491364 0.751407469305177
141592086.4102552 0.7504406066193503
142266816.386001 0.7494913592971759
142941546.3617468 0.7485438577949081
143616276.33749256 0.7475980974121533
144291006.31323835 0.7466540734693338
144707089.7982816 0.7460727889118699
145111927.78372908 0.745507845811995
145797903.25907063 0.7445519991384751
146472633.23481643 0.7436135579033373
147147363.21056223 0.742676833524265
147765865.68832922 0.7418196738139387
148384368.16609618 0.7409639493879837
149508918.12567252 0.7394117525847763
149958738.10950306 0.7387921944751115
150633468.08524886 0.7378642680917926
151308198.06099463 0.7369380306707538
151982928.03674042 0.7360134777572471
152657658.01248622 0.7350906049152284
153332387.98823202 0.7341694077272045
154007117.9639778 0.7332498817940833
154681847.9397236 0.7323320227350244
155345332.41587365 0.7314310825299603
156020062.39161944 0.7305165165481811
156694792.36736524 0.7296036044779756
157369522.34311104 0.7286923420097785
158055497.8184526 0.7277675784806628
158730227.7941984 0.7268596296723056
159404957.7699442 0.7259533175711814
160079687.74569 0.7250486379373842
160754417.7214358 0.7241455865480195
161429147.69718158 0.7232441591970761
162789853.14826894 0.721431203670994
163464583.12401474 0.7205346501897549
164139313.0997605 0.7196397040203716
164814043.0755063 0.7187463610396603
165488773.0512521 0.7178546171405875
166163503.0269979 0.716964468232153
166838233.0027437 0.7160759102392743
167411753.48212764 0.7153218837702171
167974028.4619158 0.714583752741314
168660003.93725735 0.7136847185679774
169334733.91300315 0.7128020117896893
170009463.88874894 0.711920876983955
170684193.86449474 0.7110413101643108
171358923.84024054 0.7101633073594804
172033653.81598634 0.7092868646132721
172719629.2913279 0.7083974097020537
173394359.2670737 0.7075241011010123
174069089.2428195 0.706652340714438
174743819.21856526 0.705782124645709
176093279.17005685 0.704046309948119
176768009.14580265 0.7031807035985468
177453984.6211442 0.7023022377651645
178128714.59689 0.7014397107286102
178803444.5726358 0.7005787048697041
179478174.5483816 0.6997192163921611
180827634.4998732 0.6980047764655996
181502364.475619 0.6971498174933218
182177094.4513648 0.6962963608557151
182863069.92670634 0.6954302162001387
183537799.90245214 0.6945797779463848
184212529.87819794 0.6937308308236709
184887259.85394374 0.6928833711449758
185561989.82968953 0.6920373952365311
186236719.80543533 0.6911928994377388
186855222.2832023 0.6904200754086035
187462479.26137352 0.6896625070255824
188137209.23711932 0.6888221606387651
188823184.71246088 0.687969311576452
189497914.68820667 0.68713191845469
190847374.63969827 0.6854615056822414
191522104.61544406 0.6846284788987607
192196834.59118983 0.6837969004494555
192871564.56693563 0.6829667667991345
193557540.0422772 0.6821242750761898
194232270.01802298 0.681297044400687
194906999.99376878 0.6804712479342209
195581729.96951458 0.6796468821907878
196256459.94526038 0.6788239436964556
196931189.92100617 0.6780024289892967
197605919.89675197 0.6771823346193191
198280649.87249777 0.6763636571484
198966625.34783933 0.6755327840393763
199540145.82722324 0.6748392383879647
200124911.80620295 0.6741331405202066
200799641.78194875 0.673319722626611
201474371.75769454 0.6725077055173585
202149101.73344034 0.6716970858211239
202835077.2087819 0.6708743848756087
204859267.13601926 0.6684551081203837
205533997.11176506 0.6676514483016004
206883457.06325665 0.6660482574760866
207569432.5385982 0.665235405864348
208244162.514344 0.6644372585723881
208918892.4900898 0.6636404754907601
209492412.96947375 0.6629642800550498
210065933.44885767 0.6622890659252796
210740663.42460346 0.6614959500159877
211415393.40034926 0.6607041863514413
212090123.37609506 0.6599137717228116
212764853.35184085 0.6591247029318529
213439583.32758665 0.6583369767908469
214125558.8029282 0.6575374950083391
214800288.778674 0.656752466890926
215475018.7544198 0.655968771870431
216149748.73016557 0.6551864068008916
216824478.70591137 0.6544053685466104
217499208.68165717 0.6536256539821039
218185184.15699872 0.6528342979293853
218859914.13274452 0.6520572433401491
220209374.08423612 0.6505070740445112
220884104.0599819 0.6497339531781415
221558834.0357277 0.6489621374093173
222244809.51106927 0.6481787928012095
222919539.48681507 0.6474095996958343
223594269.46256086 0.6466417025012391
224268999.43830666 0.6458750981916783
224943729.41405246 0.6451097837510834
225618459.38979825 0.6443457561730169
226304434.8651398 0.6435703109255866
226979164.8408856 0.6428088694142715
227653894.8166314 0.6420487057539449
228328624.7923772 0.6412898169763915
229003354.768123 0.6405322001227995
229678084.7438688 0.6397758522437176
230352814.7196146 0.6390207703990088
231038790.19495615 0.6382543986967638
231713520.17070192 0.6375018611157695
232388250.14644772 0.6367505807557371
232860561.12946978 0.6362254309951828
233344117.6120876 0.6356884133721751
234513649.570047 0.6343922326119743
234997206.05266482 0.6338574057855626
235671936.0284106 0.6331122026236681
236346666.0041564 0.6323682397800638
237021395.97990218 0.6316255144043991
237696125.95564798 0.6308840236551831
238382101.43098953 0.6301314374704239
239056831.40673533 0.6293924279438309
239731561.38248113 0.6286546445251322
240406291.35822693 0.6279180844080253
241081021.33397272 0.6271827447948706
241766996.80931428 0.6264363978325856
242441726.78506008 0.6257035110942734
243228911.75676352 0.6248500083526672
243903641.73250932 0.6241197443749433
244578371.7082551 0.6233906865374195
245253101.6840009 0.6226628320951733
245927831.6597467 0.6219361783116727
246613807.13508826 0.6211986416614911
247288537.11083406 0.6204744009164526
247963267.08657983 0.6197513526254258
248637997.06232563 0.6190294940852181
249312727.03807142 0.6183088226008471
250673432.48915878 0.616859068299763
251348162.46490458 0.6161419615223296
252022892.44065037 0.6154260310578937
252697622.41639617 0.6147112742521313
253372352.39214197 0.613997688458719
254047082.36788777 0.6132852710393003
254721812.34363356 0.6125740193634517
255396542.31937936 0.6118639308086493
256082517.79472092 0.6111431971099729
256757247.77046672 0.6104354462374084
257431977.7462125 0.6097288506221329
258106707.7219583 0.6090234076730187
258781437.6977041 0.608319114806673
259838514.65970585 0.607218028800554
260513244.63545164 0.6065166760421314
261187974.61119744 0.6058164642148813
261862704.58694324 0.6051173907703264
262548680.0622848 0.6044078304828322
263223410.0380306 0.6037110450554862
263898140.0137764 0.6030153903685899
264572869.9895222 0.6023208639038347
266597059.91675955 0.6002440287706644
267283035.3921011 0.5995424989757944
267957765.3678469 0.5988535946809692
268632495.3435927 0.5981658036123235
269307225.3193385 0.5974791233030782
269981955.2950843 0.596793551293679
270656685.2708301 0.5961090851317689
271331415.2465759 0.5954257223721576
272017390.72191745 0.5947320988606296
272692120.69766325 0.5940509538869044
273366850.67340904 0.5933709049822874
274041580.64915484 0.5926919497300899
278101206.0032254 0.5886298522004458
278775935.9789712 0.5879585033633515
279450665.954717 0.587288229056459
280125395.9304628 0.586619026925431
280811371.40580434 0.5859397681348134
282835561.3330417 0.5839418200206368
283510291.3087875 0.5832779613457139
284185021.2845333 0.5826151608235807
284870996.7598749 0.5819423960012214
285264589.2457266 0.5815568751893792
285658181.7315783 0.581171712406626
286332911.7073241 0.5805122650062736
287007641.6830699 0.5798538661502461
287693617.15841144 0.5791855665333621
288368347.13415724 0.5785292753134541
289043077.10990304 0.5778740257799464
289717807.08564883 0.5772198156724669
290178872.5690751 0.5767733687535918
290628692.5529056 0.5763382768254414
291303422.5286514 0.5756865005083235
291989398.003993 0.5750249190811005
292664127.9797388 0.5743752214744196
293338857.95548457 0.5737265512721491
294013587.93123037 0.5730789062543682
294688317.90697616 0.5724322842074204
295363047.88272196 0.5717866829238913
296037777.85846776 0.5711421002025853
296712507.83421355 0.5704985338485024
298073213.2853009 0.5692037577179565
298747943.2610467 0.5685632441690602
299422673.2367925 0.5679237382327543
300097403.2125383 0.5672852377447711
300772133.1882841 0.5666477405469006
301458108.66362566 0.566000644688935
302132838.63937145 0.5653651642524942
302807568.61511725 0.5647306806320408
303482298.59086305 0.5640971916934725
304157028.56660885 0.563464695308633
304831758.54235464 0.5628331893552914
305517734.0176962 0.5621921714510142
306192463.993442 0.5615626564364624
306867193.9691878 0.5609341254870185
307541923.9449336 0.5603065765040304
308216653.9206794 0.5596800073946632
308891383.8964252 0.5590544160718772
309566113.872171 0.5584298004544073
310252089.34751254 0.5577957726706267
310926819.32325834 0.5571731184181516
311601549.29900414 0.5565514336272829
312276279.27474993 0.5559307162397391
312951009.25049573 0.5553109642029105
313625739.2262415 0.5546921754698362
314300469.2019873 0.5540743479991856
314986444.6773289 0.5534472067330501
317010634.6045663 0.5516023847952543
317685364.5803121 0.550989349047685
318123939.0645468 0.5505913848910202
318562513.5487816 0.550193821178028
319237243.5245274 0.5495829653633671
319923218.9998689 0.5489628968516104
320597948.9756147 0.5483539437403744
321272678.9513605 0.5477459311226444
321947408.9271063 0.5471388570195025
322622138.9028521 0.5465327194574179
323296868.8785979 0.5459275164682277
323971598.8543437 0.5453232460891181
324657574.3296853 0.5447098585740673
325332304.30543107 0.5441074630098113
326007034.28117687 0.5435059941666979
326681764.25692266 0.5429054501032097
327356494.23266846 0.5423058288830844
328031224.20841426 0.5417071285752979
328705954.18416005 0.5411093472540435
329391929.6595016 0.5405025430197972
330066659.6352474 0.5399066091512824
330741389.6109932 0.5393115884912175
331416119.586739 0.5387174791345757
332090849.5624848 0.5381242791814576
332765579.5382306 0.5375319867370749
333440309.5139764 0.5369405999117315
334126284.98931795 0.5363402830818849
334801014.96506375 0.5357507168608332
335475744.94080955 0.535162050588913
336150474.9165553 0.5345742823967072
336825204.8923011 0.5339874104198031
337499934.8680469 0.5334014327987765
338174664.8437927 0.5328163476791729
338849394.8195385 0.5322321532114921
339535370.29488003 0.5316391333098545
340210100.2706258 0.5310567293844851
340884830.2463716 0.5304752105615519
341559560.2221174 0.5298945750112808
342234290.1978632 0.5293148209087677
342909020.173609 0.52873594643396
343583750.1493548 0.528157949771642
344269725.6246964 0.5275712178451409
344944455.6004422 0.5269949859360875
345619185.57618797 0.5264196263927546
346102742.0588058 0.5260078210121678
346586298.5414236 0.5255964621062191
347261028.5171694 0.5250232178268498
347935758.4929152 0.5244508397669124
348610488.468661 0.5238793261467064
349296463.94400257 0.5232991716405719
349971193.91974837 0.522729395912779
350645923.89549416 0.5221604792843623
351320653.87123996 0.5215924199944014
351995383.84698576 0.5210252162866132
352670113.82273155 0.5204588664093345
353344843.79847735 0.5198933686155068
354019573.77422315 0.5193287211626632
354705549.2495647 0.5187555328450891
355380279.2253105 0.5181925949649272
356055009.2010563 0.5176305021969555
356729739.1768021 0.5170692528169873
357404469.1525479 0.5165088451053504
358090444.62788945 0.5159399583240828
358765174.60363525 0.5153812427643081
359439904.57938105 0.5148233637123776
360114634.55512685 0.5142663194665973
360789364.5308726 0.5137101083297115
361464094.5066184 0.5131547286088894
362138824.4823642 0.5126001786157091
362824799.95770574 0.5120372349727819
363499529.93345153 0.511484353145713
364174259.90919733 0.5109322959794487
364848989.8849431 0.5103810618031326
365523719.8606889 0.5098306489502459
366198449.8364347 0.5092810557585932
366873179.8121805 0.5087322805702865
367559155.2875221 0.5081751959913217
368233885.2632679 0.507628065417602
368908615.2390137 0.5070817478718969
369583345.21475947 0.5065362417134841
370258075.19050527 0.5059915453058796
370651667.676357 0.5056741790329308
371056505.66180444 0.5053480316936546
371731235.63755023 0.5048050975754261
372405965.61329603 0.5042629680265962
373080695.5890418 0.5037216414282621
373755425.5647876 0.5031811161656895
374430155.5405334 0.5026413906282978
375104885.5162792 0.5021024632096467
375790860.9916208 0.5015553701982085
376465590.9673666 0.5010180474493325
377140320.9431124 0.5004815179980512
377815050.9188582 0.4999457802544206
378287361.90188026 0.4995712340505346
378748427.38530654 0.4992059785362177
379434402.8606481 0.49866323035557625
380109132.8363939 0.4981301725799195
380783862.8121397 0.4975978995643789
381458592.7878855 0.4970664097408532
382144568.26322705 0.496526863021886
382819298.23897284 0.4959969478820231
383494028.21471864 0.495467811227939
384168758.19046444 0.4949394515075353
384843488.16621023 0.49441186717266583
386192948.1177018 0.4933590184866305
388903113.5202808 0.49125384846897463
392962738.8743513 0.4881235100942291
393637468.85009706 0.48760589182684577
394312198.82584286 0.48708902762920914
394986928.80158865 0.4865729160110935
395661658.77733445 0.48605755548602914
396347634.252676 0.4855343740651481
397022364.2284218 0.48502052373808713
397697094.2041676 0.48450742004252806
398371824.1799134 0.4839950615069676
399046554.1556592 0.48348344666359927
399721284.131405 0.48297257404830257
400407259.60674655 0.48245394627081467
401081989.58249235 0.4819445660435068
401756719.55823815 0.4814359236497148
402431449.53398395 0.4809280176400045
403106179.50972974 0.4804208465685689
403780909.48547554 0.47991440899321713
404455639.46122134 0.479408703475364
405141614.9365629 0.47889531851360095
405816344.9123087 0.47839108495043053
406491074.8880545 0.4778875791267536
406997122.36986387 0.4775104264811489
407503169.8516732 0.4771336817882827
408042953.83226985 0.4767322697629147
408593983.3124622 0.47632297229718534
409268713.288208 0.47582244737360757
409943443.2639538 0.47532264293953463
410618173.2396996 0.4748235575887932
411304148.71504116 0.47431688986324433
411978878.69078696 0.4738192504007974
412653608.66653275 0.47332232580084527
413328338.64227855 0.47282611467118063
414003068.61802435 0.4723306156230462
414677798.59377015 0.4718358272711241
415363774.0691117 0.47133351958451203
416038504.0448575 0.47084016027003783
416713234.0206033 0.47034750749346527
417387963.9963491 0.46985555988318517
418062693.9720949 0.46936431607097573
418737423.9478407 0.46887377469199126
419412153.9235865 0.4683839343847521
420098129.39892805 0.46788664736831637
420772859.37467384 0.46739821676139676
421447589.35041964 0.46691048313938155
422122319.32616544 0.4664234451542076
422797049.30191123 0.4659371014611269
423348078.7821036 0.4655404348737917
423910353.7618918 0.46513614869690095
424585083.7376376 0.4646516383990704
425259813.7133834 0.4641678175129711
425934543.6891292 0.4636846847091361
426620519.16447073 0.4631942037047046
427295249.1402165 0.4627124545027151
427969979.1159623 0.4622313893921305
428644709.0917081 0.46175100705651095
429319439.0674539 0.46127130618263495
430005414.5427955 0.460784307536737
430680144.5185413 0.46030597696253783
431354874.4942871 0.45982832390793227
432029604.4700329 0.45935134707252867
432704334.44577867 0.458875045159106
433379064.42152447 0.4583994168736032
434053794.39727026 0.45792446092511063
434728524.37301606 0.45745017602585986
440148855.1781739 0.45366428038527784
440823585.1539197 0.4531959994582856
441498315.1296655 0.4527283768317244
447031100.93078107 0.44891854229497413
447717076.4061226 0.44844922932248205
448391806.3818684 0.44798826102542566
449066536.35761416 0.44752793713818567
449741266.33335996 0.4470682564405079
450415996.30910575 0.44660921771506834
451090726.28485155 0.44615081974746523
451776701.7601931 0.44568543743068006
452451431.7359389 0.4452283279759272
453126161.7116847 0.44477185563317834
453800891.6874305 0.4443160191996804
454475621.6631763 0.44386081747555883
455150351.6389221 0.4434062492638094
455825081.6146679 0.4429523133702894
