5017 0.051693519410007945 6.3899439624887365e-09 0.94560376669116 6.996498334897737e-10
5020 0.910647852949321 7.447014056550314e-10 0.08286620062128877 5.7167461240579634e-09
5043 0.06268636905305291 4.2127332490716267e-08 0.9446930472413965 8.067107811334554e-10
5045 0.4127585551968568 1.8847186001587708e-09 0.5750310038383323 5.015276146782837e-10
5069 0.1541185226171263 1.1666956085363605e-27 0.8276895528207134 1.0302170977125092e-09
5073 0.10020921775943013 4.342260104980905e-09 0.8905393020433107 7.465524985125413e-10
5076 0.8471924366723458 7.107913682439787e-10 0.1403978236511073 3.039174143713616e-09
5078 0.13533621575682317 5.122655752417887e-09 0.8656968796683177 6.719887727752374e-10
5080 0.09176014066580909 4.997957827231789e-09 0.9067335198210421 7.384512101363045e-10
5085 0.12255605880019693 6.807252693805385e-09 0.8720450588093975 7.970431142038515e-10
5093 0.1807533486974899 3.230605218252944e-09 0.8067770887182871 6.799306876569947e-10
5095 0.8556792227038154 7.171257242365649e-10 0.1354814676780488 4.138111703611327e-09
5096 0.8724100291730038 7.645066639167205e-10 0.11866054005662388 5.0648216029893575e-09
5097 0.791650654533261 7.653873242018718e-10 0.19852511060114628 4.206344098170271e-09
5102 0.8697992708622226 8.455594858558365e-10 0.1237074067331517 6.848302186705352e-09
5105 0.7883163854164073 8.377176859216273e-10 0.20532821689250952 5.331470427901443e-09
5106 0.21725490258726238 4.756006573141088e-09 0.771444847623901 8.014564087067708e-10
5109 0.27348192757680173 3.296846229281908e-09 0.6957452345103223 6.762396747642059e-10
5163 0.06310375127812899 4.014208542887719e-08 0.9385633338477026 1.1611171780453146e-09
5173 0.6845439849885578 2.356326984830382e-09 0.3027167105355578 1.0113685361486056e-20
5181 0.2734678915735852 3.6159854842408375e-27 0.7149098172056767 2.2677020317897253e-09
5199 0.6434956397281587 7.033194497948248e-10 0.34901578240640796 3.5837687552406002e-09
5205 0.035562588546243994 4.132587158162172e-08 0.9668865564537645 1.366128249355297e-09
5253 0.29385510749812654 3.5444278787869296e-19 0.6842266158244754 2.3855070616493093e-09
5261 0.6188588267440931 6.549288133121032e-10 0.35537871861959197 3.3809512191244356e-09
5277 0.24637104835543647 4.548087069122529e-09 0.7391130677203395 8.687773877792792e-10
5282 0.8150308703961033 1.013955011753229e-09 0.17777706648332178 6.647482322903546e-09
5339 0.2953549584422384 5.585257429271081e-09 0.6954643115904793 9.618033909867608e-10
5340 0.2586533688485572 6.121300425616687e-09 0.7274241108390574 1.0881305722752905e-09
5394 0.6745572551773903 9.667051232117405e-10 0.3172620320737357 4.604830612259624e-09
5416 0.3557351214423362 4.210534204731256e-09 0.6291090823895042 8.940850807962892e-10
5423 0.21187936873439142 7.254171038171868e-09 0.7811897613543646 1.1602811501684677e-09
5442 0.6901373484842009 9.86141780268989e-10 0.2863078007488281 4.554710796607887e-09
5443 0.24703776908560904 2.969789366452697e-19 0.7426164062352045 2.555544055681553e-09
