1.0 0.9780214280525096
1180778.457555142 0.9764815962769582
1428179.448661934 0.976159272181158
2530238.4090467333 0.9747247569222581
9288783.666100452 0.9659733629647538
9974759.14144201 0.9650895223738274
10649489.117187805 0.9642209598909107
13348409.020170987 0.9607545198269114
15372598.947408374 0.9581628704772119
16598358.403346568 0.9565968825384319
17812872.359689 0.9550477857567676
20523037.762267947 0.9516000436414995
23221957.66525113 0.9481789766315571
23896687.64099692 0.9473256333228812
24582663.116338484 0.9464588549212654
25257393.092084277 0.9456070596898913
25932123.067830075 0.9447560310582614
26606853.043575868 0.9439057683364507
27000445.529427584 0.9434101351759987
27394038.015279297 0.942914762266345
28754743.466366652 0.941204190535162
29429473.442112446 0.9403571244032556
30104203.417858243 0.9395108206149926
30778933.393604036 0.9386652784842782
31453663.369349834 0.9378204973256348
32128393.345095627 0.9369764764542019
33489098.796182983 0.9352766775566296
34163828.77192878 0.934434946075314
38212208.62640355 0.9294004417405074
38886938.602149345 0.9285639987612975
39291776.587596826 0.9280624943529869
39550423.07829938 0.927742230570062
40090207.05889601 0.9270742099370304
40764937.03464181 0.9262398605228466
41439667.01038761 0.9254062620074988
42114396.986133404 0.924573413715192
42789126.961879194 0.9237413149707394
43463856.93762499 0.9229099650995622
44138586.91337079 0.9220793634276885
44813316.889116585 0.9212495092817526
45499292.36445814 0.9204065898577936
46174022.34020394 0.9195782411767206
46848752.31594973 0.9187506379939361
47523482.29169553 0.9179237796385058
48007038.774313346 0.9173316556159586
48479349.75733541 0.9167536706611906
49165325.23267697 0.9159148648130462
49840055.20842276 0.9150905586003323
50514785.184168555 0.9142669942477611
51189515.15991435 0.9134441710876725
51583107.645766065 0.9129645329324687
51695562.6417237 0.9128275397238723
51852999.63606438 0.9126357837656685
52280328.620703384 0.9121155063365298
52955058.59644918 0.9112946194752394
53629788.57219498 0.9104744713967396
54304518.547940776 0.9096550614361398
54979248.52368657 0.9088363889291476
55653978.49943236 0.9080184532120686
56328708.47517816 0.9072012536218058
57003438.45092396 0.9063847894958588
57678168.426669754 0.9055690601723232
58364143.90201131 0.9047404879528934
59038873.8777571 0.90392623846993
59713603.8535029 0.9031127217962414
60388333.8292487 0.9022999372723124
61063063.80499449 0.9014878842392222
61737793.78074029 0.900676562038643
62412523.75648608 0.8998659700128389
63087253.73223188 0.8990561075046664
63773229.207573436 0.8982334944681246
64447959.18331923 0.8974251011573474
65122689.15906503 0.8966174353853995
65797419.13481082 0.8958104964975095
66472149.11055662 0.8950042838394956
67146879.08630241 0.8941987967577643
67821609.06204821 0.8933940345993104
68496339.03779401 0.8925899967117169
69171069.0135398 0.8917866824431534
69857044.48888136 0.890970720742134
70531774.46462716 0.8901688637915957
71206504.44037294 0.889367728497285
71881234.41611874 0.8885673142097246
72555964.39186454 0.8877676202800221
73039520.87448236 0.8871949490560427
73523077.35710019 0.8866226472444221
74209052.83244175 0.885811410501768
74883782.80818753 0.8850141968337533
75558512.78393333 0.8842177006430989
76233242.75967912 0.8834219212840886
76907972.73542492 0.8826268581115874
77582702.71117072 0.8818325104810407
78257432.68691652 0.8810388777484744
78932162.66266231 0.8802459592704936
79606892.63840811 0.8794537544042826
80292868.11374967 0.878649077012774
85690707.91971603 0.8723428264996416
86376683.39505759 0.8715446554228645
87051413.37080339 0.8707602815670417
87726143.34654918 0.869976613632989
88400873.32229497 0.8691936509853897
89075603.29804076 0.8684113929894994
89750333.27378656 0.867629839011145
90425063.24953236 0.8668489884167235
91099793.22527815 0.8660688405732028
91785768.70061971 0.8652764100309394
92246834.184046 0.8647442002626312
92707899.6674723 0.864212317843173
93382629.6432181 0.8634345429537534
94057359.6189639 0.8626574680471579
94732089.5947097 0.8618810924934148
95406819.57045548 0.8611054156631198
96081549.54620127 0.8603304369274347
96767525.02154283 0.8595432568757791
97442254.99728863 0.8587696840537256
98116984.97303443 0.857996807432714
98791714.94878022 0.8572246263861767
99466444.92452602 0.8564531402881094
100141174.90027182 0.8556823485130716
100815904.87601762 0.8549122504361857
101490634.85176341 0.8541428454331361
102165364.8275092 0.8533741328801696
102851340.30285075 0.8525933176664238
103526070.27859655 0.8518259996594071
104200800.25434235 0.8510593722242159
104875530.23008814 0.8502934347393488
105550260.20583394 0.8495281865838634
106224990.18157974 0.8487636271373761
106899720.15732554 0.8479997557800616
107574450.13307133 0.8472365718926527
108260425.60841289 0.8464613723881371
108935155.58415869 0.8456995730169495
109609885.55990447 0.8449384592509188
110284615.53565027 0.8441780304730131
110959345.51139607 0.8434182860667561
111634075.48714186 0.842659225416226
112308805.46288766 0.8419008479060555
112983535.43863346 0.841143152921431
113658265.41437925 0.8403861398480925
114344240.88972081 0.8396172083113482
115018970.86546661 0.8388615685595604
115693700.8412124 0.8381066088693874
116368430.81695819 0.8373523286287867
117043160.79270399 0.836598727226266
117717890.76844978 0.8358458040508843
118392620.74419558 0.8350935584922494
119067350.71994138 0.8343419899405193
119742080.69568717 0.8335910977864003
120428056.17102873 0.8328283835370284
121102786.14677453 0.8320788536003053
121777516.12252033 0.831329998226478
122452246.09826612 0.8305818168084527
123126976.0740119 0.8298343087396814
123801706.0497577 0.8290874734141628
124476436.0255035 0.8283413102264403
125151166.0012493 0.8275958185716027
125825895.9769951 0.8268509978452829
126388170.95678326 0.8262308259858782
126950445.93657142 0.8256111192805775
127636421.41191298 0.8248557065047134
128311151.38765877 0.8241133518279002
128985881.36340457 0.8233716652563834
129660611.33915037 0.8226306461888806
130335341.31489617 0.8218902940246509
131010071.29064196 0.8211506081634936
131684801.26638776 0.8204115880057488
132359531.24213354 0.8196732329522955
133045506.7174751 0.8189232531885237
133720236.6932209 0.8181862376085124
134394966.6689667 0.8174498853287104
135069696.6447125 0.8167141957521602
135744426.62045828 0.8159791682824409
136419156.59620407 0.8152448023236688
137093886.57194987 0.8145110972804966
137768616.54769567 0.8137780525581126
138443346.52344146 0.8130456675622404
139129321.99878302 0.812301751849027
139804051.97452882 0.811570695496125
140478781.95027462 0.8108402970802397
141153511.9260204 0.8101105560092399
141828241.9017662 0.8093814716915277
142502971.877512 0.8086530435360373
143177701.8532578 0.8079252709522351
143852431.8290036 0.8071981533501188
144538407.30434516 0.8064595879608536
145213137.28009096 0.8057337894459606
145887867.25583676 0.8050086441361285
146562597.23158255 0.804284151443485
147102381.21217918 0.8037050267790335
147642165.19277582 0.8031263191131969
148328140.66811737 0.8023914793467246
149002870.64386317 0.8016693420533423
149677600.61960897 0.80094785466999
150352330.59535477 0.8002270166117611
151027060.57110056 0.799506827294275
151701790.54684636 0.7987872861336773
152376520.52259216 0.798068392546639
152950041.00197607 0.7974578417170346
153512315.98176423 0.7968597159195433
154187045.95751002 0.7961425571095723
154861775.93325582 0.7954260437290896
155536505.90900162 0.794710175197221
156211235.88474742 0.7939949509336146
156897211.36008897 0.7932684661323597
157571941.33583477 0.7925545393798921
158246671.31158057 0.7918412551481216
158921401.28732637 0.7911286128587918
159596131.26307216 0.7904166119341665
160270861.23881796 0.7897052517970296
160945591.21456376 0.7889945318706839
161620321.19030955 0.7882844515789521
162025159.17575702 0.787858710189032
162418751.66160873 0.7874450153948988
162812344.14746046 0.7870315378267485
163205936.63331217 0.7866182773705184
163880666.60905796 0.7859103356633025
164555396.58480376 0.7852030310903552
164948989.07065547 0.7847907307602342
165353827.05610296 0.784366876279988
170875367.3576227 0.778608772864662
171550097.3333685 0.777908039561392
172224827.3091143 0.777207936904962
172899557.2848601 0.776508464327802
173574287.2606059 0.7758096212628522
174249017.2363517 0.7751114071435636
174934992.71169326 0.7744022002954527
175609722.68743905 0.7737052528286577
176284452.66318482 0.773008932601521
176959182.63893062 0.7723132390495386
177633912.61467642 0.7716181716087149
178308642.5904222 0.7709237297155612
178983372.566168 0.7702299128070966
179658102.5419138 0.7695367203208465
180332832.5176596 0.7688441516948428
181007562.4934054 0.7681522063676225
181693537.96874696 0.7674493670078528
182368267.94449276 0.7667586769607107
183042997.92023855 0.7660686085216666
183717727.89598435 0.7653791611312846
184392457.87173015 0.7646903342306328
185067187.84747595 0.764002127261282
185741917.82322174 0.7633145396653056
186416647.79896754 0.7626275708852792
187102623.2743091 0.7619297864237883
187777353.2500549 0.7612440638957271
188452083.2258007 0.7605589585050897
189126813.2015465 0.759874469696464
189801543.17729226 0.7591905969149377
190476273.15303805 0.7585073396060982
191151003.12878385 0.7578246972160314
191825733.10452965 0.7571426691913219
192500463.08027545 0.7564612549790525
193186438.555617 0.7557691125367971
193861168.5313628 0.7550889344997744
194535898.5071086 0.7544093686102376
195210628.4828544 0.7537304143172651
195885358.4586002 0.7530520710704318
196560088.434346 0.7523743383198076
197234818.4100918 0.7516972155159573
197909548.38583758 0.7510207021099402
198584278.36158338 0.7503447975533095
199270253.83692494 0.7496582515110723
199855019.81590462 0.7490734951568514
200349821.7981182 0.7485790575984452
200934587.7770979 0.7479951430484686
201609317.75284368 0.7473219614382902
202104119.73505726 0.7468286800068342
202587676.2176751 0.746346924100779
203262406.1934209 0.7456752258567634
203948381.66876245 0.7449929523516023
204623111.64450824 0.7443224726567857
205297841.62025404 0.7436525963811287
205972571.59599984 0.7429833229815653
206647301.57174563 0.7423146519155184
207322031.54749143 0.7416465826408991
208671491.49898303 0.7403122473000266
209200029.9799839 0.7397902871304228
209728568.46098477 0.7392686949709657
210122160.94683647 0.7388805141885262
210515753.4326882 0.7384925372349797
211201728.90802976 0.7378168357037466
211876458.88377556 0.7371528143794224
212551188.85952133 0.7364893906618454
213225918.83526713 0.7358265640131807
213776948.31545955 0.7352856981182083
214327977.79565194 0.7347452297841974
215002707.77139774 0.7340839728476345
215677437.74714354 0.7334233110299218
216352167.72288933 0.7327632437954631
217038143.1982309 0.7320927844192351
217712873.1739767 0.73143391463379
218387603.1497225 0.730775637818804
219062333.12546828 0.730117953440614
219737063.10121405 0.7294608609660387
220411793.07695985 0.7288043598623755
221086523.05270565 0.728148449597402
221761253.02845144 0.7274931296393742
222435983.00419724 0.7268383994570269
223121958.4795388 0.7261733611598085
223796688.4552846 0.7255198187443586
224471418.4310304 0.7248668645048342
225146148.4067762 0.7242144979118881
225820878.382522 0.7235627184366493
226495608.35826778 0.7229115255507231
227170338.33401358 0.7222609187261899
227845068.30975938 0.7216108974356055
228519798.28550518 0.7209614611520002
229205773.76084673 0.7203018001010122
229880503.73659253 0.7196535419804737
230555233.71233833 0.7190058672800945
231229963.68808413 0.7183587754748073
231904693.66382992 0.7177122660400173
232579423.63957572 0.7170663384516022
233254153.6153215 0.716420992185911
233928883.59106728 0.7157762267197644
234603613.56681308 0.7151320415304533
235289589.04215464 0.714477714247332
235964319.01790044 0.7138346976949101
236639048.99364623 0.7131922598453344
237313778.96939203 0.7125504001777831
237988508.94513783 0.7119091181719034
238550783.92492598 0.711375157394584
239101813.4051184 0.7108522643923723
239787788.88045996 0.710201852994409
240462518.85620576 0.7095626846369791
241137248.83195156 0.7089240915190919
241811978.80769733 0.7082860731230427
242486708.78344312 0.7076486289315925
243161438.75918892 0.707011758427968
243836168.73493472 0.706375461095861
244510898.7106805 0.7057397364194278
245196874.18602207 0.7050940028520531
245871604.16176787 0.7044594314640229
246546334.13751367 0.7038254311783491
246939926.62336537 0.7034558612122017
247277291.61123827 0.703139241412567
247895794.08900526 0.7025591418586079
248570524.06475106 0.7019268517979649
249245254.04049686 0.7012951307865263
249919984.01624265 0.7006639783121589
250594713.99198845 0.7000333938631895
251269443.96773425 0.6994033769284063
251944173.94348004 0.6987739269970568
252349011.9289275 0.6983965289875946
252731358.91518345 0.6980402846923978
253406088.89092925 0.6974120615185144
254080818.86667505 0.6967844037337139
254755548.84242085 0.6961573108291564
255430278.81816664 0.6955307822964605
256105008.79391244 0.694904817627702
260164634.14798298 0.6911504705847658
260839364.12372878 0.6905284481144545
261514094.09947458 0.6899069854527087
262188824.07522038 0.6892860820957114
262863554.05096617 0.688665737540099
263538284.02671194 0.6880459512829604
264213014.00245774 0.6874267228218375
264898989.4777993 0.6867977451872675
265573719.4535451 0.6861796400882375
266248449.4292909 0.6855620912722126
266923179.4050367 0.6849450982385483
267597909.38078249 0.684328660487051
268272639.35652828 0.683712777517977
268947369.3322741 0.6830974488320327
269622099.3080199 0.6824826739303738
270308074.78336143 0.6818582199723995
270982804.75910723 0.681244560353489
271657534.734853 0.6806314530167349
272332264.7105988 0.6800188974650934
273006994.6863446 0.6794068932019679
273681724.6620904 0.6787954397312097
274221508.642687 0.67830667319198
274761292.6232837 0.6778182585890127
275436022.5990295 0.6772082348596327
276110752.5747753 0.6765987601401765
276785482.5505211 0.6759898339365453
277460212.5262669 0.6753814557550855
278134942.50201267 0.6747736251025868
278820917.9773542 0.6741562247244866
279495647.9531 0.6735494967569529
280012940.9345051 0.6730847084673982
280541479.415506 0.6726101473482662
281216209.3912518 0.6720048108213956
281868448.3678061 0.6714201700385483
282531932.8439561 0.6708259711040555
283206662.8197019 0.6702222403023665
283881392.7954477 0.6696190528470843
284556122.7711935 0.6690164082492073
285230852.7469393 0.6684143060201739
285905582.7226851 0.6678127456718623
286591558.19802666 0.667201714318029
287266288.17377245 0.6666012452795236
287941018.14951825 0.6660013166518994
288615748.12526405 0.6654019279487965
289290478.10100985 0.6648030786842929
289965208.0767556 0.6642047683729042
290639938.0525014 0.6636069965295823
291314668.0282472 0.6630097626697166
291989398.003993 0.6624130663091317
292675373.47933453 0.661806975521966
293350103.45508033 0.661211361647272
294024833.4308261 0.6606162838139027
294699563.4065719 0.6600217415394307
295374293.3823177 0.6594277343418631
296049023.3580635 0.658834261739641
296723753.3338093 0.6582413232516381
297398483.3095551 0.6576489183971619
298073213.2853009 0.6570570466959524
298759188.76064247 0.6564558565279154
299433918.73638827 0.6558650585600283
300108648.71213406 0.6552747922992401
300783378.68787986 0.6546850572670242
301458108.66362566 0.6540958529852845
302132838.63937145 0.6535071789763562
302807568.61511725 0.6529190347630032
303482298.59086305 0.6523314198684195
304157028.56660885 0.6517443338162282
304843004.0419504 0.6511480046427811
305517734.0176962 0.650561983642114
306192463.993442 0.6499764900493645
306867193.9691878 0.6493915233898757
307541923.9449336 0.6488070831894173
308216653.9206794 0.648223168974186
308891383.8964252 0.6476397802708049
309566113.872171 0.6470569166063234
310240843.8479168 0.6464745775082164
310926819.32325834 0.6458830700252093
311601549.29900414 0.6453017873670255
312276279.27474993 0.6447210278523401
312951009.25049573 0.6441407910103336
313625739.2262415 0.6435610763706104
314300469.2019873 0.6429818834631984
314975199.1777331 0.6424032118185481
315649929.1534789 0.6418250609675329
316335904.6288205 0.6412378076716543
317010634.6045663 0.6406607056625298
317685364.5803121 0.6400841230343979
318360094.5560578 0.6395080593198252
319034824.5318036 0.6389325140517996
319709554.5075494 0.6383574867637285
320384284.4832952 0.6377829769894399
320946559.4630834 0.6373046138311973
321497588.9432758 0.6368361660376785
326344399.26904976 0.63273054364436
327030374.7443913 0.6321516115961201
327705104.7201371 0.6315826869931752
328379834.6958829 0.6310142744117107
329054564.6716287 0.6304463733909164
329729294.6473745 0.6298789834703977
330404024.6231203 0.6293121041901737
331078754.5988661 0.6287457350906778
331753484.5746119 0.6281798757127568
332428214.5503577 0.6276145255976711
333114190.02569926 0.6270402745733465
333788920.00144506 0.6264759500779284
334463649.97719085 0.62591213346398
335138379.95293665 0.6253488242744174
335813109.9286824 0.6247860220525681
336487839.9044282 0.6242237263421706
337162569.880174 0.6236619366873745
337837299.8559198 0.6231006526327387
338512029.8316656 0.6225398737232329
339186759.8074114 0.6219795995042361
340266327.7686047 0.6210842093765387
340659920.2544564 0.6207580857952317
341334650.2302022 0.6201994151519765
342009380.205948 0.6196412473018302
342695355.68128955 0.6190742916204948
343370085.65703535 0.6185171363604403
344044815.63278115 0.6179604825296778
344719545.60852695 0.6174043296769307
345394275.5842727 0.616848677351328
346069005.5600185 0.6162935251024043
348093195.4872559 0.6146310643171382
348779170.9625974 0.6140686928233797
349453900.9383432 0.6135160425084304
350128630.914089 0.6129638895684071
350803360.8898348 0.6124122335556816
351478090.8655806 0.6118610740230289
352152820.8413264 0.611310410523626
352827550.8170722 0.6107602426110523
353502280.792818 0.610210569839289
354177010.7685638 0.6096613917627186
354862986.24390537 0.6091035673905432
355537716.21965116 0.6085553855954299
356212446.19539696 0.6080076971536584
356887176.17114276 0.60746050162122
357561906.14688855 0.6069137985545058
359586096.07412595 0.6052766397186011
360260826.04987174 0.6047319020866705
360946801.5252133 0.6041785880697861
361621531.5009591 0.6036348386637602
362296261.4767049 0.603091578622009
362970991.4524507 0.602548807504114
363645721.4281965 0.6020065248700528
364252978.4063677 0.6015188877897163
364579097.89464486 0.601257171661056
364781516.88736856 0.6010947844443661
365242582.3707949 0.6007250661529171
365917312.34654063 0.6001844248518925
366603287.8218822 0.5996352716588161
367278017.797628 0.5990956111524119
367952747.7733738 0.5985564363303493
368627477.7491196 0.5980177467555217
369066052.2333544 0.5976678585388314
369212243.7280993 0.5975512746308718
369392171.7216315 0.5974078179626557
369841991.70546204 0.5970493269501257
371202697.1565494 0.5959662007316986
371877427.1322952 0.595429842320365
372552157.108041 0.5948939666215496
373226887.0837868 0.5943585732008199
373901617.0595326 0.5938236616241348
374576347.0352784 0.5932892314578437
375251077.0110242 0.5927552822686863
375925806.98677 0.5922218136237922
376611782.46211153 0.5916799460136144
377252775.93907005 0.5911740588087615
377860032.9172412 0.5906951962381775
378501026.3941997 0.5901901509957991
379175756.3699455 0.5896589909209763
379850486.3456913 0.5891283088802661
380424006.82507527 0.588677604678624
380772617.3125439 0.5884038157312813
381233682.7959702 0.5880419033356599
381919658.27131176 0.5875038602350606
382594388.24705756 0.5869751177715775
383269118.22280335 0.5864468511664022
383943848.19854915 0.5859190599912709
384618578.17429495 0.5853917438183058
385293308.15004075 0.5848649022200136
385968038.12578654 0.5843385347692862
386642768.10153234 0.5838126410393996
387834791.0586833 0.582884718529727
388509521.0344291 0.5823601332072093
389195496.50977063 0.581827288779017
389757771.48955876 0.5813908946615023
390331291.9689427 0.5809461098581408
390724884.4547944 0.5806410622928804
391804452.4159877 0.5798051823454944
392479182.39173347 0.5792833685478276
392929002.375564 0.5789357536102794
393378822.35939455 0.5785883472686473
396876172.7336769 0.5758943648567816
397550902.7094227 0.57537607072156
398090686.69001937 0.5749617712811448
398630470.670616 0.57454777015697
399305200.64636177 0.5740306879317414
399979930.62210757 0.5735140710708244
401329390.57359916 0.5724822317670266
402004120.54934496 0.5719670084876376
402690096.0246865 0.5714436734991943
404714285.9519239 0.5699021958436967
405389015.9276697 0.5693892945482852
406063745.9034155 0.5688768548544272
406738475.8791613 0.5683648763466895
407413205.8549071 0.5678533586100138
408087935.8306529 0.5673423012297143
408773911.30599445 0.5668231977285487
409448641.28174025 0.566313067473736
410123371.25748605 0.5658033963265919
410798101.23323184 0.5652941838739284
411472831.20897764 0.5647854297029288
