1.0 0.9923968057577711
1147041.9587678523 0.9900404272865796
3339914.3799416875 0.9855816033113854
31521136.366924413 0.9330426024100985
38470855.11710611 0.9212614237699962
39291776.587596826 0.9198964552010774
39685369.07344854 0.9192439551563022
49828809.708827 0.9028433836609655
51178269.66031859 0.9007191594333376
53888435.06289753 0.8964918285565203
55237895.01438913 0.8944058862244312
59972250.344205454 0.8871842401529942
69373488.00626354 0.8732654572135501
70048217.98200934 0.872286965100392
74107843.33607987 0.8664547571329345
75457303.28757146 0.864536546878348
77481493.21480885 0.8616779023803257
91009829.22851205 0.8431162548073556
91684559.20425785 0.8422139422882763
92359289.18000364 0.8413137507672033
95058209.08298682 0.8377339185851446
97093644.50981997 0.8350559011096309
97487236.99567169 0.834540177198956
97880829.4815234 0.8340251356848172
99905019.40876079 0.831387034022547
100590994.88410234 0.8304970292172633
101940454.83559394 0.8287520616189683
105314104.71432291 0.8244230751243347
105988834.6900687 0.8235629133735524
108024270.11690186 0.8209792603286044
110520771.0271613 0.8178329027192008
111004327.50977913 0.8172263005688573
111679057.48552492 0.8163813954611407
114389222.88810386 0.8130052874901221
115738682.83959545 0.8113345964050589
117762872.76683284 0.8088412395325713
119112332.71832444 0.8071873372977811
120203146.17911346 0.8058552430921371
120607984.16456094 0.8053619426703222
121282714.14030674 0.8045410723810281
123205694.57118225 0.8022104099383276
123790460.55016194 0.8015042353173449
124465190.52590774 0.8006908911951435
125139920.50165354 0.7998791162706261
125814650.47739933 0.7990689014666407
127164110.42889093 0.7974531163028772
128524815.87997828 0.7958300764496734
130549005.80721566 0.7934270219710834
132573195.73445305 0.7910373790595007
133247925.71019885 0.7902437727578522
134608631.1612862 0.788647756852454
135283361.137032 0.7878585211545241
137307551.0642694 0.7854993788188719
137982281.0400152 0.7847158268420561
139331740.99150676 0.7831529197810642
140692446.4425941 0.7815826031121744
141367176.4183399 0.7808060057685984
142716636.3698315 0.7792568953331394
143391366.3455773 0.7784843676751965
144740826.2970689 0.7769433315279036
146101531.74815625 0.7753948315037047
146776261.72390205 0.7746289654971995
147450991.69964784 0.7738644064322437
148125721.67539364 0.7731011474787557
148800451.65113944 0.7723391818645935
149475181.62688524 0.7715785028750293
150543504.08848274 0.7703767095571912
150948342.0739302 0.769922126097985
151623072.049676 0.769165498804826
152297802.0254218 0.7684101306572112
152972532.0011676 0.7676560152297507
154321991.9526592 0.7661515171045513
154996721.928405 0.7654011218253783
155671451.90415078 0.7646519541025179
156211235.88474742 0.7640534996242064
156739774.3657483 0.7634682673711495
158089234.31723988 0.7619774232649906
158763964.29298568 0.7612338038248022
159348730.27196535 0.7605902995267761
159944741.75054082 0.7599353389094495
161294201.70203242 0.7584558156356428
161968931.6777782 0.7577178149362384
162643661.653524 0.7569809805884772
163329637.12886557 0.75623305552142
164004367.10461137 0.7554985561925833
164679097.08035716 0.7547652063281911
165353827.05610296 0.7540330004238776
166028557.03184876 0.7533019330211772
166703287.00759453 0.7525719987071084
167378016.98334032 0.7518431921137608
168052746.95908612 0.7511155079178857
168727476.93483192 0.7503889408404921
169413452.41017348 0.7496514041170386
170088182.38591927 0.7489270740157818
171437642.33741087 0.7474817130808595
173461832.26464826 0.7453218439008794
174811292.21613985 0.7438873211652514
175497267.6914814 0.7431597434775926
176171997.6672272 0.7424451638658486
176846727.642973 0.7417316411756587
177521457.6187188 0.7410191706694559
178196187.5944646 0.7403077476486217
178870917.5702104 0.7395973674531328
179545647.5459562 0.7388880254612115
184280002.8757725 0.7339396260200277
185629462.8272641 0.7325382610257153
186304192.8030099 0.7318390715731674
187664898.25409725 0.7304320457328906
188339628.22984305 0.7297358292343515
189689088.18133464 0.7283463237185086
190363818.15708044 0.7276530265606092
191713278.10857204 0.7262693233395114
192388008.08431783 0.7255789093313904
193073983.5596594 0.7248779655205888
193748713.5354052 0.724189469724505
194423443.51115096 0.7235019192681446
195098173.48689675 0.7228153103214424
195772903.46264255 0.7221296390850716
196447633.43838835 0.7214449017901639
197797093.38987994 0.7200782140999193
198471823.36562574 0.7193962563166821
199832528.8167131 0.7180237669765771
200507258.7924589 0.7173445710245682
201181988.7682047 0.7166662834028786
201856718.7439505 0.7159889005770925
203880908.67118788 0.7139621459504939
204566884.14652944 0.7132771250767497
205241614.12227523 0.7126042289515068
205916344.09802103 0.711932216940377
206591074.07376683 0.7112610857006224
207265804.04951262 0.7105908319158448
209289993.97675 0.708585302517503
209964723.95249578 0.7079185259071639
211325429.40358314 0.7065764762672263
212000159.37932894 0.7059122881941391
212674889.35507473 0.7052489519133102
213349619.33082053 0.7045864643353669
213788193.8150553 0.7041563010736337
214238013.79888582 0.7037154782488617
214912743.77463162 0.7030549450964229
215587473.75037742 0.7023952505714639
216936933.701869 0.7010783654788464
218297639.15295637 0.6997538668450393
218972369.12870216 0.6990983348186688
220321829.08019376 0.6977897309157499
220996559.05593956 0.6971366533591681
221671289.03168535 0.6964843883154718
223020748.98317695 0.6951822846447551
223695478.95892274 0.6945324405098685
225056184.4100101 0.6932243567169666
225730914.38575587 0.6925769222339394
226405644.36150166 0.6919302811600427
227755104.31299326 0.6906393686989745
229779294.24023065 0.6887088852184043
230465269.7155722 0.6880562575031258
231139999.691318 0.6874151103779916
231814729.6670638 0.6867747360496136
232489459.6428096 0.6861351320333391
233164189.6185554 0.6854962958631391
233838919.5943012 0.6848582250914407
234513649.570047 0.6842209172889623
235188379.5457928 0.6835843700445501
235863109.5215386 0.6829485809650148
236549084.99688014 0.6823029701765678
237223814.97262594 0.681668702855596
237898544.94837174 0.681035186587265
239248004.89986333 0.6797703979351547
239922734.8756091 0.6791391209574681
240597464.8513549 0.6785085858443014
241272194.8271007 0.6778787903407935
241946924.8028465 0.677249732208649
242632900.27818805 0.6766109433920463
243307630.25393385 0.675983365550408
243982360.22967964 0.6753565184268173
244657090.20542544 0.6747303998480432
245331820.18117124 0.6741050076566911
246681280.13266283 0.6728563938850148
247356010.10840863 0.6722331680678211
248030740.08415443 0.671610660164034
249391445.53524178 0.6703574445209236
250066175.51098758 0.6697370897800962
251415635.46247917 0.6684985072213027
252090365.43822497 0.6678802753761552
252765095.41397077 0.6672627471597198
253439825.38971654 0.6666459205942132
254114555.36546233 0.6660297937159467
254800530.8408039 0.6654041133231968
255475260.8165497 0.6647893915644644
256149990.7922955 0.6641753636532995
256824720.76804128 0.6635620276813713
257499450.74378708 0.6629493817538246
258174180.71953288 0.6623374239891603
258848910.69527867 0.6617261525191166
259523640.67102447 0.6611155654885515
260018442.65323806 0.6606682355982391
260513244.63545164 0.6602212720712647
261187974.61119744 0.6596123654754881
261862704.58694324 0.6590041369879694
262548680.0622848 0.6583864646608037
263223410.0380306 0.6577795982354706
263898140.0137764 0.6571734045324732
265247599.96526796 0.6559630282632769
265922329.94101375 0.6553588422122758
266597059.91675955 0.6547553219137902
267271789.89250535 0.6541524656552388
267946519.86825114 0.6535502717357778
268632495.3435927 0.6529387184993067
269307225.3193385 0.6523378551706512
270656685.2708301 0.6511380986934421
271331415.2465759 0.6505392022466469
272006145.2223217 0.6499409581475074
272680875.1980675 0.6493433647746704
273355605.1738133 0.6487464205177135
274030335.1495591 0.6481501237770485
274716310.62490064 0.6475445509137092
275391040.60064644 0.6469495551755646
275840860.58447695 0.6465532485328727
276976656.0436491 0.645553842481044
277651386.0193948 0.6449609938634508
278326115.9951406 0.6443687828259845
279000845.9708864 0.6437772078459743
279675575.9466322 0.6431862674108091
280361551.42197376 0.6425861269160583
281036281.39771956 0.6419964615857786
281711011.37346536 0.6414074262973519
282385741.34921116 0.640819019577688
283060471.32495695 0.6402312399633197
283735201.30070275 0.6396440860003177
284409931.27644855 0.6390575562442077
285084661.25219434 0.6384716492598856
285759391.22794014 0.6378863636215373
286445366.7032817 0.6372919587282228
287120096.6790275 0.6367079218379508
287794826.6547733 0.6361245020478976
288458311.13092333 0.6355514063321451
289133041.1066691 0.6349692063558816
289807771.0824149 0.6343876193612499
290482501.0581607 0.633806643985213
291157231.0339065 0.6332262788733902
291831961.0096523 0.6326465226799811
292517936.4849939 0.6320577267308016
293192666.4607397 0.6314791944637594
293867396.43648547 0.6309012671065267
297241046.31521446 0.6280206583303583
297915776.29096025 0.6274463331630408
298601751.7663018 0.626863046777713
299276481.7420476 0.6262899220446183
299951211.7177934 0.6257173906814407
300625941.6935392 0.6251454514475832
301300671.669285 0.6245741031100355
301975401.6450308 0.6240033444433072
302650131.6207766 0.6234331742293623
303324861.5965224 0.6228635912575549
303999591.5722682 0.6222945943245637
304685567.04760975 0.6217167136476296
305360297.0233555 0.6211488949288255
306035026.9991013 0.6205816586625578
306709756.9748471 0.6200150036742929
307384486.9505929 0.6194489287965087
308059216.9263387 0.6188834328686339
308733946.90208447 0.6183185147369873
309408676.87783027 0.6177541732547188
309914724.35963964 0.6173312948830898
310207107.3491295 0.6170871125238975
310398280.84225744 0.6169275131272742
310791873.32810915 0.6165990711619892
311466603.30385494 0.6160364814471756
312141333.27960074 0.6154744638056339
312816063.25534654 0.6149130171241146
313490793.23109233 0.6143521402958486
314176768.7064339 0.6137824985649304
314851498.6821797 0.6132227676002561
315526228.6579255 0.6126636031887785
316200958.6336713 0.6121050042491997
316875688.6094171 0.6115469697064255
317550418.5851629 0.6109894984915133
318225148.5609087 0.6104325895416183
318899878.5366545 0.609876241799941
319585854.01199603 0.6093111958290904
320260583.9877418 0.608755976667097
320935313.9634876 0.6082013155614117
321610043.9392334 0.6076472114789979
322284773.9149792 0.6070936633926085
322959503.890725 0.6065406702807357
323634233.8664708 0.6059882311275611
324308963.8422166 0.6054363449229081
324983693.8179624 0.604885010662193
325669669.29330397 0.604325052286508
326344399.26904976 0.6037748280795185
327019129.24479556 0.6032251528193725
327693859.22054136 0.6026760255234723
328368589.19628716 0.6021274452145764
329043319.17203295 0.6015794109207547
329718049.14777875 0.6010319216753424
330392779.12352455 0.600484976516895
332428214.5503577 0.5988383119627828
332821807.0362094 0.5985204642578895
333215399.5220611 0.5982028002111337
333890129.4978069 0.5976586600263598
334576104.97314847 0.5971060026196787
335250834.94889426 0.5965629469679831
340659920.2544564 0.5922287603080797
341334650.2302022 0.591690508459245
342009380.205948 0.5911527849200261
342684110.1816938 0.5906155888166743
343077702.6675455 0.5903024676499857
343471295.1533972 0.5899895254902467
344146025.129143 0.5894534691882266
344820755.1048888 0.5889179375842616
345506730.58023036 0.5883740174600558
346181460.55597615 0.5878395413992283
346856190.53172195 0.5873055874685889
347530920.50746775 0.5867721548254059
348205650.48321354 0.5862392426311188
348880380.45895934 0.5857068500513022
350229840.41045094 0.5846436204178498
350904570.38619673 0.5841127817157311
351590545.8615383 0.5835736249943507
352265275.8372841 0.5830438266976876
352940005.8130299 0.5825145430803983
353614735.7887757 0.5819857733361178
354289465.7645214 0.581457516662347
354964195.7402672 0.5809297722604211
355638925.716013 0.5804025393354768
356313655.6917588 0.5798758170964214
356988385.6675046 0.5793496047559016
357674361.14284617 0.5788151441187311
358349091.11859196 0.5782899576936825
359023821.09433776 0.577765278814324
359698551.07008356 0.5772411067080098
360373281.04582936 0.5767174406056791
361048011.02157515 0.576194279741828
361722740.99732095 0.575671623354479
362397470.97306675 0.5751494706851515
363072200.94881254 0.5746278209788344
363758176.4241541 0.5740979919429555
364432906.3998999 0.5735773542627571
365107636.3756457 0.5730572172886762
365737384.35300845 0.5725722072069913
366378377.82996696 0.5720789828711234
367053107.80571276 0.5715602854608397
367727837.78145856 0.5710420858962367
368413813.2568001 0.5705157592821438
369088543.2325459 0.5699985614934041
369763273.2082917 0.5694818593621888
370438003.1840375 0.5689656521695428
371112733.1597833 0.5684499391996551
371753726.6367418 0.5679604690029266
372113582.62380624 0.5676858736998865
372507175.10965794 0.5673856954743214
373181905.08540374 0.5668714936901094
373856635.06114954 0.5663577832495448
374531365.03689533 0.5658445634523542
375206095.01264113 0.5653318336012554
375880824.9883869 0.5648195930019327
376555554.9641327 0.5643078409630138
377140320.9431124 0.5638647171881592
377725086.9220921 0.5634219594129043
378399816.8978379 0.5629115392683013
379074546.8735837 0.5624016051285784
379749276.8493295 0.5618921563159723
380424006.82507527 0.5613831921555281
381098736.80082107 0.5608747119750773
381773466.77656686 0.5603667151052149
382448196.75231266 0.5598592008792773
383122926.72805846 0.5593521686333206
383808902.2034 0.5588371792647289
384483632.1791458 0.5583311170031076
385158362.1548916 0.5578255347348237
385833092.1306374 0.5573204318066372
386507822.1063832 0.55681580756792
387182552.082129 0.5563116613706355
387857282.0578748 0.5558079925693158
388532012.0336206 0.5553048005210436
389217987.50896215 0.5547937100165995
389892717.48470795 0.5542914774749559
390567447.46045375 0.553789719762133
391242177.4361995 0.5532884362452509
391916907.4119453 0.5527876262938796
392591637.3876911 0.552287289280018
393266367.3634369 0.551787424578077
393941097.3391827 0.5512880315648582
394615827.3149285 0.5507891096195365
395290557.29067427 0.5502906581236408
395976532.7660158 0.5497843807436912
396651262.7417616 0.5492868761156943
397325992.7175074 0.548789840085476
398000722.6932532 0.5482932720438356
398675452.668999 0.5477971713838343
399350182.6447448 0.5473015375007784
400024912.6204906 0.5468063697922011
400699642.5962364 0.5463116676578459
401374372.5719822 0.5458174304996488
402060348.04732376 0.5453154321063707
402735078.02306956 0.5448221308397396
403409807.99881536 0.5443292927582177
404084537.97456115 0.5438369172723766
407469433.3528859 0.5413737943316967
408144163.3286317 0.5408841898057152
408818893.3043775 0.540395043797978
409493623.2801233 0.5399063557355069
410168353.2558691 0.5394181250473048
410843083.2316149 0.5389303511643407
411517813.2073607 0.5384430335195347
412192543.1831065 0.5379561715477429
412867273.1588523 0.5374697646857425
413553248.63419384 0.5369757170148394
414227978.60993963 0.5364902262521214
414902708.58568543 0.5360051889116321
415577438.5614312 0.5355206044377192
416252168.537177 0.5350364722765799
416679497.521816 0.5347300889367369
417106826.506455 0.5344238866632939
417792801.98179656 0.53393272970618
418467531.95754236 0.5334500787670378
419142261.93328816 0.5329678777891381
419816991.90903395 0.5324861262282167
420491721.88477975 0.5320048235417729
421166451.86052555 0.5315239691890553
421841181.83627135 0.5310435626310493
422515911.81201714 0.5305636033304638
423190641.78776294 0.5300840907517185
423876617.2631045 0.5295970436982546
424551347.2388503 0.5291184303863239
425226077.2145961 0.5286402621908013
425900807.1903419 0.5281625385828497
426575537.1660877 0.5276852590352803
427250267.1418335 0.5272084230225393
427924997.1175793 0.526732030020697
428599727.0933251 0.5262560795074342
429274457.0690709 0.525780570962032
429960432.54441243 0.5252975898175163
430635162.52015823 0.5248229709964937
431309892.495904 0.5243487925820669
431984622.4716498 0.5238750540598238
432659352.4473956 0.5234017549168939
433334082.4231414 0.5229288946419361
434008812.39888716 0.5224564727251295
434683542.37463295 0.5219844886581598
435358272.35037875 0.5215129419342109
436044247.8257203 0.5210339839146287
436718977.8014661 0.5205633176301748
437393707.7772119 0.5200930871688046
438068437.7529577 0.5196232920296057
438743167.7287035 0.5191539317131092
439417897.7044493 0.5186850057212796
440092627.6801951 0.5182165135575034
440767357.6559409 0.5177484547265805
441442087.6316867 0.5172808287347127
442128063.10702825 0.5168058521888789
442802793.08277404 0.516339097592728
443477523.05851984 0.5158727743544034
444152253.03426564 0.5154068819856399
444826983.01001143 0.5149414199995253
445501712.98575723 0.5144763879104911
446176442.961503 0.5140117852343025
446851172.9372488 0.5135476114880493
447525902.9129946 0.5130838661901365
448211878.3883362 0.5126128305278878
448886608.364082 0.5121499478078522
449561338.3398278 0.5116874920912202
450236068.3155736 0.5112254629015869
450910798.2913194 0.5107638597638174
451585528.26706517 0.5103026822040376
452260258.24281096 0.5098419297496248
452934988.21855676 0.5093816019292005
453553490.69632375 0.5089600073880834
454160747.6744949 0.5085464246068814
454846723.1498365 0.5080796416613078
455521453.1255823 0.5076209372598354
456196183.1013281 0.507162655231273
456870913.0770739 0.506704795111325
457545643.05281967 0.5062473564368821
458220373.02856547 0.5057903387460129
458895103.00431126 0.5053337415779553
459569832.98005706 0.5048775644731098
460255808.4553986 0.5044142145670747
460930538.4311444 0.503958883196385
461605268.4068902 0.503503970509408
462279998.382636 0.5030494760511316
462954728.3583818 0.5025953993676672
463629458.3341276 0.5021417400062419
464304188.3098734 0.5016884975151902
464978918.2856192 0.5012356714439478
465653648.261365 0.5007832613430432
466339623.73670655 0.5003237370389538
467014353.71245235 0.49987216444877475
467689083.68819815 0.4994210064795782
468363813.66394395 0.4989702626862112
469038543.63968974 0.4985199326245783
469713273.61543554 0.49807001585163424
470388003.59118134 0.4976205119253775
471062733.56692713 0.4971714204048427
471737463.54267293 0.4967227408500949
472423439.0180145 0.49626700517247574
473098168.9937603 0.4958191550813606
473772898.9695061 0.49537171563506593
474447628.9452519 0.4949246863977259
475122358.9209977 0.49447806693447155
475797088.8967435 0.49403185681142375
476471818.8724893 0.4935860555956879
477146548.8482351 0.49314066285534647
477821278.82398087 0.49269567815945353
478507254.2993224 0.49224369491096026
479181984.2750682 0.4917995317977752
479856714.25081396 0.4913557754348404
480531444.22655976 0.49091242539504903
481206174.20230556 0.49046948125223555
481880904.17805135 0.4900269425811685
482555634.15379715 0.4895848089575461
483230364.12954295 0.4891430799579889
483916339.6048845 0.4886944031688197
484591069.5806303 0.4882534888770204
485265799.5563761 0.4878129779376266
485940529.5321219 0.4873728699309089
486615259.5078677 0.48693316443803253
487289989.4836135 0.4864938610410518
487964719.4593593 0.48605495932290416
488639449.4351051 0.48561645886740545
489314179.4108509 0.485178359259244
490000154.88619244 0.48473336848792103
490674884.86193824 0.48429607599545277
491349614.83768404 0.4838591831026983
492024344.81342983 0.4834226893977978
492699074.7891756 0.48298659446973763
493373804.7649214 0.48255089790834566
494048534.7406672 0.48211559930428566
494723264.716413 0.48168069824905263
495397994.6921588 0.48124619433496757
496083970.1675004 0.4808048553944167
496758700.1432462 0.48037115114490575
497433430.118992 0.47993784281166635
498108160.09473777 0.4795049299902883
498782890.07048357 0.4790724122771634
499457620.04622936 0.47864028926948016
500132350.02197516 0.4782085605652196
500807079.99772096 0.4777772257631504
501481809.97346675 0.4773462844628244
502167785.4488083 0.4769085637894428
502842515.4245541 0.4764784148360456
503517245.4002999 0.47604865818107084
504191975.3760457 0.47561929342716985
504866705.3517915 0.47519032017775475
505541435.3275373 0.47476173803699373
506216165.3032831 0.4743335466098069
506890895.27902883 0.4739057455018618
507565625.25477463 0.4734783343195693
508251600.7301162 0.473044198940562
508926330.705862 0.47261757291411954
509601060.6816078 0.4721913356304629
510275790.6573536 0.47176548669894647
510950520.6330994 0.4713400257296468
511625250.6088452 0.4709149523333589
512299980.584591 0.4704902661215922
512974710.56033677 0.4700659667065667
513649440.53608257 0.46964205370120865
514335416.0114241 0.46921147120439044
515010145.9871699 0.4687883362839829
515684875.9629157 0.4683655866098115
516359605.9386615 0.46794322179760117
517034335.9144073 0.46752124146376395
517709065.8901531 0.4670996452253957
518383795.8658989 0.46667843270027154
519058525.8416447 0.46625760350684325
519744501.31698626 0.4658301530691359
520419231.29273206 0.465410095770099
521093961.26847786 0.4649904206558123
521768691.24422365 0.46457112734740635
522443421.21996945 0.4641522154666698
523118151.19571525 0.46373368463604586
523792881.17146105 0.46331553447862894
524467611.14720684 0.4628977646181611
525142341.12295264 0.46248037467902864
525828316.5982942 0.46205641732651426
526503046.57404 0.46163979242213765
527177776.5497858 0.4612235463098644
527852506.5255316 0.46080767861663496
529201966.4770232 0.4599770769982039
530551426.4285148 0.45914798459486217
531237401.90385634 0.4587271069248329
531912131.87960213 0.45831350821330674
532586861.85534793 0.4579002853206609
533261591.8310937 0.45748743787877755
533936321.8068395 0.45707496552014165
534611051.7825853 0.4566628678778372
535285781.75833106 0.45625114458554494
535960511.73407686 0.4558397952775388
536635241.70982265 0.45542881958868314
537321217.1851642 0.4550113769407482
537995947.16091 0.45460115360889836
538670677.1366558 0.45419130279825487
539345407.1124016 0.45378182414602486
540020137.0881474 0.45337271728999157
540694867.0638932 0.4529639818685113
541369597.039639 0.4525556175205109
542044327.0153848 0.45214762388548513
542719056.9911306 0.45174000060349345
543123894.9765781 0.4514956042542302
543528732.9620255 0.4512513410251436
544203462.9377713 0.4508445312556039
544878192.9135171 0.45043809069105445
545552922.8892629 0.4500320189738986
546238898.3646045 0.44961955714654495
546913628.3403503 0.44921422818613493
547588358.3160961 0.4488092669976969
548263088.2918419 0.4484046732258323
548937818.2675877 0.4480004465156833
