1.0 0.9842231957402912
1551879.9442153296 0.9814643140919523
16485903.407388937 0.9560691238131809
23795478.144635055 0.9443354040777778
28990898.95787768 0.9362459641728198
34220056.269907594 0.9283007452903131
38954411.59972393 0.9212683418775125
43688766.92954026 0.9143809709202104
45038226.88103185 0.9124433653703112
47737146.78401503 0.9086010902535323
49772582.21084818 0.9057318002788667
53146232.08957716 0.9010283775450452
53820962.06532295 0.9000953564495978
55631487.50024084 0.8976041166234028
61715302.78154876 0.8893610720786322
63076008.23263612 0.8875436090976828
66449658.111365095 0.8830772683511606
67799118.06285669 0.8813062757445734
69159823.51394404 0.8795293348351194
69834553.48968983 0.8786514508860426
70509283.46543562 0.8777756980212268
72533473.39267302 0.8751610826147183
75918368.77099776 0.8708303896528732
79966748.62547253 0.8657169773392674
84026373.97954306 0.8606590531854318
84701103.95528886 0.8598249743268317
85375833.93103465 0.8589927367272177
86174264.40233384 0.858010284501859
87523724.35382544 0.8563555709529667
92258079.68364178 0.8506063798795581
94282269.61087915 0.848174266705083
94956999.58662495 0.8473669400989745
95429310.56964701 0.8468028065222992
95631729.56237075 0.8465612847971535
95856639.55428602 0.846293102627779
96340196.03690383 0.8457171340745796
99713845.91563281 0.8417221231830474
101063305.86712441 0.8401353868618529
101749281.34246597 0.8393312240164025
103773471.26970334 0.8369677083612448
104448201.24544914 0.8361829664009195
105797661.19694073 0.8346180714007215
107833096.62377389 0.8322691237593036
108507826.59951968 0.8314934659613206
109182556.57526547 0.8307192865363607
109857286.55101126 0.8299465767212266
112556206.45399445 0.8268702608998838
113242181.92933601 0.8260920241460997
115266371.8565734 0.8238041011301336
115941101.83231919 0.8230442587535832
120675457.16213553 0.8177512302808182
121350187.13788132 0.8170022773056103
122699647.0893729 0.8155083352889049
124723837.0166103 0.8132772213223197
125398566.99235609 0.812536100645053
126084542.46769765 0.8117839401365674
126759272.44344345 0.8110453936213574
128108732.39493504 0.8095720911222898
128783462.37068084 0.8088373212819469
129458192.34642662 0.8081037965741044
130132922.32217242 0.8073715102157846
131482382.27366401 0.8059106257011772
133517817.70049717 0.8037163271718786
134192547.67624296 0.8029913515609302
134867277.65198874 0.8022675682853099
136891467.57922614 0.800103309349258
138252173.0303135 0.7986543614788061
138926903.0060593 0.7979376201494599
139601632.9818051 0.797222027785874
140276362.95755088 0.7965075784129472
140951092.93329668 0.7957942661055627
141625822.90904248 0.7950820849881433
142547953.87589505 0.7941105896136155
143222683.85164085 0.7934010625219802
145258119.278474 0.7912673683863818
145932849.2542198 0.7905622727675802
146607579.2299656 0.7898582664485008
147282309.2057114 0.7891553439519099
148631769.157203 0.7877527287446302
149992474.60829034 0.7863427491844167
150386067.09414205 0.7859357073353178
150779659.57999375 0.7855290241315325
152129119.53148535 0.7841373903764653
152803849.50723115 0.7834431370713569
153478579.48297694 0.7827499193686972
154839284.9340643 0.7813550599865356
155514014.9098101 0.7806649360351214
157515713.83785596 0.7786235255004634
158190443.81360176 0.777937401779183
159551149.26468912 0.776556745461089
160214633.74083915 0.7758849912396704
160878118.21698916 0.7752141870962401
161552848.19273496 0.7745329832540864
162227578.16848075 0.7738527528929195
166287203.5225513 0.7697803298805039
166961933.4982971 0.7691068050450462
167636663.4740429 0.7684342184769171
168311393.4497887 0.7677625659437892
168986123.4255345 0.7670918432478281
171021558.85236764 0.7650740878313607
171696288.82811344 0.7644070583737597
173720478.7553508 0.7624114097739338
175069938.7068424 0.7610854709547901
175744668.6825882 0.7604238379181237
176419398.658334 0.7597630906696232
177105374.13367555 0.7590922350991164
177780104.10942134 0.7584332626430441
178454834.08516714 0.7577751645852778
179804294.03665873 0.756461576835799
180479024.01240453 0.7558060798041415
181153753.98815033 0.7551514424903722
181828483.96389613 0.7544976612978224
182503213.93964192 0.753844732658678
183863919.39072928 0.7525305721534804
185213379.34222087 0.7512306544682282
185888109.31796667 0.7505819499611318
187237569.26945823 0.7492870326201447
187912299.24520403 0.7486408130682934
190622464.64778298 0.7460534094989609
191297194.62352878 0.7454112789574195
191971924.59927458 0.7447699538046277
192646654.57502037 0.7441294308769907
193321384.55076617 0.7434897070359333
193782450.03419247 0.7430530203941554
194232270.01802298 0.7426273418899345
194906999.99376878 0.7419894836892369
196942435.42060193 0.7400700444232077
197617165.39634773 0.7394353361014288
198966625.34783933 0.7381682466674606
199641355.32358512 0.7375358597028294
200316085.29933092 0.7369042407096382
201002060.77467248 0.7362628790529661
201676790.75041828 0.7356328000975093
203700980.67765567 0.7337471083466176
204375710.65340146 0.7331200501998624
205050440.62914726 0.7324937403580539
205725170.60489306 0.7318681761050888
206399900.58063883 0.7312433547459268
207085876.0559804 0.7306088785102446
207760606.03172618 0.7299855472073009
208435336.00747198 0.7293629507938605
209110065.98321778 0.7287410866576316
210459525.93470937 0.7274995448682007
211134255.91045517 0.7268798620904418
211808985.88620096 0.7262609013404299
212483715.86194676 0.7256426601048472
213169691.33728832 0.7250148498800307
213844421.31303412 0.7243980520985097
215193881.2645257 0.723166590244545
215868611.2402715 0.722551921316853
216543341.2160173 0.7219379571826919
217892801.1675089 0.7207121337866216
218567531.1432547 0.7201002698156637
219253506.61859626 0.7194789209547494
219928236.59434205 0.7188684569555214
220602966.57008785 0.718258683690601
221277696.54583362 0.7176495988849735
221952426.5215794 0.7170412002807982
222627156.4973252 0.7164334856372567
223020748.98317695 0.716079300400263
223223167.97590068 0.7158972381793762
224370208.93466854 0.7148667061548675
225056184.4100101 0.7142513419088042
225730914.38575587 0.7136467450967799
226405644.36150166 0.7130428200044434
227755104.31299326 0.7118369764660922
228429834.28873906 0.711235053803359
229104564.26448485 0.7106337944265977
229779294.24023065 0.7100331962664767
230454024.21597645 0.7094332572690282
231814729.6670638 0.7082253770481011
232489459.6428096 0.7076274142344203
233164189.6185554 0.7070301024853993
233838919.5943012 0.7064334398221358
234513649.570047 0.7058374242802974
235188379.5457928 0.705242053909994
235829373.0227513 0.7046770478852327
236470366.49970978 0.7041126207331727
237145096.47545558 0.7035191104653666
237819826.45120138 0.7029262379001524
239180531.90228873 0.7017325436814129
239855261.87803453 0.7011415835124731
240529991.85378033 0.7005512535736129
241204721.82952613 0.6999615520382433
241879451.80527192 0.6993724770930099
242554181.78101772 0.6987840269376754
243228911.75676352 0.6981961997850064
243903641.73250932 0.6976089938606578
244589617.20785087 0.6970126362003835
245264347.18359667 0.6964266777411869
246613807.13508826 0.6952566069570845
247288537.11083406 0.6946724911971098
247963267.08657983 0.6940889862555873
248637997.06232563 0.6935060904454922
249312727.03807142 0.692923802091811
249987457.01381722 0.6923421195314379
250673432.48915878 0.6917513615818343
251348162.46490458 0.6911708956937483
252022892.44065037 0.6905910306530211
252697622.41639617 0.6900117648433332
253372352.39214197 0.6894330966597584
257431977.7462125 0.6859639689580702
257825570.23206422 0.6856287616532571
258230408.21751168 0.6852841849494091
258905138.19325748 0.6847103581881224
259591113.66859904 0.6841275656827165
260040933.65242958 0.6837457332478232
260490753.63626012 0.6833641589766831
260996801.11806947 0.6829351959625983
261514094.09947458 0.6824970369281959
262188824.07522038 0.6819260353078749
262863554.05096617 0.6813556098902379
263538284.02671194 0.6807857592304709
264213014.00245774 0.6802164818936575
264898989.4777993 0.6796383028678821
265573719.4535451 0.679070177407495
266248449.4292909 0.6785026210004961
266923179.4050367 0.6779356322508662
267597909.38078249 0.6773692097720593
268272639.35652828 0.6768033521869208
268947369.3322741 0.6762380581276054
269622099.3080199 0.6756733262354963
270296829.2837657 0.6751091551611254
270982804.75910723 0.6745361547698968
271657534.734853 0.6739731106099968
272332264.7105988 0.6734106232515621
273006994.6863446 0.6728486913810771
273681724.6620904 0.6722873136937828
274356454.6378362 0.6717264888936008
275031184.613582 0.6711662156930583
275705914.5893278 0.6706064928132137
276380644.5650736 0.670047318983582
276830464.5489041 0.6696748408347877
277291530.0323304 0.6692933030101935
277966260.0080762 0.6687354144953266
278640989.983822 0.6681780708352205
279315719.9595678 0.6676212707953338
279990449.9353136 0.6670650131491974
280665179.9110594 0.6665092966783447
281339909.8868052 0.6659541201722422
282014639.862551 0.6653994824282216
282689369.8382968 0.6648453822514107
283364099.81404257 0.6642918184546669
284050075.2893841 0.6637295772428943
284724805.2651299 0.6631770915660331
285399535.2408757 0.6626251387341792
285973055.72025967 0.6621563969122523
286546576.19964355 0.6616880385287665
287221306.17538935 0.6611375186213112
287896036.15113515 0.6605875273156203
288570766.12688094 0.660038063481993
289245496.10262674 0.6594891259978953
289920226.07837254 0.6589407137478985
290594956.05411834 0.6583928256236169
291280931.5294599 0.6578363421969171
291955661.5052057 0.6572895077163787
292630391.4809515 0.6567431940599884
293305121.4566973 0.6561974001470471
293979851.4324431 0.6556521249036003
294654581.4081889 0.6551073672623803
295329311.3839347 0.6545631261627486
296004041.3596805 0.6540194005506389
296678771.3354263 0.6534761893785009
297364746.8107678 0.6529244509860838
298039476.7865136 0.6523822741076941
298714206.7622594 0.6518406085480764
299388936.7380052 0.6512994532852927
300063666.713751 0.6507588073036453
300738396.6894968 0.6502186695936231
301413126.6652426 0.6496790391518481
302087856.6409884 0.6491399149810232
302762586.6167342 0.6486012960898805
303448562.09207577 0.6480542171834245
304123292.06782156 0.647516614282019
304798022.04356736 0.6469795137059746
305472752.01931316 0.6464429144877236
306147481.99505895 0.6459068156654724
306822211.97080475 0.6453712162831524
307496941.94655055 0.6448361153903719
308171671.92229635 0.644301512042366
308857647.3976379 0.6437585077229374
309532377.3733837 0.6432249049057783
310207107.3491295 0.6426917968169648
310881837.3248753 0.6421591825338571
311556567.3006211 0.6416270611392065
312231297.2763669 0.6410954317211093
312906027.2521127 0.6405642933729612
313580757.2278585 0.6400336451934121
314255487.2036042 0.6395034862863219
314941462.6789458 0.6389649920512465
315616192.6546916 0.6384358171387217
316290922.6304374 0.6379071288264148
316965652.6061832 0.6373789262386687
317640382.58192897 0.636851208504817
318315112.55767477 0.6363239747591427
318989842.53342056 0.6357972241408354
319664572.50916636 0.6352709557939501
320339302.48491216 0.6347451688673661
321025277.9602537 0.6342111114755979
321700007.9359995 0.6336862928437814
322374737.9117453 0.6331619530935317
323049467.8874911 0.6326380913926964
323443060.3733428 0.6323327258371471
323836652.8591945 0.6320275225059747
324511382.8349403 0.6315046937460952
325197358.3102819 0.6309736385656368
325872088.28602767 0.630451767785419
326546818.26177347 0.6299303708145012
327221548.23751926 0.6294094468486956
327896278.21326506 0.6288889950882001
328571008.18901086 0.6283690147375622
333305363.5188272 0.6247336780744759
333980093.494573 0.6242174486232754
334654823.4703188 0.6237016836000465
335329553.4460646 0.6231863822509339
336004283.4218104 0.6226715438260466
336679013.3975562 0.6221571675794226
337364988.87289774 0.6216346914273375
338039718.84864354 0.6211212449869788
338714448.82438934 0.6206082584980437
339389178.80013514 0.6200957312300269
339850244.2835614 0.6197457680053501
340052663.2762852 0.6195921931825725
340468746.7613284 0.6192766409681747
341143476.7370742 0.6187653042827302
341829452.21241575 0.6182459134161707
342504182.18816155 0.6177354968538931
343178912.16390735 0.6172255354786499
343853642.13965315 0.6167160285842889
344528372.11539894 0.6162069754682229
345203102.09114474 0.6156983754313996
345877832.06689054 0.6151902277782721
346552562.04263633 0.61468253181677
347227292.01838213 0.6141752868582703
347913267.4937237 0.6136600494515285
348587997.4694695 0.6131537119349879
349262727.4452153 0.6126478233647017
349937457.4209611 0.6121423830656091
350612187.3967069 0.611637390365955
351286917.3724527 0.6111328445972639
351680509.8583044 0.610838732362725
352085347.84375185 0.6105363752072283
352760077.81949764 0.6100328029304803
353434807.79524344 0.6095296754782374
354109537.77098924 0.6090269921954502
354784267.74673504 0.60852475243021
355458997.72248083 0.6080229555337233
356133727.69822663 0.6075216008602867
356808457.6739724 0.6070206877672599
357483187.6497182 0.6065202156150422
357888025.6351657 0.6062201437103549
358292863.62061316 0.6059202301781449
358978839.0959547 0.6054124045074677
359653569.0717005 0.6049133464125827
360328299.0474463 0.6044147265943793
361003029.0231921 0.6039165444287088
361677758.9989379 0.6034187992943094
362352488.9746837 0.6029214905727829
363038464.45002526 0.6024163401218451
363713194.42577106 0.6019199096301063
364387924.40151685 0.6014239137028498
365062654.37726265 0.6009283517329441
365737384.35300845 0.6004332231160062
366412114.32875425 0.599938527250378
367086844.30450004 0.5994442635371048
367761574.28024584 0.5989504313799131
368436304.25599164 0.5984570301851891
369122279.7313332 0.5979558468244178
369797009.707079 0.5974633129423991
370471739.6828248 0.5969712082480061
371146469.6585706 0.5964795321580912
371821199.6343164 0.5959882840920592
372495929.6100622 0.595497463471847
373170659.585808 0.5950070697219033
373845389.5615538 0.5945171022691685
374520119.5372996 0.5940275605430536
375206095.01264113 0.5935302956314397
375880824.9883869 0.5930416107283515
376555554.9641327 0.5925533498453782
377230284.9398785 0.5920655124216578
377905014.9156243 0.5915780978987014
378579744.89137006 0.591091105720374
379254474.86711586 0.590604535332875
379929204.84286165 0.5901183861847206
380615180.3182032 0.5896245658134868
381289910.293949 0.5891392644965074
381964640.2696948 0.5886543827690739
382639370.2454406 0.5881699200888192
383314100.2211864 0.5876858759156017
383988830.1969322 0.5872022497114863
384663560.172678 0.586719040940727
385338290.1484238 0.5862362490697496
386013020.1241696 0.5857538735671344
386698995.59951115 0.5852638847626158
387115079.0845544 0.5849668876251501
387542408.0691934 0.5846620277994022
387936000.5550451 0.5843813829998564
388340838.5404926 0.5840928668678776
389015568.5162384 0.5836123378156873
389690298.4919842 0.5831322222727474
390365028.46773 0.5826525197211287
391039758.4434758 0.5821732296449326
391714488.4192216 0.5816943515302745
392400463.89456314 0.5812079139038377
393075193.87030894 0.5807298650232664
393749923.84605473 0.5802522265660575
394424653.82180053 0.5797749980262581
395099383.7975463 0.5792981788998509
395774113.7732921 0.5788217686847396
396448843.7490379 0.5783457668807331
397123573.7247837 0.5778701729895312
397798303.7005295 0.5773949865147096
398484279.1758711 0.5769122974138776
399159009.1516169 0.5764379310596265
399833739.12736267 0.5759639706354243
400508469.10310847 0.5754904156522342
401183199.07885426 0.5750172656228228
401857929.05460006 0.5745445200617465
402532659.0303458 0.5740721784853363
403207389.0060916 0.5736002404116854
403882118.9818374 0.5731287053606353
404568094.45717895 0.5726497240530397
405242824.43292475 0.5721790003107338
405917554.40867054 0.5717086781530026
406592284.38441634 0.571238757106573
407267014.36016214 0.5707692366998531
407941744.33590794 0.5703001164629191
408616474.31165373 0.5698313959275026
409291204.28739953 0.5693630746269782
409752269.77082586 0.5690432844478581
410202089.7546564 0.5687314733342156
410876819.7304022 0.5682640884082107
411551549.70614797 0.5677971011657075
412237525.1814895 0.5673227380095271
412912255.1572353 0.5668565513656179
413586985.1329811 0.566390761023455
414261715.1087269 0.5659253665281319
414936445.0844727 0.5654603674262823
415611175.0602185 0.5649957632660685
416285905.0359643 0.5645315535971699
416960635.0117101 0.5640677379707711
417635364.9874559 0.5636043159395515
418321340.46279746 0.5631335732379574
418996070.43854326 0.5626709436023793
419670800.41428906 0.5622087062215002
420345530.39003485 0.5617468606538872
421020260.36578065 0.561285406459546
421694990.3415264 0.5608243431999103
422088582.82737815 0.5605555699937099
422493420.8128256 0.5602792560884973
423168150.7885714 0.5598190448524047
423842880.7643172 0.5593592231642954
424517610.740063 0.5588997905914599
425192340.7158088 0.5584407467025603
425867070.6915546 0.5579820910676228
426541800.6673004 0.5575238232580249
427227776.14264196 0.5570583147859899
427902506.11838776 0.5566008277924999
428577236.09413356 0.556143727339433
429251966.06987935 0.555687013003499
429926696.04562515 0.5552306843627115
430601426.02137095 0.5547747409963765
431276155.9971167 0.5543191824850843
431950885.9728625 0.5538640084106989
432625615.9486083 0.5534092183563499
433311591.42394984 0.5529472417132101
433986321.39969563 0.5524932248363316
434661051.37544143 0.5520395907294984
435335781.3511872 0.5515863389808279
436010511.326933 0.5511334691796558
436685241.3026788 0.5506809809165283
437359971.2784246 0.5502288737831927
438034701.2541704 0.5497771473725894
438709431.2299162 0.5493258012788423
439395406.7052578 0.5488673222106247
440070136.6810036 0.5484167418593863
440744866.65674937 0.5479665406076978
441419596.63249516 0.5475167180543526
442094326.60824096 0.5470672737992865
442769056.58398676 0.5466182074435677
443443786.55973256 0.5461695185893903
444118516.53547835 0.5457212068400651
444793246.51122415 0.5452732718000127
445479221.9865657 0.5448182569486475
446153951.9623115 0.544371080406828
446828681.9380573 0.5439242793875888
447503411.9138031 0.5434778534997254
448178141.8895489 0.5430318023531046
448852871.8652947 0.5425861255586546
449527601.8410405 0.5421408227283591
450202331.8167863 0.5416958934752488
450877061.7925321 0.5412513374133952
451563037.26787364 0.5407997542599542
452237767.24361944 0.5403559496307456
452912497.21936524 0.5399125170348021
453587227.19511104 0.5394694560902992
454261957.17085683 0.5390267664164162
454936687.14660263 0.5385844476333297
455611417.1223484 0.5381424993622063
456286147.0980942 0.537700921225195
456960877.07384 0.5372597128454222
457646852.5491816 0.536811529657686
458321582.5249274 0.5363710658125734
458996312.5006732 0.5359309705936415
459671042.4764189 0.5354912436278696
460345772.4521647 0.53505188454318
461020502.4279105 0.5346128929684314
461695232.4036563 0.5341742685334128
462369962.3794021 0.533736010868836
463730667.83048946 0.5328533053903443
465080127.78198105 0.5319793637497234
465754857.75772685 0.531542940509137
466429587.73347265 0.531106881836255
467779047.68496424 0.5302358567425522
468453777.66071004 0.529800889598386
469128507.63645583 0.529366285575221
