1.0 0.9743745036784267
1326969.9523000645 0.972270999253659
2653938.904600129 0.9701720359276664
3328668.8803459243 0.9691065048543127
4003398.85609172 0.968042144043991
5948870.286158764 0.9649797770191009
6556127.264329979 0.9640258790014022
6915983.251394404 0.9634610511172939
7343312.236033408 0.9627907478177138
7815623.2190554645 0.9620504288264088
8119251.708141073 0.9615748101031927
8625299.18995042 0.9607826346993116
9986004.641037773 0.9586557982241923
10660734.616783569 0.9576029153293748
11335464.592529364 0.9565511888062104
11729057.078381078 0.9559382151814453
12122649.564232793 0.9553256343601902
12808625.039574351 0.9542589316303015
13483355.015320146 0.9532108777738479
14551677.476917656 0.9515538127588649
14945269.96276937 0.950944041534291
15619999.938515166 0.9498996283913104
16980705.38960252 0.9477968830830574
19004895.316839907 0.9446774417039879
19679625.2925857 0.9436399111102833
20354355.268331498 0.9426035200269398
21703815.21982309 0.9405341513866561
25763440.573893625 0.934336151403435
26438170.54963942 0.9333099785542806
27112900.525385216 0.9322849327413805
27787630.50113101 0.931261012726921
28338659.98132341 0.9304256456441165
28889689.46151581 0.9295910279088672
29283281.947367523 0.928995330795535
29688119.932815 0.9283830120104583
30081712.418666717 0.9277880890134438
30475304.90451843 0.9271935472528023
31150034.880264226 0.9261752190604566
31824764.85601002 0.9251580092886502
32510740.33135158 0.9241249912908158
33095506.31033127 0.9232452965694047
33680272.28931096 0.9223664392485725
34355002.26505675 0.9213534126247965
34939768.24403644 0.9204763562295267
35524534.223016135 0.919600134723356
36199264.198761925 0.9185901463065379
36885239.67410348 0.9175644618891297
37559969.64984928 0.916556709233166
38234699.62559508 0.915550063382727
38909429.601340875 0.9145445231222182
39584159.57708667 0.9135400872373806
40258889.55283246 0.9125367545152879
40933619.52857826 0.9115345237443471
41608349.504324056 0.9105333937142948
42283079.48006985 0.9095333632161978
42969054.95541141 0.9085177914712638
43362647.441263124 0.9079355984320218
43610048.43236992 0.9075698394922336
44116095.914179265 0.9068221550722633
44802071.389520824 0.90580961062297
45476801.36526661 0.9048147682126361
46151531.34101241 0.903821018428622
46826261.31675821 0.9028283600709064
47500991.292504005 0.9018367919407857
48175721.268249795 0.9008463128408728
48850451.24399559 0.899856921575096
49525181.21974139 0.8988686169486969
50199911.19548719 0.8978813977682294
50885886.670828745 0.8968788364387024
51279479.15668046 0.8963041018319398
51673071.64253217 0.8957297355245
52347801.61827797 0.8947459637487909
53022531.594023764 0.8937632724406248
53708507.06936532 0.8927653093500343
54383237.04511112 0.8917847933764784
55057967.02085691 0.8908053542946479
55732696.99660271 0.8898269909218026
58431616.89958589 0.8859242709109003
59106346.875331685 0.8849512683872904
59792322.35067324 0.8839631446524561
60467052.32641904 0.8829922960158783
61141782.30216484 0.8820225136534781
61816512.27791063 0.8810537963941765
62491242.253656425 0.8800861430681803
63165972.22940222 0.8791195525069816
63840702.20514802 0.8781540235433551
64515432.18089381 0.8771895550113582
65190162.156639606 0.8762261457463284
65876137.631981164 0.8752477643567269
66550867.60772696 0.8742864877426125
67225597.58347276 0.8733262668898111
67900327.55921856 0.8723671006387896
68575057.53496435 0.8714089878312885
69249787.51071015 0.8704519273103206
69924517.48645593 0.8694959179201689
70599247.46220173 0.8685409585063864
71060312.94562803 0.8678890061959291
71521378.42905432 0.8672375432599924
72196108.40480012 0.8662850641984428
73556813.85588747 0.8643674122698523
74231543.83163327 0.8634180854469174
74906273.80737907 0.8624698012609493
75581003.78312486 0.8615225585668289
76255733.75887065 0.8605763562206956
76930463.73461644 0.8596311930799447
77605193.71036224 0.8586870680032263
78178714.18974617 0.8578853770142454
78752234.6691301 0.8570844345033375
79438210.14447166 0.8561274264705301
80112940.12021746 0.8551871495486314
80787670.09596324 0.854247905324276
81462400.07170904 0.8533096926632611
82137130.04745483 0.8523725104326305
82811860.02320063 0.8514363575006718
83486589.99894643 0.8505012327369158
84161319.97469223 0.8495671350121348
84836049.95043802 0.848634063198341
88220945.32876275 0.8439685960534113
88738238.31016786 0.8432578639963098
89266776.79116875 0.8425322994266824
89941506.76691453 0.8416069539084678
90616236.74266033 0.8406826246887724
91290966.71840613 0.8397593106514043
91965696.69415192 0.8388370106813985
92640426.66989772 0.8379157236650139
93326402.14523928 0.8369801191363566
94001132.12098508 0.8360608715269718
94675862.09673087 0.8351426335188286
95350592.07247667 0.8342254040030908
96025322.04822247 0.8333091818721408
96700052.02396826 0.8323939660195769
97374781.99971405 0.8314797553402129
98049511.97545984 0.8305665487300762
98735487.4508014 0.8296391501834252
99410217.4265472 0.828727965093097
100084947.402293 0.8278177807490193
100759677.3780388 0.8269085960520818
101434407.35378459 0.826000409904381
102109137.32953039 0.8250932212092196
102783867.30527619 0.8241870288711043
103458597.28102198 0.8232818317957455
104043363.26000166 0.8224981318758325
104616883.73938559 0.8217302277517939
108676509.09345613 0.8163151304580849
109092592.57849936 0.8157621406272587
109508676.0635426 0.8152095254039115
110183406.0392884 0.8143141882384977
110858136.0150342 0.8134198344137035
111397919.99563083 0.8127050586333184
111926458.47663172 0.8120057826214628
112612433.95197327 0.8110991087567054
113287163.92771906 0.8102082860242993
113961893.90346485 0.8093184416743522
114636623.87921065 0.8084295746323158
115311353.85495645 0.8075416838248215
115986083.83070225 0.80665476817968
116660813.80644804 0.8057688266258793
117346789.2817896 0.8048691168556122
118021519.2575354 0.8039851364663283
118696249.2332812 0.8031021269446206
119370979.20902699 0.802220087224194
120045709.18477277 0.8013390162399249
120720439.16051857 0.800458912927859
121395169.13626437 0.7995797762252109
122069899.11201017 0.7987016050703623
122744629.08775596 0.7978243984028608
123430604.56309752 0.7969335592657768
124105334.53884332 0.7960582944268111
124498927.02469504 0.7955481672700326
124892519.51054674 0.7950383670110679
125567249.48629254 0.794165183644421
126241979.46203834 0.7932929592870791
126916709.43778414 0.7924216928857711
127602684.9131257 0.7915368863312083
128277414.88887149 0.7906675486087659
128952144.86461729 0.7897991656719925
129626874.84036307 0.7889317364722558
130301604.81610887 0.7880652599620752
130976334.79185466 0.7871997350951206
131651064.76760046 0.7863351608262108
132325794.74334626 0.7854715361113127
133000524.71909206 0.7846088599075398
133529063.20009293 0.7839337587148079
134057601.6810938 0.78325923839956
134732331.6568396 0.782398991942129
135418307.13218117 0.7815253765898882
135879372.61560744 0.780938740726653
136138019.10631 0.7806098451355138
136599084.58973628 0.7800238964970332
137273814.56548208 0.7791672033860215
137948544.54122788 0.7783114511732182
138634520.01656944 0.7774423999096398
139309249.99231523 0.7765885420327185
139815297.47412458 0.7759487641023173
140321344.95593393 0.7753095132409857
140996074.93167973 0.7744579978939841
141670804.90742552 0.7736074177584996
142345534.88317132 0.7727577718073981
142761618.36821458 0.7722342886897184
143166456.35366204 0.7717252941385406
143841186.32940784 0.770877715306596
144515916.30515364 0.7700310673627303
145190646.28089944 0.7691853492845573
145865376.25664523 0.7683405600508142
146540106.23239103 0.7674966986413596
147214836.20813683 0.7666537640371727
147900811.6834784 0.7657977295777552
148575541.65922415 0.7649566609357512
149250271.63496995 0.7641165160317438
149925001.61071575 0.7632772938512
150599731.58646154 0.7624389933807012
151274461.56220734 0.7616016136079417
151949191.53795314 0.7607651535217274
152623921.51369894 0.7599296121119751
153298651.48944473 0.7590949883697108
153984626.9647863 0.7582473939294334
154501919.9461914 0.7576088503478366
155030458.42719227 0.756956980779917
155705188.40293807 0.7561256218514554
156289954.38191777 0.7554058493915234
156874720.36089745 0.7546867620986843
157549450.33664325 0.7538578965306358
158224180.31238905 0.7530299412980594
158910155.7877306 0.7521891190012646
159584885.7634764 0.7513629965717852
160259615.7392222 0.7505377814650138
160934345.714968 0.7497134726844465
161609075.6907138 0.7488900692346734
162283805.6664596 0.7480675701213778
162958535.6422054 0.7472459743513353
163633265.61795118 0.7464252809324123
168232674.95261833 0.7408548502508793
168772458.933215 0.7402038394427624
169447188.90896076 0.7393908803361985
170133164.38430235 0.7385652872168043
170807894.36004812 0.7377541277171631
171482624.3357939 0.736943859106581
172157354.3115397 0.7361344804066028
172832084.2872855 0.7353259906398477
173506814.2630313 0.7345183888300088
174181544.2387771 0.7337116740018507
174856274.2145229 0.7329058451812097
175396058.19511953 0.7322618193961543
175947087.67531192 0.7316049601359065
176621817.65105772 0.7308014450998355
177296547.62680352 0.7299988125569792
177971277.6025493 0.7291970615381033
178646007.5782951 0.7283961910750383
179320737.5540409 0.7275962002006777
180006713.02938247 0.7267837768498381
180681443.00512826 0.7259855568752729
181356172.98087406 0.7251882135784051
182030902.95661986 0.7243917459963871
182705632.93236566 0.7235961531674296
183380362.90811145 0.7228014341307993
184055092.88385725 0.722007587926818
184729822.85960305 0.7212146135968616
185404552.83534884 0.7204225101833588
186090528.3106904 0.7196180968706147
186765258.2864362 0.7188277468968298
187439988.262182 0.7180382649571921
188114718.2379278 0.7172496500983476
188789448.2136736 0.7164619013679896
189464178.1894194 0.715675017814857
190138908.16516516 0.7148889984887336
190813638.14091095 0.7141038424404466
191488368.11665675 0.713319548721866
192174343.5919983 0.7125230664727392
192849073.5677441 0.7117405089059454
193523803.5434899 0.7109588108149695
194198533.5192357 0.7101779712558571
194873263.4949815 0.7093979892856904
195547993.4707273 0.7086188639625876
196222723.4464731 0.7078405943457007
196897453.4222189 0.7070631794952156
197572183.3979647 0.7062866184723502
198258158.87330624 0.7054979890910065
198932888.84905204 0.7047231471024459
199607618.82479784 0.7039491561157543
200282348.80054364 0.703176015196284
200743414.2839699 0.7026481906610389
201215725.26699197 0.7021079031676964
201890455.24273777 0.701336784479498
202565185.21848357 0.7005665127039017
203116214.69867596 0.6999380850171102
203655998.6792726 0.6993230289663812
204341974.15461415 0.698542175027953
205016704.13035995 0.6977749725463565
205691434.10610574 0.6970086126762282
206366164.08185154 0.6962430944921357
207040894.05759734 0.6954784170696631
207715624.03334314 0.6947145794854093
208367863.0098974 0.693977000599803
208783946.49494064 0.69350688530996
209211275.47957966 0.6930243956930054
209886005.45532545 0.6922632533379839
210560735.43107125 0.6915029469386491
211235465.40681705 0.6907434755768785
211910195.38256285 0.689984838335558
212584925.35830864 0.6892270342985808
213259655.33405444 0.6884700625508462
213934385.30980024 0.6877139221782582
214620360.7851418 0.6869460307998798
215047689.76978078 0.6864681057290699
215475018.7544198 0.6859905131623621
216149748.73016557 0.6852370960561885
216824478.70591137 0.6844845064211313
217499208.68165717 0.6837327433483869
218173938.65740296 0.682981805930149
218848668.63314876 0.6822316932596093
219523398.60889456 0.6814824044309546
220198128.58464035 0.6807339385393671
221558834.0357277 0.6792270318592852
222233564.0114735 0.6784810430227644
222908293.9872193 0.6777358734989594
223583023.9629651 0.6769915223880267
224257753.9387109 0.676247988791111
224932483.9144567 0.675505271810344
225607213.8902025 0.6747633705488437
226281943.8659483 0.6740222841107131
226967919.34128985 0.6732696806165681
227642649.31703565 0.6725302346844281
228317379.29278144 0.6717916008789919
228992109.26852724 0.6710537783083084
229543138.74871963 0.6704518243667941
230082922.72931626 0.6698626787550235
230768898.20465782 0.669114719815812
231443628.18040362 0.6683798372391161
232118358.15614942 0.6676457617772323
232793088.1318952 0.6669124925437142
233467818.107641 0.6661800286530883
234142548.0833868 0.665448369220854
234817278.0591326 0.6647175133634821
235492008.0348784 0.6639874601984135
236177983.51021996 0.6632460614429212
236852713.48596576 0.6625176243600384
237527443.46171153 0.6617899873129409
238202173.43745732 0.6610631494229569
238876903.41320312 0.6603371098123794
239517896.89016163 0.6596481107900716
240001453.37277946 0.6591288153681456
240518746.35418457 0.6585737426071073
241193476.32993037 0.6578504370892664
241868206.30567616 0.6571279259712598
242542936.28142196 0.6564062083806057
243217666.25716776 0.6556852834457803
243903641.73250932 0.6549531547802839
244578371.7082551 0.6542338257209375
245253101.6840009 0.6535152866941172
245927831.6597467 0.6527975368321381
246602561.63549247 0.6520805752682677
247277291.61123827 0.6513644011367248
247952021.58698407 0.6506490135726803
248626751.56272987 0.6499344117122541
249301481.53847566 0.6492205946925149
249987457.01381722 0.6484956844045991
250662186.98956302 0.6477834475259027
251336916.96530882 0.6470719928904556
252011646.9410546 0.6463613196391274
252686376.9168004 0.6456514269137308
253361106.8925462 0.6449423138570214
254035836.868292 0.6442339796126965
254710566.8440378 0.6435264233253932
255385296.8197836 0.6428196441406886
256071272.29512516 0.6421018810612029
257162085.75591418 0.6409621702236853
257589414.7405532 0.640516237243719
258264144.716299 0.6398127641188551
258938874.6920448 0.6391100636120899
259613604.6677906 0.638408134874864
260288334.64353636 0.63770697705955
260963064.61928216 0.6370065893194516
261649040.0946237 0.636295317012561
262323770.0703695 0.6355964796857803
262739853.55541277 0.635165912645356
263155937.040456 0.6347356372805191
266540832.41878074 0.6312461022855602
267215562.39452654 0.6305528104651315
267890292.37027234 0.6298602800807678
268565022.34601814 0.6291685102961909
269239752.32176393 0.6284775002760413
269914482.29750973 0.6277872491858765
270600457.7728513 0.6270862710602938
271275187.7485971 0.6263975479444517
271949917.7243429 0.6257095812469082
272624647.7000887 0.6250223701368962
273299377.6758345 0.6243359137845608
273974107.6515803 0.6236502113609583
274648837.6273261 0.6229652620380561
275323567.60307187 0.62228106498873
276009543.0784134 0.6215862349884602
276684273.0541592 0.6209035525119295
277359003.029905 0.6202216198193187
278033733.0056508 0.6195404360871468
278708462.9813966 0.6188600004928374
279383192.9571424 0.6181803122147178
280057922.9328882 0.6175013704320171
280732652.908634 0.6168231743248666
281407382.88437974 0.6161457230742973
282093358.3597213 0.6154577437077102
282768088.3354671 0.6147817920970988
283442818.3112129 0.6141065828779588
284117548.2869587 0.6134321152349282
284792278.2627045 0.612758388353541
285467008.2384503 0.6120854014202254
286141738.2141961 0.6114131536223031
286816468.1899419 0.6107416441479885
287502443.66528344 0.6100596988974516
288177173.64102924 0.6093896759100819
288851903.61677504 0.6087203888028309
289526633.59252083 0.6080518367674881
290201363.56826663 0.6073840189967308
290876093.5440124 0.6067169346841229
291550823.5197582 0.6060505830241141
292225553.495504 0.6053849632120386
292900283.4712498 0.6047200744441147
293586258.9465914 0.6040448527908624
294260988.9223372 0.6033814358539569
294935718.898083 0.6027187475418048
295610448.87382877 0.6020567870541649
296228951.35159576 0.6014506286313837
296858699.3289585 0.6008340761756369
297533429.3047043 0.6001741856053202
297960758.2893433 0.5997566298188495
298399332.77357805 0.5993283877919289
299074062.74932384 0.5986701509053922
299647583.2287078 0.5981112179911374
300209858.2084959 0.5975637511344285
300884588.1842417 0.5969074523321924
301570563.6595833 0.5962409541393339
302245293.63532907 0.5955861081529386
302920023.61107486 0.5949319813779006
303594753.58682066 0.5942785730243165
304269483.56256646 0.5936258823031508
304944213.53831226 0.5929739084262344
305618943.51405805 0.5923226506062637
306293673.48980385 0.5916721080567999
306968403.46554965 0.5910222799922679
307654378.9408912 0.5903623530973785
308329108.916637 0.5897139635247388
309003838.8923828 0.5890662860724363
309678568.8681286 0.5884193199583555
310353298.8438744 0.5877730644012403
311028028.8196202 0.5871275186206926
311702758.795366 0.5864826818371711
312377488.7711118 0.585838553271991
313052218.7468576 0.5851951321473224
313738194.22219914 0.5845417117610936
314412924.19794494 0.5838997149455949
315087654.17369074 0.5832584232293266
315762384.14943653 0.5826178358378847
316437114.12518233 0.5819779519977157
317111844.1009281 0.5813387709361155
317786574.0766739 0.5807002918812292
318461304.0524197 0.5800625140620489
319136034.0281655 0.579425436708414
319822009.5035071 0.5787784586803235
320496739.4792529 0.5781427915929696
321171469.4549987 0.5775078226529637
321846199.43074447 0.5768735510935368
322520929.40649027 0.5762399761487622
329279474.66354394 0.5699319342573661
329954204.63928974 0.569305983226871
330628934.61503553 0.5686807196726673
331303664.59078133 0.5680561428397064
331708502.5762288 0.5676817260523365
332102095.06208056 0.5673179463305583
332776825.03782636 0.5666948662190943
333170417.52367806 0.5663317188932153
333575255.50912553 0.5659584387070109
333968847.99497724 0.5655957632959094
334362440.48082894 0.5652333202931349
335037170.45657474 0.5646125297073807
335711900.43232054 0.5639924209302488
336386630.40806633 0.563372993212915
337061360.3838121 0.5627542458073775
337747335.8591537 0.5621258825889448
338422065.8348995 0.5615085048735988
339096795.8106453 0.5608918052185508
339771525.7863911 0.5602757828790933
340446255.7621369 0.5596604371113367
341120985.7378827 0.5590457671722086
341795715.7136285 0.5584317723194525
342470445.68937427 0.5578184518116274
343145175.66512007 0.5572058049081061
343831151.1404616 0.5565836369982059
344505881.1162074 0.5559723462805
345180611.0919532 0.5553617269377982
345855341.067699 0.5547517782327354
346530071.0434448 0.5541424994287565
347204801.0191906 0.5535338897901152
347879530.9949364 0.5529259485818734
348554260.9706822 0.5523186750699
349228990.946428 0.5517120685208703
349914966.42176956 0.5510960348372389
350589696.39751536 0.550490771102794
351264426.37326115 0.5498861721239724
351939156.34900695 0.5492822371706794
352613886.32475275 0.5486789655136216
353288616.30049855 0.548076356424307
353963346.27624434 0.5474744091750432
354638076.25199014 0.5468731230389379
355312806.2277359 0.546272497289896
355998781.70307744 0.5456625373525064
356673511.67882323 0.5450632411786512
357348241.65456903 0.5444646032063025
358022971.6303148 0.543866622712563
358697701.6060606 0.5432692989753307
359372431.5818064 0.5426726312732953
360024670.5583607 0.5420964754152744
360676909.534915 0.5415209312622733
361351639.51066077 0.5409261837765058
362026369.48640656 0.5403320894964618
362701099.46215236 0.5397386477047319
363387074.9374939 0.5391359833689033
364061804.9132397 0.5385438552495931
365411264.8647313 0.537361549283415
366085994.8404771 0.5367713700088309
366760724.8162229 0.536181838922746
367188053.8008619 0.5358088041691489
367615382.7855009 0.5354360289449078
368301358.26084244 0.5348381688507029
368976088.23658824 0.5342507609817679
369650818.21233404 0.5336639982575228
370325548.18807983 0.5330778799694107
371000278.16382563 0.5324924054096535
371675008.1395714 0.5319075738712502
372349738.1153172 0.5313233846479763
373024468.091063 0.5307398370343832
373710443.5664046 0.5301472206398665
374385173.5421504 0.5295649647964455
375059903.5178962 0.5289833484392918
375734633.493642 0.5284023708660635
376206944.47666407 0.5279960662655172
376690500.95928186 0.5275804114102673
377365230.93502766 0.5270009746699459
378039960.91077346 0.5264221743196965
378714690.88651925 0.5258440096605779
379389420.86226505 0.525266479994416
380064150.83801085 0.5246895846238042
380738880.81375664 0.5241133228521013
381413610.78950244 0.5235376939834315
382099586.264844 0.5229531193972545
382774316.2405898 0.5223787647694274
383449046.2163356 0.5218050409500345
384123776.1920814 0.521231947246265
384798506.1678272 0.5206594829660686
385473236.143573 0.520087647418155
386147966.1193188 0.5195164399119934
386822696.0950646 0.5189458597578112
387497426.0708104 0.5183759062665934
388172156.0465562 0.5178065787500821
388858131.52189773 0.5172284034439462
389532861.4976435 0.5166603362192894
390207591.47338927 0.5160928928976694
390882321.44913507 0.5155260727938595
391557051.42488086 0.5149598752233852
392231781.40062666 0.5143942995025237
392906511.37637246 0.5138293449483036
393581241.35211825 0.5132650108785028
394267216.8274598 0.5126919066210986
394941946.8032056 0.5121288217894091
395616676.7789514 0.5115663553886398
396291406.7546972 0.5110045067395741
396966136.730443 0.5104432751637404
397640866.7061888 0.5098826599834134
398315596.6819346 0.5093226605216111
398990326.6576804 0.5087632761020957
399665056.6334262 0.5082045060493718
400351032.10876775 0.5076370522781702
401025762.08451355 0.5070795191467712
401700492.06025934 0.5065225983489108
402375222.03600514 0.5059662892120689
403049952.01175094 0.5054105910644635
403724681.98749673 0.5048555032350512
404399411.96324253 0.5043010250535245
405074141.9389883 0.5037471558503133
405748871.9147341 0.5031938949565818
406434847.3900757 0.5026320359609613
407109577.3658215 0.502079999793205
407784307.3415673 0.5015285699217223
408459037.3173131 0.5009777456806239
409133767.2930589 0.5004275264047514
409808497.26880467 0.49987791142967697
410483227.24455047 0.4993289000917026
410899310.7295937 0.4989906437080034
411315394.2146369 0.49865261646662107
411990124.1903827 0.4981049508588974
412664854.1661285 0.4975578867473015
413339584.1418743 0.49701142347121563
414025559.6172159 0.4964564677334725
414700289.59296167 0.4959112141358154
415375019.56870747 0.49536655938519736
416049749.54445326 0.4948225028239102
416724479.52019906 0.4942790437949681
417399209.49594486 0.49373618164210675
418073939.47169065 0.49319391570978255
418748669.44743645 0.4926522453431721
419434644.922778 0.4921021570004218
420109374.8985238 0.491561685702416
420784104.8742696 0.49102180799909334
421458834.8500154 0.49048252323851416
422133564.8257612 0.4899438307694549
422808294.801507 0.4894057299414074
423483024.7772528 0.4888682201045774
424157754.7529986 0.48833130060988494
424832484.7287444 0.48779497080896256
425518460.20408595 0.487250306028419
426193190.17983174 0.4867151634739581
426867920.15557754 0.48618060866167007
427542650.13132334 0.48564664094604304
428217380.10706913 0.48511325968227414
428892110.08281493 0.48458046422626866
429566840.0585607 0.4840482539346393
430241570.03430647 0.4835166281647053
430916300.01005226 0.48298558627449195
431591029.98579806 0.48245512762272946
432277005.4611396 0.4819164252335413
432951735.4368854 0.48138714083157097
433626465.4126312 0.4808584377378181
434301195.388377 0.4803303153138374
434975925.3641228 0.47980277292188445
435650655.3398686 0.47927580992491536
436325385.3156144 0.47874942568658596
437000115.2913602 0.47822361957125104
437674845.267106 0.4776983909439632
438360820.74244756 0.4771649998578722
439035550.71819335 0.47664093390293294
439710280.69393915 0.47611744352483854
440385010.66968495 0.47559452809143826
441059740.64543074 0.4750721869712756
441734470.62117654 0.4745504195335877
442409200.59692234 0.47402922514830426
443083930.57266814 0.47350860318604704
443758660.54841393 0.47298855301812903
444444636.0237555 0.4724604208686688
445119365.9995013 0.47194152190980276
445794095.9752471 0.4714231928529171
446468825.9509929 0.4709054330720938
447143555.9267387 0.470388241942102
447818285.9024845 0.4698716188383978
448493015.8782303 0.46935556313712307
449167745.8539761 0.4688400742151049
449842475.82972187 0.4683251514498549
450517205.80546767 0.4678107942195682
451203181.2808092 0.46728844348039
451877911.256555 0.46677522485698386
452552641.2323008 0.4662625698968976
453227371.2080466 0.46575047798106506
453902101.1837924 0.4652389484910999
454576831.1595382 0.4647279808092947
455251561.135284 0.464217574318621
455926291.1110298 0.46370772840272745
456601021.0867756 0.46319844244594
457286996.56211716 0.46268124179177067
457961726.5378629 0.46217308321583933
458636456.5136087 0.461665482745824
459221222.4925884 0.46122601331035207
459817233.97116387 0.46077852302236066
460491963.94690967 0.4602724541850505
461177939.4222512 0.45975852064688144
461852669.397997 0.45925357206885076
462527399.3737428 0.45874917807122473
463202129.3494886 0.45824533804491296
463876859.3252344 0.45774205138149354
464551589.3009802 0.45723931747321334
465226319.276726 0.4567371357129863
465901049.2524718 0.4562355054943933
466575779.2282176 0.45573442621168125
467261754.70355916 0.45522555976964507
467936484.67930496 0.454725589701085
468611214.65505075 0.45422616874507826
469285944.63079655 0.4537272962985395
469960674.60654235 0.45322897175904575
470635404.58228815 0.4527311945248359
471310134.55803394 0.45223396399480936
471984864.5337797 0.45173727956852616
472659594.5095255 0.4512411406462053
473334324.4852713 0.4507455466287249
474020299.96061283 0.45024225069718155
474695029.93635863 0.44974775375139575
475369759.9121044 0.4492537999070826
476044489.8878502 0.44876038856775874
476719219.863596 0.44826751913759577
477393949.8393418 0.44777519102142
478068679.8150876 0.4472834036247111
478743409.7908334 0.4467921563536018
479418139.7665792 0.4463014486148772
480104115.24192077 0.445803114898638
480778845.21766657 0.4453134934150971
481453575.19341236 0.4448244096783532
482128305.16915816 0.444335863097804
482803035.14490396 0.44384785308349567
483477765.12064976 0.44336037904612247
484152495.09639555 0.44287344039702586
484827225.07214135 0.4423870365481937
485513200.5474829 0.4418930736076222
486187930.5232287 0.44140774648666803
486862660.4989745 0.4409229523960516
487537390.4747203 0.4404386907503507
488212120.4504661 0.43995496096478603
488886850.4262119 0.43947176245522035
489561580.4019577 0.4389890946381582
490236310.3777035 0.43850695693074476
490911040.3534493 0.4380253487507655
491597015.82879084 0.4375362560074473
492946475.78028244 0.4365756996463378
493621205.75602823 0.4360962125485697
494295935.73177403 0.4356172520670954
494970665.7075198 0.4351388176235371
