5017 0.0027404855707141144 7.510261163292265e-06
5020 0.0020556112595193077 4.225537650262555e-06
5043 0.007590038204673788 5.760867994840769e-05
5045 0.005761169035329059 3.319106865363436e-05
5069 0.006137256733622135 3.766592021439024e-05
5073 0.002471384013431021 6.107738941842422e-06
5076 0.002015003936181375 4.0602408628264355e-06
5078 0.00877618468513937 7.702141762767481e-05
5080 0.0019201186182959498 3.686855508326747e-06
5085 0.006374703094029513 4.063683953702944e-05
5093 0.004514412340032923 2.0379918775841526e-05
5095 0.0044854523834630625 2.0119283084314472e-05
5096 0.004136305289195499 1.710902144542666e-05
5097 0.005577160135338574 3.1104715175209776e-05
5102 0.004712816173480808 2.221063628502228e-05
5105 0.012664750850044475 0.00016039591409370226
5106 0.0062372685868222555 3.890351942415969e-05
5109 0.005170550591095536 2.6734593415078396e-05
5163 0.007580327409727004 5.74613636386585e-05
5173 0.010145105658830303 0.00010292316882883064
5181 0.008078343045272576 6.525962635710379e-05
5199 0.011632102204570081 0.00013530580169756416
5205 0.006173291442162789 3.810952722988033e-05
5253 0.00877614695400591 7.702075535830718e-05
5261 0.009929735610784628 9.859964930008436e-05
5277 0.009305125798604425 8.658536612785363e-05
5282 0.007312881668865406 5.3478238302827685e-05
5339 0.012029459443666771 0.00014470789450682364
5340 0.009820983102167915 9.645170909306771e-05
5394 0.008616268291335055 7.424007926826591e-05
5416 0.013669250193039904 0.00018684840083992146
5423 0.009345046308374542 8.732989050566465e-05
5442 0.005619455102842431 3.1578275652861846e-05
5443 0.006806877443805697 4.633358053499078e-05
