1.0 1.0
685976.4753415588 0.9988640856230767
1360706.4510873542 0.9979262220441582
1754298.9369390684 0.9973320696523468
2147891.4227907825 0.9969461879521911
2822621.398536578 0.995500449405863
3508596.8738781367 0.9937425199782753
4183326.849623932 0.9922535351421851
4869302.324965491 0.9903612409958594
5544032.300711286 0.9890502974796157
6230007.776052845 0.9876919121366058
6623600.261904559 0.9870976521672333
6871001.2530113505 0.9864224936647386
7242102.739671539 0.9859383934000434
7534485.729161383 0.9851417795203038
7995551.212587677 0.9842756703575706
8681526.687929235 0.9828187437162361
9603657.654781822 0.9812347676501536
10019741.139825063 0.9802589290940893
10705716.615166621 0.9784625943791114
11380446.590912417 0.9764515343011804
12055176.566658212 0.9749373762518767
12729906.542404009 0.9747525575280491
13325918.02097946 0.9728756470126323
13921929.499554913 0.9715138191799527
14742850.970045632 0.9707466816268906
15417580.945791427 0.9689840187744926
16767040.897283018 0.966863552037016
17441770.873028815 0.964582901901119
18116500.84877461 0.9628754264786209
18802476.324116167 0.9625990590166735
20702965.755800158 0.9588070478535721
21939970.711334117 0.953012905575456
22614700.687079914 0.9527414866934415
24650136.113913063 0.9478825185475028
25999596.065404654 0.9481425341782871
26674326.041150447 0.9470687997914685
28023785.992642038 0.9465325242762983
28709761.4679836 0.9452576193344892
29384491.443729393 0.9445398600087012
30059221.41947519 0.9441884032162572
30733951.395220984 0.9418412699778926
32083411.346712574 0.9399131524122549
32758141.32245837 0.9376079745296133
33432871.298204165 0.9365820047022447
34793576.749291524 0.9353621796127742
35468306.725037314 0.9330296769590857
36143036.70078311 0.9324295002095264
36536629.18663482 0.9320793343511217
36930221.672486536 0.931729491226502
38279681.62397813 0.9337204342487134
38954411.59972393 0.9329070382264646
39640387.075065486 0.9311118868668629
40315117.05081128 0.9299340171331152
40708709.536662996 0.9292471326467066
41102302.02251471 0.928557235980873
41777031.998260505 0.9272819007277175
42451761.9740063 0.9267648816455738
43137737.44934786 0.9257008292634985
43812467.42509365 0.9250950584653347
44487197.40083945 0.9236118828318699
45161927.376585245 0.9228275328260533
45836657.35233104 0.9205784029960045
47860847.27956843 0.9185334559003709
48546822.754909985 0.9183971547811248
49221552.73065578 0.9175827905586218
49896282.70640158 0.9164994817435198
50571012.68214737 0.9156332650032254
51245742.657893166 0.9148916233982632
51920472.63363896 0.9144085989113833
52550220.61100171 0.913097655394038
52943813.09685342 0.9122314386548452
53292423.58432208 0.9107017893959697
54585656.03783485 0.909053051471704
55935115.98932645 0.909018518986431
56609845.965072244 0.90813638072632
57959305.91656383 0.9078140775278696
58634035.89230963 0.9073871010946838
59320011.36765119 0.9062495730499361
59994741.343396984 0.9059663206064466
60669471.31914278 0.9054518833912797
61063063.80499449 0.9051516336501583
61456656.290846206 0.9048514914854966
62131386.266592 0.9039445027459573
62524978.752443716 0.9034155425225743
62637433.74840135 0.9032645032399894
63031026.234253064 0.9029471486225732
63705756.20999886 0.9017059155433441
64380486.18574465 0.9004029865752387
65066461.66108621 0.8996648412498283
65741191.63683201 0.8990535839828241
66415921.6125778 0.898319257669649
67090651.5883236 0.8975838555786588
68305165.54466604 0.8980319172678178
69261033.01030591 0.8957286757867858
69677116.49534915 0.8947377225448172
70351846.47109494 0.8946726379539502
71701306.42258653 0.8932040391174825
72376036.39833233 0.8917838503069333
73050766.37407812 0.8907182918356965
73725496.34982392 0.8897664969262498
74411471.82516548 0.8888354107513123
75086201.80091128 0.8885112787288135
75760931.77665707 0.8874791231762538
76435661.75240287 0.8861162195635559
77110391.72814865 0.8856314200436114
79134581.65538605 0.8848268991921933
79809311.63113184 0.8831238344607204
80484041.60687764 0.8819653825274426
80888879.59232512 0.8812897937136014
81282472.07817683 0.8806139897446378
81957202.05392262 0.8797251278693261
83306662.00541422 0.8791842802956873
83981391.98116001 0.8776755549264436
84656121.95690581 0.8762003400534379
86016827.40799317 0.8756758980997429
86691557.38373896 0.8743427935486091
87085149.86959067 0.8735627466551549
87478742.35544239 0.872778450438119
88839447.80652975 0.8733053666812296
89514177.78227553 0.8721332523624284
90188907.75802132 0.8702767816365163
90863637.73376712 0.869292928532314
91538367.70951292 0.869229296241828
92213097.68525872 0.8685780200185074
92887827.66100451 0.8672685288026447
94248533.11209187 0.8672079086915836
94788317.0926885 0.8658004140663038
95339346.57288091 0.8643544065760727
96688806.52437249 0.8630147935659623
98049511.97545984 0.8620568667201048
98724241.95120564 0.8611786012621113
100073701.90269724 0.8621835934110677
100748431.87844303 0.8615659890514287
102109137.32953039 0.8616376896799349
102783867.30527619 0.8616161203238345
103458597.28102198 0.8599373143941016
104133327.25676776 0.8596738562725463
104706847.7361517 0.8595604154434396
105066703.72321612 0.8586749960600008
105539014.70623818 0.8584232639223592
106899720.15732554 0.8578547688449899
107574450.13307133 0.855889321769777
108249180.10881713 0.8555224275587449
108923910.08456291 0.8542726420413684
109598640.06030871 0.8532750189740814
110273370.0360545 0.8527269098963345
111634075.48714186 0.8519039394458019
112983535.43863346 0.852040832243838
113658265.41437925 0.8515224146489924
114332995.39012505 0.8511240001310106
115007725.36587085 0.8502330404888492
115682455.34161663 0.8496342084610081
116357185.31736243 0.8486823059740004
117043160.79270399 0.8478849928379097
117717890.76844978 0.8474284862881646
119067350.71994138 0.8465505973527367
119742080.69568717 0.845998185161526
120416810.67143297 0.8453320631973055
121766270.62292457 0.8453552462212303
123126976.0740119 0.8425398804481051
123801706.0497577 0.8411825170952314
124476436.0255035 0.8393680555138227
127850085.90423249 0.8412895032541421
128536061.37957405 0.8405953572625237
129885521.33106562 0.8405929367618886
130560251.30681142 0.8395135007489044
131234981.28255722 0.8392844675350607
131909711.25830302 0.8377627252478638
132584441.23404881 0.8370971411725509
133259171.20979461 0.8354377530432879
133945146.68513617 0.8347162284929436
134619876.66088197 0.8337095150975
135294606.63662776 0.8326512181303714
135969336.61237356 0.8311036033736101
136644066.58811936 0.8310634768397325
140028961.9664441 0.8305799682538272
140703691.94218987 0.8302609461787046
141378421.91793567 0.8299184183469737
142053151.89368147 0.8286688479858211
142727881.86942726 0.827829687071569
143402611.84517306 0.8267237331225515
144088587.32051462 0.8265396674438553
144763317.29626042 0.8265056728485918
145438047.2720062 0.8253272652259364
145831639.75785792 0.8246395201168348
148260667.6705428 0.8072081991520343
148935397.6462886 0.8068097846340525
149610127.6220344 0.8057443337403768
150284857.59778017 0.805223872167462
150959587.57352597 0.8042494321229982
152309047.52501756 0.8054154682941693
153669752.97610492 0.8040669801121264
155693942.9033423 0.803658345700494
157043402.8548339 0.8002047206231029
161103028.20890445 0.8472175799396501
161777758.18465024 0.8466019119805192
162452488.16039604 0.8459886645231246
163127218.13614184 0.8453122688753713
163801948.1118876 0.8448207995290068
164476678.0876334 0.8445555663732852
165151408.0633792 0.8439403825142813
165826138.039125 0.8436969338697825
166512113.51446655 0.8428913372405492
167186843.49021235 0.8423707680889716
167861573.46595815 0.8416887246049345
168536303.44170395 0.8410023242186527
169211033.41744974 0.8402620273365103
169885763.39319554 0.8395130166487773
170560493.36894134 0.8391769434872423
171235223.34468713 0.8385030221300062
171921198.8200287 0.8380043988570948
172595928.7957745 0.8377584759231803
173259413.27192453 0.8369333001271353
173934143.24767032 0.8365928700633557
174608873.22341612 0.8359044794866838
175283603.19916192 0.8351339532327325
175969578.67450348 0.8346344693371284
176644308.65024927 0.8340350994203799
177319038.62599507 0.8335194788498366
177993768.60174084 0.8328898795612791
178668498.57748663 0.8324676365518021
179343228.55323243 0.8321811029849848
180017958.52897823 0.8315966863866973
180692688.50472403 0.8311341016904236
181367418.48046982 0.830338724954841
182053393.95581138 0.8298724288227916
182728123.93155718 0.8295054808218771
183402853.90730298 0.8286352299120218
184077583.88304877 0.8285872501974494
184752313.85879457 0.8280482314467573
185427043.83454037 0.8274484312186624
186101773.81028616 0.8270099977465675
186776503.78603196 0.8262033253384173
187462479.26137352 0.8256213292418664
188137209.23711932 0.8249633831932274
188710729.71650323 0.8246768496264101
189295495.69548294 0.8241520849389298
189970225.6712287 0.8237257001834323
190656201.14657027 0.8229554966621646
191330931.12231606 0.8226244796592251
192005661.09806186 0.8222495708989533
192680391.07380766 0.8213764153883358
193355121.04955345 0.8212633510817949
194029851.02529925 0.8206663478780024
194704581.00104505 0.820208819338121
195390556.4763866 0.8196368279812
196065286.4521324 0.8192125409936538
196740016.4278782 0.818658192401935
197414746.403624 0.8179994933081645
198089476.3793698 0.8175263659822515
198764206.3551156 0.8168110809469807
199438936.3308614 0.8163713027509644
200113666.3066072 0.8159748246345921
200799641.78194875 0.8155775934730883
201474371.75769454 0.8149403561578569
202149101.73344034 0.8143266783891161
202823831.70918614 0.8136142441658267
203498561.68493193 0.8131808668512256
204173291.6606777 0.812757817008938
204848021.6364235 0.8120733530231643
205533997.11176506 0.8116725717933282
206208727.08751085 0.8112248866256333
206883457.06325665 0.8108269562088801
207479468.54183212 0.8105373566727558
208064234.5208118 0.8098902759853379
208750209.99615335 0.8093856821423576
209424939.97189915 0.8085694890969077
210065933.44885767 0.808125730520111
210718172.42541194 0.8076854144351872
211392902.40115774 0.8073105056749152
212067632.37690353 0.8066617037421118
212742362.35264933 0.806085516849288
213428337.8279909 0.8056138956136384
214103067.8037367 0.8050806860666735
214777797.77948245 0.8046805503033061
215452527.75522825 0.8040962412836813
216127257.73097405 0.8036543653197137
216801987.70671985 0.8030903885120323
217476717.68246564 0.8023159894548619
218151447.65821144 0.8019799162933269
218668740.63961655 0.8017471178549268
218927387.13031912 0.8016186699185784
219354716.1149581 0.8013107821496817
220029446.0907039 0.8009921365982263
220704176.0664497 0.8002629202324275
221378906.0421955 0.7998046924372968
222053636.0179413 0.799142066752628
222728365.9936871 0.7985632442029452
223403095.9694329 0.7979228871307278
224077825.9451787 0.7974998372884402
224763801.42052025 0.7969775468914772
225438531.39626604 0.796421907365719
226113261.37201184 0.7958125327104423
226787991.34775764 0.7951906790261198
227462721.32350343 0.7949272746922434
228137451.29924923 0.7944494677314026
228812181.27499503 0.7940238360210367
229486911.2507408 0.7936521008065314
230172886.72608235 0.7930713418563407
230847616.70182815 0.7924848812799838
231522346.67757395 0.7919667326290413
232197076.65331975 0.7915242649873854
232871806.62906554 0.791066198559698
233546536.60481134 0.790394052236628
234221266.58055714 0.7898842408687102
234895996.55630293 0.7895757614221252
235570726.53204873 0.7891384037278454
236256702.0073903 0.7883524400531028
236931431.9831361 0.7877230559207693
237325024.4689878 0.7873559465535133
237718616.95483953 0.7869887833963749
238393346.93058532 0.7866769152489009
238966867.40996924 0.786198301453046
239551633.38894892 0.7856133469669525
240226363.3646947 0.784929205714964
240901093.3404405 0.7842505509329174
241575823.3161863 0.7838245426999857
242250553.2919321 0.7833722854749239
242925283.2676779 0.7830806957484094
243611258.74301946 0.782486650935261
244285988.71876526 0.7816845505855795
244960718.69451106 0.7814192098511952
245635448.67025685 0.7809606055334986
246310178.64600265 0.780508993776007
246984908.62174845 0.7801433904979125
251561826.95722407 0.7771063605926131
252236556.93296987 0.7763563817057276
252911286.90871567 0.775762982359048
253597262.38405722 0.775336436236107
254215764.8618242 0.7750008471758006
254834267.3395912 0.774165128751218
255508997.315337 0.7737942541605072
256194972.79067856 0.7735053538796323
256869702.76642436 0.7729243797732175
257544432.74217013 0.7725480187114632
258219162.71791592 0.7721717652283715
258893892.69366172 0.7711740345824217
259568622.66940752 0.7705308266982229
260243352.6451533 0.7699336083382065
260929328.12049487 0.7695293846164974
261604058.09624067 0.7691759914235454
262278788.07198647 0.7686847910221856
262953518.04773226 0.7685665091907073
263628248.02347806 0.767975207611979
264302977.99922386 0.7677278861653627
264977707.97496966 0.7672175906973181
265652437.95071545 0.7665372684586665
266158485.4325248 0.7662099628904012
266383395.42444006 0.7660658623792409
266776987.91029176 0.7658084824042141
267451717.88603756 0.764884066054595
268126447.86178336 0.7645858065027621
268801177.8375292 0.7639864903747942
269475907.813275 0.7637522934247937
270150637.7890208 0.763268623471445
270836613.26436234 0.7627397708267247
271511343.24010813 0.7623265643566237
272186073.2158539 0.761612839199295
272860803.19159967 0.7611882832667443
273288132.1762387 0.7610880745129163
273726706.66047347 0.7608173548861512
274401436.63621926 0.7602387474926924
275076166.61196506 0.7597963336398171
275750896.58771086 0.759248385928412
276425626.56345665 0.7584212737318589
277100356.53920245 0.7580166734886857
277775086.51494825 0.7573716905692193
278449816.49069405 0.7569141620304394
279135791.9660356 0.756351637523139
279810521.9417814 0.7556118785299044
280485251.9175272 0.7544554705746959
281159981.893273 0.7540893294076936
281834711.8690188 0.7536361577711584
282509441.8447646 0.7522507703919883
283184171.8205104 0.7520290524699318
283858901.7962562 0.7516135868655375
284466158.77442735 0.7504605676123195
285343307.7428969 0.7509232598883576
286018037.7186427 0.7504124265303038
286704013.19398427 0.7501858138181966
287378743.16973007 0.7496730978484155
288053473.14547586 0.7487317379899451
288728203.12122166 0.748676012670036
289402933.09696746 0.7484475173451
290077663.07271326 0.748177550764568
290752393.04845905 0.7474674832542346
291438368.5238006 0.7467352009202304
292787828.4752922 0.7466389187561989
293462558.451038 0.7452792424802515
294137288.4267838 0.7449654379300662
294812018.4025296 0.7445058116233351
296161478.3540212 0.7439711497759891
297522183.80510855 0.7431994401644583
298196913.78085434 0.7424490309651249
298871643.75660014 0.742167230823118
299546373.7323459 0.7416730720300123
300221103.7080917 0.7410332528467025
300895833.6838375 0.7408950153269482
301570563.6595833 0.7402369079119675
302256539.1349248 0.73977351638068
302931269.1106706 0.7391793102000881
303605999.0864164 0.7390013764578027
304280729.0621622 0.7388105871650077
304955459.037908 0.7385569186268582
305630189.0136538 0.7380051519021161
306304918.9893996 0.737505183906385
306979648.9651454 0.7372475349885568
307665624.44048697 0.7368842984223165
308340354.41623276 0.7365218686910903
309015084.39197856 0.7361189896933027
309689814.36772436 0.7358959808383085
310364544.34347016 0.7356083714914728
311039274.31921595 0.7349409585932132
311714004.29496175 0.7345856827885338
312388734.27070755 0.7342598833105316
313074709.7460491 0.733803215393343
313749439.7217949 0.7334509517680884
314424169.6975407 0.7328559387535843
315098899.6732865 0.7322653902199876
315773629.6490323 0.7318523451162284
316448359.6247781 0.7311261409298543
317123089.6005239 0.730677971663134
317809065.07586545 0.7304082740265051
319158525.02735704 0.729623655075684
319833255.00310284 0.7292712300818843
320507984.97884864 0.7289211180133616
321857444.93034023 0.7283646716536915
322532174.906086 0.7280102564706032
323218150.3814276 0.727356290801643
323892880.3571734 0.7271903519893776
324567610.3329192 0.7268833786319542
325242340.308665 0.7265688748265194
325917070.2844108 0.7259486885988021
326558063.7613692 0.7253732547511099
327210302.7379235 0.7250745648879307
327885032.7136693 0.7245411401847418
328559762.6894151 0.7238994383897047
329234492.6651609 0.7233086209111035
329920468.14050245 0.7227564238761166
330595198.11624825 0.7225403000015631
331269928.09199405 0.7222430086510859
331944658.06773984 0.7220770160489384
332619388.04348564 0.7219401232520041
336004283.4218104 0.7215411708451146
336679013.3975562 0.7211163459675594
337353743.373302 0.7207220731966997
338028473.3490478 0.7202136065527034
338703203.3247936 0.7198769955011591
339377933.3005394 0.7193616976644012
340052663.2762852 0.7190582743764116
340727393.25203097 0.718583103071328
341413368.7273725 0.7180183194297344
342088098.7031183 0.7176642269804314
342762828.6788641 0.7174276095286944
343437558.6546099 0.7170975607260089
344112288.6303557 0.7165714513168104
344787018.6061015 0.7162428010257254
345461748.5818473 0.715878703837894
346147724.05718887 0.7153783593195969
346822454.03293467 0.7149521897192218
347497184.00868046 0.7144115035130265
348171913.98442626 0.7140445017233317
348846643.96017206 0.71363124146445
349521373.93591785 0.713188074566443
350196103.91166365 0.7127736847398639
350870833.8874094 0.7123209972034557
351556809.362751 0.7118469554660695
352231539.33849674 0.7113559164310514
352906269.31424254 0.7109067789629756
353580999.28998834 0.7104924967150593
354255729.26573414 0.7101412550777376
354930459.24147993 0.7097266500960362
355605189.21722573 0.7090264797466699
356291164.6925673 0.7088194462002729
356965894.6683131 0.7085761589221159
357640624.6440589 0.7081705366899083
358315354.6198047 0.7077589976753106
358990084.5955505 0.7071992164024304
359664814.5712963 0.7066849943434876
360339544.5470421 0.7063094939055276
361014274.52278787 0.7058902092866948
361700249.9981294 0.7057299720994937
362374979.9738752 0.7051031160453565
363049709.949621 0.7047712922085049
363724439.9253668 0.7043617971741796
364399169.9011126 0.7040985542077466
365073899.8768584 0.7035967573890686
365748629.8526042 0.7032533151458643
366423359.82835 0.7028632916985864
367109335.30369157 0.7024225990910966
367784065.27943736 0.7018613655178355
368458795.25518316 0.7011537722969176
369133525.23092896 0.7008427109833557
369808255.20667475 0.7005334784916389
370482985.18242055 0.7000964435300427
371157715.15816635 0.6998081349279577
371809954.1347206 0.6993475942097531
372192301.12097657 0.6991321695915507
372619630.10561556 0.698923522378431
373294360.08136135 0.6984382387572579
373969090.05710715 0.6980480001548576
374643820.03285295 0.6974817104230009
375318550.00859874 0.6969686179306538
375993279.98434454 0.6967718580677899
376668009.96009034 0.6962082039927922
377342739.93583614 0.6956787596703836
378028715.4111777 0.6951144601289171
378703445.3869235 0.694895861964948
379378175.3626693 0.694444250206355
380052905.3384151 0.694149002833947
380727635.3141609 0.6936102530282596
381402365.2899067 0.693232332088563
382077095.2656525 0.6928756577711815
382751825.2413983 0.692383166434681
383437800.71673983 0.6918623283392004
384112530.69248563 0.691501835008482
384787260.6682314 0.6911739915513091
385461990.6439772 0.6908076352291845
386136720.619723 0.6902365044949563
386811450.5954688 0.6898598744881973
387486180.5712146 0.6894485506309252
388160910.54696035 0.689253619591008
388835640.52270615 0.6888379926191704
389521615.9980477 0.6881329274775503
390196345.9737935 0.6876893840569774
390871075.9495393 0.6875546428167751
391545805.9252851 0.6872923142629171
392220535.9010309 0.6869551115336847
392895265.8767767 0.6865153871264489
393569995.8525225 0.6860026173689887
394255971.32786405 0.6854479998322652
394930701.30360985 0.6852616212304953
395605431.27935565 0.6847721958622001
396280161.25510144 0.6841770752701348
396954891.23084724 0.6838039953328098
397629621.20659304 0.6835205277330962
398304351.18233883 0.6830261537859698
398990326.6576804 0.6824807341538626
399665056.6334262 0.6820792536676754
400339786.609172 0.6820361149554746
401014516.5849178 0.6815607284952686
401689246.5606636 0.6808787925887926
402363976.5364094 0.6803785556491584
405748871.9147341 0.6730489549084396
408841384.303569 0.6776175166832403
409516114.2793148 0.6770556914322909
410190844.2550606 0.6766367833360241
410865574.2308064 0.6762212101540686
411540304.2065522 0.675901219878692
412215034.182298 0.6756193121580222
412889764.1580438 0.675314328990989
413497021.13621503 0.6749955220720903
414093032.61479044 0.6745168006997759
414767762.59053624 0.6741083814432658
415453738.0658778 0.6734533399953888
416128468.0416236 0.6730699325857503
416803198.0173694 0.6729442816726028
417477927.9931152 0.6723937520942209
418152657.968861 0.6718246115492812
418827387.9446068 0.671453306647224
419243471.42965 0.6711461719234586
419670800.41428906 0.6707275327721962
420345530.39003485 0.6703770441800062
421020260.36578065 0.6699167724068062
421694990.3415264 0.6696156082531097
422369720.3172722 0.6691919129432519
423044450.293018 0.6688435221201148
423719180.2687638 0.6685440254230234
424405155.74410534 0.668269271627799
425079885.71985114 0.6678205644710695
425754615.69559693 0.6676592515049516
426429345.67134273 0.6670788152885461
427104075.6470885 0.6665059633078307
427778805.6228343 0.6661951171493912
428453535.5985801 0.6657402242674704
429128265.5743259 0.6656214583358652
429802995.5500717 0.6651752254696528
430488971.0254133 0.6648318370152291
431163701.0011591 0.6645707993943087
431838430.97690487 0.6641381213360587
432513160.95265067 0.663822918274273
433187890.92839646 0.663453173250158
433862620.90414226 0.6629983879457984
434537350.87988806 0.6627211060723778
435212080.85563385 0.6624075704671971
435886810.83137965 0.6620297033162811
436572786.3067212 0.6618142786980786
437247516.282467 0.6612898367454851
437922246.2582128 0.6607853504800659
438596976.2339586 0.660706549714895
439271706.2097044 0.6604417468705198
439946436.1854502 0.6601947481576887
440621166.161196 0.6595080788264024
441295896.1369418 0.6591541477445428
441981871.61228335 0.658911183200171
442656601.58802915 0.6583141262064962
443331331.56377494 0.6579924684756162
444006061.53952074 0.6576126111343101
444692037.0148623 0.657273203059565
445366766.9906081 0.6568355226315
446041496.9663539 0.6564985350584917
446716226.9420997 0.6561704764461964
447390956.9178455 0.6555953115424071
448065686.8935913 0.6553039907608973
448740416.8693371 0.6549698002121913
449415146.8450829 0.654759485541365
450101122.32042444 0.6543812418678832
453474772.19915336 0.6527411639593259
454149502.17489916 0.6522609364967483
454824232.15064496 0.6519214746343244
455498962.12639076 0.651589166696244
456184937.6017323 0.6511834368853735
456859667.5774781 0.6507870663465625
457534397.5532239 0.6502968341454566
458209127.5289697 0.6497911107358805
460233317.4562071 0.6497174737068662
460908047.4319529 0.6492976511991259
461594022.90729445 0.6488316240109794
462268752.88304025 0.6484500992130682
462943482.85878605 0.6479914411065909
463618212.83453184 0.6476415441931908
464292942.81027764 0.6474406963730867
464967672.78602344 0.6469228704559293
465642402.76176924 0.6466251487930041
466328378.2371108 0.6462129643130393
467003108.2128566 0.6457734550609259
467677838.1886024 0.6456082692926906
468352568.1643482 0.6453129143427213
469027298.140094 0.644831826257451
469702028.1158398 0.6444825748105194
470376758.0915856 0.6440512952638698
471051488.0673314 0.6437554024238914
471737463.54267293 0.6434614459855225
472412193.5184187 0.6429861133151987
473086923.4941645 0.64276617042841
473739162.4707188 0.642180355318522
474132754.9565705 0.6420762199726943
474560083.9412095 0.6417689238825871
475234813.9169553 0.6413574386578716
475909543.8927011 0.6409949551367631
476584273.8684469 0.6407416631211795
477259003.8441927 0.6404697063502575
477933733.8199385 0.6400286910089824
478608463.7956843 0.63979309554628
479283193.7714301 0.6393118998834485
479969169.24677163 0.6389639393716577
480643899.22251743 0.6387678787640431
481318629.1982632 0.6382964726835159
481993359.174009 0.6378868700705277
482668089.1497548 0.6376568686564301
483342819.1255006 0.6372716324238448
484017549.1012464 0.6369583119748881
484692279.0769922 0.6365357462327276
485378254.5523338 0.6361414196719857
486052984.52807957 0.6358093806800116
486727714.50382537 0.6354329120406961
487402444.47957116 0.6350777976012567
488077174.45531696 0.634554700371483
488751904.4310627 0.6343763901066318
489426634.4068085 0.6339983615893741
490101364.3825543 0.6335464270980974
490787339.85789585 0.6332898001682021
491462069.83364165 0.6329648613128928
492136799.80938745 0.6326331988434846
492811529.78513324 0.632199176061313
493486259.76087904 0.6319868174113161
494160989.73662484 0.6315825936907087
494835719.71237063 0.6309979619372988
495510449.68811643 0.6308609077740226
496196425.163458 0.6305982564852778
496871155.1392038 0.630086885239418
497545885.1149496 0.6297240251968452
498220615.0906954 0.6295699199460549
498895345.0664412 0.6291717743730778
499570075.042187 0.6288160144671697
500244805.0179328 0.6285459403079751
500919534.99367857 0.6281313891150543
501605510.4690201 0.6277804164227372
502280240.4447659 0.627476240089616
502954970.4205117 0.6271097224011497
503629700.3962575 0.6268671881681243
504304430.3720033 0.6264975507215704
504979160.3477491 0.6259657934749866
505653890.3234949 0.625764676709878
506328620.2992407 0.6254461925247646
507003350.2749865 0.6249789819801401
507520643.2563916 0.6247262278523624
508037936.2377967 0.6245599663063119
508712666.2135425 0.6242448170344085
509387396.1892883 0.6238714681520788
510062126.1650341 0.623521302293674
510736856.1407799 0.6232329399028083
511422831.6161215 0.6229571103297686
512097561.59186727 0.6225785977123838
512772291.56761307 0.622051842835615
513447021.54335886 0.6217737541271805
514121751.51910466 0.6216060402807491
514796481.49485046 0.6212546910658662
515471211.47059625 0.6207539700250034
516145941.44634205 0.6203955206734558
516831916.9216836 0.6200936572645099
517506646.8974294 0.6198986724358122
517933975.8820684 0.6196364514584138
518372550.36630315 0.6193916043023147
519047280.34204894 0.6189447259696336
519722010.31779474 0.6186325350872727
520396740.29354054 0.6180433312764959
521082715.7688821 0.6179740511497261
521757445.7446279 0.6177576045424892
522432175.7203737 0.6174209934920465
523106905.6961195 0.6168670214217918
523781635.6718653 0.6164524164400904
524456365.6476111 0.6162188649565588
525131095.6233569 0.6159693381644299
525817071.09869844 0.6156569321269466
526491801.07444423 0.6151690666387967
527166531.05019003 0.6148654281945832
527841261.0259358 0.6145022992070058
534262441.2951166 0.6115212097767379
534937171.2708624 0.6111983149005993
535398236.75428873 0.6109128033228165
535870547.73731077 0.610791724467036
536545277.71305656 0.6104058965567625
537231253.1883981 0.610012968507621
537905983.1641439 0.6097773192572395
538580713.1398897 0.6094872894097688
539255443.1156355 0.6090654767116382
539930173.0913813 0.6087048220145781
540436220.5731907 0.6086983673443822
540661130.5651059 0.6086954627436202
540773585.5610635 0.6086940104421376
541178423.546511 0.6082103942775695
541853153.5222569 0.6076541630741232
542527883.4980026 0.6072661298172356
543202613.4737484 0.6070894870089893
543877343.4494942 0.6066193180748223
544552073.42524 0.6063765148978939
545226803.4009858 0.6059283994188526
545901533.3767316 0.6056849507743538
546587508.8520732 0.6052325321829503
547262238.827819 0.6049827902356989
547768286.3096282 0.6046803351479633
548274333.7914376 0.604455120946355
548949063.7671834 0.6042201709512229
549623793.7429292 0.6037944316632959
550298523.718675 0.6034059680950618
550939517.1956335 0.6032853195517291
551321864.1818895 0.6031940397575126
551749193.1665285 0.6027864811236954
552423923.1422743 0.6024459972711352
553098653.11802 0.6022828016921884
553773383.0937659 0.6019331199350122
554448113.0695117 0.6016106553691184
555122843.0452574 0.6014454696008831
555797573.0210032 0.601096594677619
556472302.996749 0.6008330827661814
556877140.9821966 0.600756487346523
557281978.967644 0.6005410627294222
557956708.9433898 0.6000188799100202
558631438.9191356 0.599735358521526
559306168.8948814 0.5994394656826493
559992144.3702229 0.5992187697507289
560666874.3459687 0.5987246647475055
561341604.3217145 0.5983618584926117
562016334.2974603 0.5980977549045875
562691064.2732061 0.5976683041808847
563365794.2489519 0.5974380876105629
564040524.2246977 0.5971332120210908
564715254.2004435 0.5968413533506733
565389984.1761893 0.5966983824061087
565884786.1584029 0.5963397716871178
566368342.6410208 0.5961714661618965
567043072.6167666 0.5958719156760245
567717802.5925124 0.5955981300821557
568392532.5682582 0.5952738904820957
569078508.0435997 0.5949193139326656
569753238.0193455 0.5944533405332998
570427967.9950913 0.5942252217309294
571102697.9708371 0.5940322270926218
571777427.9465829 0.5936841590021683
572452157.9223287 0.5934324268645268
573126887.8980745 0.5931798878929732
573801617.8738203 0.5926840616443642
574487593.3491619 0.5923043656693998
575162323.3249077 0.592030795231755
575837053.3006535 0.5916347474256275
576511783.2763991 0.5914448725443058
577186513.2521449 0.5911359627863744
577861243.2278907 0.5907662177622592
578535973.2036365 0.5905088915771146
579221948.6789781 0.5900881546579009
579896678.6547239 0.5897971566101762
580571408.6304697 0.5895454782613153
581246138.6062155 0.5890981696161861
581920868.5819613 0.5888452541231683
582595598.5577071 0.5885532340853075
583270328.5334529 0.5882790181800922
583945058.5091987 0.5878247169758596
584631033.9845402 0.5875275869917241
585305763.960286 0.5871532699091405
585980493.9360318 0.5869755513230791
586655223.9117776 0.5867231737178672
587329953.8875234 0.586317282540655
587970947.3644819 0.585993258096819
588611940.8414404 0.5855508980327243
589286670.8171862 0.5852008397529822
589961400.792932 0.5848291045384769
590636130.7686778 0.584395619645213
591310860.7444236 0.5842896016876579
591985590.7201694 0.5839941391590259
592660320.6959152 0.5836676404246728
593346296.1712568 0.5833310293742301
594021026.1470026 0.5829245465193297
594695756.1227484 0.5826838411092511
595370486.0984942 0.5824361431411705
596045216.07424 0.581936013777996
596719946.0499858 0.5814959666380767
597394676.0257316 0.5811688762260353
598080651.5010731 0.5808482404830883
598755381.4768189 0.5807434596707918
599430111.4525647 0.580325573564661
600104841.4283105 0.5798050044130835
600779571.4040563 0.5796030270252821
601454301.3798021 0.5792644795732298
602129031.3555479 0.5791056946864098
602803761.3312937 0.5786946935618213
603478491.3070395 0.5782067204950087
606863386.6853642 0.5765900945553807
607538116.66111 0.5762278799792767
608212846.6368558 0.5759684022374002
608887576.6126016 0.5758048301369892
611035467.0353924 0.5751926046686294
611710197.0111382 0.5750766895501072
612384926.986884 0.5746644512802601
613059656.9626298 0.5742312353320008
613903069.432312 0.5739949406140491
614577799.4080578 0.5737617118643026
615252529.3838036 0.5734117611621217
615938504.8591452 0.5733445788033034
616613234.834891 0.5728844683964452
617287964.8106368 0.5723559384844085
617962694.7863826 0.5721987672654129
618637424.7621284 0.5717035326944921
619312154.7378742 0.5714346956805559
619986884.71362 0.570916762186939
620661614.6893657 0.570699616323351
621336344.6651115 0.5703946869461999
622022320.1404531 0.5698823474989844
622697050.1161989 0.5696175984433898
623371780.0919447 0.5694867837940856
624046510.0676905 0.5690045123523372
624721240.0434363 0.5685778586518351
626070699.9949279 0.568939105027685
626756675.4702694 0.5687662274439952
627431405.4460152 0.5683709326829993
628106135.421761 0.5680897242186805
628780865.3975068 0.567695935547948
629455595.3732526 0.5674287659906169
630130325.3489984 0.567233297061792
630805055.3247442 0.5668953950773102
631479785.30049 0.5665124179790181
632165760.7758316 0.5663055995877435
632840490.7515774 0.5660574175184344
633515220.7273232 0.5658011133223243
634189950.703069 0.5654762820456778
634864680.6788148 0.5651493529999783
635539410.6545606 0.5648537291050044
636214140.6303064 0.5645242719800072
636888870.6060522 0.564263072992745
637574846.0813937 0.56394308271847
638249576.0571395 0.563599748052827
638924306.0328853 0.563417941508424
639599036.0086311 0.5630597073131004
640273765.9843769 0.5628570844577285
640948495.9601227 0.5626155722148394
641623225.9358685 0.5623457132107671
642297955.9116143 0.5620058210369967
642972685.8873601 0.5615237109615902
643658661.3627017 0.5613045211199329
644333391.3384475 0.5608022939899087
645008121.3141932 0.5605970892664585
645682851.289939 0.5605853094937641
646357581.2656848 0.5602987221370646
647032311.2414306 0.559866151655274
647707041.2171764 0.5595624056334993
648381771.1929222 0.5593448294596665
649067746.6682638 0.5590905154539466
649742476.6440096 0.5587778942602394
650417206.6197553 0.5584412832097968
651091936.5955011 0.5582600683441835
651766666.5712469 0.5578997901696892
652441396.5469927 0.5574566232716823
653284809.016675 0.5573115007703857
653959538.9924208 0.557046428981006
654634268.9681666 0.5568181488111923
655308998.9439124 0.5564655624521524
655994974.419254 0.5560595636962774
656669704.3949997 0.5556985862654319
657344434.3707455 0.5554835381708969
658019164.3464913 0.5551430543172351
658693894.3222371 0.5547246303221967
659368624.2979829 0.5543888261056663
660043354.2737287 0.5542576887225769
660616874.7531126 0.5539425932383524
661179149.7329007 0.5537729429903113
661853879.7086465 0.5535156168051667
662528609.6843923 0.5532317726839889
663203339.6601381 0.5529152786881641
663889315.1354797 0.5526451507401888
664564045.1112255 0.552233450360351
665238775.0869713 0.5520357760849119
665913505.0627171 0.5517239079363363
666588235.0384629 0.5515459741951525
667262965.0142087 0.5512066199091881
667937694.9899545 0.5509755427161737
668623670.465296 0.5506738944623503
669298400.4410418 0.5503333030322288
669973130.4167876 0.550059033338233
670647860.3925334 0.5497501773690822
671322590.3682792 0.5494721962393105
671997320.344025 0.5491888362171582
672672050.3197708 0.5488783665812845
673346780.2955166 0.5486875772873878
674032755.7708582 0.548364359677464
674707485.746604 0.5479585222890324
675382215.7223498 0.547735190700253
675865772.2049676 0.5476428889170019
676349328.6875854 0.547372492024022
677024058.6633312 0.5470449713006343
677698788.639077 0.5466179948674486
678384764.1144185 0.5464419437379923
679059494.0901643 0.5461483100323069
679734224.0659101 0.5460764480374589
680408954.0416559 0.5457683989022201
681083684.0174017 0.5454505063958965
681758413.9931475 0.5450656466847754
682433143.9688933 0.5448632927744083
683119119.4442348 0.5445474442461539
683793849.4199806 0.5439434484832577
684468579.3957264 0.5437140387457466
685143309.3714722 0.5433403133419528
685818039.347218 0.5430177411984978
686492769.3229638 0.5430067682597155
687167499.2987096 0.5425444525062432
687842229.2744554 0.5421229087542189
688516959.2502012 0.5418361062412953
689202934.7255428 0.5416657567369032
689877664.7012886 0.5412840167838696
690552394.6770344 0.5409990968837751
691227124.6527802 0.5407459124457527
691901854.628526 0.5405831471781523
692576584.6042718 0.5401366991568176
693251314.5800176 0.5397153705599156
693926044.5557634 0.5394980633299857
694612020.0311049 0.5391079860939273
695286750.0068507 0.5387840692287541
695961479.9825965 0.5383197632859932
696636209.9583423 0.5379694360601449
697310939.9340881 0.537745566582458
697985669.9098339 0.5373984129045796
698660399.8855797 0.5371989635949743
699335129.8613255 0.5367495033942149
700021105.3366671 0.5362869724856201
700695835.3124129 0.5359116872016808
701370565.2881587 0.5356653339564201
704744215.1668876 0.5341097046504191
705430190.6422292 0.5338803487027902
706104920.617975 0.5333971090607879
706779650.5937208 0.5331952392505478
707454380.5694666 0.5328854150811428
708129110.5452124 0.5324487028533318
708803840.5209582 0.532326064119609
709478570.496704 0.5318773569628796
710153300.4724498 0.5314538230204651
710828030.4481956 0.5309791896053906
712188735.8992829 0.5319891303353812
713538195.8507745 0.5315562371209072
714887655.8022661 0.5316624164459057
715562385.7780119 0.5315128294637018
716237115.7537577 0.531226995152134
716923091.2290993 0.5309842995527668
717597821.2048451 0.5308709125124407
718272551.1805909 0.5303194685225855
718947281.1563367 0.5300570323900646
719622011.1320825 0.5297184311492319
720296741.1078283 0.5294477115235684
720971471.083574 0.5291046458029298
721657446.5589156 0.5289592543566287
722332176.5346614 0.5286319487883635
723006906.5104072 0.5283200268510071
723681636.486153 0.5280769547290742
724356366.4618988 0.527768851805055
725031096.4376446 0.5275331487658929
725705826.4133904 0.5272856121630526
726391801.888732 0.5270072545118168
727066531.8644778 0.5266410057661518
727741261.8402234 0.5263109569634664
728415991.8159692 0.5261079037978499
729090721.791715 0.5258096980336959
729765451.7674608 0.5256057304555044
730440181.7432066 0.5253641106350541
731114911.7189524 0.5250549857220002
731800887.194294 0.5247053577525029
732475617.1700398 0.5244102179576561
733150347.1457856 0.5241031908125535
733825077.1215314 0.5238422607691944
734499807.0972772 0.523507155809015
735174537.073023 0.5231331076703343
735849267.0487688 0.5229754523512117
736523997.0245146 0.5227526048625594
737198727.0002604 0.5224905452526044
737884702.4756019 0.522175395980701
738559432.4513477 0.5218975224284905
739234162.4270935 0.52162707174673
739908892.4028393 0.5212661481057669
740583622.3785851 0.5210496477097493
740999705.8636284 0.5207670407327284
741427034.8482673 0.5206466611332989
742101764.8240131 0.5202974634762496
742776494.7997589 0.5200010327473636
743451224.7755047 0.5196199920495794
744125954.7512505 0.5194395840178784
744811930.2265921 0.5191681113470834
745486660.2023379 0.5188372557104857
746161390.1780837 0.5186117187761938
746836120.1538295 0.5182653719311258
747510850.1295753 0.5178302733711393
748185580.105321 0.5176584715663661
748860310.0810668 0.517485970505242
749535040.0568126 0.5171245627630503
750209770.0325584 0.5168143620710796
750895745.5079 0.5164046518805304
751570475.4836458 0.5161184948351772
752245205.4593916 0.5160210293157693
752919935.4351374 0.5156883986450055
753594665.4108832 0.5153745940948203
754269395.386629 0.5149904336411517
754944125.3623748 0.5146173537038267
755618855.3381206 0.5144763191597701
756304830.8134621 0.5140664476017774
756979560.7892079 0.5137874444829712
757654290.7649537 0.5135256000292403
758329020.7406995 0.5131899571790517
759003750.7164453 0.5129090176586358
759678480.6921911 0.5126550801743802
760353210.6679369 0.5122620445487792
761027940.6436827 0.5120215542949246
761713916.1190243 0.511707749745841
762388646.0947701 0.5113348849636382
763063376.0705159 0.5110634660827255
763738106.0462617 0.5107732748678113
764412836.0220075 0.5103525917384798
765087565.9977533 0.5100303961175906
765661086.4771372 0.509836487066708
765987205.9654143 0.5097719403647486
766414534.9500533 0.5095654984971415
767089264.9257991 0.5092865491660143
767763994.9015449 0.5089271854029933
768438724.8772907 0.5084427086157324
769124700.3526323 0.5081570894603884
769799430.3283781 0.5079113278917142
770474160.3041239 0.5074993047780912
771148890.2798697 0.5074687526724971
771823620.2556155 0.5070530181230983
772498350.2313613 0.5068861648982581
773173080.2071071 0.5065298133146618
773847810.1828529 0.5059483013193394
774533785.6581944 0.5056464379092921
775208515.6339402 0.5053020274658337
775883245.609686 0.5049485804829995
776557975.5854318 0.5046730198549645
777232705.5611776 0.5043055877539232
777907435.5369234 0.5040935518377113
778582165.5126692 0.5037981968877421
779256895.488415 0.5036565706659972
779931625.4641608 0.5032223327287034
780617600.9395024 0.5028486611125886
781292330.9152482 0.5025043582466915
781967060.890994 0.5021042762732063
782641790.8667397 0.5017621249629396
783316520.8424855 0.5014543447727055
783991250.8182313 0.5010503362072205
784665980.7939771 0.5009791196799428
785340710.7697229 0.5008361487342766
786026686.2450645 0.5004004047078212
786701416.2208103 0.5000611042106374
787376146.1965561 0.4996723179097197
788050876.1723019 0.4992311949908836
788725606.1480477 0.4990831678877235
789400336.1237935 0.4985550682881348
790075066.0995393 0.49826627558482106
790749796.0752851 0.4981359450367454
791435771.5506266 0.497829294413107
792110501.5263724 0.4976672284018577
792785231.5021182 0.4972406822800184
793459961.477864 0.49675604412641566
794134691.4536098 0.4965521841257853
794809421.4293556 0.49628098039999485
795484151.4051013 0.4959963294438033
796170126.8804429 0.49552013615078666
796844856.8561887 0.4952644774211454
800218506.7349176 0.4945794755475657
800893236.7106634 0.4941479270559115
801579212.186005 0.49390022908672937
802253942.1617508 0.49333840383467836
802928672.1374966 0.4932571287800918
803603402.1132424 0.4926644824774422
804278132.0889882 0.4926283901131255
804952862.064734 0.4922421856802862
805627592.0404798 0.49200513791720285
806313567.5158213 0.49170036990639343
806988297.4915671 0.49124983392671717
807663027.4673129 0.4910549028867999
808337757.4430587 0.49049899441603734
809012487.4188045 0.490313637803302
809687217.3945503 0.49001989652115713
810361947.3702961 0.48975746038863643
811036677.3460419 0.48961841603496997
811711407.3217877 0.48934559864135513
812397382.7971293 0.488924915510922
813072112.7728751 0.48881911270848927
813746842.7486209 0.4886358538637052
814421572.7243667 0.48815121571010256
815096302.7001125 0.4879305197781822
815771032.6758583 0.4876058498678774
816445762.651604 0.48720141099104614
817131738.1269456 0.4870641954603264
817806468.1026914 0.48678911893241844
818481198.0784372 0.48661080866756723
819155928.054183 0.4861609719442419
819830658.0299288 0.4859735713523359
820505388.0056746 0.4856598205920328
821180117.9814204 0.48518954407920295
821854847.9571662 0.4850758343061933
822540823.4325078 0.48477128145050635
823215553.4082536 0.4846443396033196
823890283.3839993 0.4841726645788893
824565013.3597451 0.4840520160355567
825239743.335491 0.48372116039895907
825914473.3112367 0.48335991402421075
826589203.2869825 0.48308241699456606
827263933.2627283 0.48267921526299334
827938663.2384741 0.4826645846772159
829974098.6653073 0.4824896631143553
830648828.6410531 0.4820601586018718
831323558.6167989 0.4818568902800312
831998288.5925447 0.4814323343474805
832673018.5682905 0.48120695877953035
833347748.5440363 0.48101998850007227
834033724.0193778 0.48071236967617986
834708453.9951236 0.48031540745857915
835383183.9708694 0.48006830116818683
836057913.9466152 0.4798036059013729
836732643.922361 0.47949292110927516
837407373.8981068 0.47929223465551296
838082103.8738526 0.4789779460052007
838756833.8495984 0.4786708650713176
839442809.32494 0.4783461413711307
840117539.3006858 0.4781014555813734
840792269.2764316 0.47786462297451393
841466999.2521774 0.47751531773880185
842141729.2279232 0.47732743304787034
842816459.203669 0.4770448260708495
843491189.1794147 0.47678588621788065
844165919.1551605 0.47664926236595073
844851894.6305021 0.47626343445457564
845526624.6062479 0.4760139614512273
846201354.5819937 0.47579364204187274
846876084.5577395 0.47546843424155877
847550814.5334853 0.4751546296924752
848225544.5092311 0.47505113981421787
848900274.4849769 0.47475632275315616
849575004.4607227 0.4743355320451618
850260979.9360642 0.47422859967503167
850935709.91181 0.47390855561197615
851610439.8875558 0.4738348110042991
852285169.8633015 0.4734559756531291
852959899.8390473 0.47317223910841094
853634629.8147931 0.4727452088864446
854309359.7905389 0.4725190264845823
854984089.7662847 0.4723966566958641
855670065.2416263 0.4720652631703588
856344795.2173721 0.47179938454706694
857019525.1931179 0.4715847129739961
857694255.1688637 0.4714029602194753
858368985.1446095 0.47111669559656105
859043715.1203552 0.47090831732624266
859718445.096101 0.47048973196376087
860393175.0718468 0.47036413484049555
861067905.0475926 0.4700862612882851
861731389.5237427 0.46972017391006365
862406119.4994885 0.4695264262266243
863080849.4752343 0.46907675086964085
863755579.4509801 0.46877768448389584
864441554.9263216 0.4687429368423991
865116284.9020674 0.4684725399505208
865791014.8778132 0.46818229494682606
866465744.853559 0.4678351412689476
867140474.8293048 0.4674617923866179
867815204.8050506 0.4672496488928448
868489934.7807964 0.4670652604803635
869164664.7565422 0.4666444159835886
869850640.2318838 0.46647869232644557
870525370.2076296 0.4662214737199638
871200100.1833754 0.4659495707378223
871874830.1591212 0.46569557946478607
872549560.134867 0.4654948392222433
873224290.1106128 0.4652729061450644
873899020.0863585 0.46500406913112824
874584995.5617001 0.4647215159439897
875259725.5374459 0.4644171782434251
875934455.5131917 0.4641458669400735
876609185.4889375 0.46381506509225634
881343540.8187538 0.4624297852906475
882018270.7944996 0.4623968664731991
882693000.7702454 0.46200705818214516
883367730.7459912 0.46171111155338607
884042460.721737 0.4614581422704861
884717190.6974828 0.46127644330474593
885403166.1728244 0.4608886252029806
886077896.1485702 0.46064759706021846
886752626.124316 0.46047945290244047
887427356.1000618 0.46022965716530706
887843439.585105 0.45985695375054775
888045858.5778288 0.4598069838455852
888484433.0620635 0.4597004279980209
888979235.0442771 0.45944826554903306
889249127.0345755 0.45944084267858315
889698947.0184059 0.45934160212390757
890384922.4937475 0.4592676961509903
891059652.4694933 0.4590351666564932
891734382.4452391 0.4586849470093078
892409112.4209849 0.45846661779034337
893083842.3967307 0.45827179432798726
893758572.3724765 0.45797063017429096
894320847.3522646 0.457825776617999
894871876.8324571 0.4573899250128807
895546606.8082029 0.45736200856414566
896221336.7839487 0.45720290094354044
896907312.2592902 0.4569159908530557
897582042.235036 0.4566519948425928
897986880.2204834 0.45654603067381827
898133071.7152283 0.45650536625103305
898560400.6998674 0.4563047335860515
899235130.6756132 0.4560761844723347
899909860.651359 0.45575920637638295
900584590.6271048 0.45558966370590304
901259320.6028506 0.4553643419278351
901934050.5785964 0.4549787291715824
902620026.0539379 0.4547531922372905
903294756.0296837 0.4545795616095706
903969486.0054295 0.45431680274326464
904644215.9811753 0.4541242384163034
905318945.9569211 0.4540132718777139
905993675.9326669 0.45375610705891106
906679651.4080085 0.45357241790278074
907354381.3837543 0.4529760601654569
908029111.3595 0.4528068402287622
908703841.3352458 0.4526984017694705
909378571.3109916 0.4524703367558808
910053301.2867374 0.4522749216158366
910728031.2624832 0.45207283665047404
911402761.238229 0.4518030314351823
912088736.7135706 0.4515820127705783
912763466.6893164 0.4515323655994011
913438196.6650622 0.45122216490743033
914112926.640808 0.4508646568617465
914787656.6165538 0.4506989869933841
915462386.5922996 0.45036396271527396
916137116.5680454 0.4502468373458835
916823092.0433869 0.4501459562300948
917497822.0191327 0.44976254882045624
918172551.9948785 0.4496474943235252
918847281.9706243 0.4493902757170434
919522011.9463701 0.44921710229395867
920196741.9221159 0.4489626538162873
920871471.8978617 0.4485423472084199
921546201.8736075 0.44827966902638644
922232177.3489491 0.4481148866751072
922906907.3246949 0.4477964024899938
923581637.3004407 0.44757457699037606
924256367.2761865 0.44738327670196204
924762414.7579957 0.4472964613886529
925268462.2398051 0.44702391293894106
925943192.2155509 0.446953234300571
926617922.1912967 0.44661734940086967
927292652.1670425 0.4464726303154276
927967382.1427883 0.44627116392214355
928653357.6181298 0.44589133347522764
929328087.5938756 0.44573615244662224
930002817.5696214 0.44556429685196697
930677547.5453672 0.4453140708045886
931352277.521113 0.4451121472055679
932027007.4968588 0.4448702046502307
932701737.4726046 0.444528967752539
933376467.4483504 0.44420026367267323
934062442.923692 0.4440364764171399
934737172.8994378 0.4436885159042476
935411902.8751836 0.44336209785416697
936086632.8509294 0.4429729888183625
936761362.8266752 0.44276821440625874
937436092.802421 0.44250021112172677
938110822.7781668 0.4422740018254741
938785552.7539126 0.4418310231893009
939471528.2292541 0.4414815834805357
940146258.2049999 0.44113488700839387
940820988.1807457 0.44082872048488253
941495718.1564915 0.44058225966206066
942170448.1322373 0.44038931881143195
942845178.1079831 0.4401185722913782
943519908.0837289 0.43984155936186053
944205883.5590705 0.4397629468585233
944880613.5348163 0.43943604470721404
945555343.5105621 0.43932354518397104
946230073.4863079 0.43922702097042693
946904803.4620537 0.43893782485125876
947579533.4377995 0.43870664008068305
948254263.4135453 0.4383797648237642
948928993.389291 0.43821148619293315
949603723.3650368 0.43802970654402207
950289698.8403784 0.4377147993216314
950964428.8161242 0.4372553881700226
951639158.79187 0.43711951736322435
952313888.7676158 0.43682276390055313
952988618.7433616 0.4366368962933005
953663348.7191074 0.4363368079185209
954338078.6948532 0.43577226632644006
955012808.670599 0.4355629467502581
955687538.6463448 0.43546765968197254
956373514.1216863 0.43521891282936553
957048244.0974321 0.43497842257551095
957722974.0731779 0.43478002215043227
958397704.0489237 0.43477281443510474
959072434.0246695 0.4345451528384711
959747164.0004153 0.43445519087268414
961096623.9519069 0.4344530662103424
961782599.4272485 0.43442194932145045
962457329.4029942 0.434261846606201
963806789.3544858 0.4341992900935302
964481519.3302315 0.4339980119609782
965156249.3059773 0.43387316788174285
965830979.2817231 0.43370663739068777
966516954.7570647 0.4336220274228912
967191684.7328105 0.4334614406064131
967866414.7085563 0.4331860413447199
968541144.6843021 0.43301977979866935
969215874.6600479 0.43288353246930533
973275500.0141184 0.4321391207344311
973950229.9898642 0.43198762424610954
974624959.96561 0.43184489535105763
975299689.9413558 0.43158732711529874
975974419.9171016 0.4313515164974739
976649149.8928474 0.4311221336554547
977323879.8685932 0.4309466473092962
978009855.3439348 0.43068066110844305
978684585.3196806 0.43047295520118706
979359315.2954264 0.4303760275695852
980034045.2711722 0.4300009305485813
980708775.246918 0.4299003990598665
981383505.2226638 0.4297715208121718
982058235.1984096 0.4295389913176747
982744210.6737511 0.42927924463189515
983418940.6494969 0.42911029363910347
984093670.6252427 0.4289714913349497
984768400.6009885 0.4286800629758787
985443130.5767343 0.428476660180985
986117860.5524801 0.42843618402003353
986792590.5282259 0.4282641670601381
987478566.0035675 0.4280017847163979
988153295.9793133 0.4278006410557974
988828025.955059 0.4275342783323785
989502755.9308048 0.4272936267121821
990177485.9065506 0.4271317758571567
990852215.8822964 0.42701196104212663
991526945.8580422 0.4266501498829788
992201675.833788 0.42643160550779036
992887651.3091296 0.4262006089979468
993562381.2848754 0.4260024506234824
994237111.2606212 0.42585813495499647
994911841.236367 0.42577392840415595
995586571.2121128 0.42550829183037675
996261301.1878586 0.4252477652050753
996936031.1636044 0.42508206844232266
997352114.6486475 0.42507504898772724
997768198.1336908 0.4249156993176093
999826124.5597155 0.42460256712938477
1001884050.9857402 0.4236502343310305
1002570026.4610817 0.4237003924978267
1002963618.9469335 0.4234102819671851
1003638348.9226793 0.4231012915260828
1004324324.3980209 0.4229987967413681
1004999054.3737667 0.4227269744434991
1005673784.3495125 0.4225421288252811
1006348514.3252583 0.4223623393656586
1006989507.8022168 0.4221629169515453
1007630501.2791753 0.42208839240544793
1008305231.254921 0.421875468972153
1008979961.2306668 0.4215541877627372
1009654691.2064126 0.42138168670161313
1010340666.6817541 0.4212362145721411
1011015396.6574999 0.4209472605035872
1011690126.6332457 0.4207219118300274
1012364856.6089915 0.42046079352593607
1013714316.5604831 0.4202463371090892
1014400292.0358247 0.4199423490378018
1015075022.0115705 0.4197537650894177
1015749751.9873163 0.41952104733418855
1016424481.963062 0.4193842890103072
1017099211.9388078 0.41920181010504515
1017773941.9145536 0.41900523850291327
1018448671.8902994 0.4188194515788315
1019123401.8660452 0.4185702475204878
1019798131.841791 0.4183583998661096
1020484107.3171326 0.4181052961101565
1021158837.2928784 0.41793752847384275
1021833567.2686242 0.4177126101127309
1022508297.24437 0.4175265811391365
1023183027.2201158 0.41731242056058293
1023857757.1958616 0.4170687298665715
1024532487.1716074 0.4167688835413046
1025207217.1473532 0.41666751832428733
1025893192.6226947 0.41645521346417247
1026567922.5984405 0.4161506337140952
1027242652.5741863 0.41586687027498676
1027917382.5499321 0.41556670121703626
1028592112.5256779 0.41549387102193425
1029941572.4771695 0.4151670226594056
1033686323.8425587 0.41405926678183164
1034361053.8183045 0.41389144535673733
1035035783.7940503 0.41368145341969625
1035710513.7697961 0.41347060085996235
1036385243.7455419 0.413383516600547
1037059973.7212877 0.41308450400468427
1037745949.1966293 0.4127489687320568
1038420679.1723751 0.4124515698029168
1039095409.1481208 0.4123014987205859
1039770139.1238666 0.41195767995481575
1041119599.0753582 0.41201856900977996
1041794329.051104 0.41200455699718264
1042480304.5264455 0.4118819451578501
1042907633.5110846 0.4118145476428078
1043087561.5046167 0.4117878683393313
1043514890.4892558 0.4117340256322512
1044200865.9645973 0.41150219539410515
1044875595.9403431 0.4112095298897755
1045550325.9160889 0.41109251209794617
1046225055.8918347 0.4108574007364723
1046899785.8675805 0.4106033018858749
1047574515.8433263 0.4104123243323477
1048249245.8190721 0.4102848445951518
1048923975.7948179 0.41002316150776263
1049609951.2701595 0.40984151633080307
1050284681.2459053 0.4096626950725361
1050959411.2216511 0.40950936976016616
1051634141.1973969 0.40926255930916877
1052308871.1731427 0.4090496089814835
1052747445.6573774 0.4090263452743878
1053186020.1416122 0.40885607645316663
1053860750.117358 0.40868322576386706
1054535480.0931038 0.40846626816211273
1055210210.0688496 0.40833093524422215
1055884940.0445954 0.40810838359496465
1056559670.0203412 0.40779129792145163
1057234399.996087 0.40776187538245334
1057909129.9718328 0.4077250299741067
1058583859.9475785 0.4074349732322457
1059269835.4229201 0.40719432161094776
1059944565.3986659 0.4070491453208706
1060619295.3744117 0.4068044057423327
1061294025.3501575 0.40665008533642
1061968755.3259033 0.4064648094068556
1062643485.3016491 0.4063137432298804
1063318215.2773949 0.40592076139306
1063992945.2531407 0.40576697887495333
1065353650.704228 0.4056679265821114
1066028380.6799738 0.40566297800217865
1066703110.6557196 0.40511737010933924
1067377840.6314654 0.40493594008750206
1068052570.6072112 0.4046116735941534
1068727300.582957 0.40440862042743525
1069402030.5587028 0.40423014879624225
1070088006.0340444 0.40411697691214016
1070762736.0097902 0.40374190678442495
1071437465.985536 0.4036422090251142
1072112195.9612818 0.4034185547025497
1072786925.9370276 0.4033821127100576
1073461655.9127734 0.40303700301024825
1074822361.3638606 0.4028042852550191
1075497091.3396065 0.4027406260701428
1076171821.3153522 0.40267763924722727
1076846551.291098 0.40254935267722075
