1.0 0.9984936593586595
4205817.848815459 0.9937731913233492
4779338.328199385 0.9931332620855153
5915133.787371473 0.9918685999158094
6376199.270797768 0.9913562236026142
7062174.746139326 0.990594974388201
8636544.689546183 0.9888526512133635
8827718.182674158 0.9886415376808773
9266292.666908925 0.9881575889807531
9952268.142250484 0.9874016767112267
11301728.093742074 0.9859183020499277
11976458.06948787 0.9851784306016302
14000647.996725256 0.9829660386434378
14675377.972471053 0.9822309707564709
15350107.948216848 0.9814970952653606
17385543.375049997 0.9792904274891427
18060273.350795794 0.9785613075571241
18735003.326541588 0.9778333631977774
20635492.75822558 0.9757892768381314
21074067.242460344 0.9753188775451618
22333563.19718583 0.9739707107977523
23008293.172931626 0.9732501350687816
23683023.148677424 0.9725307108126888
24357753.124423217 0.9718124347877586
26393188.551256366 0.9696525592915786
27742648.502747957 0.9682262985988769
30441568.40573114 0.9653872993325436
31802273.856818493 0.963962755765564
36525383.68703906 0.959052928109585
37638688.147019625 0.9579034184092124
38796974.60538324 0.9567105947156774
39168076.09204343 0.9563291007892927
39527932.07910785 0.9559594783293127
39955261.063746855 0.9555209488019019
40607500.04030112 0.954852443928738
41282230.01604692 0.9541619395858916
41956959.991792716 0.9534725025597495
42631689.96753851 0.952784129883407
43306419.94328431 0.952096818599635
43992395.41862587 0.9513991371641713
44667125.39437166 0.9507139573993452
45094454.37901066 0.9502805547915196
45533028.863245435 0.94983618506619
46219004.33858699 0.949142033492584
46893734.31433278 0.9484603160156307
47568464.29007858 0.9477796414729589
48243194.26582438 0.9471000069771589
48794223.74601678 0.9465457416467211
49232798.23025154 0.9461050850323701
49806318.709635474 0.9455295001607512
50481048.68538126 0.9448532946034509
51155778.66112706 0.944178116736621
51830508.63687286 0.9435039637225215
55890133.990943395 0.9394692839340862
57250839.44203075 0.93812511220655
57644431.92788246 0.9377370612561737
57891832.918989256 0.9374933173740223
58420371.39999013 0.9369730407122611
59095101.37573592 0.9363097446639064
59769831.35148172 0.9356474407635602
60444561.32722751 0.9349861262891951
61119291.30297331 0.9343257985276399
61794021.278719105 0.9336664547745495
62479996.75406066 0.9329971279256268
63154726.72980646 0.9323397603993122
63829456.70555225 0.9316833687765308
64504186.68129805 0.9310279503880937
65178916.657043844 0.930373502573491
65853646.63278964 0.9297200226808628
66539622.1081312 0.9290566409864441
67214352.083877 0.9284051050384359
67889082.0596228 0.9277545290647374
68563812.03536859 0.927104910447942
68957404.5212203 0.9267264073297257
69350997.00707202 0.9263482285743574
70025726.98281781 0.9257006752921809
70711702.45815937 0.9250433024249443
71386432.43390517 0.9243976605633442
71791270.41935264 0.9240107286950756
72196108.40480012 0.9236241360854343
72870838.38054591 0.9229805674749154
73545568.35629171 0.922337937157485
74220298.33203751 0.9216962425861668
74895028.3077833 0.921055481222255
75569758.28352909 0.9204156505352854
75985841.76857233 0.9200215510979631
76390679.75401981 0.9196384412119609
77751385.20510717 0.9183532040389396
78257432.68691652 0.9178761789225403
78774725.66832162 0.9173890870645234
79449455.64406742 0.9167545590733416
80124185.61981322 0.916120944891959
80798915.59555902 0.9154882420528596
81473645.5713048 0.9148564480965314
82148375.5470506 0.9142255605714393
82834351.02239215 0.9135850849532757
83509080.99813795 0.9129560179731008
84183810.97388375 0.912327850076756
84858540.94962955 0.9117005788444787
86208000.90112114 0.9104487167322723
86882730.87686694 0.9098241210519331
87557460.85261273 0.9092004124347901
88243436.32795429 0.9085672155828257
88918166.30370009 0.9079452886424688
89592896.27944587 0.9073242416066516
90267626.25519167 0.9067040721177605
90942356.23093747 0.9060847778258178
91617086.20668326 0.9054663563884564
92291816.18242906 0.9048488054708941
92977791.65777062 0.9042218520427902
93652521.63351642 0.9036060496022962
94327251.60926221 0.9029911106840371
95001981.58500801 0.902377032983442
96351441.53649959 0.901151452054225
97700901.48799118 0.8999292885267944
99061606.93907854 0.8987003820929532
99736336.91482434 0.8980922830805539
100411066.89057013 0.8974850270782995
101085796.86631593 0.8968786118479738
101760526.84206173 0.8962730351585968
102221592.32548802 0.8958597055541
102412765.81861599 0.8956884393482387
102761376.30608465 0.8953763027449717
103368633.28425586 0.894833111797581
103795962.26889487 0.894451269930136
103975890.26242709 0.8942905939974695
105730188.19936615 0.8927270869515933
106404918.17511195 0.8921272222651467
107079648.15085775 0.8915281787826946
109519921.56313837 0.8893684601756993
109688604.05707482 0.8892195641407945
110104687.54211806 0.8888525038271612
110790663.01745962 0.8882480221303739
111465392.99320541 0.8876542639466284
112477487.95682411 0.886765135601042
114501677.8840615 0.8849922849380923
118561303.23813203 0.8814582599300221
119236033.21387783 0.8808736471644183
119910763.18962362 0.8802898155562251
120585493.16536942 0.879706763066883
121260223.14111522 0.8791244876644013
121934953.11686102 0.8785429873233358
122609683.0926068 0.8779622600247668
123284413.0683526 0.8773823037562776
123970388.54369415 0.87679346989514
124645118.51943995 0.8762150624423033
125319848.49518575 0.8756374199879322
125994578.47093154 0.8750605405455114
126669308.44667734 0.8744844221349193
127344038.42242314 0.8739090627824081
128018768.39816894 0.873334460520581
128704743.8735105 0.8727510556559862
129379473.84925629 0.8721779742350279
130054203.82500207 0.8716056440080414
130728933.80074787 0.8710340630329299
131403663.77649367 0.8704632293738421
131875974.75951573 0.8700640894319509
132224585.24698439 0.8697697200340317
132786860.22677255 0.8692953485324395
133461590.20251834 0.8687267822955337
134136320.17826414 0.8681589555978981
134811050.15400994 0.8675918665349057
135497025.6293515 0.8670160802084703
136126773.60671425 0.8664881572994392
136520366.09256595 0.8661585294095797
136857731.08043885 0.8658761891989857
137352533.06265244 0.8654624202861053
137926053.54203635 0.8649833147653867
138612029.0173779 0.8644109567770035
139286758.9931237 0.8638487129144621
139961488.9688695 0.8632871923481082
140636218.9446153 0.8627263932254879
141310948.9203611 0.862166313700093
141985678.8961069 0.8616069519313418
142660408.8718527 0.8610483060845592
143335138.8475985 0.8604903743309567
144021114.32294005 0.8599238738803794
144695844.29868585 0.8593673766757464
145370574.27443165 0.8588115880829154
146045304.25017744 0.8582565062965455
146720034.22592324 0.8577021295170855
147394764.20166904 0.8571484559507528
148069494.17741483 0.8565954838095159
148744224.1531606 0.8560432113110735
149430199.62850216 0.855482449670683
150104929.60424796 0.8549315827203718
150779659.57999375 0.8543814100707745
151454389.55573955 0.8538319299624166
152129119.53148535 0.8532831406414598
152803849.50723115 0.8527350403596824
153478579.48297694 0.8521876273744606
154153309.45872274 0.8516408999487498
154828039.43446854 0.8510948563510661
155514014.9098101 0.8505404112663221
156188744.8855559 0.8499957414775402
156863474.8613017 0.8494517503269764
157538204.8370475 0.848908436105295
158212934.81279328 0.8483657971086287
158887664.78853908 0.8478238316385598
159562394.76428488 0.8472825380021025
160248370.23962644 0.846732909788215
160923100.21537223 0.846192965888501
161597830.19111803 0.8456536887479471
162272560.16686383 0.8451150766952018
162947290.1426096 0.844577128064255
163622020.1183554 0.8440398411944193
164296750.0941012 0.8435032144303133
164971480.069847 0.8429672461218436
165646210.04559278 0.8424319346241864
166332185.52093434 0.8418883729004385
167006915.49668014 0.8413543809893936
167681645.47242594 0.8408210409590283
168356375.44817173 0.8402883511855104
169031105.42391753 0.8397563100501907
169705835.39966333 0.8392249159395851
170290601.378643 0.8387648965048853
170875367.3576227 0.8383053608056688
171268959.84347442 0.8379963297783845
171392660.33902782 0.8378992508541103
172483473.79981685 0.8370441234056949
173158203.77556264 0.8365160148467568
173832933.75130844 0.8359885435547965
174507663.72705424 0.8354617079525941
175182393.70280004 0.8349355064679559
175857123.67854583 0.8344099375336983
176543099.1538874 0.8338762559588603
177217829.1296332 0.8333519579211219
177892559.105379 0.8328282877362786
178567289.08112478 0.8323052438571021
179242019.05687058 0.8317828247412916
179916749.03261638 0.8312610288514566
180591479.00836217 0.8307398546550996
181277454.48370373 0.830210629969597
181952184.45944953 0.8296907048800447
183121716.41740888 0.8287909623563463
183627763.89921823 0.828402223382852
184302493.87496403 0.8278844413243912
184977223.85070983 0.8273672711163437
185651953.82645562 0.8268507112623995
186326683.80220142 0.8263347602710054
187001413.77794722 0.8258194166553493
187676143.753693 0.8253046789333439
188215927.73428965 0.8248933240062124
188497065.22418374 0.824679229599945
188924394.20882273 0.8243540064398989
189599124.18456852 0.8238409874254013
190273854.16031432 0.8233285686423468
190948584.13606012 0.8228167486313416
191623314.11180592 0.8223055259376261
192298044.0875517 0.8217948991110584
192972774.0632975 0.8212848667060993
193647504.0390433 0.8207754272817973
194333479.51438487 0.820258103607306
195008209.49013066 0.8197498556628384
195682939.46587646 0.8192421963797945
196357669.44162226 0.8187351243354942
197032399.41736805 0.8182286381117694
197707129.39311385 0.8177227362949473
198381859.36885965 0.8172174174758365
199056589.34460545 0.8167126802497117
199742564.819947 0.8162001255066409
200417294.7956928 0.8156965569049156
201092024.77143857 0.8151935656854951
201766754.74718437 0.8146911504614429
202441484.72293016 0.8141893098502149
203116214.69867596 0.8136880424736437
203790944.67442176 0.8131873469579249
204465674.65016755 0.8126872219336022
205151650.1255091 0.8121793449179265
205826380.1012549 0.8116803662365991
206501110.0770007 0.8111819539416699
207175840.0527465 0.8106841066810014
209200029.9799839 0.8091939416472382
210549489.9314755 0.808203298865271
212584925.35830864 0.8067132907470356
213259655.33405444 0.8062204778558416
213934385.30980024 0.8057282166885685
214384205.29363075 0.8054003484453278
214834025.2774613 0.8050727244463846
215508755.2532071 0.8045817455638943
218893650.63153183 0.8021269031845678
219568380.6072776 0.8016391983301518
220243110.5830234 0.8011520331498988
220917840.5587692 0.8006654063760009
221603816.03411075 0.8001712197943986
222278546.00985655 0.7996856749664787
222953275.98560235 0.7992006647445064
223628005.96134815 0.7987161878766381
224224017.4399236 0.7982886759591921
224561382.4277965 0.7980468717762257
224988711.4124355 0.7977407768077265
225663441.3881813 0.7972579013470126
226338171.3639271 0.7967755542517435
226731763.8497788 0.796494428624769
226844218.84573644 0.7964141399287227
227249056.8311839 0.7961252216108036
227822577.31056786 0.7957162444219557
228396097.78995177 0.7953076461380707
229070827.76569757 0.7948274263622764
229745557.74144337 0.7943477287688101
230420287.71718916 0.7938685521449118
231095017.69293496 0.7933898952816334
231691029.1715104 0.7929675130952873
232129603.65574518 0.7926569614929333
232646896.6371503 0.7922909504389244
233321626.61289608 0.7918140002557248
233996356.58864188 0.7913375646777936
234671086.56438768 0.7908616425161713
235345816.54013348 0.7903862325856301
236031792.01547503 0.7899034230463254
236706521.99122083 0.7894290425250358
237381251.96696663 0.7889551706818754
238055981.94271243 0.7884818063464825
238730711.9184582 0.7880089483521648
239405441.894204 0.7875365955358884
240080171.8699498 0.7870647467382645
240754901.84569559 0.7865934008035382
241429631.82144138 0.786122556579576
242104361.79718718 0.7856522129178537
242779091.77293298 0.7851823686734443
243465067.24827453 0.7847052044872191
243993605.7292754 0.784337903924256
244285988.71876526 0.7841348472254819
244510898.7106805 0.7839787131142121
244848263.6985534 0.7837446151347693
245388047.67915004 0.7833703156038994
246062777.65489584 0.7829028856293901
246737507.63064164 0.7824359484271186
247423483.1059832 0.7819617329430444
248098213.081729 0.7814957860932471
248772943.0574748 0.78103032864602
249447673.0332206 0.7805653594913521
250122403.0089664 0.780100877522702
250797132.98471218 0.7796368816369857
251471862.96045798 0.7791733707345654
252146592.93620378 0.778710343719238
252832568.41154534 0.7782400945120048
253507298.38729113 0.7777780400151406
254182028.36303693 0.7773164661191824
254856758.33878273 0.7768553717416081
255531488.31452852 0.7763947558032732
256206218.29027432 0.7759346172283995
256880948.26602012 0.7754749549445644
257555678.24176592 0.7750157678826889
258230408.21751168 0.7745570549770273
258916383.69285324 0.7740911818370769
259591113.66859904 0.7736334219181725
260265843.64434484 0.7731761329605623
260940573.62009063 0.7727193139117768
261615303.59583643 0.7722629637226238
262301279.071178 0.7717994872650662
262976009.0469238 0.7713440794313603
263650739.02266958 0.7708891373119716
264325468.99841538 0.7704346598707643
265000198.97416118 0.7699806460748252
265674928.94990698 0.7695270948944543
266349658.92565277 0.7690740053031536
267024388.90139857 0.7686213762776161
269059824.3282317 0.7672587253899646
269734554.3039775 0.7668079360577273
270409284.2797233 0.7663576022054537
271084014.2554691 0.7659077228288151
271758744.2312149 0.765458296926601
272433474.2069607 0.7650093235007075
273108204.1827065 0.764560801556128
273794179.65804803 0.7641052660543662
274468909.63379383 0.7636576515830467
275143639.6095396 0.7632104856100962
275818369.5852854 0.7627637671528439
276493099.5610312 0.7623174952316648
277167829.536777 0.761871668869969
277842559.5125228 0.7614262870941925
278528534.9878644 0.760973937050673
279203264.9636102 0.7605294489073772
279877994.93935597 0.7600854024313094
280552724.91510177 0.7596417966609564
281227454.89084756 0.7591986306377806
281902184.86659336 0.7587559034062094
282520687.34436035 0.758350454763184
283296626.816468 0.7578423201874439
283971356.7922138 0.7574009326560072
284657332.26755536 0.7569526345301136
285332062.24330115 0.7565121231551907
286006792.21904695 0.7560720448221274
286681522.19479275 0.7556323985960763
287356252.17053854 0.7551931835450766
288030982.14628434 0.7547543987400442
288705712.12203014 0.7543160432547634
289380442.09777594 0.753878116165876
290066417.5731175 0.7534333285090958
290741147.5488633 0.7529962625558504
291415877.5246091 0.752559622230754
292090607.5003549 0.7521234066218331
292765337.4761007 0.751687614819925
293440067.4518465 0.7512522459186678
294114797.4275923 0.7508172990144926
294800772.90293384 0.7503755346723178
295475502.87867963 0.7499414360584326
296150232.85442543 0.7495077567326839
296824962.8301712 0.7490744958026242
297499692.805917 0.7486416523785521
298174422.78166276 0.7482092255735029
298849152.75740856 0.7477772145032392
299523882.73315436 0.7473456182862429
300198612.70890015 0.7469144360437053
300884588.1842417 0.746476490908665
301559318.1599875 0.7460461408524433
304932968.0387165 0.7439005433466116
305607698.0144623 0.7434726483615895
306282427.9902081 0.7430451595479823
306968403.46554965 0.7426109614245053
307643133.44129544 0.7421842891338438
308272881.4186582 0.7417864258242158
308902629.39602095 0.7413889134160427
309588604.8713625 0.7409563073223354
310263334.8471083 0.7405311976609568
310938064.8228541 0.7401064883439838
311612794.7985999 0.7396821785371069
312287524.7743457 0.7392582674085693
312962254.7500915 0.7388347541291589
313636984.7258373 0.7384116378721998
314311714.7015831 0.7379889178135433
314997690.17692465 0.7375595577319112
315672420.15267044 0.7371376341765177
316347150.12841624 0.736716104348475
317021880.10416204 0.7362949674337035
317696610.07990783 0.7358742226206093
318292621.55848324 0.7355028902078181
318888633.0370587 0.7351318625558052
319563363.0128045 0.7347121983489798
320238092.9885503 0.7342929232090032
320912822.9642961 0.7338740363360181
321587552.9400419 0.7334555369326062
322273528.41538346 0.7330304589297755
322948258.39112926 0.7326127385076359
323622988.36687505 0.7321954031642177
324297718.34262085 0.7317784521118171
324972448.31836665 0.7313618845651286
325647178.29411244 0.7309456997412376
326321908.26985824 0.7305298968596117
326962901.74681675 0.7301352371873078
327603895.2237752 0.7297409208503997
328289870.69911677 0.7293193127610882
328964600.67486256 0.728904998349654
329639330.65060836 0.72849106207726
330314060.62635416 0.7280775031773102
330988790.60209996 0.7276643208855373
331663520.57784575 0.7272515144399951
332338250.55359155 0.7268390830810503
333012980.52933735 0.7264270260513749
333631483.00710434 0.7260496353004816
334238739.98527557 0.7256794110357772
334913469.96102136 0.7252684043159364
335599445.4363629 0.7248509282777903
336274175.4121087 0.7244406699035837
336948905.3878545 0.7240307814864547
337623635.3636003 0.723621262284627
338298365.3393461 0.7232121115585697
338973095.3150919 0.7228033285709917
339647825.2908377 0.7223949125868327
340333800.76617926 0.7219800651436592
341008530.74192506 0.721572387056203
341683260.71767086 0.7211650737681797
342357990.69341666 0.7207581245534181
343032720.66916245 0.7203515386879422
343707450.64490825 0.7199453154499627
344382180.62065405 0.7195394541198712
345056910.59639984 0.7191339539802315
345742886.0717414 0.7187220650379946
346417616.04748714 0.7183172911256127
347092346.02323294 0.7179128762525105
347767075.99897873 0.7175088197099078
348441805.97472453 0.7171051207911617
349116535.9504703 0.7167017787917599
349791265.9262161 0.7162987930093121
350465995.9019619 0.715896162743545
351151971.3773035 0.7154871857076401
351826701.3530493 0.7150852702789974
352501431.3287951 0.7146837082672914
353176161.3045409 0.7142824989806775
353850891.28028667 0.7138816417293921
354525621.25603247 0.7134811358257453
355200351.23177826 0.7130809805841153
355886326.7071198 0.7126745148610987
356561056.6828656 0.7122750647107245
357235786.6586114 0.7118759631665297
357910516.6343572 0.7114772095511271
358585246.610103 0.7110788031891635
359259976.5858488 0.7106807434073116
359934706.5615946 0.7102830295342645
360609436.5373404 0.709885660900728
361295412.01268196 0.7094820226872272
361970141.98842776 0.7090853482590074
362644871.96417356 0.7086890170633913
363319601.93991935 0.7082930284391046
363994331.91566515 0.7078973817268531
364669061.89141095 0.7075020762693158
365343791.86715674 0.7071071114111387
366018521.84290254 0.7067124864989288
366704497.3182441 0.7063116323251619
368053957.2697357 0.7055240876437622
368728687.2454815 0.7051308216375418
369403417.2212273 0.7047378923287908
370078147.1969731 0.7043452990757754
370752877.1727189 0.7039530412386771
371427607.1484647 0.703561118179587
372113582.62380624 0.7031630056078583
372788312.59955204 0.7027717557517649
373463042.57529783 0.702380838760823
374137772.55104357 0.7019902540047285
374812502.52678937 0.7016000008550548
375487232.50253516 0.7012100786852474
376173207.9778767 0.700813996468999
376847937.9536225 0.7004247398769877
377522667.9293683 0.700035812386012
378872127.8808599 0.699258942232609
379546857.8566057 0.6988709983374989
380221587.8323515 0.6984833810780464
380907563.30769306 0.6980896377472227
381582293.28343886 0.697702677343991
382257023.25918466 0.6973160417364214
382931753.23493046 0.6969297303182025
383606483.21067625 0.6965437424848219
384281213.18642205 0.6961580776335594
384955943.16216785 0.6957727351634818
385630673.13791364 0.6953877144754367
386316648.6132552 0.6949966060314094
386991378.589001 0.69461223245518
387666108.5647468 0.6942281788642689
388340838.5404926 0.6938444446666177
389015568.5162384 0.6934610292719191
389690298.4919842 0.693077932091612
390365028.46773 0.6926951525388747
391039758.4434758 0.6923126900286203
391714488.4192216 0.6919305439774902
392400463.89456314 0.6915423526405006
393075193.87030894 0.6911608430144851
393749923.84605473 0.6907796480982102
394424653.82180053 0.6903987673152033
395099383.7975463 0.6900182000906915
395774113.7732921 0.6896379458515963
396448843.7490379 0.689258004026529
397123573.7247837 0.6888783740457834
397809549.2001253 0.6884927359968984
398484279.1758711 0.6881137331760951
399159009.1516169 0.6877350404911438
399833739.12736267 0.6873566573790443
400508469.10310847 0.6869785832784526
401183199.07885426 0.6866008176296747
401857929.05460006 0.6862233598746615
402532659.0303458 0.6858462094570036
403218634.50568736 0.6854630876906512
403893364.48143315 0.685086555384152
404568094.45717895 0.6847103287463832
405242824.43292475 0.684334407227466
405917554.40867054 0.6839587902791343
406592284.38441634 0.6835834773547288
407267014.36016214 0.6832084679091924
407952989.8355037 0.6828275188540105
408627719.8112495 0.6824531197727327
409302449.7869953 0.6820790225357202
409977179.7627411 0.681705226604297
410651909.7384869 0.6813317314413632
411191693.71908355 0.6810331515043998
411742723.1992759 0.6807285490634742
412417453.1750217 0.680355838381388
413092183.1507675 0.6799834265383522
413766913.1265133 0.6796113130044741
414441643.1022591 0.6792394972514075
415127618.57760066 0.678861789292772
417826538.48058385 0.677378697066144
418501268.45632964 0.6770086618949812
420536703.8831628 0.6758941689257829
421211433.8589086 0.6755253120023487
421886163.8346544 0.6751567471315297
422560893.8104002 0.6747884738031981
423235623.786146 0.6744204915087075
423910353.7618918 0.6740527997408887
424596329.23723334 0.6736792770858454
425271059.21297914 0.6733121696767607
425945789.18872494 0.6729453512732851
426620519.16447073 0.6725788213741328
427295249.1402165 0.6722125794794702
427969979.1159623 0.671846625090912
428644709.0917081 0.6714809577115155
429319439.0674539 0.6711155768457772
430005414.5427955 0.6707443995059378
430680144.5185413 0.6703795949413501
431354874.4942871 0.6700150754043169
432029604.4700329 0.6696508404050642
432704334.44577867 0.6692868894552328
433379064.42152447 0.6689232220678744
434053794.39727026 0.6685598377574451
434728524.37301606 0.6681967360398032
435403254.34876186 0.6678339164322022
436089229.8241034 0.6674653385369255
436763959.7998492 0.6671030863884853
437438689.775595 0.6667411149022162
438113419.75134075 0.666379423600935
438788149.72708654 0.6660180120088318
439237969.7109171 0.6657772261070695
439440388.7036408 0.6656689129029297
439867717.68827987 0.6654403340728637
440553693.1636214 0.6650736384215389
441026004.14664346 0.6648213265098075
441509560.62926126 0.664563148126811
442116817.6074325 0.6642391258512959
442712829.08600795 0.6639213220985887
443387559.06175375 0.6635618046209638
444062289.03749955 0.6632025631800943
444737019.01324534 0.6628435973120868
445411748.98899114 0.6624849065543776
446097724.4643327 0.6621205191681853
446772454.4400785 0.6617623818146106
447447184.4158243 0.661404518183948
448121914.3915701 0.6610469278189314
448796644.3673159 0.6606896102636038
449471374.3430617 0.660332565063312
450146104.3188075 0.6599757917647018
450820834.2945533 0.6596192899157148
451405600.2735329 0.6593105408707285
451731719.76181006 0.659138442208297
452159048.7464491 0.6589130292219354
452743814.72542876 0.6586047448938205
453081179.71330166 0.6584269807240543
453249862.20723814 0.6583381239080967
453665945.69228137 0.6581190157336142
454351921.1676229 0.6577580067264928
455026651.1433687 0.657403186801874
455701381.1191145 0.6570486350951736
456376111.0948603 0.656694351164838
457050841.0706061 0.6563403345705701
457725571.0463519 0.6559865848733258
458400301.0220977 0.6556331016353093
459075030.9978435 0.6552798844199691
459761006.47318506 0.6549210525125022
460435736.44893086 0.6545683704533682
461110466.42467666 0.6542159531074779
461785196.40042245 0.6538638000432372
462459926.37616825 0.6535119108302759
463134656.35191405 0.6531602850394442
463809386.32765985 0.6528089222428081
464484116.30340564 0.6524578220136453
465147600.7795556 0.6521128290820887
465698630.25974804 0.6518265019137152
466260905.2395362 0.6515345110302142
466935635.215282 0.6511843612234469
467610365.1910278 0.6508344720227127
468285095.1667736 0.6504848430080442
468959825.1425194 0.65013547376066
469634555.1182652 0.6497863638629604
470309285.094011 0.6494375128985246
470939033.0713737 0.6491121519140592
471557535.5491407 0.6487928198231191
472243511.02448225 0.6484389048043737
472918241.00022805 0.648091051152056
473592970.97597384 0.6477434544231145
474267700.95171964 0.6473961142079634
474942430.92746544 0.6470490300981687
475617160.90321124 0.6467022016864458
476291890.87895703 0.646355628566653
476977866.3542986 0.6460035405204003
477652596.3300444 0.6456574810085752
478327326.3057902 0.6453116755703857
479002056.281536 0.6449661238042506
479676786.2572818 0.6446208253097149
480351516.2330276 0.6442757796874455
481026246.2087734 0.6439309865392284
481700976.1845192 0.6435864454679641
482386951.65986073 0.6432364200512058
483061681.6356065 0.6428923861317523
483736411.6113523 0.6425486030980527
484411141.5870981 0.6422050705574497
485085871.5628439 0.6418617881183819
485760601.5385897 0.6415187553903818
486165439.5240372 0.6413130554528678
486559032.0098889 0.6411131553733882
487233761.9856347 0.6407706664962314
487919737.46097624 0.6404227241906327
488594467.43672204 0.640080736009736
489269197.41246784 0.6397389955269595
489943927.38821363 0.639397502358534
490618657.36395943 0.6390562561217583
491293387.3397052 0.6387152564349956
491968117.315451 0.6383745029176694
492642847.2911968 0.6380339951902607
493317577.2669426 0.637693732874305
493992307.2426884 0.6373537155923875
494678282.71803 0.6370082821617251
495353012.6937758 0.6366687578880239
496027742.6695216 0.6363294775161569
496702472.64526737 0.6359904406728947
497377202.62101316 0.6356516469860409
497905741.102014 0.6353864281954409
498434279.5830149 0.6351213582025779
499109009.5587607 0.6347831869207164
499783739.5345065 0.6344452574761293
500458469.5102523 0.6341075695012972
501133199.4859981 0.6337701226297154
501819174.96133965 0.6334272984311665
502493904.93708545 0.6330903366737526
503168634.91283125 0.6327536149200809
503843364.88857704 0.6324171328076899
504518094.86432284 0.6320808899751158
505192824.84006864 0.6317448860618906
505867554.81581444 0.6314091207085376
506553530.291156 0.631068003453427
507228260.26690173 0.6307327181063814
507902990.2426475 0.6303976702407634
508577720.2183933 0.6300628595010481
509252450.1941391 0.629728285532686
509927180.1698849 0.6293939479821004
510601910.1456307 0.6290598464966837
511276640.1213765 0.6287259807247951
511962615.5967181 0.6283867918009926
512637345.57246387 0.6280534003190141
513312075.54820967 0.6277202434956021
513986805.52395546 0.6273873209829647
514661535.49970126 0.6270546324342611
515336265.47544706 0.6267221775035978
516010995.45119286 0.6263899558460262
516696970.9265344 0.6260524359435351
517371700.9022802 0.6257206836745937
518046430.878026 0.6253891636438383
518721160.8537718 0.6250578755100825
519395890.8295176 0.624726818933069
519901938.311327 0.6244786782552573
520419231.29273206 0.6242251576186733
521093961.26847786 0.623894682293271
521768691.24422365 0.6235644373353748
522443421.21996945 0.6232344224088863
523118151.19571525 0.6229046371786198
523792881.17146105 0.6225750813102994
524467611.14720684 0.6222457544705561
525153586.6225484 0.6219111732935382
525828316.5982942 0.6215823073177246
526503046.57404 0.6212536693702874
527177776.5497858 0.6209252591214695
527852506.5255316 0.6205970762424059
528527236.5012774 0.6202691204051209
529201966.4770232 0.6199413912825251
529876696.452769 0.6196138885484117
530562671.92811054 0.6192811591796812
531912131.87960213 0.6186272902440725
532586861.85534793 0.6183006935682063
533261591.8310937 0.6179743216575857
533936321.8068395 0.6176481741912591
534611051.7825853 0.6173222508491383
535285781.75833106 0.6169965513119962
535960511.73407686 0.6166710752614629
537321217.1851642 0.6160153770701238
537995947.16091 0.6156905732840104
538670677.1366558 0.6153659917143091
539345407.1124016 0.615041632046912
540020137.0881474 0.6147174939685527
540694867.0638932 0.6143935771668035
541099705.0493407 0.61419933316887
541493297.5351924 0.6140105610373593
542168027.5109382 0.6136871262745254
542842757.486684 0.6133639117992922
543517487.4624298 0.61304091730271
544192217.4381756 0.612718142476655
544866947.4139214 0.612395587013824
545541677.3896672 0.6120732506077335
546227652.8650087 0.6117457661767036
546902382.8407545 0.6114238706061003
547577112.8165003 0.6111021931726156
548251842.7922461 0.6107807335730306
548926572.7679919 0.6104594915049317
549601302.7437377 0.610138466666709
550264787.2198877 0.6098230037800525
550928271.6960378 0.609507750366485
551603001.6717836 0.6091873682100445
555314016.5383855 0.6074291201263275
555988746.5141312 0.6071101369391226
556663476.489877 0.6067913678725139
557349451.9652185 0.6064675051898797
558024181.9409643 0.6061491670439619
558698911.9167101 0.6058310421383667
559373641.8924559 0.6055131301828334
560048371.8682017 0.6051954308878658
560723101.8439475 0.6048779439647293
561397831.8196933 0.6045606691254486
562072561.7954391 0.6042436060828053
562758537.2707807 0.6039214754817933
563433267.2465265 0.6036048386917754
564107997.2222723 0.6032884128365124
564782727.1980181 0.6029721976318011
565457457.1737639 0.602656192794183
566132187.1495097 0.6023403980409417
566806917.1252555 0.6020248130901008
567481647.1010013 0.6017094376604208
568167622.5763428 0.6013890204727199
568842352.5520886 0.6010740667248983
569517082.5278344 0.6007593216542768
570191812.5035802 0.6004447849825545
570866542.479326 0.6001304564321565
572216002.4308176 0.5995024225886452
572890732.4065634 0.5991887167439885
573576707.881905 0.5988699946894669
574251437.8576508 0.5985567060507129
574926167.8333966 0.5982436238783901
575600897.8091424 0.5979307478999493
575994490.2949941 0.5977483320258739
576388082.7808458 0.597565986168631
577062812.7565916 0.5972535560119712
577737542.7323374 0.5969413311907744
578423518.2076789 0.5966241128419978
579098248.1834247 0.5963123012945782
579772978.1591705 0.596000694271394
580447708.1349163 0.5956892915049242
581122438.1106621 0.59537809272834
581797168.0864079 0.5950670976755003
582471898.0621537 0.5947563060809508
583146628.0378995 0.5944457176799217
583821358.0136453 0.5941353322083249
584507333.4889868 0.5938199814048607
585508182.9530098 0.5933602546186516
585935511.9376488 0.5931641022301384
586610241.9133946 0.5928545527465581
587284971.8891404 0.5925452048474142
587959701.8648862 0.5922360582727545
588634431.840632 0.5919271127632931
589309161.8163778 0.5916183680604088
589983891.7921236 0.5913098239061427
590658621.7678694 0.5910014800431961
591344597.2432109 0.5906882021777363
592019327.2189567 0.5903802614556422
592694057.1947025 0.5900725202526611
593368787.1704483 0.5897649783141248
594043517.1461941 0.5894576353860145
594718247.1219399 0.5891504912149593
595392977.0976857 0.5888435455482335
596067707.0734315 0.5885367981337547
596753682.548773 0.5882251412392651
597428412.5245188 0.5879187928693091
598103142.5002646 0.5876126419950294
598789117.9756062 0.5873015908094666
599463847.951352 0.586995837459799
600149823.4266936 0.5866851899103922
600824553.4024394 0.5863798330757405
601510528.8777809 0.5860695881386891
602185258.8535267 0.5857646268146075
602871234.3288683 0.585454783471331
603557209.8042098 0.5851451421998772
604231939.7799556 0.5848407738955949
604917915.2552972 0.5845315326955918
605592645.231043 0.584227557408995
606278620.7063845 0.5839187152747856
606953350.6821303 0.5836151320192171
607639326.1574719 0.5833066879502469
608314056.1332177 0.5830034957440523
609000031.6085593 0.5826954487448366
609674761.584305 0.5823926466113324
610360737.0596466 0.5820849956914244
611046712.5349882 0.5817775440739276
611721442.510734 0.5814753268328224
612407417.9860755 0.5811682698142848
613082147.9618213 0.5808664402217231
613768123.4371629 0.5805597768241698
614442853.4129087 0.5802583339206346
615128828.8882502 0.5799520631710151
615803558.863996 0.5796510060018181
616489534.3393376 0.5793451269319749
617164264.3150834 0.5790444545472246
617850239.790425 0.5787389661938618
618536215.2657665 0.578433674449575
619210945.2415123 0.5781335790530852
619896920.7168539 0.577828676585441
620571650.6925997 0.5775289636155893
621257626.1679412 0.577224449473329
621932356.143687 0.5769251179967921
622618331.6190286 0.5766209912334095
623293061.5947744 0.5763220403215247
623979037.0701159 0.5760182999952366
624653767.0458617 0.5757197287239704
625339742.5212033 0.5754163738976851
626014472.4969491 0.5751181813476048
626700447.9722906 0.5748152110888931
627375177.9480364 0.574517396345137
628049907.9237822 0.5742197686054618
628724637.899528 0.5739223276465845
629399367.8752738 0.5736250732457725
630074097.8510196 0.5733280051808399
630748827.8267654 0.5730311232301472
631423557.8025112 0.5727344271725985
632109533.2778528 0.5724329765196969
632660562.7580452 0.5721909664746604
633211592.2382375 0.5719490799941748
633886322.2139833 0.571653060578979
634561052.1897291 0.5713572260359298
635247027.6650707 0.5710566502120143
635921757.6408165 0.5707611878317316
636596487.6165622 0.5704659096674178
637574846.0813937 0.5700380831007551
637990929.5664369 0.5698562509585849
638665659.5421827 0.569561536375808
639351635.0175242 0.569262097830049
639891418.9981209 0.5690266071355862
640442448.4783133 0.5687863311566428
641117178.4540591 0.5684922816817005
641510770.9399108 0.568320837143477
641904363.4257625 0.5681494546851248
642579093.4015083 0.5678558004944941
643253823.3772541 0.5675623284070588
643928553.3529999 0.5672690382114994
644603283.3287457 0.5669759296970085
645289258.8040873 0.5666781220721574
645963988.7798331 0.5663853793086583
646638718.7555789 0.5660928175933717
647313448.7313247 0.5658004367175273
647988178.7070705 0.5655082364728578
648662908.6828163 0.5652162166515976
649337638.6585621 0.5649243770464814
650012368.6343079 0.5646327174507417
650698344.1096494 0.5643363811837241
651373074.0853952 0.564045083979971
652047804.061141 0.5637539661648513
652722534.0368868 0.5634630275335839
653397264.0126326 0.563172267881879
654071993.9883784 0.5628816870059351
654746723.9641242 0.5625912847024385
655421453.93987 0.5623010607685616
656096183.9156158 0.5620110150019609
656782159.3909574 0.5617163175773713
657456889.3667032 0.5614266305012536
658131619.342449 0.5611371209849291
658806349.3181947 0.5608477888279845
659481079.2939405 0.5605586338304835
660155809.2696863 0.5602696557929656
660830539.2454321 0.559980854516443
661505269.2211779 0.5596922298024011
662191244.6965195 0.559398975473375
662865974.6722653 0.559110706225074
663540704.6480111 0.5588226129432464
664215434.6237569 0.5585346954312588
664890164.5995027 0.5582469534929434
665564894.5752485 0.5579593869325952
666914354.5267401 0.5573847791652894
667589084.5024859 0.557097737569226
668275059.9778274 0.5568060909344557
668949789.9535732 0.556519401249624
669624519.929319 0.556232885774968
670299249.9050648 0.5559465443179934
670973979.8808106 0.5556603766866572
671648709.8565564 0.5553743826893679
672323439.8323022 0.5550885621349818
672998169.8080479 0.5548029148328034
673684145.2833894 0.554512684153717
674358875.2591352 0.5542273856652469
675033605.234881 0.5539422598564159
675708335.2106268 0.553657306538312
676383065.1863726 0.5533725255224635
677057795.1621184 0.5530879166208377
677732525.1378642 0.5528034796458394
678418500.6132058 0.552514478110336
679093230.5889516 0.5522303872851857
679767960.5646974 0.5519464678233901
680442690.5404432 0.5516627195390986
681117420.516189 0.5513791422468916
681792150.4919348 0.5510957357617793
682466880.4676806 0.5508124998991994
683152855.9430221 0.5505247181608929
683827585.9187679 0.5502418258274231
684502315.8945137 0.5499591035623049
685177045.8702595 0.5496765511826828
685851775.8460053 0.5493941685061229
686526505.8217511 0.5491119553506109
687201235.7974969 0.5488299115345524
687875965.7732427 0.5485480368767693
688561941.2485843 0.5482616375324171
689236671.2243301 0.5479801034610772
689911401.2000759 0.5476987380039771
690586131.1758217 0.5474175409816034
691260861.1515675 0.5471365122148535
691935591.1273133 0.5468556515250346
692610321.103059 0.5465749587338621
693285051.0788049 0.5462944336634589
693971026.5541464 0.5460094049293568
694645756.5298922 0.5457292175564218
695320486.505638 0.5454491973701134
695995216.4813838 0.545169344194177
696669946.4571296 0.5448896578527588
697344676.4328754 0.5446101381704044
698019406.4086212 0.5443307849720577
698694136.384367 0.54405159808306
699380111.8597085 0.543767928389792
700054841.8354543 0.5434890763616467
701404301.7869459 0.5429318694868411
702079031.7626917 0.5426535142944189
702753761.7384375 0.5423753243687923
703428491.7141833 0.5420972995380537
704103221.6899291 0.5418194396306828
704777951.6656749 0.5415417444755452
705463927.1410165 0.5412595897857303
706138657.1167623 0.5409822263619383
706813387.0925081 0.5407050271764503
707488117.0682539 0.540427992059671
708162847.0439997 0.5401511208423837
708837577.0197455 0.5398744133557519
709512306.9954913 0.5395978694313159
710187036.9712371 0.5393214889009925
710873012.4465786 0.539040669357279
711547742.4223244 0.5387646178286675
712222472.3980702 0.5384887291893874
712897202.373816 0.5382130032728559
713571932.3495618 0.537937439912861
714246662.3253076 0.5376620389435603
714921392.3010534 0.5373868001994794
715596122.2767992 0.5371117235155113
716270852.252545 0.5368368087269153
716956827.7278866 0.5365574778209746
717631557.7036324 0.5362828890217534
718306287.6793782 0.5360084616231416
718981017.655124 0.5357341954618571
719655747.6308697 0.5354600903749782
720330477.6066155 0.5351861461999422
721005207.5823613 0.5349123627745449
721691183.0577029 0.5346341809159273
722365913.0334487 0.5343607211770265
723040643.0091945 0.5340874217006064
723715372.9849403 0.5338142823258899
724390102.9606861 0.5335413028924524
725064832.9364319 0.5332684832402212
725739562.9121777 0.5329958232094738
726425538.3875192 0.5327187823147853
727100268.363265 0.5324464437029401
727774998.3390108 0.5321742642328611
728449728.3147566 0.5319022437462224
729124458.2905024 0.531630382085043
729765451.7674608 0.5313722604754227
730406445.2444193 0.5311142819286423
731081175.2201651 0.5308428799710851
731755905.1959109 0.5305716362261383
732430635.1716567 0.5303005505374961
733105365.1474025 0.5300296227491915
733780095.1231483 0.5297588527055951
734454825.0988941 0.5294882402514145
735140800.5742357 0.529213278980969
735815530.5499815 0.5289429838611059
736490260.5257273 0.5286728458642214
737164990.5014731 0.5284028648363649
737839720.4772189 0.5281330406239171
738514450.4529647 0.5278633730735889
739189180.4287105 0.5275938620324213
739863910.4044563 0.5273245073477829
740549885.8797978 0.5270508235485611
741224615.8555436 0.5267817837199822
741899345.8312894 0.5265128997894755
743248805.782781 0.5259755990177132
743822326.262165 0.5257474345425133
744148445.750442 0.5256177440111596
744564529.2354853 0.5254523294330512
745239259.2112311 0.5251842149758512
745913989.1869769 0.5249162555211001
746588719.1627227 0.5246484509193856
747274694.6380643 0.5243763414998214
750648344.5167933 0.5230404202224922
751323074.492539 0.522773697997384
751997804.4682848 0.5225071294389146
752672534.4440306 0.5222407144004995
753358509.9193722 0.521970016340037
754033239.895118 0.5217039104557721
754707969.8708638 0.5214379576512311
755382699.8466096 0.521172157781064
756057429.8223554 0.5209065107002254
756732159.7981012 0.5206410162639747
757406889.773847 0.5203756743278739
758092865.2491885 0.5201060662114269
758767595.2249343 0.5198410313791729
759442325.2006801 0.5195761486131754
760117055.1764259 0.5193114177702047
760791785.1521717 0.5190468387073298
761466515.1279175 0.5187824112819177
762141245.1036633 0.5185181353516314
762815975.0794091 0.51825401077443
763490705.0551549 0.5179900374085679
764165435.0309007 0.5177262151125926
764851410.5062423 0.5174581505004574
765526140.4819881 0.5171946324330114
766200870.4577339 0.5169312650105109
766875600.4334797 0.5166680480926761
767550330.4092255 0.5164049815395163
768225060.3849713 0.5161420652113292
768899790.360717 0.515879298968701
769574520.3364629 0.515616682672504
770249250.3122087 0.5153542161838971
770935225.7875502 0.5150875286845723
771609955.763296 0.51482536388677
772284685.7390418 0.5145633484794434
772959415.7147876 0.514301482324891
773634145.6905334 0.5140397652856932
774308875.6662792 0.5137781972247109
774983605.642025 0.5135167780050849
775658335.6177708 0.5132555074902356
776051928.1036224 0.5131031683083849
776456766.08907 0.5129465292918357
777131496.0648158 0.5126855829757949
777806226.0405616 0.5124247849315996
778480956.0163074 0.5121641350238284
779155685.9920532 0.5119036331173342
779830415.967799 0.5116432790772444
780505145.9435447 0.5113830727689587
781191121.4188863 0.5111186809960173
781865851.3946321 0.5108587722052176
782540581.3703779 0.5105990107418249
783215311.3461237 0.5103393964723274
783890041.3218695 0.5100799292634826
784564771.2976153 0.5098206089823158
785239501.2733611 0.5095614354961203
785925476.7487026 0.5092980928005314
786600206.7244484 0.5090392149482754
787274936.7001941 0.5087804834922679
787949666.6759399 0.5085218983008674
788624396.6516857 0.508263459242695
789299126.6274315 0.5080051661866353
789973856.6031773 0.5077470190018332
790648586.5789231 0.5074890175576955
791323316.5546689 0.5072311617238888
792009292.0300105 0.5069691574295813
792684022.0057563 0.5067115948478815
793358751.981502 0.5064541774849081
794033481.9572479 0.5061969052113641
794708211.9329937 0.505939777898209
795416678.4075267 0.5056699500921034
795844007.3921658 0.5055072739530886
796518737.3679116 0.5052505349812519
797193467.3436574 0.5049939404967019
797868197.3194032 0.5047374903715873
798542927.295149 0.5044811844783091
799217657.2708948 0.504225022689519
799892387.2466406 0.5039690048781189
800578362.7219821 0.5037088675692588
801253092.6977279 0.5034531397266705
801927822.6734737 0.5031975554795691
802602552.6492195 0.5029421147018543
803277282.6249653 0.5026868172676726
803952012.6007111 0.502431663051416
804626742.5764569 0.5021766519277219
805312718.0517985 0.5019175371794077
805987448.0275443 0.5016628142453792
806662178.00329 0.5014082340272125
807336907.9790359 0.5011537964005217
808011637.9547817 0.5008995012411624
808686367.9305274 0.5006453484252307
809361097.9062732 0.5003913378290624
810035827.882019 0.5001374693292331
810710557.8577648 0.4998837428025565
811396533.3331064 0.49962593291589685
812071263.3088522 0.49937249232800407
812745993.284598 0.4991191933430899
813420723.2603438 0.49886603583891914
814095453.2360896 0.49861301969349103
814770183.2118354 0.49836014478503954
815444913.1875812 0.49810741099203193
816130888.6629227 0.4978506095070311
816805618.6386685 0.4975981599281039
817480348.6144143 0.4973458510994046
818155078.5901601 0.4970936829003318
818829808.5659059 0.49684165521051354
819504538.5416517 0.4965897679098077
820179268.5173975 0.49633802087830053
820853998.4931433 0.49608641399630676
821539973.9684849 0.4958307572158552
822214703.9442307 0.4955794326055777
822889433.9199765 0.49532824778513634
823564163.8957223 0.4950772026357545
824115193.3759146 0.4948722859566184
824666222.856107 0.4946674622867869
825340952.8318528 0.494416784371305
825734545.3177046 0.49427061989727833
826038173.8067901 0.4941578968047481
826611694.286174 0.49394505226272634
827286424.2619199 0.49369477550707846
827972399.7372614 0.49344046986586015
828624638.7138157 0.49319880410068045
829276877.69037 0.4929572679153405
830626337.6418616 0.4924579488121366
831301067.6176074 0.49220849680611944
831975797.5933532 0.4919591830090547
832650527.569099 0.4917100073051353
833336503.0444405 0.49145682011831593
833876287.0250372 0.49125769104105677
834427316.5052295 0.4910545043870171
835102046.4809753 0.49080582945015344
835788021.9563168 0.49055315094782304
836462751.9320626 0.4903047533048907
837137481.9078084 0.49005649299044324
837812211.8835542 0.4898083698903079
838486941.8593 0.489560383890523
839161671.8350458 0.489312534877337
839836401.8107916 0.48906482273720825
840511131.7865374 0.488817247356804
841197107.261879 0.48856568580116033
841871837.2376248 0.4883183858756463
842546567.2133706 0.4880712223692304
843221297.1891164 0.4878241951694135
843896027.1648622 0.4875773041639026
844570757.140608 0.48733054924061
845245487.1163538 0.48708393028765284
845920217.0920995 0.4868374471933524
846606192.5674411 0.48658699520656123
847955652.5189327 0.48609471182644687
848630382.4946785 0.4858487733100106
849305112.4704243 0.48560297009503667
849979842.4461701 0.4853573020710623
850654572.4219159 0.48511176912782483
851329302.3976617 0.48486637115526054
852004032.3734075 0.48462110804350517
852678762.3491533 0.4843759796828923
853364737.8244948 0.4841269038753961
854039467.8002406 0.4838820469301416
854714197.7759864 0.4836373244063983
855388927.7517322 0.4833927361952902
856063657.727478 0.483148282188137
856738387.7032238 0.48290396227645294
857413117.6789696 0.4826597763519464
858087847.6547154 0.48241572430651963
858773823.130057 0.4821677418604224
859448553.1058028 0.4819239594764462
860123283.0815486 0.48168031064662187
860798013.0572944 0.48143679526362365
861472743.0330402 0.48119341322031683
862147473.008786 0.48095016440975646
862822202.9845318 0.4807070487251876
863496932.9602776 0.48046406606004444
864182908.4356191 0.4802171699375452
864857638.4113649 0.4799744552048587
865532368.3871107 0.4797318731712646
866207098.3628565 0.47948942373095116
866881828.3386023 0.47924710677829313
867556558.3143481 0.4790049222078511
868231288.2900939 0.478762869914371
868917263.7654355 0.47851691890994913
869591993.7411813 0.47827513305559843
870941453.6926728 0.4777919571240698
871616183.6684186 0.47755056683804414
872290913.6441644 0.47730930819958295
872965643.6199102 0.47706818110471727
873640373.595656 0.47682718544965924
875001079.0467434 0.47634157693786067
877025268.9739808 0.4756201705933694
877699998.9497266 0.47537996358716317
878374728.9254724 0.4751398872975673
879049458.9012182 0.4748999416222265
879724188.876964 0.47466012645896166
880410164.3523055 0.4744164480641661
881084894.3280513 0.4741768957901616
881759624.3037971 0.47393747372105627
882434354.2795429 0.47369818175537454
883109084.2552887 0.47345901979181443
883783814.2310345 0.47321998772924745
884458544.2067803 0.4729810854667175
885133274.182526 0.4727423129034416
885819249.6578677 0.47249969365347994
886493979.6336133 0.47226118234450126
887168709.6093591 0.47202280043178513
887843439.585105 0.4717845478152353
888518169.5608507 0.4715464243949254
889192899.5365965 0.47130843007109824
889878875.0119381 0.4710666014143741
890553604.9876839 0.47082886713236627
891228334.9634297 0.4705912616469284
891903064.9391755 0.47035378485897883
892577794.9149213 0.4701164366696027
893252524.8906671 0.4698792169800519
893927254.8664129 0.4696421256917438
894601984.8421587 0.46940516270626165
895276714.8179045 0.46916832792535357
895962690.293246 0.46892767722448075
896637420.2689918 0.46869110069127035
897312150.2447376 0.46845465206723613
897986880.2204834 0.46821833125478407
898661610.1962292 0.46798213815648326
899336340.171975 0.4677460726750649
900011070.1477208 0.4675101347134217
900685800.1234666 0.46727432417460785
901371775.5988082 0.4670347139864761
902046505.574554 0.4667991601227989
902721235.5502998 0.46656373339047014
903395965.5260456 0.4663284336931871
