1.0 0.9946011160802669
674730.9757457955 0.9935706497673855
2755148.4009619984 0.9904111146949275
2935076.3944942104 0.9901391083597041
5049230.3184977025 0.986957813975646
5476559.303136706 0.9863180772801835
6826019.254628298 0.9843050627901556
9524939.15761148 0.980311569671692
10885644.608698834 0.9783144483376798
11560374.584444629 0.9773281443065469
12729906.542404009 0.9756247973958188
13809474.503597282 0.9740594665511595
15136443.455897346 0.972144538507535
15608754.438919403 0.9714653676494542
15811173.431643141 0.9711746807312107
16227256.916686382 0.9705778838775313
19612152.29501112 0.9657588696234226
20286882.27075692 0.9648058642618902
25707213.075914808 0.9572398862713174
26381943.051660605 0.9563090902524414
29114599.453431077 0.9525638811444215
29789329.42917687 0.951645140446452
31150034.880264226 0.9497995067760151
32510740.33135158 0.9479633795603649
33691517.78890672 0.9463776884025097
34253792.768694885 0.945625077420002
34939768.24403644 0.9447090479884575
35614498.21978224 0.9438103379901777
36030581.704825476 0.9432572676201785
36334210.19391109 0.9428542202176692
36896485.17369925 0.9421090460782404
37571215.14944504 0.9412169047474174
39303022.08719259 0.9389373370963224
39977752.062938385 0.9380531667733267
41327212.01442997 0.9362914583040575
42676671.965921566 0.9345385319005269
43351401.94166736 0.9336653393143524
46061567.344246306 0.9301797722870349
46567614.82605565 0.929532769689597
61839003.27710216 0.910553759164331
62300068.76052845 0.9099966621622785
62873589.239912376 0.9093049464642362
64223049.19140397 0.9076828581469049
64909024.66674553 0.9068612286166872
65583754.64249132 0.9060549858614602
66933214.59398291 0.904448174051258
67607944.5697287 0.9036475896106949
68282674.5454745 0.9028488759472925
68957404.5212203 0.9020520254548086
69632134.4969661 0.9012570305613374
70318109.97230765 0.9004506802296858
71667569.92379925 0.8988699618691738
73230694.36761034 0.8970480871315798
73905424.34335613 0.896264670720077
75164920.29808162 0.8948071067409056
75749686.27706131 0.8941325006937767
77099146.2285529 0.8925808159647912
78459851.67964025 0.891023356515025
79134581.65538605 0.8902537095892036
79809311.63113184 0.8894858081108596
81158771.58262344 0.8879552133653319
81833501.55836923 0.8871925061117405
82508231.53411503 0.8864315163325214
83182961.50986081 0.8856722371130485
85218396.93669397 0.8833920386009888
85893126.91243976 0.8826395610917243
86567856.88818556 0.8818887599214116
87242586.86393136 0.8811396283608413
87917316.83967716 0.880392159711128
89278022.29076451 0.8788897957242522
89952752.26651031 0.878147303242396
90627482.2422561 0.8774064470669409
91302212.21800189 0.8766672206490502
92651672.16949348 0.8751936310379778
93326402.14523928 0.8744592548940817
95361837.57207243 0.8722535777302476
96036567.54781823 0.8715256050675689
96711297.52356403 0.8707992107174581
98060757.4750556 0.8693511318325575
98735487.4508014 0.8686294348072103
99410217.4265472 0.8679092911130577
100096192.90188876 0.8671787310387045
100770922.87763456 0.8664617011406084
102120382.82912615 0.8650322396136535
102795112.80487195 0.8643197958286556
103469842.78061774 0.8636088686374422
104144572.75636354 0.8628994520300924
104819302.73210932 0.8621915400237206
105505278.20745088 0.8614733657693774
106180008.18319668 0.860768469952343
106854738.15894248 0.8600650608504578
107529468.13468827 0.8593631325881875
108878928.08617987 0.8579636952123411
109553658.06192566 0.8572661744793186
110228388.03767146 0.8565701113467793
110914363.51301302 0.855863935483319
111589093.48875882 0.855170794397651
112263823.4645046 0.8544790936612504
112938553.4402504 0.8537888276070236
113613283.4159962 0.8530999905933451
117313052.7830023 0.8493480212588316
117987782.7587481 0.8486683140623402
118662512.7344939 0.8479899944850282
119348488.20983545 0.8473017864862763
120023218.18558125 0.8466262487818195
120697948.16132705 0.845952082389484
121372678.13707285 0.8452792819522879
122047408.11281864 0.8446078421372984
122722138.08856444 0.8439377576355241
123396868.06431024 0.8432690231618035
124071598.04005603 0.8426016334546969
124746328.01580182 0.8419355832763777
125432303.49114338 0.841259800089807
126107033.46688917 0.8405964354577116
126781763.44263497 0.839934394695597
128131223.39412656 0.83861426422814
128805953.36987236 0.837956164303798
129480683.34561816 0.837299367811228
130155413.32136396 0.8366438696980442
130830143.29710975 0.8359896649345179
131516118.77245131 0.8353258774598281
132190848.7481971 0.8346742657437378
132865578.72394289 0.8340239323405162
133540308.69968869 0.8333748723104045
134215038.67543449 0.8327270807357878
134889768.65118027 0.8320805527210919
135564498.62692606 0.8314352833926844
136250474.10226762 0.8307805449024338
136925204.07801342 0.8301377991889105
137599934.05375922 0.8294962975914653
138274664.029505 0.8288560353235895
138949394.0052508 0.8282170076202169
139624123.9809966 0.8275792097376256
140298853.9567424 0.8269426369533409
140973583.9324882 0.826307284566038
141648313.908234 0.8256731478954452
142334289.38357556 0.8250296837559292
143683749.33506715 0.8237674872274926
144358479.31081295 0.8231381869533043
145033209.28655875 0.8225100792308139
145707939.26230454 0.8218831595044045
146382669.23805034 0.8212574232388468
147057399.21379614 0.8206328659192051
147732129.18954194 0.8200094830507462
148418104.6648835 0.8193769098308833
149092834.6406293 0.8187558818486713
149767564.61637506 0.818136014879985
150442294.59212086 0.8175173045103072
151117024.56786665 0.8168997463448636
151791754.54361245 0.816283336008532
152466484.51935825 0.8156680691457531
153152459.9946998 0.815043715584766
153827189.9704456 0.8144307415574351
154501919.9461914 0.8138188979820016
155176649.9219372 0.8132081805805864
155851379.897683 0.8125985850944282
156526109.8734288 0.8119901072837967
157200839.8491746 0.8113827429279059
158561545.30026194 0.8101612612961643
159236275.27600774 0.8095572304811658
159911005.25175354 0.8089542963565375
160585735.22749934 0.8083524547952304
161260465.20324513 0.8077517016886254
161935195.17899093 0.8071520329464477
162609925.15473673 0.8065534444966841
163284655.1304825 0.8059559322854992
167940291.9631285 0.8018621067335024
168536303.44170395 0.8013416368732248
169211033.41744974 0.8007534062204058
169885763.39319554 0.8001662130879581
170560493.36894134 0.7995800536128662
171235223.34468713 0.7989949239493364
171909953.32043293 0.7984108202687205
172584683.29617873 0.7978277387594356
173270658.7715203 0.797235983181054
173945388.74726608 0.7966549515256337
174620118.72301188 0.7960749306458771
175294848.69875768 0.7954959167979688
175969578.67450348 0.7949179062547721
176644308.65024927 0.7943408953057527
177319038.62599507 0.7937648802569031
177993768.60174084 0.7931898574306667
178668498.57748663 0.7926158231658631
179354474.0528282 0.7920332313188857
180029204.028574 0.7914611795826849
180703934.0043198 0.7908901054618142
181378663.98006558 0.7903200053601198
182053393.95581138 0.7897508756974532
182728123.93155718 0.7891827129095962
183402853.90730298 0.7886155134481896
184088829.38264453 0.7880398445644039
184763559.35839033 0.7874745770821362
185438289.33413613 0.7869102623174475
185944336.81594548 0.7864876493675806
186450384.29775482 0.7860655688958305
187125114.27350062 0.7855036207104035
187799844.24924642 0.7849426131113507
188474574.22499222 0.7843825426672209
189160549.70033377 0.7838140949081757
189835279.67607957 0.7832559040173763
190510009.65182537 0.7826986400220761
191184739.62757117 0.7821422995516658
191859469.60331696 0.781586879250511
192534199.57906273 0.781032375777883
193208929.55480853 0.7804787858078912
193894905.0301501 0.7799169023923243
194569635.00589588 0.7793651445960206
195244364.98164168 0.7788142903584608
195919094.95738748 0.7782643364126745
196593824.93313327 0.7777152795061921
197268554.90887907 0.7771671164009797
197943284.88462487 0.7766198438733721
198629260.35996643 0.7760643597944492
199303990.33571222 0.7755188735174349
199978720.31145802 0.7749742681796948
200653450.28720382 0.7744305406146224
201328180.26294962 0.7738876876696541
202002910.2386954 0.7733457062062054
202677640.2144412 0.772804593099607
203352370.190187 0.7722643452390416
204713075.64127436 0.7711774646982151
205387805.61702016 0.7706398082890853
206062535.59276596 0.7701030047691558
206737265.56851172 0.7695670510961505
207411995.54425752 0.7690319442412684
208086725.52000332 0.7684976811891228
208761455.49574912 0.7679642589376797
209436185.4714949 0.7674316744981977
210122160.94683647 0.7668910694578127
210796890.92258227 0.7663601655684379
211471620.89832807 0.7658300905549025
212146350.87407386 0.7653008414812456
212539943.35992557 0.7649924931156684
212663643.85547897 0.7648956413769379
213079727.34052223 0.7645700697031484
213754457.316268 0.7640427773587183
214429187.2920138 0.7635163011168106
215103917.2677596 0.7629906380979683
215789892.74310115 0.7624570447403388
216464622.71884695 0.7619330130143918
217139352.69459274 0.7614097859020519
221873708.0244091 0.7577608680036817
222548438.00015488 0.757243990026853
223223167.97590068 0.7567278916055147
223897897.95164648 0.7562125700216777
224572627.92739227 0.7556980225693497
225247357.90313807 0.7551842465544788
225933333.37847963 0.7546626956717484
226608063.35422543 0.7541504672426561
227282793.32997122 0.7536390021957601
227957523.30571702 0.7531282978844265
228632253.2814628 0.7526183516736914
229306983.2572086 0.7521091609402087
229981713.23295438 0.7516007230721957
230656443.20870018 0.751093035469382
231331173.18444598 0.7505860955429553
231915939.16342568 0.7501473504013728
232489459.6428096 0.749717584665356
233164189.6185554 0.7492126629472642
234524895.06964275 0.7481966468570791
235199625.04538855 0.7476939442032904
235874355.02113435 0.7471919720889598
236549084.99688014 0.7466907280121444
237223814.97262594 0.7461902094819117
237898544.94837174 0.7456904140182894
239259250.3994591 0.7446846825503264
239709070.3832896 0.7443528504326431
240068926.37035403 0.7440876132611884
240462518.85620576 0.743797742223338
240968566.3380151 0.7434254064782941
241440877.32103714 0.7430782532075664
241901942.80446345 0.7427397000364875
242576672.78020924 0.7422448505174387
243251402.75595504 0.7417507047731196
243926132.73170084 0.7412572604192791
244600862.70744663 0.7407645150821393
245275592.68319243 0.740272466398349
245950322.65893823 0.7397811120149352
246636298.1342798 0.7392822777312839
247311028.11002558 0.7387923164050368
247985758.08577138 0.7383030423434315
248660488.06151718 0.7378144532347073
249335218.03726295 0.7373265467772474
250009948.01300874 0.736839320679532
252720113.4155877 0.7348891046248882
253394843.3913335 0.7344052574352168
254069573.3670793 0.733922077028532
254744303.34282508 0.7334395611828791
255419033.31857088 0.7329577076860377
256093763.29431668 0.7324765143354771
256779738.76965824 0.731987975576905
257454468.74540403 0.7315081068609094
258129198.72114983 0.7310288917051507
258803928.69689563 0.7305503279455751
259478658.67264143 0.7300724134275984
260153388.64838722 0.7295951460060642
260828118.62413302 0.7291185235451998
261502848.59987882 0.7286425439185732
263538284.02671194 0.727210545236615
264213014.00245774 0.7267371264239971
264887743.97820354 0.726264339917499
265562473.95394933 0.7257921836460004
266237203.92969513 0.7253206555474276
266911933.90544093 0.7248497535687127
267597909.38078249 0.7243716429764075
268272639.35652828 0.7239019974641712
268947369.3322741 0.7234329719325144
269622099.3080199 0.7229645643641296
270296829.2837657 0.72249677275051
270971559.2595115 0.7220295950919108
271646289.23525727 0.7215630293973082
272332264.7105988 0.7210893129124584
273681724.6620904 0.7201592437462387
274356454.6378362 0.7196951162220071
275705914.5893278 0.7187686655519269
276391890.0646694 0.718298638142916
277066620.04041517 0.7178369173621392
278416079.99190676 0.7169152569961633
279090809.96765256 0.7164553136078828
279765539.94339836 0.7159959588944705
280440269.91914415 0.7155371909750055
281114999.89488995 0.7150790079767463
281789729.87063575 0.7146214080350956
282475705.3459773 0.7141567772280537
283825165.2974689 0.7132444952095639
284499895.2732147 0.7127892185891035
288559520.6272852 0.7100620196374895
289234250.603031 0.7096107312857769
289908980.5787768 0.7091600041784674
290583710.5545226 0.7087098365537644
291258440.5302684 0.7082602266575095
291933170.50601417 0.7078111727431472
292607900.48175997 0.7073626730716905
293282630.45750576 0.7069147259116867
293968605.9328473 0.7064598775895823
294643335.9085931 0.7060130394247744
295318065.8843389 0.705566748593502
295992795.8600847 0.7051210033942301
296667525.8358305 0.7046758021327879
297342255.8115763 0.7042311431223345
298016985.7873221 0.7037870246833253
298691715.7630679 0.7033434451434799
299377691.23840946 0.7028930233414343
300052421.21415526 0.70245052552423
300446013.70000696 0.7021926484602178
300839606.18585867 0.7019349527432305
301525581.6612002 0.7014862584078362
302200311.636946 0.7010454544648804
302875041.6126918 0.7006051792130671
303549771.5884376 0.7001654310314467
304224501.5641834 0.6997262083060667
304910477.039525 0.6992802022110489
305585207.01527077 0.6988420342747576
306259936.99101657 0.698404386968019
306945912.4663581 0.697959977622057
307620642.4421039 0.6975233754338204
308295372.4178497 0.6970872891109687
308970102.3935955 0.6966517170878707
309644832.3693413 0.6962166578056397
310319562.3450871 0.6957821097121043
311005537.82042867 0.6953408415966421
311680267.79617447 0.6949073197060959
312354997.77192026 0.6944743043622329
313040973.2472618 0.6940345898041592
313726948.7226034 0.6935953956454961
314401678.6983492 0.693163907521883
315087654.17369074 0.6927257409351718
315762384.14943653 0.6922952604829038
316448359.6247781 0.6918581152694746
317123089.6005239 0.6914286364179202
317809065.07586545 0.6909925064327025
318483795.05161124 0.6905640231637105
319169770.5269528 0.6901289023147448
319844500.5026986 0.6897014086621643
320530475.97804016 0.6892672909101154
321205205.95378596 0.6888407809593201
321879935.92953175 0.6884147566167101
322565911.4048733 0.6879821282044126
323240641.3806191 0.687557078811248
323926616.85596067 0.6871254386489294
324612592.3313022 0.6866942944706712
325287322.307048 0.6862707006456753
325973297.7823896 0.6858405359236777
326648027.7581354 0.6854179026478461
327334003.23347694 0.6849887115987643
328008733.20922273 0.6845670332081106
328694708.6845643 0.684138810098402
329369438.6603101 0.6837180809777008
330044168.6360559 0.6832978205017435
330730144.11139745 0.6828710347055105
331404874.08714324 0.6824517151899271
332079604.06288904 0.6820328602251756
332754334.03863484 0.6816144684657833
333429064.01438063 0.6811965385720217
334103793.9901264 0.680779069209881
334778523.96587217 0.6803620590510435
335453253.94161797 0.6799455067728585
336139229.4169595 0.6795224799903721
336645276.8987689 0.6792107127196426
337061360.3838121 0.6789545621819821
337646126.36279184 0.6785948582278416
338320856.33853763 0.6781802373172271
338995586.31428343 0.677766067435299
339670316.2900292 0.6773523472942441
340345046.265775 0.6769390756117313
341031021.7411166 0.6765193744839141
341705751.7168624 0.6761070033143953
342380481.6926082 0.6756950767680187
343055211.668354 0.6752835935842251
343729941.6440998 0.6748725525078147
344404671.61984557 0.6744619522889223
345079401.59559137 0.6740517916829922
345754131.57133716 0.6736420694507557
346440107.0466787 0.6732259666365358
347114837.0224245 0.6728171247097052
347789566.99817026 0.6724087174498903
348464296.97391605 0.6720007436388135
349139026.94966185 0.671593202063365
349813756.92540765 0.6711860915155783
350488486.90115345 0.6707794107926065
351163216.87689924 0.6703731586966999
351849192.3522408 0.669960573905372
352523922.3279866 0.6695551825846977
353198652.3037324 0.6691502163085218
353873382.2794782 0.6687456738993345
354548112.255224 0.6683415541846087
355144123.73379946 0.6679849324359984
355470243.2220766 0.6677899387138475
355627680.21641725 0.6676958389331243
355920063.2059071 0.6675211428051631
356257428.19378 0.6673196681496347
356718493.67720634 0.6670444886638697
357393223.65295213 0.6666421385273903
358067953.62869793 0.6662402050485896
358742683.6044437 0.6658386870854072
359417413.58018947 0.6654375835006033
360092143.55593526 0.6650368931617381
360778119.0312768 0.6646299471226275
361452849.0070226 0.6642300867378425
362127578.9827684 0.6638306362116565
362521171.4686202 0.663597812236744
362633626.4645778 0.663531316616777
363027218.9504295 0.6632986711442077
363701948.9261753 0.662900172633038
364376678.9019211 0.6625020802873993
365062654.37726265 0.6620977683137554
365501228.8614974 0.6618394926550731
365951048.845328 0.6615747715220315
366625778.8210738 0.6611780251586505
367300508.79681957 0.6607816802367965
367975238.7725653 0.6603857356785117
368649968.7483111 0.6599901904103687
369324698.7240569 0.6595950433634503
369999428.6998027 0.6592002934733282
370674158.6755485 0.658805939680043
374059054.05387324 0.6568335388659063
374733784.02961904 0.656441546130648
375408514.00536484 0.6560499421788337
376083243.98111063 0.655658725985606
376757973.9568564 0.6552678965303965
377443949.432198 0.6548709486634993
378118679.4079438 0.6544808960429604
378692199.88732773 0.6541496530274079
379265720.3667116 0.6538186866077784
379951695.8420532 0.6534231872171601
380626425.817799 0.65303455557202
381301155.79354477 0.6526463039032895
381975885.76929057 0.6522584312229236
382650615.74503636 0.651870936547
383325345.72078216 0.6514838188957002
384000075.69652796 0.6510970772932912
384686051.1718695 0.6507042744982422
385360781.1476153 0.6503182883096517
386035511.1233611 0.6499326752510561
386710241.0991069 0.6495474343629478
387384971.0748527 0.6491625646898116
388059701.0505985 0.6487780652801084
388734431.0263443 0.6483939351862565
389409161.0020901 0.6480101734646138
390095136.47743165 0.6476203923782747
390769866.45317745 0.6472373706861636
391444596.42892325 0.6468547145432947
392119326.40466905 0.6464724230216707
392794056.38041484 0.6460904951971452
393468786.35616064 0.6457089301494049
394143516.33190644 0.6453277269619531
394818246.30765224 0.6449468847220916
395504221.7829938 0.6445600641960517
396178951.7587396 0.6441799471062976
396853681.7344854 0.6438001882336689
397528411.7102312 0.6434207866805544
398203141.685977 0.6430417415530549
398877871.6617228 0.6426630519609687
399552601.6374686 0.6422847170177737
400227331.6132144 0.6419067358406109
400913307.08855593 0.6415228167301723
401588037.0643017 0.6411455463105232
402262767.0400475 0.6407686270156406
402937497.0157933 0.6403920579772134
403612226.9915391 0.6400158383305111
404286956.9672849 0.6396399672143677
404961686.9430307 0.6392644437711654
405636416.9187765 0.6388892671468197
406322392.3941181 0.6385081922394518
406997122.36986387 0.6381337124494775
407671852.34560966 0.6377595769231096
408346582.3213554 0.6373857848202916
409021312.2971012 0.63701233530442
409696042.272847 0.6366392275423287
410370772.2485928 0.6362664607042736
411045502.2243386 0.6358940339639172
411731477.69968015 0.6355157479102911
412406207.67542595 0.6351440045338624
413080937.65117174 0.6347725987828289
413755667.62691754 0.6344015298443809
414430397.60266334 0.6340307969090385
415105127.57840914 0.6336603991706371
415779857.55415493 0.6332903358263113
416454587.5299007 0.6329206060764814
417140563.0052423 0.6325450553239954
417815292.9809881 0.6321759959042005
418490022.9567339 0.6318072676865866
419164752.9324797 0.6314388698846192
419839482.9082255 0.6310708017149753
420514212.8839713 0.630703062397528
421188942.8597171 0.6303356511553336
421874918.3350586 0.6299624519175143
422549648.3108044 0.6295956999433195
423224378.2865502 0.6292292737197298
423899108.262296 0.6288631724824388
424573838.2380418 0.628497395470251
425248568.2137876 0.6281319419250674
425923298.1895334 0.6277668110918722
426598028.1652792 0.6274020022187182
427284003.64062077 0.6270314424794665
427958733.61636657 0.6266672806175462
428633463.59211236 0.6263034384657455
429308193.56785816 0.6259399152843053
429982923.54360396 0.6255767103364658
430657653.51934975 0.625213822888454
431332383.49509555 0.62485125220947
432018358.9704371 0.6244829626678152
432693088.9461829 0.6241210285954585
433367818.9219287 0.6237594091054253
434042548.8976745 0.6233981034787229
434717278.8734203 0.6230371109992645
435392008.8491661 0.6226764309538565
436066738.8249119 0.6223160626321855
436741468.80065763 0.6219560053268052
437416198.7764034 0.6215962583331236
438102174.251745 0.6212308329454276
438776904.2274908 0.6208717096153316
439451634.2032366 0.6205128944885773
440126364.1789824 0.6201543868719078
440801094.1547282 0.6197961860748571
441475824.130474 0.6194382914097365
442150554.10621977 0.619080702191622
442836529.5815613 0.6187174655756174
443511259.5573071 0.6183604902700927
444185989.5330529 0.618003818362015
444860719.5087987 0.6176474491774425
448920344.86286926 0.6155096469417373
449595074.83861506 0.6151553831393479
450269804.81436086 0.6148014167543722
450944534.79010665 0.6144477471368067
452979970.2169398 0.6133826352018139
453654700.1926856 0.6130301511034005
454329430.1684314 0.6126779605504792
455004160.1441772 0.6123260629084866
455678890.119923 0.611974457545385
456353620.0956688 0.6116231438316513
457028350.0714146 0.6112721211402654
457714325.54675615 0.6109155457652419
458389055.52250195 0.6105651080717883
459063785.49824774 0.6102149595242238
459738515.47399354 0.6098650995054695
460413245.44973934 0.6095155274008941
461087975.42548513 0.6091662425983025
461762705.40123093 0.6088172444879242
462437435.3769767 0.6084685324624037
463123410.8523183 0.6081143012229088
464472870.8038099 0.607418311639282
465147600.7795556 0.6070707426504781
465822330.7553014 0.6067234567356843
466497060.7310472 0.6063764533018431
467171790.706793 0.6060297317582365
467846520.6825388 0.6056832915164746
468532496.15788037 0.6053313650400114
469207226.13362616 0.6049854903099665
469690782.616244 0.6047377854102505
470185584.5984576 0.6044844683314854
470860314.5742034 0.6041392774484822
471546290.04954493 0.6037886184986208
472164792.5273119 0.6034726965437474
472783295.0050789 0.6031570073618617
473458024.9808247 0.6028128841248165
474132754.9565705 0.6024690368178154
474807484.9323163 0.6021254648758897
475482214.9080621 0.601782167736284
476156944.8838079 0.6014391448384453
476831674.8595537 0.6010963956240142
477517650.33489525 0.6007482139128636
478192380.31064105 0.6004060149370973
478867110.28638685 0.6000640879735405
479541840.26213264 0.5997224324725439
480216570.23787844 0.5993810478866018
480891300.21362424 0.5990399336703435
481566030.18937 0.5986990892805227
482240760.1651158 0.5983585141760088
482926735.64045733 0.5980125383189575
483601465.6162031 0.5976725046356987
484276195.5919489 0.597332738618056
484950925.5676947 0.5969932397333007
485625655.5434405 0.5966540074507717
486300385.5191863 0.5963150412418671
486975115.4949321 0.5959763405800346
487661090.9702737 0.595632266589126
488335820.9460195 0.5952940998538535
489010550.92176527 0.5949561970895456
489685280.89751107 0.5946185577777907
490360010.87325686 0.5942811814021812
491034740.84900266 0.5939440674483047
491709470.82474846 0.5936072154037347
492384200.80049425 0.5932706247580218
493070176.2758358 0.5929286917141967
493744906.2515816 0.5925926266781651
494419636.2273274 0.5922568215130245
495094366.2030732 0.591921275716178
495769096.178819 0.5915859887869624
496443826.1545648 0.5912509602266386
497118556.1303106 0.5909161895383832
497804531.60565215 0.590576103183175
498479261.58139795 0.590241851033444
499153991.55714375 0.5899078552685522
499828721.53288954 0.5895741153992855
500503451.50863534 0.5892406309383033
501178181.48438114 0.5889074014001296
501852911.46012694 0.588574426301145
502527641.43587273 0.588241705159578
503213616.9112143 0.5879036985125546
503888346.8869601 0.5875714880604764
504563076.8627059 0.5872395301235859
505237806.8384517 0.5869078242274516
505912536.8141975 0.5865763698994501
506587266.7899433 0.5862451666687564
507261996.7656891 0.5859142140663361
507936726.7414349 0.5855835116249384
508622702.21677643 0.5852475534461556
509297432.1925222 0.5849173540820864
509972162.168268 0.5845874034802198
510646892.14401376 0.5842577011803858
511321622.11975956 0.5839282467241578
511996352.09550536 0.5835990396548446
512671082.07125115 0.5832700795174829
513357057.5465927 0.5829358893835002
514031787.5223385 0.5826074258486605
514706517.4980843 0.5822792078836885
515381247.4738301 0.581951235040483
516055977.4495759 0.581623506872632
516730707.4253217 0.5812960229354055
517405437.4010675 0.5809687827857473
518091412.87640905 0.5806363380947203
518766142.85215485 0.5803095882424161
519440872.82790065 0.5799830808511965
520115602.80364645 0.5796568154846556
520790332.77939224 0.5793307917080248
521465062.75513804 0.579005009088165
522139792.73088384 0.5786794671935599
522814522.70662963 0.5783541655943082
523500498.1819712 0.5780236881963551
524175228.157717 0.5776988698915988
524849958.1334628 0.5773742905950408
525524688.1092086 0.5770499498831957
526874148.0607002 0.5764019825275929
527548878.036446 0.5760783550447334
528234853.51178753 0.5757495766301853
528909583.48753333 0.5754264264826603
529584313.4632791 0.57510351240497
530933773.4147707 0.5744583908104235
531608503.3905165 0.5741361824730515
532283233.3662623 0.57381420856447
532957963.3420081 0.5734924686782099
533643938.8173497 0.5731656059484505
534318668.79309547 0.5728443367769253
534993398.76884127 0.5725233004106245
535668128.74458706 0.5722024964490791
536342858.72033286 0.5718819244932961
537017588.6960787 0.571561584145754
537692318.6718245 0.571241475010394
538367048.6475703 0.5709215966926151
539053024.1229118 0.570596623284352
539727754.0986576 0.570277209254297
540402484.0744034 0.5699580248602063
541077214.0501492 0.569639069713267
541751944.025895 0.5693203434260914
542426674.0016408 0.5690018456127103
543101403.9773866 0.5686835758885669
543776133.9531324 0.5683655338705107
544462109.428474 0.5680424241890027
545136839.4042197 0.5677248402184468
545811569.3799655 0.5674074828065956
546486299.3557113 0.5670903515758834
547161029.3314571 0.5667734461501199
547835759.3072029 0.5664567661544831
548510489.2829487 0.5661403112155146
549185219.2586945 0.565824080961112
550545924.7097819 0.5651870318862828
551085708.6903784 0.5649345702609444
551614247.1713793 0.5646875067166264
552007839.6572311 0.5645036121222335
552401432.1430827 0.5643197933339971
553762137.5941701 0.5636848885593715
554436867.5699159 0.5633703945301588
555111597.5456617 0.5630561219745864
555786327.5214075 0.5627420705335124
556461057.4971533 0.5624282398490876
557135787.4728991 0.5621146295647507
557810517.4486449 0.5618012393252221
558485247.4243907 0.5614880687764984
559171222.8997322 0.5611699035686126
559845952.875478 0.5608571749913697
560520682.8512238 0.5605446650446945
561195412.8269696 0.5602323733796525
561870142.8027154 0.5599202996485566
562556118.278057 0.5596032477440513
563230848.2538028 0.559291612460539
565738594.663658 0.5581352663676782
566424570.1389996 0.5578194760036024
567099300.1147454 0.5575090796077252
567774030.0904912 0.5571988981559298
568448760.066237 0.5568889313124109
569123490.0419828 0.5565791787425532
569798220.0177286 0.5562696401129256
570484195.4930701 0.5559551614820961
571158925.4688159 0.5556460532891647
571833655.4445617 0.5553371580377371
572508385.4203075 0.5550284753990878
573183115.3960533 0.5547200050456496
573857845.3717991 0.5544117466510088
574532575.3475449 0.5541036998899
575589652.3095466 0.5536215180240972
576264382.2852924 0.5533140129748599
576939112.2610382 0.5530067184083163
577613842.236784 0.5526996340043804
578288572.2125298 0.5523927594440867
578963302.1882756 0.5520860944095852
579638032.1640214 0.5517796385841361
580324007.6393629 0.5514682893045703
580998737.6151087 0.5511622544250803
581673467.5908545 0.5508564278058229
582348197.5666003 0.5505508091344693
583022927.5423461 0.550245398099777
583697657.5180919 0.5499401943915847
584372387.4938377 0.5496351977008077
585058362.9691793 0.5493253296359485
585733092.9449251 0.5490207494944767
586407822.9206709 0.5487163754444886
587082552.8964167 0.5484122071811758
587757282.8721625 0.548108244400783
588432012.8479083 0.5478044868006027
589106742.823654 0.5475009340789716
589781472.7993999 0.5471975859352652
590456202.7751456 0.5468944420698935
591142178.2504872 0.5465864549126689
591816908.226233 0.5462837221015006
592491638.2019788 0.5459811926711249
593166368.1777246 0.5456788663260614
593841098.1534704 0.5453767427718412
594515828.1292162 0.5450748217150033
595190558.104962 0.5447731028630888
595876533.5803035 0.5444665623513307
596551263.5560493 0.544165250393806
597225993.5317951 0.5438641397649872
597900723.507541 0.5435632301763998
598575453.4832867 0.5432625213405509
599182710.461458 0.5429920547950523
599756230.9408418 0.5427367630778529
600408469.9173961 0.5424466068935888
601083199.8931419 0.5421466416850981
601757929.8688877 0.5418468758864322
602432659.8446335 0.5415473092156243
603107389.8203793 0.5412479413916593
603782119.796125 0.5409487721344707
604456849.7718709 0.5406498011649359
605142825.2472124 0.5403460503315379
605817555.2229582 0.5400474783968923
606492285.198704 0.5397491039135586
607167015.1744498 0.5394509266061648
607841745.1501956 0.5391529462002623
608516475.1259414 0.538855162422322
609191205.1016872 0.5385575749997301
609787216.5802627 0.538294869222008
610214545.5649017 0.5381066082066163
610731838.5463067 0.5378788182981251
611406568.5220525 0.5375818736698852
612767273.9731399 0.5369836288142745
613442003.9488857 0.5366872722192708
614116733.9246315 0.5363911100168928
614791463.9003773 0.5360951419419713
615466193.8761231 0.535799367730216
616140923.8518689 0.5355037871182116
616815653.8276147 0.5352083998434136
617501629.3029562 0.534908287375116
618851089.2544478 0.5343184835791945
619525819.2301936 0.5340238702478053
620200549.2059394 0.5337294489495373
620875279.1816852 0.5334352194270079
621550009.157431 0.5331411814236784
622224739.1331768 0.5328473346838515
622910714.6085184 0.5325487863073008
623585444.5842642 0.5322553245078294
624260174.56001 0.5319620532055653
624934904.5357558 0.5316689721481525
625609634.5115016 0.5313760810840574
626959094.4629931 0.5307908679337806
627633824.438739 0.5304985453486136
628308554.4144847 0.5302064117587877
628994529.8898263 0.5299096027671716
629669259.8655721 0.5296178495660112
630343989.8413179 0.5293262846160824
631018719.8170637 0.5290349076723193
631693449.7928095 0.5287437184904472
632368179.7685553 0.5284527168269787
633042909.7443011 0.5281619024392104
633717639.7200469 0.5278712750852197
635078345.1711342 0.5272857445270922
635753075.14688 0.5269956799338404
636427805.1226258 0.5267058014104407
637102535.0983716 0.5264161087188363
637777265.0741174 0.52612660162173
638451995.0498632 0.5258372798825828
639126725.025609 0.5255481432656084
639801455.0013548 0.5252591915357723
641162160.4524422 0.5246770336512601
641836890.428188 0.5243886382478912
642511620.4039338 0.5241004267950992
643186350.3796796 0.5238123990615652
643861080.3554254 0.5235245548167022
644535810.3311712 0.5232368938306506
645221785.8065127 0.5229446261243692
645896515.7822585 0.5226573340140149
646571245.7580043 0.5223702244734414
647245975.7337501 0.5220832972756816
647920705.7094959 0.521796552194481
648595435.6852417 0.5215099890042941
649270165.6609875 0.5212236074802814
649944895.6367333 0.520937407398307
650630871.1120749 0.520646623087933
651305601.0878206 0.5203607882351375
651980331.0635664 0.5200751341524648
652655061.0393122 0.5197896606185718
653329791.015058 0.5195043674128039
654004520.9908038 0.5192192543151911
654679250.9665496 0.5189343211064457
655365226.4418912 0.5186448231966148
656039956.417637 0.5183602520994831
656714686.3933828 0.5180758602338023
657389416.3691286 0.5177916473829942
658064146.3448744 0.5175076133311485
658738876.3206202 0.5172237578630183
659413606.296366 0.5169400807640192
660088336.2721118 0.516656581820225
660763066.2478576 0.5163732608183659
661449041.7231991 0.5160853999958362
662123771.6989449 0.515802437197476
662798501.6746907 0.5155196517016307
663473231.6504365 0.5152370432976362
664147961.6261823 0.5149546117754704
664822691.6019281 0.5146723569257498
665497421.5776739 0.5143902785397275
666138415.0546323 0.5141224673329474
666779408.5315908 0.5138548150189243
667173001.0174426 0.5136905457674424
667566593.5032943 0.5135263363168735
668241323.4790401 0.5132449734124886
668927298.9543817 0.5129591009506795
669602028.9301275 0.5126780915912508
670276758.9058733 0.5123972572348755
670951488.8816191 0.5121165976778508
671626218.8573648 0.5118361127170848
672300948.8331106 0.5115558021500957
672975678.8088564 0.5112756657750074
673403007.7934954 0.5110983360753034
673830336.7781345 0.5109210761141564
674516312.253476 0.5106366729292208
675191042.2292218 0.5103571070721181
675595880.2146692 0.5101894507709085
676011963.6997125 0.5100172023293664
676686693.6754583 0.5097380204280659
677361423.6512041 0.509459011421081
678036153.6269499 0.5091801751110028
678722129.1022915 0.5088968683645152
679396859.0780373 0.5086183797284332
680071589.053783 0.5083400631972748
680746319.0295289 0.5080619185759652
681342330.5081043 0.5078163670005343
681938341.9866798 0.5075709492770796
682433143.9688933 0.5073673078532811
682905454.9519154 0.5071730087600848
683557693.9284697 0.5069048287788962
684232423.9042155 0.5066275692725987
684918399.379557 0.5063458637846344
685581883.855707 0.5060735622274797
686234122.8322613 0.5058060364955449
686897607.3084114 0.5055340613855644
687572337.2841572 0.5052576450787588
688247067.259903 0.5049813985513777
688921797.2356488 0.5047053216151476
689596527.2113945 0.5044294140823402
690271257.1871403 0.5041536757657713
690945987.1628861 0.5038781064787969
691631962.6382277 0.5035981174573434
692306692.6139735 0.5033228884811773
692981422.5897193 0.5030478279748193
693656152.5654651 0.5027729357537757
694330882.5412109 0.5024982116340828
695005612.5169567 0.5022236554323042
695680342.4927025 0.5019492669655279
696355072.4684483 0.5016750460513655
697041047.9437898 0.5013964263658606
697715777.9195356 0.5011225427967962
698390507.8952814 0.5008488262332849
699065237.8710272 0.5005752764950155
699739967.846773 0.5003018934021887
700414697.8225188 0.5000286767755147
701089427.7982646 0.49975562643621146
701764157.7740104 0.4994827422060019
702438887.7497562 0.4992100239071121
703124863.2250978 0.4989329302231528
703799593.2008436 0.4986605460137093
704474323.1765893 0.49838832720232745
705149053.152335 0.49811627361323285
705823783.1280808 0.49784438507114354
706498513.1038266 0.4975726614012681
707173243.0795724 0.49730110242930303
707859218.554914 0.49702518613353047
708533948.5306598 0.4967539587741333
709208678.5064056 0.4964828955897693
709883408.4821514 0.4962119964080761
710558138.4578972 0.4959412610571691
711232868.433643 0.4956706893656397
711907598.4093888 0.4954002811625535
712582328.3851346 0.49513003627744795
713943033.8362219 0.49458553851552545
714617763.8119677 0.4943157852783371
715967223.7634593 0.4937767665498501
716641953.7392051 0.49350750072276234
717991413.6906967 0.4929694553068646
718677389.1660383 0.4926961970895217
719352119.1417841 0.4924275814963191
719745711.6276358 0.49227096364434775
720814034.0892333 0.4918461347492194
721488764.0649791 0.4915780299060409
722163494.0407249 0.49131008601006715
722838224.0164707 0.49104230289776957
723512953.9922165 0.49077468040606015
724187683.9679623 0.49050721837228994
724873659.4433038 0.4902354629624184
725548389.4190496 0.4899683240258566
726223119.3947954 0.48970134505921653
726897849.3705412 0.4894345259015936
727572579.346287 0.48916786639251275
728247309.3220328 0.4889013663719271
728922039.2977786 0.48863502568021583
729596769.2735244 0.48836884415818255
730282744.748866 0.48809838928480764
730957474.7246118 0.48783252827243245
731632204.7003576 0.48756682595204537
732306934.6761034 0.48730128216613644
732981664.6518492 0.4870358967576114
733656394.627595 0.48677066956978954
734331124.6033407 0.48650560044640223
735005854.5790865 0.4862406892315913
735691830.0544281 0.48597152454784803
736366560.0301739 0.4857069313095709
737041290.0059197 0.4854424955121659
737716019.9816655 0.4851782170014057
738390749.9574113 0.48491409562346455
739065479.9331571 0.4846501312249169
739740209.9089029 0.4843863236527356
740426185.3842444 0.4841182798991566
741100915.3599902 0.48385478812961596
741775645.335736 0.48359145272720694
742450375.3114818 0.4833282735404857
743125105.2872276 0.4830652504183992
743743607.7649946 0.482824282859581
744373355.7423574 0.48257906855848304
745048085.7181032 0.48231648939532823
745722815.693849 0.48205406571886605
746397545.6695948 0.4817917973799125
747083521.1449363 0.48152531699110757
749107711.0721737 0.4807399149311036
749782441.0479195 0.48047842363058063
750457171.0236653 0.48021708677795794
751131900.9994111 0.47995590422669016
751817876.4747527 0.47969052666253964
752492606.4504985 0.4794296548414128
753167336.4262443 0.47916893688179657
753842066.40199 0.47890837263862174
754516796.3777359 0.4786479619671828
755191526.3534817 0.4783877047231362
755866256.3292274 0.4781276007624994
756552231.804569 0.47786331872458615
757226961.7803148 0.4776035234489867
757901691.7560606 0.47734388102461983
758576421.7318064 0.4770843913089365
759251151.7075522 0.4768250541597413
759925881.683298 0.4765658694351905
760600611.6590438 0.4763068369937909
761275341.6347895 0.476047956694398
761961317.110131 0.47578491754489954
762636047.0858768 0.4755263436373002
763310777.0616226 0.4752679214480215
763985507.0373684 0.47500965083730634
764660237.0131142 0.47475153166573897
765334966.98886 0.47449356379424446
766009696.9646058 0.47423574708408667
766684426.9403516 0.473978081396867
767370402.4156932 0.4737162759586961
768045132.391439 0.47345891441478793
768719862.3671848 0.473201703478347
769394592.3429306 0.4729446430123167
770069322.3186764 0.4726877328799712
770744052.2944221 0.4724309729449141
771418782.270168 0.4721743630710769
772104757.7455095 0.4719136300596754
772779487.7212553 0.4716573223967333
773454217.6970011 0.47140116438651153
774128947.6727469 0.47114515589424527
774803677.6484927 0.4708892967854914
775478407.6242385 0.47063358692612683
776153137.5999843 0.4703780261823468
776827867.5757301 0.47012261442066433
777502597.5514759 0.4698673515079082
778177327.5272217 0.46961223731122215
778863303.0025632 0.4693530235292567
779538032.978309 0.4690982088404647
780212762.9540548 0.46884354246885385
780887492.9298006 0.46858902428281973
781562222.9055464 0.46833465415106584
782236952.8812922 0.4680804319426031
782911682.857038 0.46782635752674845
783597658.3323796 0.4675681999108488
784272388.3081254 0.4673144231471469
784947118.2838712 0.4670607937836661
785621848.259617 0.46680731169093953
786296578.2353628 0.46655397673980015
786971308.2111086 0.46630078880137893
787646038.1868544 0.46604774774710495
788332013.6621959 0.4657906397863485
789276635.62824 0.4654368374940377
789703964.612879 0.4652768783927147
790378694.5886248 0.46502443091052104
791053424.5643706 0.4647721296676878
791503244.5482012 0.46460401002059315
791953064.5320317 0.46443595527491066
793313769.983119 0.4639279843953478
793988499.9588648 0.4636763178220226
794663229.9346106 0.4634247968130346
795337959.9103564 0.46317342124311794
796012689.8861022 0.4629221909872895
796687419.861848 0.4626711059208475
797362149.8375938 0.4624201659193711
798036879.8133396 0.46216937085871856
798711609.7890854 0.46191872061502626
799397585.264427 0.4616640411973745
800072315.2401727 0.4614136826255775
800747045.2159185 0.4611634684987603
801421775.1916643 0.4609133986941654
802096505.1674101 0.4606634730893086
802771235.1431559 0.4604136915619767
803445965.1189017 0.4601640539902273
804120695.0946475 0.45991456025238714
804806670.5699891 0.45966105561016996
805481400.5457349 0.459411851568366
806156130.5214807 0.45916279099504537
806830860.4972265 0.458913873769606
807505590.4729723 0.4586650997717104
808180320.4487181 0.45841646888128335
808855050.4244639 0.4581679809785122
812239945.8027886 0.45692355373073973
812914675.7785344 0.4566759236226043
813566914.7550887 0.45643668297816037
814219153.731643 0.45619757506259423
814893883.7073888 0.4559503616065851
815568613.6831346 0.4557032899601369
816243343.6588804 0.4554563600062375
816918073.6346262 0.4552095716281243
817592803.610372 0.4549629247092836
818278779.0857135 0.45471231190401384
818953509.0614593 0.45446594990796846
819628239.0372051 0.4542197290212094
820302969.0129509 0.4539736491282122
820977698.9886967 0.4537277101136961
821652428.9644425 0.45348191186262327
822327158.9401883 0.45323625426019787
823013134.4155298 0.45298664643071085
823687864.3912756 0.45274127212151805
824362594.3670214 0.45249603811612776
825037324.3427672 0.4522509443007064
825712054.318513 0.45200599056165713
826386784.2942588 0.45176117678561967
827061514.2700046 0.45151650285946926
827747489.7453462 0.45126789428373654
828422219.721092 0.45102350204504044
829096949.6968378 0.45077924931638685
829771679.6725836 0.45053513598558675
830446409.6483294 0.45029116194068153
831121139.6240752 0.4500473270699428
831795869.599821 0.4498036312618707
832470599.5755668 0.44956007440519324
833145329.5513126 0.4493166563888662
833831305.0266541 0.44906932362200813
834506035.0023999 0.4488261852635316
835180764.9781456 0.44858318541178754
835855494.9538914 0.4483403239566348
836530224.9296372 0.44809760078815464
837204954.905383 0.4478550157966503
837879684.8811288 0.44761256887264605
838554414.8568746 0.447370259906886
839229144.8326204 0.4471280887903339
839915120.307962 0.446882022690917
840589850.2837077 0.4466401292394878
841939310.2351993 0.4461567547932672
842614040.2109451 0.44591527358236194
843288770.1866909 0.44567392956920815
843963500.1624367 0.4454327226462839
844649475.6377783 0.4451876360338861
845324205.6135241 0.4449467052500622
845998935.5892699 0.44470591123339415
846673665.5650157 0.4444652538772086
847348395.5407615 0.44422473307504157
848023125.5165073 0.4439843487206374
848697855.4922531 0.44374410070794784
849361339.9684031 0.4435079896782738
850013578.9449574 0.4432760088354178
850688308.9207032 0.44303616241490823
851363038.896449 0.4427964519192376
852037768.8721948 0.44255687724337367
852723744.3475363 0.44231344878235046
853398474.3232821 0.44207414769110165
854073204.2990279 0.4418349821040387
854747934.2747737 0.4415959519169395
855422664.2505195 0.44135705702578226
856097394.2262653 0.4411182973267437
856772124.2020111 0.4408796727161989
857446854.1777569 0.44064118309072076
858132829.6530985 0.44039885691017955
858807559.6288443 0.44016063919078
859482289.60459 0.43992255614563014
860157019.5803359 0.439684607672088
860831749.5560817 0.4394467936677059
861506479.5318274 0.4392091140302288
862181209.5075732 0.438971568657594
862855939.483319 0.43873415744793054
863541914.9586606 0.4384929268156371
864216644.9344064 0.43825578585886965
864891374.9101522 0.43801877875891515
865386176.8923658 0.43784505856716727
865869733.3749835 0.4376753560206541
866555708.8503251 0.4374347329147296
867230438.8260709 0.4371981890701117
867905168.8018167 0.4369617786321363
868579898.7775625 0.4367255015005279
869254628.7533083 0.436489357575196
869929358.7290541 0.436253346756234
870604088.7047999 0.43601746894391863
871278818.6805457 0.43578172403870946
871964794.1558872 0.4355421861975684
872639524.131633 0.43530670901964746
873314254.1073788 0.4350713644496515
873988984.0831246 0.43483615238876705
874663714.0588704 0.43460107273835935
875338444.0346162 0.43436612539997244
876013174.010362 0.4341313102753282
876699149.4857036 0.43389271700159754
877373879.4614494 0.43365816820977915
878048609.4371952 0.43342375133630195
878723339.412941 0.4331894662835958
879398069.3886868 0.4329553129542647
880072799.3644326 0.43272129125108694
880747529.3401784 0.43248740107701394
881422259.3159242 0.43225364233516955
882096989.29167 0.43202001492884984
882782964.7670115 0.43178262827007013
883457694.7427573 0.43154926543026734
884132424.7185031 0.4313160336353007
884807154.6942489 0.4310829327891505
885481884.6699947 0.4308499627959657
886156614.6457405 0.43061712356006354
886831344.6214863 0.43038441498592866
887517320.0968279 0.43014796178372944
888192050.0725737 0.42991551642096537
888866780.0483195 0.42968320143283945
889541510.0240653 0.4294510167245028
890216239.999811 0.4292189622012714
890890969.9755569 0.4289870377686247
891565699.9513026 0.4287552433322055
892240429.9270484 0.4285235787978192
892926405.40239 0.42828818625855425
893601135.3781358 0.42805678340740533
894275865.3538816 0.4278255101751148
894950595.3296274 0.4275943664681349
895625325.3053732 0.42736335219307825
896300055.281119 0.42713246725671583
896974785.2568648 0.4269017115659772
897649515.2326106 0.42667108502795015
898335490.7079521 0.4264367470181419
899010220.6836979 0.42620638065610134
900359680.6351895 0.4257460344598645
900933201.1145735 0.42555054324374253
901506721.5939573 0.4253551449489027
902181451.5697031 0.42512538349053064
902856181.5454489 0.4248957504731425
903530911.5211947 0.42466624580517787
904205641.4969405 0.4244368693952285
904880371.4726863 0.4242076211520381
