1.0 0.9911606892075971
674730.9757457955 0.9903690038042946
3092513.388834896 0.9875424031102844
3204968.3847925286 0.9874113227146734
7332066.736437644 0.9826244280240368
7759395.721076648 0.9821314099783705
9783585.648314035 0.9798027088265817
12482505.551297216 0.9767147455686273
13674528.508448122 0.9753570268477767
14754096.469641395 0.974130617729343
18138991.847966135 0.9703050413028186
19724607.290968753 0.9685232085850167
20399337.26671455 0.9677669453360545
26471907.04842671 0.9610128070659278
29182072.451005656 0.9580284647954472
29856802.42675145 0.9572883219036664
35265887.73231358 0.9513954393919428
35940617.70805937 0.9506653842633533
36615347.68380517 0.9499364346095992
40000243.06212991 0.946296128125415
41349703.0136215 0.9448525078895202
41866995.99502661 0.9443002715062476
42564216.96996393 0.943556959503862
43250192.44530549 0.9428267618067463
43924922.421051286 0.9421096208894911
44385987.90447758 0.9416201928972282
44565915.89800979 0.9414293325700623
44959508.383861504 0.941012091392415
45634238.3596073 0.9402976682955754
46106549.34262936 0.939798207936364
46578860.325651415 0.9392992701910937
47658428.286844686 0.9381607988787288
48063266.27229217 0.9377345727899324
48737996.248037964 0.9370250431069052
50098701.69912531 0.9355973700723259
51448161.65061691 0.9341857204036634
52527729.61181018 0.9330594162314285
52820112.60130002 0.9327548353453131
53404878.580279715 0.9321462602059631
54079608.556025505 0.9314450282983096
56115043.98285866 0.9293359188359451
57464503.93435025 0.9279427843621687
58813963.88584184 0.9265537495629507
60095950.83975885 0.925237946255391
60478297.8260148 0.924846224181126
61580356.7863996 0.9237189635300039
63615792.21323275 0.9216440603650226
64965252.16472434 0.920273470418071
66989442.09196173 0.9182250679370287
67664172.06770752 0.9175442530733107
69024877.51879488 0.9161742826997396
71701306.42258653 0.9134912947160126
72139880.9068213 0.9130531126181408
73489340.85831289 0.911707437976286
75547267.28433757 0.9096627428423781
78257432.68691652 0.9069836507511086
80135431.11940898 0.9051362157065832
80675215.10000561 0.9046065762369948
82699405.027243 0.9026258083132324
84453702.96418206 0.9009159801468329
85522025.42577958 0.8998778317905844
86691557.38373896 0.8987440049214703
87175113.86635678 0.8982760247764808
89199303.79359417 0.8963221833081498
90278871.75478743 0.8952835168711565
90672464.24063915 0.8949054193553718
92021924.19213074 0.8936114422662993
93371384.14362234 0.8923211022223446
94732089.5947097 0.891023674919889
96756279.52194707 0.8891003915316013
98105739.47343867 0.8878226791763613
98600541.45565225 0.8873550779963518
100444803.38935742 0.8856164062627799
101119533.36510321 0.8849819580774987
101794263.34084901 0.8843483912671856
104504428.74342796 0.8818124036572339
105179158.71917376 0.8811832279137154
105572751.20502546 0.8808166102846956
105966343.69087718 0.8804502880472579
107327049.14196454 0.8791861300416997
109351239.06920192 0.8773120530251687
110025969.04494771 0.876689077313981
112061404.47178087 0.8748149395116239
115435054.35050985 0.8717256265300105
117470489.77734299 0.8698719074516076
120169409.68032618 0.8674256287344152
121530115.13141353 0.8661973162759737
123554305.05865091 0.8643762583637795
124229035.03439671 0.8637708750992991
127366529.42161466 0.8609665184552822
128479833.88159522 0.8599756247824673
129840539.33268258 0.8587675018690387
131189999.28417417 0.8575725755735837
131864729.25991997 0.8569763074420846
133214189.21141155 0.8557861522144627
135249624.63824472 0.8539969798622304
135924354.61399052 0.8534054636416777
136599084.58973628 0.852814730972457
137948544.54122788 0.8516356092290678
138634520.01656944 0.8510374166776938
139309249.99231523 0.8504498135289034
139983979.96806103 0.8498629851198665
140658709.94380683 0.8492769297082202
146067795.24936897 0.8446064476307108
147417255.20086056 0.8434488764973208
148091985.17660636 0.8428712229380894
148766715.15235215 0.8422943217993172
149452690.6276937 0.841708575242417
150802150.5791853 0.8405585448572201
152151610.53067687 0.8394114972306841
152826340.50642267 0.8388390877927075
153501070.48216847 0.8382674190622214
154861775.93325582 0.8371168001558134
155536505.90900162 0.8365473559052593
156211235.88474742 0.8359786457552909
157560695.836239 0.8348434212259245
158910155.7877306 0.8337111135488265
159494921.76671028 0.8332213494690287
160709435.7230527 0.8322058849330612
161384165.6987985 0.831642748926594
162058895.6745443 0.8310803330041953
162733625.6502901 0.8305186355693321
163419601.12563166 0.8299483114187103
164094331.10137746 0.8293880580946759
164769061.07712325 0.8288285184676863
166118521.02861485 0.8277115739909564
166793251.00436065 0.8271541659947754
167467980.98010644 0.8265974654027349
168153956.455448 0.8260322100440491
168828686.4311938 0.8254769313010024
169503416.4069396 0.8249223552603784
170178146.3826854 0.8243684803719186
170684193.86449474 0.8239535334064305
171190241.3463041 0.8235389793184941
171864971.3220499 0.8229868505551039
172539701.29779568 0.8224354175503799
173214431.27354148 0.8218846787725345
173889161.24928725 0.8213346326938539
174563891.22503304 0.8207852777906863
177274056.627612 0.8185856353083174
177948786.6033578 0.8180397249502498
179107073.0617214 0.817104168511381
179961731.03099942 0.8164151393772989
180355323.51685113 0.8160981891565309
180748916.00270286 0.8157814692280907
182098375.95419443 0.8146973166345006
182581932.43681225 0.8143094843427329
183065488.91943008 0.8139219971483227
183740218.89517587 0.8133818930372667
184414948.87092167 0.8128424583120086
185100924.34626323 0.8122947177146403
186427893.2985633 0.8112371076670911
187091377.77471334 0.8107092658093625
188440837.72620493 0.8096376631472108
189115567.7019507 0.8091028514596746
189790297.6776965 0.808568697620016
190375063.6566762 0.8081062953118994
190948584.13606012 0.8076532633696664
191623314.11180592 0.8071208894694887
192309289.58714747 0.8065803116153109
192984019.56289327 0.8060492522344405
195008209.49013066 0.8044599666229058
195682939.46587646 0.8039314975769125
196751261.92747396 0.8030960715963048
197830829.88866723 0.802253486274144
199180289.84015882 0.8012025567065083
199855019.81590462 0.800678047947124
201204479.7673962 0.7996309355993848
201879209.743142 0.7991083292708135
203228669.6946336 0.7980650094809056
203655998.6792726 0.7977351496546616
204758057.6396574 0.7968856198780394
206107517.591149 0.7958476518519233
207220822.05112955 0.7949932045295072
208997610.98726016 0.7936330394247559
209683586.46260172 0.7931090589374498
210358316.43834752 0.7925942893186705
212382506.36558488 0.7910536625878928
216408395.22086814 0.7880058273755733
217049388.69782665 0.787522545347107
217690382.17478514 0.7870398063185211
218365112.15053093 0.7865322453842728
219703326.60242677 0.7855273542384632
222402246.50540996 0.783507812591908
223751706.45690155 0.782501596299992
225101166.40839314 0.7814977362999174
225775896.38413894 0.7809966867883001
226450626.35988474 0.7804962226109973
226855464.3453322 0.7801962245493691
227249056.8311839 0.7799047611073029
227923786.8069297 0.7794055706073832
231308682.18525445 0.776910047861845
231983412.16100025 0.7764143369709391
234018847.5878334 0.7749224154194251
235638199.5296233 0.7737391816204053
236031792.01547503 0.7734520845406752
236425384.50132674 0.7731651803452868
237100114.47707254 0.7726737926521078
238449574.42856413 0.7716927109603695
239124304.40430993 0.7712030145934342
239799034.38005573 0.7707138796387252
241159739.83114308 0.7697291603989589
241834469.80688888 0.7692417119230786
242509199.78263468 0.7687548201528376
243183929.75838047 0.7682684839241846
244533389.70987204 0.7672974734507166
245219365.1852136 0.7668047236211025
245894095.1609594 0.7663206071515054
246568825.1367052 0.7658370404298158
247918285.08819678 0.7648715516500454
248593015.06394258 0.7643896273094177
250628450.49077573 0.7629391205755462
251303180.46652153 0.7624593791954974
251977910.44226733 0.7619801784621358
253327370.39375892 0.7610233944508056
254980458.8343361 0.7598542620320111
256082517.79472092 0.7590766240631213
261491603.10028306 0.7552803671796324
262166333.07602882 0.7548091955038638
262841063.05177462 0.7543385467651246
263515793.02752042 0.753868419887899
264190523.00326622 0.7533988137994844
264865252.979012 0.7529297274299847
265472509.95718324 0.7525079931750926
266068521.43575868 0.7520944765742055
266743251.41150448 0.7516268311459944
267417981.38725027 0.7511597014141783
268092711.36299607 0.7506930863221764
268767441.3387419 0.7502269848161688
270128146.78982925 0.7492885713966821
270802876.765575 0.7488240128517492
271477606.7413208 0.7483599636876376
272152336.7170666 0.7478964228642673
272827066.6928124 0.7474333893442737
273501796.6685582 0.7469708620930013
273929125.6531972 0.7466781895520024
274064071.64834636 0.7465858087054064
274176526.644304 0.7465088400784954
274570119.1301557 0.7462395601484323
275244849.1059015 0.7457783359882267
275919579.0816473 0.7453176144113541
276594309.0573931 0.7448573943954777
277280284.53273463 0.7443900171645872
277955014.5084804 0.743930805531159
278629744.4842262 0.7434720923908069
279304474.459972 0.7430138767318633
279979204.4357178 0.7425561575452979
280653934.4114636 0.742098933824711
281328664.3872094 0.7416422045663263
282689369.8382968 0.7407226338784583
283364099.81404257 0.7402673901928312
284038829.78978837 0.7398126369638549
284713559.76553416 0.7393583732008041
285388289.74127996 0.7389045979155342
286063019.71702576 0.7384513101224729
286748995.1923673 0.7379909662667766
287423725.1681131 0.7375386585955273
288098455.1438589 0.7370868354588611
288773185.1196047 0.7366354958814698
289447915.0953505 0.7361846388905828
290010190.0751387 0.7358092926739225
290572465.0549268 0.7354342803528141
290966057.5407785 0.7351719700965367
291370895.52622604 0.734902335461627
292045625.50197184 0.7344533273927323
292720355.47771764 0.7340047972281775
293395085.45346344 0.7335567440098976
294069815.4292092 0.7331091667823181
294744545.40495497 0.7326620645923474
295419275.38070077 0.7322154364893703
296105250.8560423 0.731761849612321
296779980.8317881 0.7313161747032465
297454710.8075339 0.7308709710284115
298129440.7832797 0.73042623764708
298804170.7590255 0.7299819736209582
299478900.7347713 0.7295381780141874
300153630.7105171 0.7290948498933392
300828360.6862629 0.7286519883274061
301514336.16160446 0.7282022230617485
302189066.13735026 0.7277602995594511
302863796.11309606 0.72731883981814
304213256.06458765 0.7264373079354902
304854249.54154617 0.726019226722742
305416524.52133435 0.7256528307494734
306012535.99990976 0.7252647993021724
306687265.97565556 0.7248259502066401
308047971.4267429 0.7239423290542956
308722701.4024887 0.7235048578253122
309397431.3782345 0.7230678415353706
310746891.3297261 0.7221951701810022
311421621.3054719 0.7217595133265793
312096351.2812177 0.721324307831193
312771081.2569635 0.7208895528056254
313457056.73230505 0.7204480127428402
314131786.70805085 0.7200141634692767
314806516.68379664 0.7195807619969714
315481246.65954244 0.7191478074459093
316155976.63528824 0.7187152989383513
316830706.61103404 0.7182832355988266
317505436.58677983 0.717851616554128
318180166.56252563 0.7174204409333045
318866142.0378672 0.7169825327277163
319540872.013613 0.7165522487049366
320215601.9893588 0.716122405492273
320890331.9651046 0.7156930022277764
321452606.94489276 0.7153355016252311
322003636.4250851 0.7149854463921866
322397228.91093683 0.7147355856843192
322790821.39678854 0.7144858737378245
323465551.37253433 0.7140581417255543
324151526.8478759 0.7136237276253099
324826256.8236217 0.7131968736614434
325669669.29330397 0.7126639165852173
326344399.26904976 0.7122380381980046
327019129.24479556 0.7118125920307641
327693859.22054136 0.7113875772437115
328368589.19628716 0.7109629929992268
329718049.14777875 0.7101151127982706
330280324.1275669 0.7097623350908451
330842599.10735506 0.7094098541553534
331517329.08310086 0.7089872680975963
331910921.56895256 0.7087409562704965
332090849.5624848 0.7086284047949675
332540669.5463153 0.7083471583367329
333901374.99740267 0.7074975356092089
334576104.97314847 0.7070768734312606
335250834.94889426 0.7066566333744361
335925564.92464006 0.7062368146249581
337275024.87613165 0.7053984378033944
337949754.85187745 0.7049798781141977
338624484.82762325 0.7045617364981147
339310460.3029648 0.7041370536099736
339985190.2787106 0.7037197526664418
340659920.2544564 0.7033028673788045
342009380.205948 0.702470340584634
342684110.1816938 0.7020546974899244
343358840.1574396 0.7016394668747457
344044815.63278115 0.7012177377848025
344719545.60852695 0.7008033366054472
345394275.5842727 0.7003893455316277
346069005.5600185 0.6999757637804361
347418465.5115101 0.6991498251243449
348104440.98685163 0.6987305974662984
348779170.9625974 0.6983186519802627
349453900.9383432 0.6979071119194702
350128630.914089 0.6974959765130152
350803360.8898348 0.6970852449919671
351478090.8655806 0.696674916589366
352152820.8413264 0.696264990540216
352838796.316668 0.6958486440718615
354188256.26815957 0.6950308102187246
354862986.24390537 0.694622492621343
355414015.7240978 0.6942893289273547
355672662.21480036 0.6941330375178058
356066254.70065206 0.6938953148627811
356740984.67639786 0.6934881046812323
357426960.1517394 0.693074514078771
359451150.0789768 0.6918564638731992
360125880.0547226 0.6914512350495502
360800610.0304684 0.691046398946279
361475340.00621414 0.6906419548249901
362150069.98195994 0.6902379019491744
362824799.95770574 0.6898342395842039
363510775.4330473 0.6894242490856667
364185505.4087931 0.6890213720239398
364860235.3845389 0.6886188832682747
365534965.3602847 0.6882167820915474
366209695.3360305 0.6878150677684893
366884425.3117763 0.6874137395756821
367559155.2875221 0.6870127967915526
368233885.2632679 0.6866122386963678
368919860.73860943 0.6862053982525015
369594590.71435523 0.6858056137648691
370269320.690101 0.6854062118060845
370944050.6658468 0.685007191663755
371618780.6415926 0.6846085526273031
372968240.5930842 0.6838124150387678
373654216.0684258 0.6834082932819926
374328946.0441716 0.683011177898147
375678405.99566317 0.6822180791357842
376353135.97140896 0.681822094359523
377027865.94715476 0.6814264850576754
377702595.92290056 0.6810312505358057
378354834.89945483 0.680649546096069
378995828.37641335 0.6802747627380882
379670558.35215914 0.6798806173745131
380345288.32790494 0.679486844087999
381020018.30365074 0.6790934421927454
381705993.7789923 0.6786938636217181
382380723.7547381 0.6783012086198573
383055453.7304839 0.67790892295096
383730183.7062297 0.6775170059361936
384404913.6819755 0.677125456898449
385079643.6577212 0.6767342751623355
385754373.633467 0.6763434600541751
386440349.1088086 0.6759465065127708
387115079.0845544 0.6755564287287418
387789809.0603002 0.6751667155507395
388464539.03604597 0.6747773663119221
389139269.01179177 0.6743883803471373
390488728.96328336 0.673611495587482
391174704.4386249 0.6732171335259358
391849434.4143707 0.672829600044339
392265517.89941394 0.672590800537105
393367576.8597988 0.6719589648259352
394717036.8112904 0.6711865906735446
395391766.7870362 0.6708009397070025
396066496.762782 0.6704156452822605
397415956.7142736 0.6696461234741031
400800852.09259826 0.6677221360866317
401475582.06834406 0.6673396767131874
402825042.01983565 0.666575809650052
403398562.4992196 0.6662515897845055
403960837.4790078 0.6659339719410345
404635567.4547536 0.6655531499116424
405321542.93009514 0.6651663374152468
405996272.90584093 0.6647862161956665
406671002.88158673 0.6644064415448536
407345732.8573325 0.664027012841554
408020462.8330783 0.6636479294660789
408695192.8088241 0.6632691908003001
409369922.78456986 0.6628907962276468
410044652.76031566 0.6625127451331001
410730628.2356572 0.6621287446673626
411405358.211403 0.661751384389198
412080088.1871488 0.6613743657431962
412754818.1628946 0.6609976881205313
413429548.1386404 0.6606213509139092
414104278.1143862 0.6602453535175623
414779008.090132 0.6598696953272463
415464983.56547356 0.6594881232790816
416139713.54121935 0.659113147322448
416814443.51696515 0.6587385087582253
417489173.49271095 0.6583642069882443
418163903.46845675 0.6579902414158377
418838633.44420254 0.6576166114458365
419232225.93005425 0.6573988153769114
419344680.9260119 0.6573366088502249
419738273.4118636 0.6571189591747965
420413003.3876094 0.6567461099709112
421087733.3633552 0.6563735943963002
421515062.3479942 0.6561378401588415
421897409.33425015 0.6559270152685879
422515911.81201714 0.6555862009007566
423190641.78776294 0.6552147213673074
423876617.2631045 0.6548373900465029
424551347.2388503 0.6544665778662767
425226077.2145961 0.6540960957276306
425900807.1903419 0.6537259430508306
426575537.1660877 0.6533561192575948
427250267.1418335 0.6529866237710887
427924997.1175793 0.6526174560159219
428599727.0933251 0.6522486154181436
429274457.0690709 0.6518801014052389
429960432.54441243 0.6515057796982884
430635162.52015823 0.6511379225625614
431309892.495904 0.6507703902932818
432299496.46033114 0.6502319294279185
432726825.4449702 0.6499996274484613
433412800.92031175 0.6496269925908403
434087530.89605755 0.6492607917346213
434762260.87180334 0.6488949128596647
435436990.84754914 0.6485293554063906
436111720.82329494 0.6481641188166147
436786450.79904073 0.6477992025335464
437461180.77478653 0.6474346060017834
438135910.7505323 0.6470703286673091
438810640.7262781 0.6467063699774883
439496616.2016197 0.6463366713962804
440171346.1773654 0.6459733536311082
440846076.1531112 0.6456103528518041
441520806.128857 0.6452476685112437
442195536.1046028 0.6448853000636655
442870266.0803486 0.6445232469646662
443544996.0560944 0.6441615086711983
444219726.0318402 0.6438000846415654
444905701.50718176 0.6434329584851803
445580431.48292756 0.6430721665786991
446255161.45867336 0.6427116873100869
446929891.43441916 0.6423515201430388
447604621.41016495 0.6419916645425829
448279351.38591075 0.6416321199750772
448954081.36165655 0.6412728859082052
449640056.8369981 0.6409079823657986
450989516.7884897 0.6401910722597747
451664246.7642355 0.6398330800339477
452338976.7399813 0.6394753956581817
453013706.7157271 0.6391180186080616
453688436.6914729 0.6387609483604724
454363166.6672187 0.6384041843935964
455049142.14256024 0.6380417878043071
455723872.11830604 0.6376856399215323
456398602.09405184 0.6373297967531432
457073332.06979764 0.6369742577824964
457748062.04554343 0.6366190224942281
458422792.0212892 0.6362640903742504
459097521.997035 0.6359094609097478
459783497.4723766 0.6355492306907535
460289544.9541859 0.6352836869432418
460806837.93559104 0.6350124173613945
461481567.91133684 0.6346588531912022
462156297.88708264 0.6343055893675871
463517003.33817 0.633594085527052
464191733.3139158 0.6332417246894323
464866463.2896616 0.6328896621741706
465541193.2654074 0.6325378974804301
466215923.2411532 0.6321864301086101
466890653.216899 0.6318352595603435
467576628.69224054 0.6314785399425119
468251358.66798633 0.6311279664774784
468926088.64373213 0.6307776883400257
469600818.6194779 0.6304277050367049
470275548.59522367 0.6300780160752835
470950278.57096946 0.6297286209647419
471625008.54671526 0.6293795192152698
472074828.53054583 0.6291469474526585
473188132.9905264 0.628571891166401
473862862.9662722 0.6282237589067978
474537592.942018 0.6278759179077182
475212322.91776377 0.6275283676857283
475887052.89350957 0.6271811077585824
476573028.3688511 0.6268283572626306
477247758.3445969 0.62648168130135
477922488.3203427 0.6261352941873104
478597218.2960885 0.62578919544301
479238211.77304703 0.6254606683045353
479890450.7496013 0.6251266438126585
480565180.7253471 0.6247813834303276
481239910.7010929 0.6244364095587808
481925886.17643446 0.6240859793497465
482600616.15218025 0.6237415818411172
483275346.127926 0.6233974694236255
483950076.1036718 0.6230536416289855
484624806.0794176 0.6227100979900595
485299536.0551634 0.6223668380408539
485974266.0309092 0.6220238613165169
486648996.006655 0.621681167353335
487334971.48199654 0.6213330512167197
488009701.45774233 0.6209909260826274
489359161.4092339 0.6203075194627233
490033891.3849797 0.6199662370596899
490708621.3607255 0.6196252346516559
491383351.3364713 0.6192845117828084
492069326.8118129 0.6189383962972566
492744056.7875587 0.6185982357838073
493418786.7633045 0.6182583534412444
494093516.73905027 0.6179187488182102
494768246.71479607 0.6175794214644487
495442976.69054186 0.6172403709308024
496117706.66628766 0.6169015967692099
496792436.64203346 0.6165630985327017
497478412.117375 0.6162192410608299
498153142.0931208 0.6158812979180842
498827872.0688666 0.615543629358656
499502602.0446124 0.6152062349399355
500177332.0203582 0.6148691142203904
500852061.996104 0.6145322667595635
501526791.9718498 0.6141956921180695
502201521.9475956 0.6138593898575921
502876251.9233414 0.6135233595408816
503562227.39868295 0.6131820070493915
504236957.37442875 0.6128465238269083
504911687.35017455 0.6125113112355842
505586417.32592034 0.6121763688424227
506261147.30166614 0.6118416962154789
506935877.27741194 0.6115072929238566
507610607.25315773 0.6111731585377058
508285337.22890353 0.6108392926282198
508971312.7042451 0.6105001370718268
509646042.6799909 0.610166811290168
510320772.6557367 0.609833752697898
510995502.6314824 0.6095009608703713
511670232.6072282 0.6091684353839718
512344962.582974 0.6088361758161096
512817273.5659961 0.6086037521143457
513008447.05912405 0.6085097128064125
513402039.5449758 0.608316169463115
514076769.5207216 0.6079845904923333
514751499.49646735 0.6076532759411675
515426229.47221315 0.6073222253916777
516112204.9475547 0.606985927541636
516786934.9233005 0.606655408128353
517349209.9030887 0.6063801760110475
517664083.89177006 0.6062261256359577
518080167.3768133 0.6060226466470925
518766142.85215485 0.605687398736466
519440872.82790065 0.6053579104107456
520115602.80364645 0.6050286832098032
520790332.77939224 0.6046997167236605
521465062.75513804 0.6043710105433292
522139792.73088384 0.6040425642608066
522814522.70662963 0.6037143774690745
523489252.68237543 0.6033864497620958
524175228.157717 0.6030533217736462
524849958.1334628 0.6027259153231496
525524688.1092086 0.6023987667384452
526199418.0849544 0.6020718756174103
526874148.0607002 0.6017452415588899
527548878.036446 0.6014188641626944
528223608.0121918 0.6010927430295973
528909583.48753333 0.6007614488390065
529584313.4632791 0.6004358432926941
530259043.4390249 0.6001104928109514
530933773.4147707 0.5997853969983922
531608503.3905165 0.5994605554605797
532283233.3662623 0.5991359678040244
532688071.3517098 0.598941336909757
532800526.3476674 0.5988872889561634
533194118.8335191 0.5986981764916454
533868848.8092649 0.5983741839125574
534543578.7850107 0.5980504439034037
535218308.7607565 0.5977269560747853
535893038.7365023 0.5974037200382356
536567768.7122481 0.5970807354062196
537242498.6879939 0.5967580017921308
537928474.1633354 0.5964301462151435
538603204.1390812 0.5961079176483259
539277934.114827 0.5957859389387706
539952664.0905728 0.5954642097035746
540627394.0663186 0.5951427295607504
541302124.0420644 0.5948214981292245
541976854.0178102 0.5945005150288336
542651583.993556 0.5941797798803233
543337559.4688976 0.5938539529411091
544012289.4446434 0.5935337166789597
544687019.4203892 0.5932137272300851
545361749.396135 0.5928939842188549
546036479.3718808 0.5925744872705345
546711209.3476266 0.5922552360112836
547385939.3233724 0.5919362300681527
548060669.2991182 0.5916174690690813
548746644.7744597 0.5912936461057587
549421374.7502055 0.5909753779490805
550096104.7259513 0.5906573536194406
553469754.6046803 0.5890708765094652
554155730.0800219 0.5887490333276721
554830460.0557677 0.5884327095358688
555505190.0315135 0.5881166266413779
556179920.0072592 0.5878007842826489
556854649.983005 0.5874851820989889
557529379.9587508 0.587169819730561
558204109.9344966 0.5868546968183819
558890085.4098382 0.5865345669644074
559564815.385584 0.5862199258671686
560239545.3613298 0.585905523148392
560914275.3370756 0.5855913584524983
561589005.3128214 0.5852774314247509
562263735.2885672 0.5849637417112528
562938465.264313 0.5846502889589438
563624440.7396545 0.5843318545491447
564299170.7154003 0.5840188785980267
564951409.6919546 0.5837165594194814
565345002.1778063 0.5835342319467506
565491193.6725512 0.5834665307155329
565884786.1584029 0.5832843130595676
566559516.1341487 0.5829721260022687
567234246.1098945 0.5826601736778338
567920221.5852361 0.5823432624241239
568594951.5609819 0.5820317824230893
569269681.5367277 0.5817205361107424
569944411.5124735 0.5814095231425853
570619141.4882193 0.5810987431749326
571293871.463965 0.5807881958649083
571968601.4397109 0.5804778808704439
572654576.9150524 0.5801626317633384
573329306.8907982 0.5798527842346929
574004036.866544 0.5795431679945722
574678766.8422898 0.5792337827041297
575353496.8180356 0.5789246280253163
576028226.7937814 0.5786157036208766
576702956.7695272 0.5783070091543481
577377686.745273 0.5779985442900586
578063662.2206146 0.5776851733736752
578738392.1963603 0.5773771705227254
579413122.1721061 0.5770693962661696
580087852.147852 0.5767618502714886
580762582.1235977 0.5764545322069425
581437312.0993435 0.5761474417415693
582112042.0750893 0.5758405785451824
582798017.5504309 0.575528833604898
583472747.5261767 0.575222427733084
584147477.5019225 0.5749162481388701
584822207.4776683 0.5746102944951635
585496937.4534141 0.5743045664756367
586171667.4291599 0.5739990637547243
586846397.4049057 0.5736937860076224
587521127.3806515 0.5733887329102864
588207102.855993 0.573078825558619
588881832.8317388 0.5727742245223748
589556562.8074846 0.5724698471629371
590231292.7832304 0.5721656931592884
590906022.7589762 0.5718617621911598
591580752.734722 0.5715580539390289
592255482.7104677 0.5712545680841185
593380032.6700441 0.5707492516785161
594054762.6457899 0.570446357330033
594740738.1211314 0.5701386415369138
595415468.0968772 0.5698361930218391
596090198.072623 0.56953396510631
596764928.0483688 0.5692319574764747
597439658.0241146 0.5689301698192103
598114387.9998604 0.5686286018221214
598789117.9756062 0.5683272531735379
599463847.951352 0.5680261235625137
600149823.4266936 0.5677201993487717
600824553.4024394 0.5674195105205897
601712947.8705046 0.5670239361526115
602387677.8462504 0.5667237521287475
603062407.8219962 0.5664237854962005
603737137.797742 0.5661240359485614
604411867.7734878 0.5658245031801301
605086597.7492336 0.565525186885914
605772573.2245752 0.5652211035892647
606717195.1906193 0.5648027310347263
607133278.6756625 0.5646185818950079
607808008.6514083 0.5643201356319903
608493984.1267499 0.564016935616234
609168714.1024957 0.5637189225269121
609843444.0782415 0.5634211237815204
610518174.0539873 0.5631235390806927
611192904.0297331 0.5628261681257529
611867634.0054789 0.5625290106187132
612542363.9812247 0.5622320662622731
613228339.4565662 0.5619303910364353
613903069.432312 0.5616338756321599
614577799.4080578 0.5613375724857683
615252529.3838036 0.5610414813026992
615927259.3595494 0.560745601789069
616601989.3352952 0.5604499336516698
617276719.311041 0.5601544765979677
617962694.7863826 0.5598543113492854
618637424.7621284 0.5595592790939424
619312154.7378742 0.559264457043883
619986884.71362 0.5589698449092616
620661614.6893657 0.5586754424008974
621336344.6651115 0.5583812492302729
622011074.6408573 0.558087265109532
622697050.1161989 0.557788595262561
623371780.0919447 0.5574950318528322
624046510.0676905 0.5572016766286086
624721240.0434363 0.5569085293046719
625395970.0191821 0.5566155895964566
626070699.9949279 0.5563228572200475
626745429.9706737 0.5560303318921788
627420159.9464195 0.5557380133302314
628106135.421761 0.5554410344653736
628780865.3975068 0.5551491320243233
629455595.3732526 0.5548574355005309
630130325.3489984 0.5545659446139597
630805055.3247442 0.5542746590852113
631479785.30049 0.5539835786355247
632154515.2762358 0.5536927029867733
632964191.2471308 0.5533439221548409
633357783.7329825 0.5531744821544801
633751376.2188342 0.5530051115810326
634426106.19458 0.5527149233926963
635112081.6699215 0.552420107444962
635786811.6456673 0.5521303295559064
636382823.1242428 0.5518745279862399
636978834.6028183 0.5516188846559642
637372427.0886699 0.5514501502501291
637766019.5745217 0.551281484716063
638440749.5502675 0.5509925038772256
639115479.5260133 0.5507037250066569
639790209.501759 0.5504151478332999
640464939.4775048 0.550126772086713
641139669.4532506 0.5498385974970668
641814399.4289964 0.5495506237951435
642500374.904338 0.5492580561924505
643759870.8590635 0.5487214218403613
644187199.8437024 0.5485395077707446
644861929.8194482 0.5482524380741156
645536659.795194 0.5479655677909365
646211389.7709398 0.5476788966559323
646897365.2462814 0.5473876515503823
647572095.2220272 0.5471013812263872
648246825.197773 0.5468153092539436
648921555.1735188 0.5465294353701726
649596285.1492646 0.5462437593127885
650271015.1250104 0.5459582808200961
650945745.1007562 0.5456729996309897
651631720.5760977 0.5453831657504294
652306450.5518435 0.5450982816650485
652981180.5275893 0.5448135940991404
653655910.5033351 0.5445291027939511
654330640.4790809 0.5442448074913083
655005370.4548267 0.5439607079336197
655680100.4305725 0.5436768038638715
656354830.4063183 0.5433930950256267
657040805.8816599 0.5431048575824029
657715535.8574057 0.5428215416833341
658390265.8331515 0.5425384202456636
659064995.8088973 0.5422554930152566
659739725.784643 0.5419727597385469
660414455.7603889 0.5416902201625367
661089185.7361346 0.5414078740347936
661482778.2219864 0.5412432613622458
661876370.707838 0.5410787143802233
662551100.6835839 0.5407967865270995
663237076.1589254 0.5405103573706891
663911806.1346712 0.5402288177773047
664586536.110417 0.5399474703327645
665261266.0861628 0.5396663147881037
665935996.0619086 0.5393853508949135
666610726.0376544 0.5391045784053389
667285456.0134002 0.5388239970720772
667971431.4887418 0.5385389350906743
668646161.4644876 0.5382587385059736
669320891.4402333 0.5379787323348891
669995621.4159791 0.5376989163323223
670434195.900214 0.5375171377926573
670872770.3844486 0.5373354394288191
671547500.3601944 0.537056059886658
672222230.3359402 0.5367768697080505
672896960.311686 0.5364978686502317
673571690.2874318 0.5362190564709765
674246420.2631776 0.5359404329285962
674932395.7385192 0.5356573587909209
676281855.6900108 0.5351010589866084
676956585.6657566 0.5348231907114455
677631315.6415024 0.5345455098687497
678306045.6172482 0.5342680162200372
678980775.592994 0.5339907095273506
679655505.5687398 0.5337135895532594
680341481.0440813 0.5334320420812179
681016211.0198271 0.5331552979362107
681690940.9955729 0.5328787397967225
682365670.9713187 0.5326023674274214
683040400.9470645 0.5323261805934947
683715130.9228103 0.5320501790606476
684389860.8985561 0.5317743625951014
685075836.3738977 0.5314941386676962
685750566.3496435 0.5312186947121943
686425296.3253893 0.5309434351218758
687100026.3011351 0.5306683596650227
687774756.2768809 0.5303934681104258
688449486.2526267 0.5301187602273847
689124216.2283725 0.5298442357857056
689810191.703714 0.5295653237527707
690484921.6794598 0.5292911685530236
691159651.6552056 0.5290171961032771
691834381.6309514 0.5287434061753593
695061840.0149355 0.5274362951875086
695522905.4983617 0.5272499040860786
696197635.4741075 0.5269772889913631
696872365.4498533 0.5267048547305107
697547095.4255991 0.5264326010795417
698221825.4013449 0.5261605278149658
698907800.8766865 0.5258841046872098
699582530.8524323 0.5256123945240294
700167296.831412 0.5253770577601604
700763308.3099874 0.5251373340447446
701438038.2857332 0.5248661175654251
702124013.7610748 0.5245905644198197
702798743.7368206 0.5243197089140118
703473473.7125664 0.5240490320716644
704148203.6883122 0.5237785336735261
704822933.664058 0.5235082135008217
705497663.6398038 0.5232380713352518
706172393.6155496 0.52296810695899
706858369.0908911 0.5226938252111379
707533099.0666369 0.5224242187159873
708207829.0423827 0.522154789355895
708882559.0181285 0.5218855369149259
709557288.9938743 0.5216164611776124
710232018.9696201 0.5213475619289533
710906748.9453659 0.5210788389544126
711592724.4207075 0.5208058177484127
712267454.3964533 0.5205374496093221
712942184.372199 0.5202692570999717
713616914.3479449 0.5200012400076817
714291644.3236907 0.5197333981202309
714966374.2994365 0.5194657312258558
715641104.2751822 0.5191982391132498
716315834.250928 0.5189309215715614
717001809.7262696 0.5186593274800654
717676539.7020154 0.5183923613502069
718351269.6777612 0.5181255691579444
719025999.653507 0.5178589506942433
719700729.6292528 0.5175925057505183
720375459.6049986 0.5173262341186325
721050189.5807444 0.5170601355908959
721724919.5564902 0.5167942099600644
722410895.0318317 0.5165240292655525
724435084.9590691 0.5157278131313282
725109814.9348149 0.5154627517545999
725784544.9105607 0.5151978620372009
726211873.8951997 0.5150301872428314
726616711.8806472 0.5148714008291296
727280196.3567972 0.5146113007973239
727954926.332543 0.5143469618684527
728629656.3082888 0.5140827937410359
729304386.2840346 0.5138187962127566
729979116.2597804 0.5135549690817298
730653846.2355262 0.5132913121465007
731328576.211272 0.5130278252060443
732003306.1870178 0.5127645080597631
732689281.6623594 0.5124969761506492
733364011.6381052 0.5122340008141821
734038741.613851 0.5119711946693385
734713471.5895967 0.5117085575172297
735388201.5653425 0.5114460891593896
736062931.5410883 0.5111837893977734
736737661.5168341 0.5109216580347571
737412391.4925799 0.5106596948731356
738098366.9679215 0.5103935378857583
738773096.9436673 0.5101319133321248
739447826.9194131 0.5098704563875128
740122556.8951589 0.5096091668563898
740797286.8709047 0.5093480445436371
741472016.8466505 0.5090870892545492
742146746.8223963 0.5088263007948308
742832722.2977378 0.5085613366841985
743507452.2734836 0.5083008840743742
744182182.2492294 0.5080405977102804
744856912.2249752 0.5077804773992648
745531642.2007209 0.507520522949081
746206372.1764667 0.5072607341678879
746881102.1522125 0.5070011108642483
747555832.1279583 0.5067416528471274
748230562.1037041 0.5064823599258935
748691627.5871304 0.5063052712849044
748871555.5806626 0.5062361843975162
748984010.5766203 0.5061930110415392
749377603.062472 0.5060419403166025
750052333.0382178 0.5057830922051864
750738308.5135593 0.5055200984842104
751413038.4893051 0.5052615817072403
752087768.4650509 0.5050032289440377
752762498.4407967 0.504745040006642
753437228.4165425 0.5044870147074865
754111958.3922883 0.5042291528593971
754786688.3680341 0.5039714542755915
755461418.3437799 0.5037139187696782
756147393.8191215 0.5034522579910868
756822123.7948673 0.5031950507935417
757496853.7706131 0.5029380061139639
758171583.7463589 0.5026811237675207
758846313.7221047 0.5024244035697651
759521043.6978505 0.5021678453366347
760195773.6735963 0.5019114488844499
760870503.6493421 0.5016552140299148
761556479.1246836 0.501394874065952
762231209.1004294 0.5011389645440102
762905939.0761752 0.5008832160690808
763580669.051921 0.5006276284593937
764255399.0276668 0.5003722015335563
764930129.0034126 0.5001169351105526
765604858.9791584 0.4998618290097421
766279588.9549042 0.4996068830508589
766965564.4302458 0.49934785197494086
767640294.4059916 0.49909322842213105
768315024.3817374 0.4988387644697057
768989754.3574831 0.4985844599388935
769664484.333229 0.4983303146512929
770339214.3089747 0.498076328428871
771013944.2847205 0.4978225010939626
771688674.2604663 0.4975688324692692
772374649.7358079 0.4973110985517912
773049379.7115537 0.49705774945487974
773724109.6872995 0.4968045585355453
774398839.6630453 0.49655152561795307
775073569.6387911 0.4962986505266303
775748299.6145369 0.49604593308646494
776423029.5902827 0.4957933731227052
777097759.5660285 0.4955409704609586
777772489.5417743 0.49528872492719034
779133194.9928616 0.4947805070132268
779807924.9686074 0.49452873443142564
780482654.9443532 0.4942771182821547
781157384.920099 0.4940256583931625
781832114.8958448 0.4937743545925498
782506844.8715906 0.4935232067087695
783192820.3469322 0.4932680326868609
783867550.322678 0.49301719871497357
784542280.2984236 0.4927665201445389
785217010.2741694 0.49251599680541336
785891740.2499152 0.4922656285277999
786566470.225661 0.49201541514224795
787241200.2014068 0.49176535647965214
787915930.1771526 0.49151545237125166
788601905.6524942 0.49126154146028483
789276635.62824 0.49101194852423813
789951365.6039858 0.4907625096353685
790626095.5797316 0.49051322462628943
791300825.5554774 0.4902640933299542
791975555.5312232 0.4900151155796548
792661531.0065647 0.4897621454346984
793336260.9823105 0.48951347682985524
794010990.9580563 0.4892649612701912
794685720.9338021 0.4890165985903517
795360450.9095479 0.4887683886253162
796035180.8852937 0.48852033121039806
796709910.8610395 0.48827242618124395
797384640.8367853 0.4880246733738319
798070616.3121269 0.487772947232654
798745346.2878727 0.48752550090818086
799420076.2636185 0.48727820631265356
800094806.2393643 0.4870310632833755
802118996.1666017 0.4862905419709781
806178621.5206722 0.48480947465187363
806853351.496418 0.4845638409063685
807528081.4721638 0.4843183569562386
808202811.4479096 0.48407302264266855
808877541.4236554 0.4838278378071612
809563516.898997 0.48357871963044696
810238246.8747427 0.4833338357615365
810912976.8504885 0.4830891008944703
811587706.8262343 0.48284451487201835
812937166.7777259 0.48235578873360324
813611896.7534717 0.482111648304744
814286626.7292175 0.4818676560947052
814972602.2045591 0.4816197491322399
815647332.1803049 0.4813760553569543
816322062.1560507 0.48113250933182267
816996792.1317965 0.48088911090210507
817671522.1075423 0.48064585991336867
818346252.0832881 0.48040275621148715
819020982.0590339 0.480159799642639
819695712.0347797 0.4799169900533081
820381687.5101212 0.4796702841539715
821056417.485867 0.4794277705076026
821731147.4616128 0.4791854033794803
822405877.4373586 0.4789431826173038
823080607.4131044 0.47870110806907296
823755337.3888502 0.47845917958308776
824430067.364596 0.47821739700794685
825104797.3403418 0.4779757601925479
825790772.8156834 0.4777302453654181
826465502.7914292 0.477488902040418
827140232.767175 0.477247704021133
827814962.7429208 0.47700665115765134
828489692.7186666 0.4767657433003556
829164422.6944124 0.4765249802999219
829839152.6701581 0.4762843620073197
830525128.1454997 0.4760398816021428
831199858.1212455 0.4757995546848676
831874588.0969913 0.47555937202761533
832549318.0727371 0.4753193334825246
833224048.0484829 0.47507943890202314
833898778.0242287 0.4748396881388272
834584753.4995703 0.47459608881076354
835259483.475316 0.47435662763229636
835934213.4510618 0.47411730982856903
836406524.4340838 0.47394987259566457
836890080.9167017 0.4737785214181288
837564810.8924475 0.4735395495006067
838239540.8681933 0.47330072045971244
838914270.8439391 0.4730620341502834
839600246.3192806 0.47281951590592636
840274976.2950264 0.47258111699787764
840949706.2707722 0.4723428603850939
841624436.246518 0.47210474592354174
842299166.2222638 0.47186677346946737
842973896.1980096 0.4716289428793954
843648626.1737554 0.47139125401012816
844334601.649097 0.4711497487958893
845009331.6248428 0.47091234529579473
845684061.6005886 0.4706750830862027
846358791.5763344 0.4704379620250247
847033521.5520802 0.47020098197044674
847708251.527826 0.46996414278092846
848382981.5035717 0.4697274443152023
849057711.4793175 0.4694908864322731
849743686.9546591 0.46925052988979227
850418416.9304049 0.46901425508772837
851093146.9061507 0.4687781204447679
851767876.8818965 0.4685421258210019
852442606.8576423 0.4683062710767905
853117336.8333881 0.4680705560727613
853792066.8091339 0.4678349806698098
854466796.7848797 0.4675995447290978
855152772.2602212 0.46736032768136215
855827502.235967 0.467125172568264
856502232.2117128 0.46689015650018584
857176962.1874586 0.46665527933935386
857851692.1632044 0.46642054094825747
858526422.1389502 0.46618594118964857
859212397.6142918 0.4659475734114083
859887127.5900376 0.4657132528119002
860561857.5657834 0.46547907043243186
861236587.5415292 0.46524502613680335
861911317.517275 0.4650111197890739
862586047.4930208 0.46477735125356073
863260777.4687666 0.4645437203948398
863946752.9441081 0.46430633668697313
864621482.9198539 0.4640729830655614
865296212.8955997 0.4638397667139668
865970942.8713454 0.4636066874977941
866645672.8470912 0.4633737452829026
867320402.822837 0.46314093993540556
867995132.7985828 0.46290827132166934
868681108.2739244 0.4626718649313075
869355838.2496701 0.4624394716585304
870030568.225416 0.4622072147179145
870705298.2011617 0.46197509397683717
871380028.1769075 0.4617431093029258
872054758.1526533 0.4615112605640573
872729488.1283991 0.46127954762835727
873404218.1041449 0.4610479703641993
874078948.0798907 0.4608165286402049
874764923.5552323 0.46058136836646213
875439653.5309781 0.46035019958317347
876114383.5067239 0.4601191659452153
876789113.4824697 0.4598882673221969
877463843.4582155 0.45965750358397167
878138573.4339613 0.45942687460063664
878813303.4097071 0.45919638024253195
879499278.8850486 0.45896218218794466
880174008.8607944 0.4587319589306418
880848738.8365402 0.4585018699088957
881523468.812286 0.4582719149940167
882198198.7880318 0.45804209405755536
882872928.7637776 0.45781240697130154
883547658.7395234 0.457582853607284
884233634.214865 0.45734961130606017
884908364.1906108 0.4571203272269244
885583094.1663566 0.4568911764854185
886257824.1421024 0.4566621589545242
886932554.1178482 0.456433274507459
887607284.093594 0.45620452301767533
888282014.0693398 0.45597590435886054
888956744.0450855 0.4557474184049357
889642719.5204271 0.45551526026299727
890317449.4961729 0.4552870415480426
890992179.4719187 0.45505895515905137
891666909.4476645 0.45483100097087836
892341639.4234103 0.45460317885860946
893016369.3991561 0.45437548869756084
893691099.3749019 0.45414793036327866
894377074.8502434 0.4539167144027826
895051804.8259892 0.4536894215415143
895726534.801735 0.4534622601329629
896401264.7774808 0.45323523005359184
897075994.7532266 0.45300833118009093
897750724.7289724 0.4527815633893771
898425454.7047182 0.4525549265585924
899111430.1800598 0.45232464657299826
899786160.1558056 0.45209827347194487
900460890.1315514 0.45187203096156175
901135620.1072972 0.45164591891989253
901810350.083043 0.45141993722520324
902485080.0587888 0.4511940857559825
903159810.0345346 0.45096836439094057
903834540.0102804 0.45074277300900917
904486778.9868346 0.45052482478237854
905127772.4637932 0.45031075240700574
905802502.439539 0.45008553945302304
906477232.4152848 0.44986045601008523
907151962.3910306 0.44963550195820323
907826692.3667763 0.449410677177606
908512667.8421179 0.4491822377151145
909187397.8178637 0.44895767326817276
909862127.7936095 0.4487332377325211
910536857.7693553 0.44850893098925826
911211587.7451011 0.44828475291969805
911886317.7208469 0.4480607034053689
912561047.6965927 0.44783678232801344
915271213.0991716 0.44693865763900187
915945943.0749174 0.4467153791099312
916620673.0506632 0.446492228310807
917295403.0264089 0.44626920512485907
917970133.0021547 0.44604630943552653
918554898.9811344 0.44585323621209616
919139664.9601141 0.44566025858978064
919544502.9455616 0.4455267146607339
919938095.4314133 0.44539692415595206
920612825.4071591 0.4451745267100289
921287555.3829049 0.44495225619066514
921962285.3586507 0.4447301124825304
922637015.3343965 0.44450809547050085
923311745.3101423 0.44428620503965793
923986475.2858881 0.44406444107528853
924672450.7612296 0.4438391105725078
925347180.7369754 0.443617601300757
926021910.7127212 0.44339621815066554
926696640.688467 0.44317496100833886
927371370.6642128 0.4429538297600848
928046100.6399586 0.44273282429241345
928720830.6157044 0.44251194449203646
929395560.5914502 0.4422911902458664
930081536.0667918 0.4420668853563934
930756266.0425376 0.44184638396803333
931430996.0182834 0.441626007793946
932105725.9940292 0.44140575672184623
932780455.969775 0.4411856306396475
933455185.9455208 0.44096562943546125
934129915.9212666 0.4407457529975966
934804645.8970124 0.4405260012145595
935490621.3723539 0.44030271457558795
936165351.3480997 0.440083213841443
936840081.3238455 0.4398638374269738
937514811.2995913 0.439644585221473
938189541.2753371 0.43942545711442715
938864271.2510829 0.4392064529955175
939539001.2268287 0.4389875727546185
940213731.2025745 0.4387688162817978
940899706.677916 0.4385465406341111
941574436.6536618 0.43832803342663934
942249166.6294076 0.43810964965678156
942923896.6051534 0.4378913892153763
943598626.5808992 0.4376732519934523
944273356.556645 0.437455237882229
944745667.5396671 0.43730270119708164
944936841.0327951 0.4372409772842542
945049296.0287527 0.4372046737089773
945161751.0247103 0.4371683735469629
945555343.5105621 0.437041349852119
946241318.9859036 0.4368200655598718
946916048.9616494 0.4366025325884302
947590778.9373952 0.43638512219560116
948265508.913141 0.43616783427371986
948940238.8888868 0.4359506687153082
949614968.8646326 0.4357336254130743
950289698.8403784 0.4355167042599127
950806991.8217834 0.43535048069777144
951324284.8031886 0.4351843288211837
951717877.2890403 0.4350579569073308
952111469.774892 0.43493162644490474
952786199.7506378 0.4347151563150874
953472175.2259793 0.43449520305542183
954146905.2017251 0.43427897814066174
954821635.1774709 0.4340628746603669
955496365.1532167 0.43384689250885156
956171095.1289625 0.4336310315806119
956845825.1047083 0.4334152917703259
957520555.0804541 0.43319967297285233
958195285.0561999 0.4329841750832309
958881260.5315415 0.4327652094014466
959555990.5072873 0.43254995502412436
960230720.4830331 0.4323348212391136
960905450.4587789 0.43211980794217497
961580180.4345247 0.4319049150292476
962254910.4102705 0.4316901423964485
962929640.3860162 0.4314754899400724
963604370.361762 0.4312609575565908
964290345.8371036 0.43104297261824065
964965075.8128494 0.4308286820675692
965639805.7885952 0.4306145112785503
966314535.764341 0.4304004601483627
966989265.7400868 0.43018652857435985
967663995.7158326 0.42997271645406954
968349971.1911741 0.4297554631496357
969024701.16692 0.42954189161667394
969699431.1426657 0.4293284392293534
970374161.1184115 0.4291151058858983
971048891.0941573 0.42890189148470514
971723621.0699031 0.4286887959243427
972398351.0456489 0.42847581910355087
973073081.0213947 0.4282629609212405
973759056.4967363 0.4280466766194501
974433786.4724821 0.42783405738461217
975108516.4482279 0.42762155648433575
975783246.4239737 0.4274091738182147
976457976.3997195 0.4271969092860115
977132706.3754653 0.42698476278765735
977807436.3512111 0.4267727342232514
978482166.3269569 0.42656082349306057
979168141.8022984 0.42634550161116763
979842871.7780442 0.42613382821062246
981867061.7052816 0.42549951281908777
982541791.6810274 0.425288308962282
983216521.6567732 0.425077222244578
983891251.632519 0.424866252567572
984577227.1078606 0.42465188661098513
985251957.0836064 0.4244411526673951
985926687.0593522 0.42423053546864326
986601417.035098 0.42402003491698187
987276147.0108438 0.42380965091482553
987950876.9865896 0.423599383364751
988625606.9623353 0.4233892321694965
989300336.9380811 0.4231791972319615
989986312.4134227 0.4229657807925153
990661042.3891685 0.4227559800133409
992010502.3406601 0.42233672625585
992685232.3164059 0.4221272730847782
993359962.2921517 0.42191793559058355
994034692.2678975 0.42170871367728535
994709422.2436433 0.4214996072490606
995395397.7189848 0.4212871340033245
996070127.6947306 0.4210782601791653
996744857.6704764 0.4208695015519676
997340869.1490518 0.42068519384330993
997936880.6276273 0.4205009758804937
998611610.603373 0.420292535469365
999286340.5791188 0.4200842098974536
999961070.5548646 0.41987599907015327
1000455872.5370783 0.419723384002009
1000961920.0188876 0.41956736414497164
1001434231.0019096 0.4194218037265282
1001636649.9946334 0.41935943785860336
1002030242.4804851 0.41923820036898574
1002457571.4651241 0.41910661515487035
1002896145.9493589 0.4189716148452128
1003570875.9251047 0.418764016300999
1004245605.9008505 0.4185565319042412
1004920335.8765963 0.4183491615614613
1006281041.3276837 0.41793131125361827
1006955771.3034295 0.41772428440887405
1007630501.2791753 0.4175173712441638
1008305231.254921 0.41731057166676777
1008979961.2306668 0.4171038855841161
1009654691.2064126 0.4168973129037886
1010329421.1821584 0.41669085353351454
1011004151.1579041 0.416484507381172
1011690126.6332457 0.41627483809558635
1012364856.6089915 0.41606871998646044
1013039586.5847373 0.41586271481826376
1013714316.5604831 0.4156568224994692
1014389046.5362289 0.41545104293869667
1015063776.5119747 0.41524537604471284
1015738506.4877205 0.4150398217264307
1016424481.963062 0.4148309568148295
1017099211.9388078 0.41462562924773866
1017773941.9145536 0.4144204139824544
1018448671.8902994 0.41421531092847436
1019123401.8660452 0.4140103199954408
1019798131.841791 0.4138054410931405
1020484107.3171326 0.4135972622966837
1021158837.2928784 0.41339260904920283
1021833567.2686242 0.4131880675611822
1022508297.24437 0.41298363774298436
1023183027.2201158 0.4127793195051146
1023857757.1958616 0.4125751127582204
1024532487.1716074 0.41237101741309107
1026567922.5984405 0.41175600381146615
1027242652.5741863 0.4115523550341364
1027917382.5499321 0.4113488172131599
1028592112.5256779 0.41114539026017244
1029266842.5014237 0.410942074086949
1029941572.4771695 0.4107388686054037
1030526338.4561492 0.4105628466573519
