1.0 0.9896541734230245
1349460.951491591 0.9870975941040849
2035436.4268331497 0.9858013757162233
2890094.3961111573 0.9841895910371351
6949719.750181694 0.976581505018308
8973909.67741908 0.9728173875657026
10334615.128506435 0.9702979860378181
11009345.10425223 0.9690519414573269
16924477.891623702 0.958219776941927
17441770.873028815 0.9572802403703184
19465960.8002662 0.9536157087595682
21636342.22224851 0.9497075188600839
22997047.67333586 0.9472683387066206
26370697.55206484 0.9412572428206233
28406132.97889799 0.9376555351545717
31779782.857626967 0.9317269599216087
32454512.833372764 0.9305473661383903
33534080.794566035 0.9286642416534816
33927673.28041775 0.927978977171945
34377493.26424828 0.9271966613019268
35513288.72342037 0.92522531125803
36559120.185826354 0.9234151609036294
36671575.18178398 0.923220808996686
37065167.6676357 0.9225410170007513
37739897.64338149 0.9213772489108643
38414627.61912729 0.9202154857797559
40438817.54636468 0.9167421916270877
41124793.02170624 0.9155692010693094
42474252.973197825 0.9132676714732717
43767485.4267106 0.9110694743601452
44442215.402456395 0.9099254696323247
46477650.82928955 0.9064863155850391
52100400.62717117 0.8970783319412119
53449860.57866277 0.8948404602085369
54124590.554408565 0.8937244150928376
54540674.0394518 0.8930371459155093
54945512.02489928 0.8923691526419884
55350350.010346755 0.8917018501044487
55743942.49619847 0.8910537452918779
56418672.471944265 0.8899442239908288
57655677.427478224 0.8879150638237703
58892682.38301218 0.885892308151412
60253387.83409954 0.8836746499796283
60928117.809845336 0.8825778415051754
64987743.16391587 0.8760184823671326
65662473.13966166 0.8749348640639854
68305165.54466604 0.8707086374518512
69407224.50505082 0.868954626746836
69890780.98766865 0.8681865677175749
70565510.96341445 0.867116442365615
71926216.4145018 0.8649639609275662
72600946.3902476 0.8638993875355112
73275676.3659934 0.8628366482079803
73950406.3417392 0.861775739785217
75839650.27382742 0.8588149097861425
76165769.76210454 0.8583052593395089
76638080.7451266 0.8575678975254395
77312810.7208724 0.8565160661928843
77987540.6966182 0.8554660469726241
78662270.672364 0.8544178367427215
79348246.14770555 0.8533540075960548
81372436.07494293 0.8502256885895239
82047166.05068873 0.8491865065351099
82721896.02643453 0.8481491148006065
84082601.47752188 0.8460624747182894
84757331.45326768 0.8450304651171083
85432061.42901348 0.8440002334790175
86106791.40475927 0.8429717767409131
86781521.38050507 0.8419450918449681
87456251.35625085 0.8409201757386239
89491686.783084 0.8378390308014192
90323853.75317049 0.8365839446187953
90751182.7378095 0.8359404773897057
91178511.7224485 0.8352977124806245
91853241.6981943 0.8342842485886237
93202701.64968589 0.8322625558332775
93877431.62543169 0.8312543209589973
94552161.60117747 0.8302478230883176
95226891.57692327 0.8292430592286998
96587597.02801062 0.8272220478084131
97104890.00941573 0.8264555712354382
97622182.99082084 0.82569010724822
98982888.4419082 0.8236814292035469
101007078.36914559 0.8207062073516893
106416163.67470771 0.8128308556598097
107102139.15004927 0.8118398663130459
108451599.10154086 0.8098954420414174
108935155.58415869 0.8092003203180201
109418712.0667765 0.8085060570606856
110093442.0425223 0.8075387502726604
110779417.51786385 0.8065570300742557
112803607.44510125 0.8036701624175578
113478337.42084704 0.8027111869882474
114153067.39659284 0.8017538636975563
115513772.84768018 0.7998282756254208
116863232.79917178 0.7979252032336558
117537962.77491757 0.7969761253143808
118212692.75066337 0.7960286824821325
119562152.70215496 0.7941386908157498
120248128.17749652 0.7931804408867444
120922858.15324232 0.7922395373219674
121597588.12898812 0.7913002547613047
122272318.1047339 0.790362590412064
123621778.0562255 0.7884921052011268
124296508.03197129 0.7875592787780685
124982483.50731285 0.7866125527212902
126331943.45880444 0.7847549776329258
127006673.43455024 0.7838285895946195
127670157.91070028 0.7829191976901343
128333642.3868503 0.7820113464111669
129008372.3625961 0.78108968514579
129694347.83793765 0.7801542906137666
131043807.78942925 0.7783189491567124
132393267.74092084 0.7764899261649983
133067997.71666664 0.7755777772931037
134428703.167754 0.7737430543684538
135103433.1434998 0.7728356378524041
135778163.1192456 0.7719297846484313
136452893.0949914 0.7710254920632359
137127623.07073718 0.770122757408158
137802353.04648298 0.7692215779991702
138477083.02222875 0.7683219511568691
139151812.99797454 0.7674238742064667
139837788.4733161 0.7665124154088584
140512518.4490619 0.7656174559563622
141187248.4248077 0.7647240383547091
141682050.40702128 0.7640698438403463
142176852.38923487 0.7634164760244837
142851582.36498067 0.7625268503072057
143526312.34072646 0.7616387572517243
144201042.31647226 0.7607521942175445
144875772.29221806 0.7598671585687207
145550502.26796386 0.7589836476738483
146236477.74330541 0.7580869719741172
146911207.7190512 0.7572065280139473
147585937.694797 0.756327600897092
148935397.6462886 0.7545742867448575
149610127.6220344 0.7536998944964918
150970833.07312173 0.7519411163489282
151645563.04886752 0.7510712605697669
152320293.02461332 0.7502029033924283
152995023.00035912 0.7493360422350964
153669752.97610492 0.7484706745204034
154344482.9518507 0.7476067976754217
155019212.9275965 0.7467444091316568
155693942.9033423 0.7458835063250386
156379918.37868387 0.7450097755866799
157054648.35442966 0.744151861235222
157729378.33017546 0.7432954249126991
158404108.30592126 0.7424404640727382
159078838.28166705 0.7415869761733542
159472430.76751876 0.7410897874348876
159866023.25337046 0.7405930985387785
160540753.22911626 0.739742793311077
161204237.7052663 0.7389080883511261
161867722.18141633 0.7380747974875124
163217182.13290793 0.7363843216181821
163891912.10865372 0.735541267340483
164465432.58803764 0.7348258132741807
165050198.56701735 0.7340974095488372
165724928.54276314 0.7332582952008107
166399658.51850894 0.7324206264927643
167074388.49425474 0.7315844009341257
167749118.47000054 0.7307496160386135
168423848.44574633 0.7299162693242295
169098578.4214921 0.7290843583132518
169773308.3972379 0.7282538805322267
170459283.87257946 0.7274110281693034
171134013.84832525 0.7265834332289326
171808743.82407105 0.7257572640827172
172483473.79981685 0.7249325182742757
173158203.77556264 0.7241091933514583
173832933.75130844 0.7232872868663399
174507663.72705424 0.7224667963752129
175193639.2023958 0.7216340801183747
175868369.1781416 0.7208164377989847
176543099.1538874 0.7200002041272116
177217829.1296332 0.7191853766762135
177892559.105379 0.7183719530233305
178567289.08112478 0.7175599307500761
179242019.05687058 0.7167493074421305
179927994.53221214 0.7159266053950036
180602724.50795794 0.715118796006805
181277454.48370373 0.7143123783258875
181952184.45944953 0.713507349954595
182626914.43519533 0.7127037084994021
183301644.4109411 0.7119014515709071
183976374.3866869 0.7111005767838244
184662349.86202845 0.7102877685159559
185202133.8426251 0.7096491826764977
185539498.830498 0.7092505136234599
185753163.3228175 0.7089982009412923
185888109.31796667 0.7088389165324765
186259210.80462685 0.7084011675398498
186630312.29128703 0.7079638334967779
191083530.13120928 0.7027480482428209
191758260.10695508 0.7019629430893245
192432990.08270088 0.7011791905278808
193118965.55804244 0.7003837596163582
193793695.53378823 0.6996027276981378
194468425.50953403 0.6988230413545335
195143155.48527983 0.6980446982673673
195817885.46102563 0.697267696122455
196492615.43677142 0.696492032609599
197167345.41251722 0.6957177054225823
197560937.89836892 0.6952666307704976
197898302.88624182 0.6948803563064805
198516805.36400878 0.6941730508210565
199191535.33975458 0.6934027188139513
199866265.31550038 0.6926337139474796
200540995.29124618 0.6918660339352218
201901700.74233353 0.6903218999010927
203251160.69382513 0.6887958212490386
203925890.66957092 0.688034753221354
204600620.64531672 0.687274996374167
205275350.62106252 0.6865165484485544
205961326.09640408 0.6857467992260431
206636056.07214987 0.684990984103576
207310786.04789567 0.684236471111815
207985516.02364147 0.683483258007428
208660245.99938726 0.6827313425509479
209334975.97513306 0.6819807225067653
210009705.95087886 0.681231395643123
210414543.93632632 0.6807824193246254
210729417.9250077 0.6804335365174135
211302938.40439162 0.6797987923134504
211943931.88135013 0.679090472380177
212337524.36720183 0.6786561137047853
212731116.85305357 0.6782221917063487
213405846.82879934 0.6774793401012982
214091822.3041409 0.6767254195932197
215441282.2556325 0.6752461490646582
216790742.20712408 0.6737719711686024
217465472.18286988 0.6730367864765832
218140202.15861568 0.6723028683728258
218814932.13436148 0.6715702146752314
219500907.60970303 0.6708266440291151
220850367.56119463 0.6693676810072616
222199827.51268622 0.6679137407059764
222874557.48843202 0.6671886486696119
223549287.46417782 0.6664648058337164
224235262.93951938 0.6657301773360501
224909992.91526517 0.6650088471785215
225584722.89101097 0.6642887597404352
226259452.86675677 0.6635699128808136
226934182.84250256 0.662852304462368
227608912.81824833 0.6621359323514913
228958372.76973993 0.6607068885363909
230993808.19657308 0.6585607153228725
234367458.07530206 0.6550280162425873
236402893.50213522 0.6529113058123048
237752353.4536268 0.6515140192938311
238427083.4293726 0.6508171809668591
239101813.4051184 0.6501215431644015
239630351.88611928 0.6495774640784064
240170135.8667159 0.649022566832072
241519595.8182075 0.6476386679382111
242194325.7939533 0.646948506130202
242869055.7696991 0.6462595333442909
243543785.7454449 0.6455717475320107
244218515.7211907 0.6448851466484239
244904491.19653225 0.6441883150289167
245579221.17227805 0.6435040975455673
246253951.1480238 0.6428210588433356
246670034.63306707 0.6424004383501648
247288537.11083406 0.6417760176436748
247963267.08657983 0.6410959561058793
248649242.5619214 0.6404057612720614
249323972.53766719 0.6397280604344476
250673432.48915878 0.6383761594101389
251348162.46490458 0.6377019552039465
251741754.9507563 0.6373092059464728
252810077.4123538 0.6362451614478393
253496052.88769537 0.635563462804489
254170782.86344117 0.6348941043582035
254845512.83918697 0.6342258990936425
255520242.81493276 0.6335588450240857
256194972.79067856 0.6328929401662355
256869702.76642436 0.632228182540211
257544432.74217013 0.6315645701695423
258219162.71791592 0.6309021010811647
258893892.69366172 0.6302407733054127
259568622.66940752 0.6295805848760143
260243352.6451533 0.6289215338300846
260918082.6208991 0.6282636182081212
261592812.5966449 0.6276068360539964
262278788.07198647 0.6269402674796433
262953518.04773226 0.6262857652158877
263628248.02347806 0.6256323905393817
264302977.99922386 0.6249801415074991
264977707.97496966 0.6243290161809609
268362603.3532944 0.6210794279853014
269037333.32904017 0.6204350228720832
269712063.30478597 0.6197917279505777
270386793.28053176 0.6191495413081282
271061523.25627756 0.6185084610353732
271736253.23202336 0.6178684852262412
272410983.20776916 0.6172296119779437
273085713.18351495 0.6165918393909712
273771688.6588565 0.6159445636369177
274446418.6346023 0.6153090049523323
275121148.6103481 0.6146745412186868
275795878.5860939 0.6140411705495818
276470608.5618397 0.613408891061868
277145338.5375855 0.6127777008756398
277820068.5133313 0.6121475981142309
278506043.98867285 0.6115081064704178
279180773.96441865 0.6108801909871017
279855503.94016445 0.6102533572868928
280530233.91591024 0.6096276035060775
281204963.89165604 0.6090029277841531
281879693.86740184 0.6083793282638217
282554423.84314764 0.6077568030909859
283229153.81889343 0.6071353504147419
283915129.294235 0.6065046377471848
284589859.2699808 0.6058853423219602
285264589.2457266 0.6052671138290653
285939319.2214724 0.6046499504303715
286614049.1972182 0.6040338502909172
287131342.17862326 0.6035622257692888
287648635.1600284 0.6030912243068509
288323365.1357742 0.6024778095663621
288998095.11152 0.6018654516268627
289672825.0872658 0.6012541486676786
290347555.0630116 0.6006438988712725
291033530.53835315 0.6000245560127078
291708260.51409894 0.599416424578722
292382990.48984474 0.5988093408435585
293057720.46559054 0.5982033030022245
293732450.4413363 0.5975983092528367
294407180.4170821 0.5969943577966167
295081910.39282787 0.5963914468378846
295767885.8681694 0.5957795521697664
296442615.8439152 0.5951787340981197
297117345.819661 0.5945789511257145
297792075.7954068 0.5939802014692648
298466805.7711526 0.5933824833485568
299141535.7468984 0.5927857949864439
299816265.7226442 0.5921901346088412
300490995.69839 0.5915955004447198
301176971.17373157 0.5909920059000661
301851701.14947736 0.5903994358917618
302526431.12522316 0.5898078867728
303201161.10096896 0.5892173567843757
303875891.07671475 0.5886278441707141
304550621.05246055 0.5880393471790654
305011686.5358868 0.5876377907915851
305225351.02820635 0.5874518640596991
305652680.01284534 0.5870803150215637
306327409.98859113 0.5864944841385491
307013385.4639327 0.5858999240487983
307688115.4396785 0.5853161267627379
308362845.4154243 0.5847333352522301
309037575.3911701 0.5841515477845081
309712305.3669159 0.5835707626297906
310387035.3426617 0.5829909780612762
311747740.79374903 0.5818247824193278
312422470.76949483 0.5812480058541953
313097200.7452406 0.5806722229692022
313771930.7209864 0.5800974320524196
314446660.6967322 0.5795236313948686
315121390.672478 0.5789508192905145
315796120.6482238 0.5783789940362613
316482096.1235654 0.5777986482669482
317156826.0993112 0.577228807991857
317831556.07505697 0.576659949446951
318506286.05080277 0.5760920709408888
319181016.02654856 0.5755251707852433
319855746.00229436 0.5749592472944967
320530475.97804016 0.5743942987860344
321216451.4533817 0.573820932229858
321891181.4291275 0.5732579448292843
322565911.4048733 0.5726959273526507
323240641.3806191 0.5721348781289561
327412721.73064727 0.5686871263517623
327918769.2124566 0.5682714296889921
328154924.70396763 0.5680776218116298
328289870.69911677 0.5679669269563452
328683463.18496853 0.5676442849201931
332743088.5390391 0.5643353302675203
333417818.5147848 0.5637886848177955
334092548.4905306 0.5632429811378293
334767278.4662764 0.5626982176051255
335453253.94161797 0.5621453367920985
336127983.91736376 0.5616024642991009
336802713.89310956 0.56106052707575
337196306.3789613 0.560744828300641
337387479.87208927 0.5605916034325661
337859790.8551113 0.5602133686534958
338534520.8308571 0.5596738245869373
339209250.8066029 0.5591352100557578
339883980.7823487 0.5585975234585386
340569956.25769025 0.5580518250312804
341548314.72252166 0.5572751871148993
342223044.69826746 0.5567407049957511
342897774.67401326 0.5562071436911757
344247234.62550485 0.5551427771828994
344921964.60125065 0.5546119688146038
345596694.57699645 0.554082074931683
346271424.55274224 0.5535530939586466
346957400.0280838 0.5530162308742241
347632130.0038296 0.5524890861548348
348306859.9795754 0.5519628496090258
348981589.9553212 0.5514375196721805
349656319.931067 0.5509130947823782
350331049.9068128 0.550389573380389
351005779.8825586 0.5498669539096693
351680509.8583044 0.5493452348163571
352366485.33364594 0.5488157418177152
353041215.30939174 0.5482958337698597
353715945.28513753 0.5477768214281278
354390675.26088333 0.5472587032493823
355065405.2366291 0.5467414776931445
355740135.2123749 0.5462251432215899
356414865.1881207 0.5457096982995429
357100840.6634623 0.5451865729608155
357775570.6392081 0.5446729173046708
358450300.6149539 0.5441601465829266
359125030.5906997 0.5436482592710034
359799760.56644547 0.5431372538469481
360474490.54219127 0.54262712879143
361149220.51793706 0.5421178825877357
361835195.9932786 0.5416010483317202
362509925.9690244 0.5410935698762938
363184655.94477016 0.5405869657130851
363859385.92051595 0.540081234335849
364534115.89626175 0.5395763742409354
365208845.87200755 0.5390723839272852
365883575.84775335 0.5385692618964246
366558305.82349914 0.5380670066524618
367244281.2988407 0.537557267525375
367919011.2745865 0.5370567557619353
368312603.7604382 0.5367651888721975
368425058.7563959 0.5366819378983791
368818651.2422476 0.5363907478270004
369493381.2179934 0.5358922457628555
369909464.7030366 0.5355852643526043
370325548.18807983 0.5352786091882447
371000278.16382563 0.5347820231348119
371675008.1395714 0.5342862926079879
372349738.1153172 0.5337914161338572
373024468.091063 0.5332973922410437
373699198.0668088 0.5328042194607063
374373928.0425546 0.5323118963265348
375059903.5178962 0.5318122373032118
375734633.493642 0.5313216231721931
376409363.46938777 0.5308318542792568
377084093.44513357 0.5303429291682132
377758823.42087936 0.5298548463853808
378433553.39662516 0.5293676044795828
379108283.37237096 0.5288812020021423
379794258.8477125 0.5283875518566362
380468988.8234583 0.5279028378299505
381042509.30284226 0.5274914875402248
381627275.2818219 0.5270726918444985
382020867.7676737 0.5267911623060935
382414460.2535254 0.5265099157998196
382909262.23573893 0.5261567498841403
383415309.7175483 0.5257960190876465
384090039.6932941 0.5253157697961776
384764769.6690399 0.5248363478860754
385439499.6447857 0.5243577519319138
386800205.09587306 0.523395090029015
387474935.0716188 0.5229189770975602
390646165.9576241 0.520692210319033
391320895.9333699 0.5202207539531336
391995625.9091157 0.5197501098200044
392670355.88486147 0.5192802765203175
393345085.86060727 0.5188112526571556
393783660.344842 0.518506820545775
394210989.329481 0.5182105224005191
394885719.3052268 0.517743341527324
395560449.2809726 0.51727696552101
396235179.2567184 0.5168113929949394
396921154.73205996 0.5163388831786905
397595884.70780575 0.5158749267962859
398270614.68355155 0.5154117697255567
398664207.16940325 0.5151419633464926
398776662.1653609 0.5150649256423155
399170254.65121263 0.5147954679585272
399575092.6366601 0.5145185940973047
399687547.6326177 0.5144417355135473
400092385.6180652 0.514165227428055
400767115.593811 0.5137050158554769
401441845.5695568 0.5132455971429543
402116575.54530257 0.5127869699245349
402791305.52104837 0.5123291328366197
403466035.49679416 0.5118720845179591
404140765.47253996 0.511415823609648
404826740.9478815 0.5109527641594543
405501470.9236273 0.5104980870713556
406176200.8993731 0.5100441933084116
406850930.8751189 0.509591081521097
407525660.8508647 0.5091387503622112
408200390.8266105 0.5086871984868749
408875120.8023563 0.5082364245525256
409549850.7781021 0.5077864272189136
410235826.25344366 0.5073297246741738
410910556.22918946 0.5068812894180037
411585286.20493525 0.5064336267334577
412260016.18068105 0.505986735289537
412934746.15642685 0.5055406137575352
413609476.13217264 0.5050952608110358
414025559.6172159 0.5048210090367521
414430397.60266334 0.5045544492279956
415116373.0780049 0.504103407508447
415791103.0537507 0.5036605306044776
416454587.5299007 0.5032257790160507
416870671.01494396 0.5029535140420557
417016862.5096889 0.5028579220830709
417410454.9955406 0.5026007365546352
418085184.9712864 0.5021604484768644
418771160.446628 0.5017135998612903
419445890.4223738 0.5012748401571846
420120620.39811957 0.5008368363555034
420795350.37386537 0.500399587153965
421470080.34961116 0.4999630912525325
422144810.32535696 0.4995273473534077
422819540.30110276 0.49909235416102893
423494270.27684855 0.498658110382066
424180245.7521901 0.49821739612872146
424854975.7279359 0.4977846597418265
425529705.7036817 0.4973526688802862
426204435.6794275 0.4969214222596967
426879165.6551733 0.496490918597868
427553895.6309191 0.4960611566148182
428228625.6066649 0.4956321350327711
428903355.5824107 0.4952038525761517
429589331.05775225 0.49476918847217666
430264061.03349805 0.49434239271406444
430938791.00924385 0.4939163322466938
431613520.9849896 0.4934910058032938
432288250.9607354 0.49306641211927593
432962980.9364812 0.49264254993223017
433637710.912227 0.4922194179819216
434323686.38756853 0.49178998112967287
434998416.36331433 0.4913683179988996
435673146.3390601 0.49094738131629323
436347876.3148059 0.49052716983031697
437022606.2905517 0.49010768229159013
437697336.2662975 0.48968891745288445
438372066.2420433 0.4892708740691205
439046796.2177891 0.488853550897364
439732771.6931307 0.48843000937770575
440407501.66887647 0.4880141348614496
441082231.64462227 0.48759897682064013
441756961.62036806 0.48718453402092177
442431691.59611386 0.48677080523006544
443106421.57185966 0.4863577892179649
443769906.0480097 0.48595235067353615
444444636.0237555 0.48554074470838754
445130611.49909705 0.4851230055849029
445805341.47484285 0.48471282842909386
446480071.45058864 0.4843033579332253
447154801.42633444 0.4838945928798521
447829531.40208024 0.4834865320536262
448504261.37782604 0.48307917424129354
449178991.35357183 0.4826725182316902
449853721.3293176 0.4822665628157391
450539696.8046592 0.48185455843778485
451214426.780405 0.4814500122164004
451889156.7561508 0.48104616295389024
452563886.7318966 0.4806430094495223
453238616.7076424 0.48024055050463277
453913346.6833882 0.4798387849226234
454588076.659134 0.4794377115089571
455274052.1344755 0.4790306618778434
455948782.1102213 0.4786309807118309
456623512.0859671 0.4782319881230955
457298242.0617129 0.4778336829253448
457972972.0374587 0.47743606393433036
458647702.01320446 0.477039129967844
459333677.4885461 0.4766362814639807
460008407.4642918 0.47624072537586953
460683137.4400376 0.4758458507582834
461357867.4157834 0.4754516564371738
464742762.79410815 0.47348434052967403
465395001.7706624 0.4731072080179657
466013504.2484294 0.47275016257647495
466643252.22579217 0.4723872047704818
467329227.7011337 0.4719925041362568
468003957.6768795 0.4716049484239933
468678687.6526253 0.4712180603990759
469353417.6283711 0.4708318389112019
470028147.6041169 0.47044628281205036
470702877.5798627 0.47006139095527855
471377607.5556085 0.46967716219651895
472052337.5313543 0.4692935953933754
472738313.00669587 0.4689043132310404
473413042.98244166 0.4685220779047876
474087772.95818746 0.4681405010998324
474762502.93393326 0.46775958168166365
475437232.90967906 0.4673793185177245
476111962.88542485 0.46699971047740957
476786692.86117065 0.466620756432061
477472668.3365122 0.4662361557601836
478147398.31225795 0.46585851717944216
478822128.28800374 0.4654815292006498
479496858.26374954 0.46510519070293876
480171588.23949534 0.4647295005673724
480846318.21524113 0.4643544576769418
481521048.19098693 0.4639800609165623
482207023.6663285 0.4636000854357406
483556483.6178201 0.46285453398259313
484231213.5935659 0.4624827213153883
484905943.5693117 0.46211154921315317
485580673.5450575 0.46174101657231165
486255403.5208033 0.46137112229118926
486930133.49654907 0.4610018652700093
487616108.9718906 0.46062710611336655
488290838.9476364 0.4602591308954772
488965568.9233822 0.4598917896313367
489640298.899128 0.4595250812287591
490315028.8748738 0.45915900459744013
490989758.8506196 0.4587935586489539
491664488.8263654 0.45842874229674957
492350464.30170697 0.45805848997752563
493025194.27745277 0.4576949400137009
493699924.25319856 0.45733201637972465
494374654.22894436 0.4569697179965455
495049384.20469016 0.4566080437869712
495724114.18043596 0.45624699267566504
496398844.15618175 0.45588656358914326
497084819.6315233 0.45552076390830615
497759549.6072691 0.455161585980632
498434279.5830149 0.4548030268505906
499109009.5587607 0.45444508545210727
499783739.5345065 0.4540877607209439
500458469.5102523 0.4537310515946959
501133199.4859981 0.4533749570127891
501819174.96133965 0.4530135564231021
502493904.93708545 0.4526586979536607
503168634.91283125 0.4523044508402185
503843364.88857704 0.4519508140295213
504518094.86432284 0.4515977864701295
505192824.84006864 0.45124536711241514
505878800.3154102 0.45088769650980975
506553530.291156 0.4505365005067411
507228260.26690173 0.45018590954991455
507902990.2426475 0.44983592259694627
508577720.2183933 0.44948653860724863
509252450.1941391 0.4491377565420265
509927180.1698849 0.44878957536427455
510601910.1456307 0.4484419940387741
511276640.1213765 0.4480950115320897
511962615.5967181 0.4477428587926256
512637345.57246387 0.4473970807676255
513312075.54820967 0.44705189845468585
513986805.52395546 0.446707310827504
514661535.49970126 0.4463633168615456
515336265.47544706 0.4460199155340414
516010995.45119286 0.445677105823984
516685725.42693865 0.4453348867121254
517371700.9022802 0.4449875683447253
518046430.878026 0.44464653717936053
518721160.8537718 0.44430609354808837
519395890.8295176 0.4439662364386955
520070620.8052634 0.4436269648407123
520587913.78666854 0.44336725250686565
521105206.7680736 0.44310788327679984
521779936.7438194 0.44277009046374116
522454666.7195652 0.44243287960568856
523129396.695311 0.44209624970004036
523804126.6710568 0.4417601997459224
524478856.6468026 0.44142472874418437
525164832.12214416 0.4410842590375077
525839562.09788996 0.4407499525575235
526514292.07363576 0.4404162220262336
527189022.04938155 0.44008306645138395
527863752.02512735 0.4397504848424304
528538482.00087315 0.43941847621053476
529213211.97661895 0.439087039568563
529887941.95236474 0.43875617393108135
530573917.4277063 0.43842037821115565
531248647.4034521 0.43809066110880945
531923377.3791979 0.43776151204850233
532598107.3549437 0.4374329300516021
533272837.3306895 0.4371049141411626
533947567.3064353 0.4367774633419208
534622297.2821811 0.43645057668029374
535308272.75752264 0.43611881922518114
535983002.73326844 0.4357930672864557
536657732.7090142 0.4354678765585204
537332462.68476 0.4351432460745118
538007192.6605058 0.4348191748692327
538681922.6362516 0.4344956619791486
539356652.6119974 0.4341727064423846
540031382.5877432 0.4338503072987234
540717358.0630847 0.4335231042280959
541392088.0388305 0.43320182422979825
542066818.0145763 0.43288109773795824
542741547.9903221 0.4325609237989858
543416277.9660679 0.43224130146093387
544091007.9418137 0.43192222977349526
544776983.4171553 0.4315984037400429
545451713.3929011 0.43128043964735646
546126443.3686469 0.43096302334843095
546801173.3443927 0.4306461538995184
547475903.3201385 0.4303298303584965
548150633.2958843 0.4300140517848662
548825363.27163 0.4296988172397488
549511338.7469716 0.4293788855241773
550186068.7227174 0.42906474525392546
550860798.6984632 0.4287511461896905
551535528.674209 0.42843808739907374
552210258.6499548 0.4281255679512831
552884988.6257006 0.4278135869171297
553559718.6014464 0.4275021433690258
554234448.5771922 0.42719123638098155
555595154.0282795 0.42656586897005233
556944613.9797711 0.42594781390849923
557619343.9555169 0.42563958474477714
558294073.9312627 0.4253318866033205
558968803.9070085 0.4250247185692755
559654779.3823501 0.42471297356028814
560329509.3580959 0.42440687179979836
