[   0   60  490  951 1004 1126 1155 1229 1264 1734 2243 2254 2280 2513
 2573 2693 2711 2733 2807 2889 3274 3370 3399 3600] [1.00000000e+00 6.74730976e+05 5.51029580e+06 1.06944711e+07
 1.12904826e+07 1.26624335e+07 1.29885530e+07 1.38207200e+07
 1.42143125e+07 1.94996973e+07 2.52236566e+07 2.53473571e+07
 2.56397401e+07 2.82599415e+07 2.89346715e+07 3.02841314e+07
 3.04865504e+07 3.07339514e+07 3.15661184e+07 3.24882493e+07
 3.68177667e+07 3.78973346e+07 3.82234541e+07 4.04837995e+07] [1.         0.99893498 0.97696042 0.96253321 0.96142228 0.95812277
 0.95729787 0.95735537 0.95725931 0.94194779 0.95363935 0.95340744
 0.95268882 0.94940378 0.94879804 0.94566026 0.94526698 0.9451782
 0.94282142 0.93954229 0.93259798 0.92955948 0.92848614 0.92464719] [1.         0.9944712  0.97555077 0.9649082  0.96391081 0.96173226
 0.96123609 0.96000383 0.95943691 0.95261037 0.9463895  0.9462649
 0.9459718  0.94342883 0.94279657 0.9415573  0.94137419 0.94115134
 0.94040926 0.93959998 0.93596512 0.93509686 0.9348373  0.93307119]
[   0   60  490  951 1004 1126 1155 1229 1264 1734 2243 2254 2280 2513
 2573 2693 2711 2733 2807 2889 3274 3370 3399 3555 3697 3733 3764 4050
 4080 4135 4175 4201 4246 4281 4298 4401 4454 4487 4527 5103 5213 5393
 5500 5524 5562 5670 5707 5756 5793 5859 5919 6339 6400 6474 6510 6611
 6976 7018 7200] [1.00000000e+00 6.74730976e+05 5.51029580e+06 1.06944711e+07
 1.12904826e+07 1.26624335e+07 1.29885530e+07 1.38207200e+07
 1.42143125e+07 1.94996973e+07 2.52236566e+07 2.53473571e+07
 2.56397401e+07 2.82599415e+07 2.89346715e+07 3.02841314e+07
 3.04865504e+07 3.07339514e+07 3.15661184e+07 3.24882493e+07
 3.68177667e+07 3.78973346e+07 3.82234541e+07 3.99777521e+07
 4.15746130e+07 4.19794510e+07 4.23280615e+07 4.55442744e+07
 4.58816394e+07 4.65001418e+07 4.69499618e+07 4.72423448e+07
 4.77483923e+07 4.81419848e+07 4.83331583e+07 4.94914447e+07
 5.00874562e+07 5.04585577e+07 5.09083777e+07 5.73857854e+07
 5.86227904e+07 6.06469803e+07 6.18502488e+07 6.21201408e+07
 6.25474698e+07 6.37619837e+07 6.41780672e+07 6.47290967e+07
 6.51451802e+07 6.58873831e+07 6.65621131e+07 7.12852229e+07
 7.19711984e+07 7.28033654e+07 7.32082034e+07 7.43439988e+07
 7.84486062e+07 7.89209172e+07 8.09675981e+07] [1.         0.99893498 0.97696042 0.96253321 0.96142228 0.95812277
 0.95729787 0.95735537 0.95725931 0.94194779 0.95363935 0.95340744
 0.95268882 0.94940378 0.94879804 0.94566026 0.94526698 0.9451782
 0.94282142 0.93954229 0.93259798 0.92955948 0.92848614 0.92464719
 0.92086137 0.91996686 0.91897725 0.92235738 0.92140789 0.9206115
 0.9195722  0.91911142 0.91824026 0.91735395 0.91696233 0.9165671
 0.91601863 0.91550001 0.91445399 0.90137862 0.90205627 0.89833244
 0.89560085 0.89486714 0.89404298 0.89166439 0.89096672 0.89003989
 0.88915255 0.88922239 0.88913281 0.87965904 0.87861525 0.87669974
 0.87586674 0.875967   0.87416666 0.87332138 0.87277246] [1.         0.99423665 0.97364147 0.96121534 0.96001369 0.95736557
 0.9567579  0.95524136 0.95454009 0.94591625 0.93776314 0.93759694
 0.93720555 0.93378346 0.93292532 0.93123488 0.93098417 0.93067872
 0.92965899 0.9285424  0.92346972 0.92224423 0.92187685 0.91992213
 0.91817276 0.91773356 0.91735671 0.91393598 0.91358274 0.91293774
 0.91247074 0.91216811 0.91164604 0.91124146 0.9110454  0.90986383
 0.90925995 0.90888532 0.90843263 0.90207114 0.90088708 0.89896891
 0.89783962 0.89758741 0.89718887 0.89606146 0.89567698 0.89516916
 0.89478672 0.89410666 0.89349077 0.88923899 0.88862972 0.88789329
 0.88753607 0.88653748 0.8829712  0.88256495 0.88081386]
[    0    60   490   951  1004  1126  1155  1229  1264  1734  2243  2254
  2280  2513  2573  2693  2711  2733  2807  2889  3274  3370  3399  3555
  3697  3733  3764  4050  4080  4135  4175  4201  4246  4281  4298  4401
  4454  4487  4527  5103  5213  5393  5500  5524  5562  5670  5707  5756
  5793  5859  5919  6339  6400  6474  6510  6611  6976  7018  7177  7297
  7357  7512  7525  7563  7611  7652  7680  7712  7817  7927  8142  8177
  8314  8735  9070  9106  9165  9206  9241  9276  9312  9407  9467  9647
  9768  9806  9844  9905  9975 10336 10396 10456 10491 10537 10572 10608
 10668 10703 10800] [1.00000000e+00 6.74730976e+05 5.51029580e+06 1.06944711e+07
 1.12904826e+07 1.26624335e+07 1.29885530e+07 1.38207200e+07
 1.42143125e+07 1.94996973e+07 2.52236566e+07 2.53473571e+07
 2.56397401e+07 2.82599415e+07 2.89346715e+07 3.02841314e+07
 3.04865504e+07 3.07339514e+07 3.15661184e+07 3.24882493e+07
 3.68177667e+07 3.78973346e+07 3.82234541e+07 3.99777521e+07
 4.15746130e+07 4.19794510e+07 4.23280615e+07 4.55442744e+07
 4.58816394e+07 4.65001418e+07 4.69499618e+07 4.72423448e+07
 4.77483923e+07 4.81419848e+07 4.83331583e+07 4.94914447e+07
 5.00874562e+07 5.04585577e+07 5.09083777e+07 5.73857854e+07
 5.86227904e+07 6.06469803e+07 6.18502488e+07 6.21201408e+07
 6.25474698e+07 6.37619837e+07 6.41780672e+07 6.47290967e+07
 6.51451802e+07 6.58873831e+07 6.65621131e+07 7.12852229e+07
 7.19711984e+07 7.28033654e+07 7.32082034e+07 7.43439988e+07
 7.84486062e+07 7.89209172e+07 8.07089516e+07 8.20584116e+07
 8.27331415e+07 8.44761940e+07 8.46223855e+07 8.50497144e+07
 8.55894984e+07 8.60505639e+07 8.63654379e+07 8.67252939e+07
 8.79060713e+07 8.91430763e+07 9.15608587e+07 9.19544512e+07
 9.34950846e+07 9.82294400e+07 1.01996682e+08 1.02401520e+08
 1.03065005e+08 1.03526070e+08 1.03919663e+08 1.04313255e+08
 1.04718093e+08 1.05786416e+08 1.06461146e+08 1.08485336e+08
 1.09846041e+08 1.10273370e+08 1.10700699e+08 1.11386674e+08
 1.12173859e+08 1.16233485e+08 1.16908215e+08 1.17582945e+08
 1.17976537e+08 1.18493830e+08 1.18887423e+08 1.19292261e+08
 1.19966991e+08 1.20360583e+08 1.21451397e+08] [1.         0.99893498 0.97696042 0.96253321 0.96142228 0.95812277
 0.95729787 0.95735537 0.95725931 0.94194779 0.95363935 0.95340744
 0.95268882 0.94940378 0.94879804 0.94566026 0.94526698 0.9451782
 0.94282142 0.93954229 0.93259798 0.92955948 0.92848614 0.92464719
 0.92086137 0.91996686 0.91897725 0.92235738 0.92140789 0.9206115
 0.9195722  0.91911142 0.91824026 0.91735395 0.91696233 0.9165671
 0.91601863 0.91550001 0.91445399 0.90137862 0.90205627 0.89833244
 0.89560085 0.89486714 0.89404298 0.89166439 0.89096672 0.89003989
 0.88915255 0.88922239 0.88913281 0.87965904 0.87861525 0.87669974
 0.87586674 0.875967   0.87416666 0.87332138 0.87277246 0.87043118
 0.86946739 0.86594356 0.86554752 0.86507108 0.86416222 0.86339401
 0.86262879 0.86197462 0.85950616 0.85905365 0.85420127 0.85325424
 0.85001311 0.8431496  0.83608047 0.83572099 0.83366131 0.83338097
 0.83228192 0.83183342 0.83100892 0.83116404 0.83090614 0.82690799
 0.82460097 0.82370192 0.82320149 0.82213234 0.8217612  0.82334553
 0.82230944 0.82132878 0.82049487 0.82015754 0.81939037 0.81873981
 0.81791622 0.81741631 0.81761574] [1.         0.99409032 0.9724527  0.95892111 0.95759316 0.95465495
 0.95397846 0.95228651 0.95150238 0.9417728  0.93243647 0.93224487
 0.93179345 0.92783512 0.92683939 0.92487438 0.92458255 0.92422686
 0.92303838 0.92173515 0.91579116 0.91434968 0.91391716 0.9116128
 0.90954631 0.90902689 0.90858102 0.904526   0.90410648 0.9033401
 0.90278493 0.90242503 0.90180393 0.9013224  0.90108899 0.89968145
 0.89896151 0.8985147  0.89797459 0.89036374 0.88894309 0.88663914
 0.88528133 0.88497794 0.88449844 0.88314133 0.8826783  0.88206656
 0.88160573 0.88078603 0.88004338 0.87490948 0.87417285 0.87328216
 0.87285001 0.87164152 0.86732104 0.86682843 0.8649717  0.86357876
 0.86288493 0.86110051 0.86095136 0.86051585 0.85996668 0.85949844
 0.8591791  0.85881458 0.85762172 0.85637729 0.85396005 0.8535684
 0.85204021 0.84739113 0.84374012 0.84335023 0.84271224 0.84226963
 0.84189226 0.84151532 0.84112806 0.8401083  0.83946584 0.83754582
 0.83626124 0.83585882 0.83545687 0.83481261 0.83407477 0.83029424
 0.82966981 0.82904648 0.82868337 0.82820669 0.82784443 0.8274722
 0.82685267 0.82649176 0.82549341]
[    0    60   490   951  1004  1126  1155  1229  1264  1734  2243  2254
  2280  2513  2573  2693  2711  2733  2807  2889  3274  3370  3399  3555
  3697  3733  3764  4050  4080  4135  4175  4201  4246  4281  4298  4401
  4454  4487  4527  5103  5213  5393  5500  5524  5562  5670  5707  5756
  5793  5859  5919  6339  6400  6474  6510  6611  6976  7018  7177  7297
  7357  7512  7525  7563  7611  7652  7680  7712  7817  7927  8142  8177
  8314  8735  9070  9106  9165  9206  9241  9276  9312  9407  9467  9647
  9768  9806  9844  9905  9975 10336 10396 10456 10491 10537 10572 10608
 10668 10703 10798 10858 10905 10928 10953 11002 11098 11158 11201 11244
 11279 11315 11375 11435 11543 11580 12254 13049 13163 13191 13227 13347
 13407 13502 13531 13585 13705 14057 14117 14177 14231 14400] [1.00000000e+00 6.74730976e+05 5.51029580e+06 1.06944711e+07
 1.12904826e+07 1.26624335e+07 1.29885530e+07 1.38207200e+07
 1.42143125e+07 1.94996973e+07 2.52236566e+07 2.53473571e+07
 2.56397401e+07 2.82599415e+07 2.89346715e+07 3.02841314e+07
 3.04865504e+07 3.07339514e+07 3.15661184e+07 3.24882493e+07
 3.68177667e+07 3.78973346e+07 3.82234541e+07 3.99777521e+07
 4.15746130e+07 4.19794510e+07 4.23280615e+07 4.55442744e+07
 4.58816394e+07 4.65001418e+07 4.69499618e+07 4.72423448e+07
 4.77483923e+07 4.81419848e+07 4.83331583e+07 4.94914447e+07
 5.00874562e+07 5.04585577e+07 5.09083777e+07 5.73857854e+07
 5.86227904e+07 6.06469803e+07 6.18502488e+07 6.21201408e+07
 6.25474698e+07 6.37619837e+07 6.41780672e+07 6.47290967e+07
 6.51451802e+07 6.58873831e+07 6.65621131e+07 7.12852229e+07
 7.19711984e+07 7.28033654e+07 7.32082034e+07 7.43439988e+07
 7.84486062e+07 7.89209172e+07 8.07089516e+07 8.20584116e+07
 8.27331415e+07 8.44761940e+07 8.46223855e+07 8.50497144e+07
 8.55894984e+07 8.60505639e+07 8.63654379e+07 8.67252939e+07
 8.79060713e+07 8.91430763e+07 9.15608587e+07 9.19544512e+07
 9.34950846e+07 9.82294400e+07 1.01996682e+08 1.02401520e+08
 1.03065005e+08 1.03526070e+08 1.03919663e+08 1.04313255e+08
 1.04718093e+08 1.05786416e+08 1.06461146e+08 1.08485336e+08
 1.09846041e+08 1.10273370e+08 1.10700699e+08 1.11386674e+08
 1.12173859e+08 1.16233485e+08 1.16908215e+08 1.17582945e+08
 1.17976537e+08 1.18493830e+08 1.18887423e+08 1.19292261e+08
 1.19966991e+08 1.20360583e+08 1.21428906e+08 1.22103636e+08
 1.22632174e+08 1.22890821e+08 1.23171958e+08 1.23722988e+08
 1.24802556e+08 1.25477285e+08 1.25960842e+08 1.26444398e+08
 1.26837991e+08 1.27242829e+08 1.27917559e+08 1.28592289e+08
 1.29806803e+08 1.30222886e+08 1.37802353e+08 1.46742525e+08
 1.48024512e+08 1.48339386e+08 1.48744224e+08 1.50093684e+08
 1.50768414e+08 1.51836737e+08 1.52162856e+08 1.52770113e+08
 1.54119573e+08 1.58077989e+08 1.58752719e+08 1.59427449e+08
 1.60034706e+08 1.61935195e+08] [1.         0.99893498 0.97696042 0.96253321 0.96142228 0.95812277
 0.95729787 0.95735537 0.95725931 0.94194779 0.95363935 0.95340744
 0.95268882 0.94940378 0.94879804 0.94566026 0.94526698 0.9451782
 0.94282142 0.93954229 0.93259798 0.92955948 0.92848614 0.92464719
 0.92086137 0.91996686 0.91897725 0.92235738 0.92140789 0.9206115
 0.9195722  0.91911142 0.91824026 0.91735395 0.91696233 0.9165671
 0.91601863 0.91550001 0.91445399 0.90137862 0.90205627 0.89833244
 0.89560085 0.89486714 0.89404298 0.89166439 0.89096672 0.89003989
 0.88915255 0.88922239 0.88913281 0.87965904 0.87861525 0.87669974
 0.87586674 0.875967   0.87416666 0.87332138 0.87277246 0.87043118
 0.86946739 0.86594356 0.86554752 0.86507108 0.86416222 0.86339401
 0.86262879 0.86197462 0.85950616 0.85905365 0.85420127 0.85325424
 0.85001311 0.8431496  0.83608047 0.83572099 0.83366131 0.83338097
 0.83228192 0.83183342 0.83100892 0.83116404 0.83090614 0.82690799
 0.82460097 0.82370192 0.82320149 0.82213234 0.8217612  0.82334553
 0.82230944 0.82132878 0.82049487 0.82015754 0.81939037 0.81873981
 0.81791622 0.81741631 0.81761574 0.81654062 0.81614114 0.81587548
 0.8153214  0.81442154 0.81256382 0.81159934 0.8107376  0.80992813
 0.8096479  0.80887935 0.80805714 0.80705663 0.80723109 0.80667253
 0.80560912 0.78293929 0.78078946 0.78024983 0.7799366  0.77763291
 0.77681782 0.77519074 0.77478511 0.77416687 0.77356624 0.77359034
 0.77268641 0.7717818  0.77103913 0.77001038] [1.         0.99404987 0.97212446 0.95828833 0.95692562 0.95390762
 0.95321221 0.95147204 0.95066514 0.94063204 0.93097167 0.93077311
 0.93030528 0.92620037 0.92516705 0.92312707 0.92282402 0.92245462
 0.92122009 0.91986595 0.91368456 0.9121843  0.91173405 0.9093346
 0.90718194 0.90664072 0.90617611 0.90194893 0.90151143 0.90071214
 0.90013306 0.89975764 0.8991097  0.89860732 0.8983638  0.89689504
 0.89614369 0.89567734 0.89511357 0.88716507 0.88568058 0.88327261
 0.88185322 0.88153605 0.88103474 0.87961579 0.87913161 0.87849191
 0.87800999 0.87715272 0.87637599 0.87100516 0.87023436 0.86930231
 0.86885006 0.86758531 0.8630629  0.86254719 0.86060327 0.8591448
 0.85841829 0.8565497  0.85639352 0.85593743 0.85536232 0.85487194
 0.8545375  0.85415574 0.85290642 0.85160302 0.84907107 0.84866081
 0.84705999 0.84218949 0.83836424 0.83795572 0.83728725 0.83682349
 0.83642809 0.83603313 0.83562736 0.83455884 0.83388567 0.8318738
 0.83052776 0.83010607 0.82968488 0.82900978 0.82823663 0.82427511
 0.82362078 0.8229676  0.8225871  0.82208761 0.821708   0.82131795
 0.82066875 0.82029057 0.81926597 0.81862027 0.81811523 0.81786833
 0.81760014 0.81707502 0.81604829 0.81540796 0.81494971 0.814492
 0.81411984 0.81373741 0.81310087 0.81246535 0.81132401 0.81093375
 0.80389055 0.79573618 0.79457985 0.79429633 0.79393207 0.79272015
 0.79211549 0.79115986 0.79086857 0.79032669 0.78912498 0.78561919
 0.78502443 0.7844305  0.78389664 0.78223009]
[    0    60   490   951  1004  1126  1155  1229  1264  1734  2243  2254
  2280  2513  2573  2693  2711  2733  2807  2889  3274  3370  3399  3555
  3697  3733  3764  4050  4080  4135  4175  4201  4246  4281  4298  4401
  4454  4487  4527  5103  5213  5393  5500  5524  5562  5670  5707  5756
  5793  5859  5919  6339  6400  6474  6510  6611  6976  7018  7177  7297
  7357  7512  7525  7563  7611  7652  7680  7712  7817  7927  8142  8177
  8314  8735  9070  9106  9165  9206  9241  9276  9312  9407  9467  9647
  9768  9806  9844  9905  9975 10336 10396 10456 10491 10537 10572 10608
 10668 10703 10798 10858 10905 10928 10953 11002 11098 11158 11201 11244
 11279 11315 11375 11435 11543 11580 12254 13049 13163 13191 13227 13347
 13407 13502 13531 13585 13705 14057 14117 14177 14231 14283 14402 14462
 14582 14642 14702 14762 14823 14883 14943 15003 15183 15243 15303 15364
 15424 15484 15544 15604 15663 15842 15902 16023 16083 16143 16203 16263
 16323 16383 16443 16503 16564 16624 16684 16744 16804 16864 16984 17044
 17105 17165 17285 17345 17405 17465 17525 17585 17706 18000] [1.00000000e+00 6.74730976e+05 5.51029580e+06 1.06944711e+07
 1.12904826e+07 1.26624335e+07 1.29885530e+07 1.38207200e+07
 1.42143125e+07 1.94996973e+07 2.52236566e+07 2.53473571e+07
 2.56397401e+07 2.82599415e+07 2.89346715e+07 3.02841314e+07
 3.04865504e+07 3.07339514e+07 3.15661184e+07 3.24882493e+07
 3.68177667e+07 3.78973346e+07 3.82234541e+07 3.99777521e+07
 4.15746130e+07 4.19794510e+07 4.23280615e+07 4.55442744e+07
 4.58816394e+07 4.65001418e+07 4.69499618e+07 4.72423448e+07
 4.77483923e+07 4.81419848e+07 4.83331583e+07 4.94914447e+07
 5.00874562e+07 5.04585577e+07 5.09083777e+07 5.73857854e+07
 5.86227904e+07 6.06469803e+07 6.18502488e+07 6.21201408e+07
 6.25474698e+07 6.37619837e+07 6.41780672e+07 6.47290967e+07
 6.51451802e+07 6.58873831e+07 6.65621131e+07 7.12852229e+07
 7.19711984e+07 7.28033654e+07 7.32082034e+07 7.43439988e+07
 7.84486062e+07 7.89209172e+07 8.07089516e+07 8.20584116e+07
 8.27331415e+07 8.44761940e+07 8.46223855e+07 8.50497144e+07
 8.55894984e+07 8.60505639e+07 8.63654379e+07 8.67252939e+07
 8.79060713e+07 8.91430763e+07 9.15608587e+07 9.19544512e+07
 9.34950846e+07 9.82294400e+07 1.01996682e+08 1.02401520e+08
 1.03065005e+08 1.03526070e+08 1.03919663e+08 1.04313255e+08
 1.04718093e+08 1.05786416e+08 1.06461146e+08 1.08485336e+08
 1.09846041e+08 1.10273370e+08 1.10700699e+08 1.11386674e+08
 1.12173859e+08 1.16233485e+08 1.16908215e+08 1.17582945e+08
 1.17976537e+08 1.18493830e+08 1.18887423e+08 1.19292261e+08
 1.19966991e+08 1.20360583e+08 1.21428906e+08 1.22103636e+08
 1.22632174e+08 1.22890821e+08 1.23171958e+08 1.23722988e+08
 1.24802556e+08 1.25477285e+08 1.25960842e+08 1.26444398e+08
 1.26837991e+08 1.27242829e+08 1.27917559e+08 1.28592289e+08
 1.29806803e+08 1.30222886e+08 1.37802353e+08 1.46742525e+08
 1.48024512e+08 1.48339386e+08 1.48744224e+08 1.50093684e+08
 1.50768414e+08 1.51836737e+08 1.52162856e+08 1.52770113e+08
 1.54119573e+08 1.58077989e+08 1.58752719e+08 1.59427449e+08
 1.60034706e+08 1.60619472e+08 1.61957686e+08 1.62632416e+08
 1.63981876e+08 1.64656606e+08 1.65331336e+08 1.66006066e+08
 1.66692042e+08 1.67366771e+08 1.68041501e+08 1.68716231e+08
 1.70740421e+08 1.71415151e+08 1.72089881e+08 1.72775857e+08
 1.73450587e+08 1.74125317e+08 1.74800047e+08 1.75474777e+08
 1.76138261e+08 1.78151206e+08 1.78825936e+08 1.80186641e+08
 1.80861371e+08 1.81536101e+08 1.82210831e+08 1.82885561e+08
 1.83560291e+08 1.84235021e+08 1.84909751e+08 1.85584481e+08
 1.86270456e+08 1.86945186e+08 1.87619916e+08 1.88294646e+08
 1.88969376e+08 1.89644106e+08 1.90993566e+08 1.91668296e+08
 1.92354272e+08 1.93029002e+08 1.94378462e+08 1.95053191e+08
 1.95727921e+08 1.96402651e+08 1.97077381e+08 1.97752111e+08
 1.99112817e+08 2.02418994e+08] [1.         0.99893498 0.97696042 0.96253321 0.96142228 0.95812277
 0.95729787 0.95735537 0.95725931 0.94194779 0.95363935 0.95340744
 0.95268882 0.94940378 0.94879804 0.94566026 0.94526698 0.9451782
 0.94282142 0.93954229 0.93259798 0.92955948 0.92848614 0.92464719
 0.92086137 0.91996686 0.91897725 0.92235738 0.92140789 0.9206115
 0.9195722  0.91911142 0.91824026 0.91735395 0.91696233 0.9165671
 0.91601863 0.91550001 0.91445399 0.90137862 0.90205627 0.89833244
 0.89560085 0.89486714 0.89404298 0.89166439 0.89096672 0.89003989
 0.88915255 0.88922239 0.88913281 0.87965904 0.87861525 0.87669974
 0.87586674 0.875967   0.87416666 0.87332138 0.87277246 0.87043118
 0.86946739 0.86594356 0.86554752 0.86507108 0.86416222 0.86339401
 0.86262879 0.86197462 0.85950616 0.85905365 0.85420127 0.85325424
 0.85001311 0.8431496  0.83608047 0.83572099 0.83366131 0.83338097
 0.83228192 0.83183342 0.83100892 0.83116404 0.83090614 0.82690799
 0.82460097 0.82370192 0.82320149 0.82213234 0.8217612  0.82334553
 0.82230944 0.82132878 0.82049487 0.82015754 0.81939037 0.81873981
 0.81791622 0.81741631 0.81761574 0.81654062 0.81614114 0.81587548
 0.8153214  0.81442154 0.81256382 0.81159934 0.8107376  0.80992813
 0.8096479  0.80887935 0.80805714 0.80705663 0.80723109 0.80667253
 0.80560912 0.78293929 0.78078946 0.78024983 0.7799366  0.77763291
 0.77681782 0.77519074 0.77478511 0.77416687 0.77356624 0.77359034
 0.77268641 0.7717818  0.77103913 0.77001038 0.76975276 0.76912436
 0.76703019 0.76601062 0.76503375 0.7640815  0.76318486 0.76225104
 0.76160978 0.76054482 0.75635682 0.75626265 0.75529444 0.75442937
 0.75358731 0.75276659 0.75184407 0.75077038 0.7499973  0.7481258
 0.74788695 0.74594911 0.74519244 0.74435124 0.74339107 0.7422853
 0.74147211 0.74054941 0.73967825 0.73897352 0.73808434 0.73714765
 0.73630386 0.73542392 0.73468194 0.73383735 0.73173584 0.73088821
 0.73011433 0.72913109 0.72926647 0.72844684 0.72754613 0.72681195
 0.72585879 0.72492031 0.72349742 0.72136032] [1.         0.99399004 0.97163913 0.95735321 0.95593922 0.95280349
 0.95208015 0.95026885 0.94942837 0.93894789 0.92881047 0.92860168
 0.9281097  0.92378923 0.92270065 0.92055048 0.92023093 0.9198414
 0.91853921 0.91711028 0.91058034 0.90899384 0.90851759 0.90597867
 0.90369965 0.9031265  0.90263441 0.898155   0.89769118 0.89684369
 0.89622961 0.89583147 0.89514424 0.89461134 0.894353   0.89279468
 0.89199735 0.89150241 0.89090403 0.88246197 0.88088424 0.87832441
 0.87681516 0.87647787 0.87594475 0.87443557 0.87392056 0.87324008
 0.87272741 0.87181537 0.87098895 0.86527294 0.86445239 0.86346011
 0.86297861 0.86163199 0.85681586 0.85626657 0.85419593 0.85264225
 0.85186827 0.84987748 0.84971107 0.84922513 0.84861235 0.84808984
 0.84773349 0.84732671 0.84599546 0.84460653 0.84190827 0.84147104
 0.83976494 0.83457381 0.83049648 0.83006103 0.82934849 0.82885415
 0.82843268 0.82801169 0.82757916 0.82644019 0.82572262 0.82357811
 0.82214331 0.82169383 0.82124487 0.82052527 0.81970116 0.81547861
 0.81478119 0.814085   0.81367945 0.81314708 0.81274249 0.81232676
 0.81163485 0.81123178 0.81013978 0.80945162 0.80891338 0.80865025
 0.80836442 0.80780479 0.8067106  0.80602822 0.80553987 0.80505211
 0.80465552 0.804248   0.80356969 0.80289248 0.8016763  0.80126046
 0.79375657 0.78507141 0.78384006 0.78353815 0.78315029 0.78185987
 0.78121606 0.78019862 0.77988849 0.7793116  0.77803227 0.77430054
 0.77366753 0.7730354  0.77246725 0.7719208  0.77067277 0.77004481
 0.76879148 0.7681661  0.76754158 0.76691791 0.76628472 0.76566276
 0.76504164 0.76442137 0.76256553 0.76194857 0.76133244 0.76070688
 0.76009239 0.75947872 0.75886586 0.75825381 0.75765274 0.7558339
 0.75522581 0.75400191 0.7533962  0.75279127 0.75218712 0.75158375
 0.75098115 0.75037932 0.74977826 0.74917797 0.74856845 0.74796969
 0.7473717  0.74677445 0.74617796 0.74558222 0.74439298 0.74379948
 0.74319684 0.74260483 0.74142301 0.7408332  0.74024411 0.73965576
 0.73906813 0.73848122 0.7372998  0.73444134]
[    0    60   490   951  1004  1126  1155  1229  1264  1734  2243  2254
  2280  2513  2573  2693  2711  2733  2807  2889  3274  3370  3399  3555
  3697  3733  3764  4050  4080  4135  4175  4201  4246  4281  4298  4401
  4454  4487  4527  5103  5213  5393  5500  5524  5562  5670  5707  5756
  5793  5859  5919  6339  6400  6474  6510  6611  6976  7018  7177  7297
  7357  7512  7525  7563  7611  7652  7680  7712  7817  7927  8142  8177
  8314  8735  9070  9106  9165  9206  9241  9276  9312  9407  9467  9647
  9768  9806  9844  9905  9975 10336 10396 10456 10491 10537 10572 10608
 10668 10703 10798 10858 10905 10928 10953 11002 11098 11158 11201 11244
 11279 11315 11375 11435 11543 11580 12254 13049 13163 13191 13227 13347
 13407 13502 13531 13585 13705 14057 14117 14177 14231 14283 14402 14462
 14582 14642 14702 14762 14823 14883 14943 15003 15183 15243 15303 15364
 15424 15484 15544 15604 15663 15842 15902 16023 16083 16143 16203 16263
 16323 16383 16443 16503 16564 16624 16684 16744 16804 16864 16984 17044
 17105 17165 17285 17345 17405 17465 17525 17585 17706 17826 18039 18099
 18159 18219 18279 18339 18399 18459 18519 18580 18700 18760 18880 18940
 19000 19060 19121 19181 19241 19301 19361 19421 19481 19541 19601 19648
 19694 19730 19766 19826 19886 19947 20007 20067 20187 20247 20290 20334
 20394 20454 20514 20574 20635 20695 20755 20815 20875 20935 20995 21055
 21115 21176 21236 21296 21356 21416 21476 21600] [1.00000000e+00 6.74730976e+05 5.51029580e+06 1.06944711e+07
 1.12904826e+07 1.26624335e+07 1.29885530e+07 1.38207200e+07
 1.42143125e+07 1.94996973e+07 2.52236566e+07 2.53473571e+07
 2.56397401e+07 2.82599415e+07 2.89346715e+07 3.02841314e+07
 3.04865504e+07 3.07339514e+07 3.15661184e+07 3.24882493e+07
 3.68177667e+07 3.78973346e+07 3.82234541e+07 3.99777521e+07
 4.15746130e+07 4.19794510e+07 4.23280615e+07 4.55442744e+07
 4.58816394e+07 4.65001418e+07 4.69499618e+07 4.72423448e+07
 4.77483923e+07 4.81419848e+07 4.83331583e+07 4.94914447e+07
 5.00874562e+07 5.04585577e+07 5.09083777e+07 5.73857854e+07
 5.86227904e+07 6.06469803e+07 6.18502488e+07 6.21201408e+07
 6.25474698e+07 6.37619837e+07 6.41780672e+07 6.47290967e+07
 6.51451802e+07 6.58873831e+07 6.65621131e+07 7.12852229e+07
 7.19711984e+07 7.28033654e+07 7.32082034e+07 7.43439988e+07
 7.84486062e+07 7.89209172e+07 8.07089516e+07 8.20584116e+07
 8.27331415e+07 8.44761940e+07 8.46223855e+07 8.50497144e+07
 8.55894984e+07 8.60505639e+07 8.63654379e+07 8.67252939e+07
 8.79060713e+07 8.91430763e+07 9.15608587e+07 9.19544512e+07
 9.34950846e+07 9.82294400e+07 1.01996682e+08 1.02401520e+08
 1.03065005e+08 1.03526070e+08 1.03919663e+08 1.04313255e+08
 1.04718093e+08 1.05786416e+08 1.06461146e+08 1.08485336e+08
 1.09846041e+08 1.10273370e+08 1.10700699e+08 1.11386674e+08
 1.12173859e+08 1.16233485e+08 1.16908215e+08 1.17582945e+08
 1.17976537e+08 1.18493830e+08 1.18887423e+08 1.19292261e+08
 1.19966991e+08 1.20360583e+08 1.21428906e+08 1.22103636e+08
 1.22632174e+08 1.22890821e+08 1.23171958e+08 1.23722988e+08
 1.24802556e+08 1.25477285e+08 1.25960842e+08 1.26444398e+08
 1.26837991e+08 1.27242829e+08 1.27917559e+08 1.28592289e+08
 1.29806803e+08 1.30222886e+08 1.37802353e+08 1.46742525e+08
 1.48024512e+08 1.48339386e+08 1.48744224e+08 1.50093684e+08
 1.50768414e+08 1.51836737e+08 1.52162856e+08 1.52770113e+08
 1.54119573e+08 1.58077989e+08 1.58752719e+08 1.59427449e+08
 1.60034706e+08 1.60619472e+08 1.61957686e+08 1.62632416e+08
 1.63981876e+08 1.64656606e+08 1.65331336e+08 1.66006066e+08
 1.66692042e+08 1.67366771e+08 1.68041501e+08 1.68716231e+08
 1.70740421e+08 1.71415151e+08 1.72089881e+08 1.72775857e+08
 1.73450587e+08 1.74125317e+08 1.74800047e+08 1.75474777e+08
 1.76138261e+08 1.78151206e+08 1.78825936e+08 1.80186641e+08
 1.80861371e+08 1.81536101e+08 1.82210831e+08 1.82885561e+08
 1.83560291e+08 1.84235021e+08 1.84909751e+08 1.85584481e+08
 1.86270456e+08 1.86945186e+08 1.87619916e+08 1.88294646e+08
 1.88969376e+08 1.89644106e+08 1.90993566e+08 1.91668296e+08
 1.92354272e+08 1.93029002e+08 1.94378462e+08 1.95053191e+08
 1.95727921e+08 1.96402651e+08 1.97077381e+08 1.97752111e+08
 1.99112817e+08 2.00462277e+08 2.02857568e+08 2.03532298e+08
 2.04207028e+08 2.04881758e+08 2.05556488e+08 2.06231218e+08
 2.06905948e+08 2.07580678e+08 2.08255408e+08 2.08941383e+08
 2.10290843e+08 2.10965573e+08 2.12315033e+08 2.12989763e+08
 2.13664493e+08 2.14339223e+08 2.15025199e+08 2.15699929e+08
 2.16374659e+08 2.17049389e+08 2.17724119e+08 2.18398849e+08
 2.19073579e+08 2.19748309e+08 2.20423039e+08 2.20951577e+08
 2.21468870e+08 2.21873708e+08 2.22278546e+08 2.22953276e+08
 2.23628006e+08 2.24313981e+08 2.24988711e+08 2.25663441e+08
 2.27012901e+08 2.27687631e+08 2.28171188e+08 2.28665990e+08
 2.29340720e+08 2.30015450e+08 2.30690180e+08 2.31364910e+08
 2.32050885e+08 2.32725615e+08 2.33400345e+08 2.34075075e+08
 2.34749805e+08 2.35424535e+08 2.36099265e+08 2.36773995e+08
 2.37448725e+08 2.38134700e+08 2.38809430e+08 2.39484160e+08
 2.40158890e+08 2.40833620e+08 2.41508350e+08 2.42902792e+08] [1.         0.99893498 0.97696042 0.96253321 0.96142228 0.95812277
 0.95729787 0.95735537 0.95725931 0.94194779 0.95363935 0.95340744
 0.95268882 0.94940378 0.94879804 0.94566026 0.94526698 0.9451782
 0.94282142 0.93954229 0.93259798 0.92955948 0.92848614 0.92464719
 0.92086137 0.91996686 0.91897725 0.92235738 0.92140789 0.9206115
 0.9195722  0.91911142 0.91824026 0.91735395 0.91696233 0.9165671
 0.91601863 0.91550001 0.91445399 0.90137862 0.90205627 0.89833244
 0.89560085 0.89486714 0.89404298 0.89166439 0.89096672 0.89003989
 0.88915255 0.88922239 0.88913281 0.87965904 0.87861525 0.87669974
 0.87586674 0.875967   0.87416666 0.87332138 0.87277246 0.87043118
 0.86946739 0.86594356 0.86554752 0.86507108 0.86416222 0.86339401
 0.86262879 0.86197462 0.85950616 0.85905365 0.85420127 0.85325424
 0.85001311 0.8431496  0.83608047 0.83572099 0.83366131 0.83338097
 0.83228192 0.83183342 0.83100892 0.83116404 0.83090614 0.82690799
 0.82460097 0.82370192 0.82320149 0.82213234 0.8217612  0.82334553
 0.82230944 0.82132878 0.82049487 0.82015754 0.81939037 0.81873981
 0.81791622 0.81741631 0.81761574 0.81654062 0.81614114 0.81587548
 0.8153214  0.81442154 0.81256382 0.81159934 0.8107376  0.80992813
 0.8096479  0.80887935 0.80805714 0.80705663 0.80723109 0.80667253
 0.80560912 0.78293929 0.78078946 0.78024983 0.7799366  0.77763291
 0.77681782 0.77519074 0.77478511 0.77416687 0.77356624 0.77359034
 0.77268641 0.7717818  0.77103913 0.77001038 0.76975276 0.76912436
 0.76703019 0.76601062 0.76503375 0.7640815  0.76318486 0.76225104
 0.76160978 0.76054482 0.75635682 0.75626265 0.75529444 0.75442937
 0.75358731 0.75276659 0.75184407 0.75077038 0.7499973  0.7481258
 0.74788695 0.74594911 0.74519244 0.74435124 0.74339107 0.7422853
 0.74147211 0.74054941 0.73967825 0.73897352 0.73808434 0.73714765
 0.73630386 0.73542392 0.73468194 0.73383735 0.73173584 0.73088821
 0.73011433 0.72913109 0.72926647 0.72844684 0.72754613 0.72681195
 0.72585879 0.72492031 0.72349742 0.72136032 0.72054242 0.71959631
 0.71885468 0.71803827 0.71695488 0.71602582 0.71528901 0.71461274
 0.71378347 0.71279777 0.71222044 0.71221567 0.71013562 0.70934716
 0.70838906 0.70782596 0.7071191  0.70610849 0.70518029 0.70461977
 0.70382844 0.70295028 0.70218144 0.70137777 0.7004436  0.69958094
 0.69906777 0.69866008 0.6980008  0.69741945 0.69668097 0.69574944
 0.69483128 0.69419633 0.69430032 0.69357665 0.69291364 0.69226796
 0.69149666 0.69073511 0.68997282 0.68913362 0.68823199 0.68741587
 0.68659217 0.68592617 0.68532698 0.68449261 0.68384079 0.68286248
 0.68202748 0.68135224 0.68054146 0.67967409 0.67901865 0.67812608
 0.6771821  0.67733934] [1.         0.99395331 0.97134139 0.95677986 0.95533446 0.95212664
 0.95138621 0.94953138 0.94867035 0.93791623 0.92748738 0.92727236
 0.92676563 0.9223136  0.92119132 0.91897393 0.91864433 0.91824251
 0.91689906 0.91542455 0.90868225 0.90704322 0.90655115 0.90392733
 0.90157144 0.90097885 0.90047004 0.89583727 0.89535745 0.89448066
 0.89384531 0.89343336 0.89272226 0.89217082 0.89190348 0.89029076
 0.8894655  0.88895321 0.88833381 0.8795923  0.87795805 0.87530619
 0.87374249 0.87339302 0.87284063 0.87127683 0.87074314 0.87003797
 0.86950668 0.8685615  0.86770501 0.86178024 0.86092962 0.85990094
 0.85940177 0.85800568 0.8530122  0.85244265 0.85029556 0.84868445
 0.84788184 0.84581737 0.8456448  0.84514086 0.84450539 0.84396353
 0.84359397 0.84317211 0.84179151 0.84035107 0.83755269 0.83709923
 0.8353298  0.82994589 0.82571713 0.82526551 0.82452652 0.82401382
 0.8235767  0.82314008 0.8226915  0.82151025 0.82076606 0.81854199
 0.81705399 0.81658784 0.81612224 0.81537597 0.81452132 0.81014247
 0.80941925 0.80869732 0.80827679 0.80772474 0.8073052  0.80687411
 0.80615665 0.8057387  0.8046064  0.80389285 0.80333476 0.80306193
 0.80276557 0.80218531 0.80105081 0.8003433  0.79983698 0.79933127
 0.79892009 0.79849758 0.79779433 0.79709224 0.79583139 0.79540029
 0.78762171 0.77862064 0.77734471 0.77703187 0.77662998 0.77529291
 0.77462585 0.77357169 0.77325038 0.77265269 0.77132729 0.7674615
 0.7668058  0.76615104 0.76556255 0.76499656 0.76370392 0.76305354
 0.76175551 0.76110786 0.76046111 0.75981525 0.75915955 0.7585155
 0.75787233 0.75723005 0.75530848 0.7546697  0.75403179 0.75338414
 0.75274797 0.75211266 0.75147821 0.75084461 0.7502224  0.74833966
 0.74771025 0.74644347 0.74581657 0.74519049 0.74456524 0.7439408
 0.74331719 0.74269439 0.7420724  0.74145122 0.74082051 0.74020096
 0.7395822  0.73896425 0.73834709 0.73773072 0.73650036 0.73588636
 0.73526293 0.73465051 0.733428   0.7328179  0.73220858 0.73160003
 0.73099224 0.73038521 0.72916337 0.72795466 0.7258166  0.72521603
 0.7246162  0.72401712 0.72341877 0.72282115 0.72222427 0.72162813
 0.72103271 0.72042812 0.71924094 0.71864843 0.71746557 0.71687522
 0.71628558 0.71569665 0.71509863 0.71451113 0.71392434 0.71333825
 0.71275286 0.71216817 0.71158418 0.71100089 0.71041829 0.7099624
 0.70951663 0.70916804 0.70881971 0.70823969 0.70766037 0.70707209
 0.70649414 0.70591687 0.70476437 0.70418913 0.70377729 0.70335623
 0.70278264 0.70220972 0.70163747 0.70106588 0.70048544 0.69991519
 0.69934561 0.69877668 0.6982084  0.69764079 0.69707382 0.69650751
 0.69594186 0.69536744 0.69480309 0.69423938 0.69367633 0.69311391
 0.69255214 0.69139317]
[    0    60   490   951  1004  1126  1155  1229  1264  1734  2243  2254
  2280  2513  2573  2693  2711  2733  2807  2889  3274  3370  3399  3555
  3697  3733  3764  4050  4080  4135  4175  4201  4246  4281  4298  4401
  4454  4487  4527  5103  5213  5393  5500  5524  5562  5670  5707  5756
  5793  5859  5919  6339  6400  6474  6510  6611  6976  7018  7177  7297
  7357  7512  7525  7563  7611  7652  7680  7712  7817  7927  8142  8177
  8314  8735  9070  9106  9165  9206  9241  9276  9312  9407  9467  9647
  9768  9806  9844  9905  9975 10336 10396 10456 10491 10537 10572 10608
 10668 10703 10798 10858 10905 10928 10953 11002 11098 11158 11201 11244
 11279 11315 11375 11435 11543 11580 12254 13049 13163 13191 13227 13347
 13407 13502 13531 13585 13705 14057 14117 14177 14231 14283 14402 14462
 14582 14642 14702 14762 14823 14883 14943 15003 15183 15243 15303 15364
 15424 15484 15544 15604 15663 15842 15902 16023 16083 16143 16203 16263
 16323 16383 16443 16503 16564 16624 16684 16744 16804 16864 16984 17044
 17105 17165 17285 17345 17405 17465 17525 17585 17706 17826 18039 18099
 18159 18219 18279 18339 18399 18459 18519 18580 18700 18760 18880 18940
 19000 19060 19121 19181 19241 19301 19361 19421 19481 19541 19601 19648
 19694 19730 19766 19826 19886 19947 20007 20067 20187 20247 20290 20334
 20394 20454 20514 20574 20635 20695 20755 20815 20875 20935 20995 21055
 21115 21176 21236 21296 21356 21416 21476 21596 21656 21717 21777 21837
 21897 21957 22017 22077 22137 22197 22237 22277 22337 22397 22457 22517
 22577 22637 22675 22713 22774 22834 22894 22954 23074 23134 23195 23255
 23315 23615 23675 23736 23772 23808 23869 23929 23989 24229 24290 24350
 24410 24548 24608 24668 24728 24788 24848 24908 24969 25029 25089 25200] [1.00000000e+00 6.74730976e+05 5.51029580e+06 1.06944711e+07
 1.12904826e+07 1.26624335e+07 1.29885530e+07 1.38207200e+07
 1.42143125e+07 1.94996973e+07 2.52236566e+07 2.53473571e+07
 2.56397401e+07 2.82599415e+07 2.89346715e+07 3.02841314e+07
 3.04865504e+07 3.07339514e+07 3.15661184e+07 3.24882493e+07
 3.68177667e+07 3.78973346e+07 3.82234541e+07 3.99777521e+07
 4.15746130e+07 4.19794510e+07 4.23280615e+07 4.55442744e+07
 4.58816394e+07 4.65001418e+07 4.69499618e+07 4.72423448e+07
 4.77483923e+07 4.81419848e+07 4.83331583e+07 4.94914447e+07
 5.00874562e+07 5.04585577e+07 5.09083777e+07 5.73857854e+07
 5.86227904e+07 6.06469803e+07 6.18502488e+07 6.21201408e+07
 6.25474698e+07 6.37619837e+07 6.41780672e+07 6.47290967e+07
 6.51451802e+07 6.58873831e+07 6.65621131e+07 7.12852229e+07
 7.19711984e+07 7.28033654e+07 7.32082034e+07 7.43439988e+07
 7.84486062e+07 7.89209172e+07 8.07089516e+07 8.20584116e+07
 8.27331415e+07 8.44761940e+07 8.46223855e+07 8.50497144e+07
 8.55894984e+07 8.60505639e+07 8.63654379e+07 8.67252939e+07
 8.79060713e+07 8.91430763e+07 9.15608587e+07 9.19544512e+07
 9.34950846e+07 9.82294400e+07 1.01996682e+08 1.02401520e+08
 1.03065005e+08 1.03526070e+08 1.03919663e+08 1.04313255e+08
 1.04718093e+08 1.05786416e+08 1.06461146e+08 1.08485336e+08
 1.09846041e+08 1.10273370e+08 1.10700699e+08 1.11386674e+08
 1.12173859e+08 1.16233485e+08 1.16908215e+08 1.17582945e+08
 1.17976537e+08 1.18493830e+08 1.18887423e+08 1.19292261e+08
 1.19966991e+08 1.20360583e+08 1.21428906e+08 1.22103636e+08
 1.22632174e+08 1.22890821e+08 1.23171958e+08 1.23722988e+08
 1.24802556e+08 1.25477285e+08 1.25960842e+08 1.26444398e+08
 1.26837991e+08 1.27242829e+08 1.27917559e+08 1.28592289e+08
 1.29806803e+08 1.30222886e+08 1.37802353e+08 1.46742525e+08
 1.48024512e+08 1.48339386e+08 1.48744224e+08 1.50093684e+08
 1.50768414e+08 1.51836737e+08 1.52162856e+08 1.52770113e+08
 1.54119573e+08 1.58077989e+08 1.58752719e+08 1.59427449e+08
 1.60034706e+08 1.60619472e+08 1.61957686e+08 1.62632416e+08
 1.63981876e+08 1.64656606e+08 1.65331336e+08 1.66006066e+08
 1.66692042e+08 1.67366771e+08 1.68041501e+08 1.68716231e+08
 1.70740421e+08 1.71415151e+08 1.72089881e+08 1.72775857e+08
 1.73450587e+08 1.74125317e+08 1.74800047e+08 1.75474777e+08
 1.76138261e+08 1.78151206e+08 1.78825936e+08 1.80186641e+08
 1.80861371e+08 1.81536101e+08 1.82210831e+08 1.82885561e+08
 1.83560291e+08 1.84235021e+08 1.84909751e+08 1.85584481e+08
 1.86270456e+08 1.86945186e+08 1.87619916e+08 1.88294646e+08
 1.88969376e+08 1.89644106e+08 1.90993566e+08 1.91668296e+08
 1.92354272e+08 1.93029002e+08 1.94378462e+08 1.95053191e+08
 1.95727921e+08 1.96402651e+08 1.97077381e+08 1.97752111e+08
 1.99112817e+08 2.00462277e+08 2.02857568e+08 2.03532298e+08
 2.04207028e+08 2.04881758e+08 2.05556488e+08 2.06231218e+08
 2.06905948e+08 2.07580678e+08 2.08255408e+08 2.08941383e+08
 2.10290843e+08 2.10965573e+08 2.12315033e+08 2.12989763e+08
 2.13664493e+08 2.14339223e+08 2.15025199e+08 2.15699929e+08
 2.16374659e+08 2.17049389e+08 2.17724119e+08 2.18398849e+08
 2.19073579e+08 2.19748309e+08 2.20423039e+08 2.20951577e+08
 2.21468870e+08 2.21873708e+08 2.22278546e+08 2.22953276e+08
 2.23628006e+08 2.24313981e+08 2.24988711e+08 2.25663441e+08
 2.27012901e+08 2.27687631e+08 2.28171188e+08 2.28665990e+08
 2.29340720e+08 2.30015450e+08 2.30690180e+08 2.31364910e+08
 2.32050885e+08 2.32725615e+08 2.33400345e+08 2.34075075e+08
 2.34749805e+08 2.35424535e+08 2.36099265e+08 2.36773995e+08
 2.37448725e+08 2.38134700e+08 2.38809430e+08 2.39484160e+08
 2.40158890e+08 2.40833620e+08 2.41508350e+08 2.42857810e+08
 2.43532540e+08 2.44218516e+08 2.44893246e+08 2.45567976e+08
 2.46242706e+08 2.46917436e+08 2.47592166e+08 2.48266896e+08
 2.48941626e+08 2.49616356e+08 2.50066176e+08 2.50515995e+08
 2.51190725e+08 2.51865455e+08 2.52540185e+08 2.53214915e+08
 2.53889645e+08 2.54564375e+08 2.54991704e+08 2.55419033e+08
 2.56105009e+08 2.56779739e+08 2.57454469e+08 2.58129199e+08
 2.59478659e+08 2.60153389e+08 2.60839364e+08 2.61514094e+08
 2.62188824e+08 2.65562474e+08 2.66237204e+08 2.66923179e+08
 2.67328017e+08 2.67732855e+08 2.68418831e+08 2.69093561e+08
 2.69768291e+08 2.72467211e+08 2.73153186e+08 2.73827916e+08
 2.74502646e+08 2.76054525e+08 2.76729255e+08 2.77403985e+08
 2.78078715e+08 2.78753445e+08 2.79428175e+08 2.80102905e+08
 2.80788880e+08 2.81463610e+08 2.82138340e+08 2.83386591e+08] [1.         0.99893498 0.97696042 0.96253321 0.96142228 0.95812277
 0.95729787 0.95735537 0.95725931 0.94194779 0.95363935 0.95340744
 0.95268882 0.94940378 0.94879804 0.94566026 0.94526698 0.9451782
 0.94282142 0.93954229 0.93259798 0.92955948 0.92848614 0.92464719
 0.92086137 0.91996686 0.91897725 0.92235738 0.92140789 0.9206115
 0.9195722  0.91911142 0.91824026 0.91735395 0.91696233 0.9165671
 0.91601863 0.91550001 0.91445399 0.90137862 0.90205627 0.89833244
 0.89560085 0.89486714 0.89404298 0.89166439 0.89096672 0.89003989
 0.88915255 0.88922239 0.88913281 0.87965904 0.87861525 0.87669974
 0.87586674 0.875967   0.87416666 0.87332138 0.87277246 0.87043118
 0.86946739 0.86594356 0.86554752 0.86507108 0.86416222 0.86339401
 0.86262879 0.86197462 0.85950616 0.85905365 0.85420127 0.85325424
 0.85001311 0.8431496  0.83608047 0.83572099 0.83366131 0.83338097
 0.83228192 0.83183342 0.83100892 0.83116404 0.83090614 0.82690799
 0.82460097 0.82370192 0.82320149 0.82213234 0.8217612  0.82334553
 0.82230944 0.82132878 0.82049487 0.82015754 0.81939037 0.81873981
 0.81791622 0.81741631 0.81761574 0.81654062 0.81614114 0.81587548
 0.8153214  0.81442154 0.81256382 0.81159934 0.8107376  0.80992813
 0.8096479  0.80887935 0.80805714 0.80705663 0.80723109 0.80667253
 0.80560912 0.78293929 0.78078946 0.78024983 0.7799366  0.77763291
 0.77681782 0.77519074 0.77478511 0.77416687 0.77356624 0.77359034
 0.77268641 0.7717818  0.77103913 0.77001038 0.76975276 0.76912436
 0.76703019 0.76601062 0.76503375 0.7640815  0.76318486 0.76225104
 0.76160978 0.76054482 0.75635682 0.75626265 0.75529444 0.75442937
 0.75358731 0.75276659 0.75184407 0.75077038 0.7499973  0.7481258
 0.74788695 0.74594911 0.74519244 0.74435124 0.74339107 0.7422853
 0.74147211 0.74054941 0.73967825 0.73897352 0.73808434 0.73714765
 0.73630386 0.73542392 0.73468194 0.73383735 0.73173584 0.73088821
 0.73011433 0.72913109 0.72926647 0.72844684 0.72754613 0.72681195
 0.72585879 0.72492031 0.72349742 0.72136032 0.72054242 0.71959631
 0.71885468 0.71803827 0.71695488 0.71602582 0.71528901 0.71461274
 0.71378347 0.71279777 0.71222044 0.71221567 0.71013562 0.70934716
 0.70838906 0.70782596 0.7071191  0.70610849 0.70518029 0.70461977
 0.70382844 0.70295028 0.70218144 0.70137777 0.7004436  0.69958094
 0.69906777 0.69866008 0.6980008  0.69741945 0.69668097 0.69574944
 0.69483128 0.69419633 0.69430032 0.69357665 0.69291364 0.69226796
 0.69149666 0.69073511 0.68997282 0.68913362 0.68823199 0.68741587
 0.68659217 0.68592617 0.68532698 0.68449261 0.68384079 0.68286248
 0.68202748 0.68135224 0.68054146 0.67967409 0.67901865 0.67812608
 0.6771821  0.67733934 0.67648115 0.6756939  0.67511691 0.67432501
 0.67354532 0.67294045 0.6720608  0.67110218 0.67033248 0.66961529
 0.66912577 0.6685458  0.66773691 0.66715051 0.6662669  0.6658141
 0.66511723 0.66428418 0.66357755 0.66314731 0.6624952  0.66178926
 0.66100545 0.66032212 0.65991966 0.65922514 0.65828133 0.65749556
 0.65702773 0.65428524 0.65372215 0.65291337 0.65255216 0.65188232
 0.65116887 0.65057472 0.64986701 0.63889912 0.63811353 0.6373894
 0.6364927  0.63657574 0.63587773 0.63523348 0.63438562 0.63380083
 0.63300675 0.63230592 0.6314751  0.63074047 0.6302595  0.62941284] [1.         0.99392801 0.9711363  0.95638506 0.95491805 0.95166064
 0.95090845 0.94902368 0.94814851 0.93720628 0.92657724 0.92635793
 0.92584107 0.92129872 0.92015331 0.9178898  0.91755329 0.91714304
 0.91577129 0.91426549 0.90737756 0.90570254 0.90519961 0.90251761
 0.90010903 0.89950313 0.89898287 0.89424506 0.89375428 0.89285744
 0.89220753 0.89178612 0.89105868 0.89049454 0.89022105 0.88857108
 0.88772672 0.88720255 0.88656877 0.87762245 0.87594956 0.87323481
 0.87163392 0.87127612 0.87071056 0.86910944 0.86856301 0.86784097
 0.86729697 0.86632916 0.86545213 0.85938488 0.85851373 0.85746023
 0.85694901 0.85551917 0.85040478 0.84982141 0.84762221 0.84597197
 0.84514987 0.84303521 0.84285844 0.84234225 0.84169132 0.84113628
 0.84075773 0.84032561 0.83891142 0.83743591 0.8345694  0.8341049
 0.83229238 0.82677738 0.82244571 0.82198311 0.82122615 0.82070099
 0.82025324 0.819806   0.81934652 0.81813656 0.81737429 0.81509621
 0.8135721  0.81309464 0.81261775 0.81185339 0.81097802 0.80649315
 0.80575245 0.80501307 0.80458237 0.80401699 0.80358732 0.80314583
 0.80241104 0.80198301 0.80082341 0.80009266 0.79952112 0.79924171
 0.79893822 0.79834399 0.79718219 0.79645767 0.79593918 0.79542131
 0.79500026 0.7945676  0.79384747 0.79312853 0.79183745 0.79139602
 0.78343167 0.77421721 0.77291117 0.77259096 0.77217959 0.77081104
 0.7701283  0.76904937 0.76872052 0.7681088  0.76675232 0.76279616
 0.76212517 0.76145515 0.76085295 0.76027379 0.75895111 0.75828563
 0.7569575  0.75629484 0.75563312 0.75497233 0.75430147 0.75364255
 0.75298454 0.75232746 0.75036166 0.7497082  0.74905565 0.74839313
 0.74774239 0.74709253 0.74644355 0.74579547 0.74515904 0.74323336
 0.74258962 0.74129403 0.74065289 0.74001261 0.73937318 0.7387346
 0.73809688 0.73745999 0.73682395 0.73618875 0.73554382 0.73491031
 0.73427762 0.73364577 0.73301474 0.73238454 0.73112659 0.73049885
 0.72986147 0.72923536 0.72798557 0.72736187 0.72673898 0.72611689
 0.7254956  0.72487509 0.72362615 0.7223907  0.72020545 0.71959165
 0.71897863 0.71836637 0.71775488 0.71714415 0.71653419 0.71592499
 0.71531655 0.71469874 0.71348566 0.71288024 0.71167165 0.71106847
 0.71046603 0.70986433 0.70925336 0.70865315 0.70805367 0.70745492
 0.7068569  0.70625961 0.70566305 0.70506721 0.70447209 0.70400642
 0.70355109 0.70319503 0.70283923 0.7022468  0.70165509 0.70105424
 0.70046396 0.69987439 0.69869736 0.6981099  0.69768931 0.69725932
 0.69667357 0.69608852 0.69550416 0.6949205  0.69432782 0.69374554
 0.69316396 0.69258306 0.69200284 0.69142331 0.69084445 0.69026628
 0.68968878 0.68910236 0.68852622 0.68795076 0.68737597 0.68680185
 0.68622839 0.68508348 0.68451202 0.68393171 0.68336159 0.68279212
 0.6822233  0.68165515 0.68108764 0.68052079 0.67995459 0.67938904
 0.67901237 0.67863598 0.67807194 0.67750854 0.67694579 0.67638368
 0.6758222  0.67526137 0.6749065  0.67455189 0.67398318 0.67342444
 0.67286632 0.67230884 0.67119576 0.67064016 0.67007595 0.66952161
 0.66896789 0.66620862 0.66565861 0.66510007 0.66477073 0.66444162
 0.66388445 0.66333703 0.66279023 0.66060904 0.6600562  0.65951302
 0.65897044 0.65772478 0.65718417 0.65664416 0.65610473 0.6555659
 0.65502766 0.65449001 0.653944   0.65340753 0.65287165 0.65188181]
[    0    60   490   951  1004  1126  1155  1229  1264  1734  2243  2254
  2280  2513  2573  2693  2711  2733  2807  2889  3274  3370  3399  3555
  3697  3733  3764  4050  4080  4135  4175  4201  4246  4281  4298  4401
  4454  4487  4527  5103  5213  5393  5500  5524  5562  5670  5707  5756
  5793  5859  5919  6339  6400  6474  6510  6611  6976  7018  7177  7297
  7357  7512  7525  7563  7611  7652  7680  7712  7817  7927  8142  8177
  8314  8735  9070  9106  9165  9206  9241  9276  9312  9407  9467  9647
  9768  9806  9844  9905  9975 10336 10396 10456 10491 10537 10572 10608
 10668 10703 10798 10858 10905 10928 10953 11002 11098 11158 11201 11244
 11279 11315 11375 11435 11543 11580 12254 13049 13163 13191 13227 13347
 13407 13502 13531 13585 13705 14057 14117 14177 14231 14283 14402 14462
 14582 14642 14702 14762 14823 14883 14943 15003 15183 15243 15303 15364
 15424 15484 15544 15604 15663 15842 15902 16023 16083 16143 16203 16263
 16323 16383 16443 16503 16564 16624 16684 16744 16804 16864 16984 17044
 17105 17165 17285 17345 17405 17465 17525 17585 17706 17826 18039 18099
 18159 18219 18279 18339 18399 18459 18519 18580 18700 18760 18880 18940
 19000 19060 19121 19181 19241 19301 19361 19421 19481 19541 19601 19648
 19694 19730 19766 19826 19886 19947 20007 20067 20187 20247 20290 20334
 20394 20454 20514 20574 20635 20695 20755 20815 20875 20935 20995 21055
 21115 21176 21236 21296 21356 21416 21476 21596 21656 21717 21777 21837
 21897 21957 22017 22077 22137 22197 22237 22277 22337 22397 22457 22517
 22577 22637 22675 22713 22774 22834 22894 22954 23074 23134 23195 23255
 23315 23615 23675 23736 23772 23808 23869 23929 23989 24229 24290 24350
 24410 24548 24608 24668 24728 24788 24848 24908 24969 25029 25089 25149
 25209 25269 25329 25389 25449 25510 25570 25630 25690 25750 25810 25870
 25990 26051 26111 26171 26209 26247 26308 26368 26428 26488 26523 26557
 26616 26676 26736 27097 27157 27217 27468 27528 27588 27649 27706 27763
 27799 27834 27894 27954 28014 28074 28195 28495 28555 28615 28675 28736
 28800] [1.00000000e+00 6.74730976e+05 5.51029580e+06 1.06944711e+07
 1.12904826e+07 1.26624335e+07 1.29885530e+07 1.38207200e+07
 1.42143125e+07 1.94996973e+07 2.52236566e+07 2.53473571e+07
 2.56397401e+07 2.82599415e+07 2.89346715e+07 3.02841314e+07
 3.04865504e+07 3.07339514e+07 3.15661184e+07 3.24882493e+07
 3.68177667e+07 3.78973346e+07 3.82234541e+07 3.99777521e+07
 4.15746130e+07 4.19794510e+07 4.23280615e+07 4.55442744e+07
 4.58816394e+07 4.65001418e+07 4.69499618e+07 4.72423448e+07
 4.77483923e+07 4.81419848e+07 4.83331583e+07 4.94914447e+07
 5.00874562e+07 5.04585577e+07 5.09083777e+07 5.73857854e+07
 5.86227904e+07 6.06469803e+07 6.18502488e+07 6.21201408e+07
 6.25474698e+07 6.37619837e+07 6.41780672e+07 6.47290967e+07
 6.51451802e+07 6.58873831e+07 6.65621131e+07 7.12852229e+07
 7.19711984e+07 7.28033654e+07 7.32082034e+07 7.43439988e+07
 7.84486062e+07 7.89209172e+07 8.07089516e+07 8.20584116e+07
 8.27331415e+07 8.44761940e+07 8.46223855e+07 8.50497144e+07
 8.55894984e+07 8.60505639e+07 8.63654379e+07 8.67252939e+07
 8.79060713e+07 8.91430763e+07 9.15608587e+07 9.19544512e+07
 9.34950846e+07 9.82294400e+07 1.01996682e+08 1.02401520e+08
 1.03065005e+08 1.03526070e+08 1.03919663e+08 1.04313255e+08
 1.04718093e+08 1.05786416e+08 1.06461146e+08 1.08485336e+08
 1.09846041e+08 1.10273370e+08 1.10700699e+08 1.11386674e+08
 1.12173859e+08 1.16233485e+08 1.16908215e+08 1.17582945e+08
 1.17976537e+08 1.18493830e+08 1.18887423e+08 1.19292261e+08
 1.19966991e+08 1.20360583e+08 1.21428906e+08 1.22103636e+08
 1.22632174e+08 1.22890821e+08 1.23171958e+08 1.23722988e+08
 1.24802556e+08 1.25477285e+08 1.25960842e+08 1.26444398e+08
 1.26837991e+08 1.27242829e+08 1.27917559e+08 1.28592289e+08
 1.29806803e+08 1.30222886e+08 1.37802353e+08 1.46742525e+08
 1.48024512e+08 1.48339386e+08 1.48744224e+08 1.50093684e+08
 1.50768414e+08 1.51836737e+08 1.52162856e+08 1.52770113e+08
 1.54119573e+08 1.58077989e+08 1.58752719e+08 1.59427449e+08
 1.60034706e+08 1.60619472e+08 1.61957686e+08 1.62632416e+08
 1.63981876e+08 1.64656606e+08 1.65331336e+08 1.66006066e+08
 1.66692042e+08 1.67366771e+08 1.68041501e+08 1.68716231e+08
 1.70740421e+08 1.71415151e+08 1.72089881e+08 1.72775857e+08
 1.73450587e+08 1.74125317e+08 1.74800047e+08 1.75474777e+08
 1.76138261e+08 1.78151206e+08 1.78825936e+08 1.80186641e+08
 1.80861371e+08 1.81536101e+08 1.82210831e+08 1.82885561e+08
 1.83560291e+08 1.84235021e+08 1.84909751e+08 1.85584481e+08
 1.86270456e+08 1.86945186e+08 1.87619916e+08 1.88294646e+08
 1.88969376e+08 1.89644106e+08 1.90993566e+08 1.91668296e+08
 1.92354272e+08 1.93029002e+08 1.94378462e+08 1.95053191e+08
 1.95727921e+08 1.96402651e+08 1.97077381e+08 1.97752111e+08
 1.99112817e+08 2.00462277e+08 2.02857568e+08 2.03532298e+08
 2.04207028e+08 2.04881758e+08 2.05556488e+08 2.06231218e+08
 2.06905948e+08 2.07580678e+08 2.08255408e+08 2.08941383e+08
 2.10290843e+08 2.10965573e+08 2.12315033e+08 2.12989763e+08
 2.13664493e+08 2.14339223e+08 2.15025199e+08 2.15699929e+08
 2.16374659e+08 2.17049389e+08 2.17724119e+08 2.18398849e+08
 2.19073579e+08 2.19748309e+08 2.20423039e+08 2.20951577e+08
 2.21468870e+08 2.21873708e+08 2.22278546e+08 2.22953276e+08
 2.23628006e+08 2.24313981e+08 2.24988711e+08 2.25663441e+08
 2.27012901e+08 2.27687631e+08 2.28171188e+08 2.28665990e+08
 2.29340720e+08 2.30015450e+08 2.30690180e+08 2.31364910e+08
 2.32050885e+08 2.32725615e+08 2.33400345e+08 2.34075075e+08
 2.34749805e+08 2.35424535e+08 2.36099265e+08 2.36773995e+08
 2.37448725e+08 2.38134700e+08 2.38809430e+08 2.39484160e+08
 2.40158890e+08 2.40833620e+08 2.41508350e+08 2.42857810e+08
 2.43532540e+08 2.44218516e+08 2.44893246e+08 2.45567976e+08
 2.46242706e+08 2.46917436e+08 2.47592166e+08 2.48266896e+08
 2.48941626e+08 2.49616356e+08 2.50066176e+08 2.50515995e+08
 2.51190725e+08 2.51865455e+08 2.52540185e+08 2.53214915e+08
 2.53889645e+08 2.54564375e+08 2.54991704e+08 2.55419033e+08
 2.56105009e+08 2.56779739e+08 2.57454469e+08 2.58129199e+08
 2.59478659e+08 2.60153389e+08 2.60839364e+08 2.61514094e+08
 2.62188824e+08 2.65562474e+08 2.66237204e+08 2.66923179e+08
 2.67328017e+08 2.67732855e+08 2.68418831e+08 2.69093561e+08
 2.69768291e+08 2.72467211e+08 2.73153186e+08 2.73827916e+08
 2.74502646e+08 2.76054525e+08 2.76729255e+08 2.77403985e+08
 2.78078715e+08 2.78753445e+08 2.79428175e+08 2.80102905e+08
 2.80788880e+08 2.81463610e+08 2.82138340e+08 2.82813070e+08
 2.83487800e+08 2.84162530e+08 2.84837260e+08 2.85511990e+08
 2.86186720e+08 2.86872696e+08 2.87547426e+08 2.88222156e+08
 2.88896886e+08 2.89571616e+08 2.90246346e+08 2.90921076e+08
 2.92270535e+08 2.92956511e+08 2.93631241e+08 2.94305971e+08
 2.94733300e+08 2.95160629e+08 2.95846604e+08 2.96521334e+08
 2.97196064e+08 2.97870794e+08 2.98264387e+08 2.98646734e+08
 2.99310218e+08 2.99984948e+08 3.00659678e+08 3.04719304e+08
 3.05394034e+08 3.06068763e+08 3.08891384e+08 3.09566114e+08
 3.10240844e+08 3.10926819e+08 3.11567813e+08 3.12208806e+08
 3.12613644e+08 3.13007237e+08 3.13681967e+08 3.14356697e+08
 3.15031427e+08 3.15706157e+08 3.17066862e+08 3.20440512e+08
 3.21115242e+08 3.21789972e+08 3.22464702e+08 3.23150677e+08
 3.23870389e+08] [1.         0.99893498 0.97696042 0.96253321 0.96142228 0.95812277
 0.95729787 0.95735537 0.95725931 0.94194779 0.95363935 0.95340744
 0.95268882 0.94940378 0.94879804 0.94566026 0.94526698 0.9451782
 0.94282142 0.93954229 0.93259798 0.92955948 0.92848614 0.92464719
 0.92086137 0.91996686 0.91897725 0.92235738 0.92140789 0.9206115
 0.9195722  0.91911142 0.91824026 0.91735395 0.91696233 0.9165671
 0.91601863 0.91550001 0.91445399 0.90137862 0.90205627 0.89833244
 0.89560085 0.89486714 0.89404298 0.89166439 0.89096672 0.89003989
 0.88915255 0.88922239 0.88913281 0.87965904 0.87861525 0.87669974
 0.87586674 0.875967   0.87416666 0.87332138 0.87277246 0.87043118
 0.86946739 0.86594356 0.86554752 0.86507108 0.86416222 0.86339401
 0.86262879 0.86197462 0.85950616 0.85905365 0.85420127 0.85325424
 0.85001311 0.8431496  0.83608047 0.83572099 0.83366131 0.83338097
 0.83228192 0.83183342 0.83100892 0.83116404 0.83090614 0.82690799
 0.82460097 0.82370192 0.82320149 0.82213234 0.8217612  0.82334553
 0.82230944 0.82132878 0.82049487 0.82015754 0.81939037 0.81873981
 0.81791622 0.81741631 0.81761574 0.81654062 0.81614114 0.81587548
 0.8153214  0.81442154 0.81256382 0.81159934 0.8107376  0.80992813
 0.8096479  0.80887935 0.80805714 0.80705663 0.80723109 0.80667253
 0.80560912 0.78293929 0.78078946 0.78024983 0.7799366  0.77763291
 0.77681782 0.77519074 0.77478511 0.77416687 0.77356624 0.77359034
 0.77268641 0.7717818  0.77103913 0.77001038 0.76975276 0.76912436
 0.76703019 0.76601062 0.76503375 0.7640815  0.76318486 0.76225104
 0.76160978 0.76054482 0.75635682 0.75626265 0.75529444 0.75442937
 0.75358731 0.75276659 0.75184407 0.75077038 0.7499973  0.7481258
 0.74788695 0.74594911 0.74519244 0.74435124 0.74339107 0.7422853
 0.74147211 0.74054941 0.73967825 0.73897352 0.73808434 0.73714765
 0.73630386 0.73542392 0.73468194 0.73383735 0.73173584 0.73088821
 0.73011433 0.72913109 0.72926647 0.72844684 0.72754613 0.72681195
 0.72585879 0.72492031 0.72349742 0.72136032 0.72054242 0.71959631
 0.71885468 0.71803827 0.71695488 0.71602582 0.71528901 0.71461274
 0.71378347 0.71279777 0.71222044 0.71221567 0.71013562 0.70934716
 0.70838906 0.70782596 0.7071191  0.70610849 0.70518029 0.70461977
 0.70382844 0.70295028 0.70218144 0.70137777 0.7004436  0.69958094
 0.69906777 0.69866008 0.6980008  0.69741945 0.69668097 0.69574944
 0.69483128 0.69419633 0.69430032 0.69357665 0.69291364 0.69226796
 0.69149666 0.69073511 0.68997282 0.68913362 0.68823199 0.68741587
 0.68659217 0.68592617 0.68532698 0.68449261 0.68384079 0.68286248
 0.68202748 0.68135224 0.68054146 0.67967409 0.67901865 0.67812608
 0.6771821  0.67733934 0.67648115 0.6756939  0.67511691 0.67432501
 0.67354532 0.67294045 0.6720608  0.67110218 0.67033248 0.66961529
 0.66912577 0.6685458  0.66773691 0.66715051 0.6662669  0.6658141
 0.66511723 0.66428418 0.66357755 0.66314731 0.6624952  0.66178926
 0.66100545 0.66032212 0.65991966 0.65922514 0.65828133 0.65749556
 0.65702773 0.65428524 0.65372215 0.65291337 0.65255216 0.65188232
 0.65116887 0.65057472 0.64986701 0.63889912 0.63811353 0.6373894
 0.6364927  0.63657574 0.63587773 0.63523348 0.63438562 0.63380083
 0.63300675 0.63230592 0.6314751  0.63074047 0.6302595  0.62941284
 0.62844911 0.62762335 0.62695689 0.6266377  0.62586381 0.62506967
 0.6242726  0.62343805 0.62296052 0.62235415 0.62169654 0.62097304
 0.62094831 0.62026768 0.61981052 0.61935388 0.61886699 0.61823618
 0.61762418 0.61684892 0.61622712 0.61547314 0.61501736 0.61484548
 0.61438942 0.61349037 0.61267275 0.61023901 0.60933996 0.60831776
 0.59547705 0.59493244 0.59446139 0.59386369 0.59309479 0.59254679
 0.59205549 0.59174783 0.59109537 0.590233   0.58976046 0.58912867
 0.58874542 0.58588564 0.58526245 0.58467118 0.58399267 0.58332249
 0.58293804] [1.         0.99389853 0.97089748 0.95592548 0.95443332 0.95111823
 0.95035237 0.94843277 0.94754117 0.93638026 0.92551865 0.92529436
 0.92476575 0.92011853 0.91894626 0.91662921 0.9162847  0.91586466
 0.91446007 0.91291798 0.90586112 0.90414435 0.90362883 0.90087938
 0.89840975 0.89778842 0.89725489 0.89239536 0.89189189 0.89097182
 0.89030504 0.88987269 0.88912632 0.88854748 0.88826686 0.88657377
 0.88570729 0.88516936 0.88451894 0.87533561 0.87361804 0.87083055
 0.86918665 0.86881923 0.86823846 0.8665942  0.86603302 0.8652915
 0.86473281 0.86373884 0.8628381  0.85660625 0.85571142 0.85462925
 0.8541041  0.85263532 0.84738138 0.84678207 0.84452277 0.84282741
 0.84198281 0.83981029 0.83962869 0.83909837 0.83842962 0.83785938
 0.83747047 0.83702652 0.83557361 0.8340577  0.8311127  0.83063548
 0.82877334 0.82310742 0.81865735 0.81818211 0.81740447 0.81686497
 0.816405   0.81594555 0.81547353 0.81423056 0.8134475  0.81110733
 0.80954172 0.80905127 0.8085614  0.80777624 0.80687708 0.80227044
 0.80150966 0.80075024 0.80030788 0.79972718 0.79928588 0.79883244
 0.79807778 0.79763818 0.79644723 0.79569674 0.79510978 0.79482283
 0.79451114 0.79390089 0.79270777 0.79196373 0.79143128 0.79089948
 0.7904671  0.7900228  0.78928331 0.78854507 0.78721933 0.78676605
 0.77858885 0.76913013 0.76778966 0.76746102 0.76703882 0.76563427
 0.76493359 0.76382634 0.76348886 0.76286111 0.76146912 0.7574097
 0.75672124 0.7560338  0.75541595 0.75482175 0.75346476 0.75278204
 0.75141955 0.75073977 0.75006096 0.74938312 0.74869498 0.74801908
 0.74734415 0.74667017 0.74465393 0.74398373 0.74331448 0.74263502
 0.74196765 0.7413012  0.74063568 0.73997108 0.73931845 0.73734385
 0.73668378 0.73535538 0.73469802 0.73404156 0.73338599 0.7327313
 0.73207751 0.73142459 0.73077255 0.73012139 0.72946027 0.72881087
 0.72816234 0.72751467 0.72686786 0.72622192 0.72493259 0.72428921
 0.72363598 0.7229943  0.72171349 0.72107434 0.72043602 0.71979854
 0.7191619  0.71852608 0.71724635 0.7159805  0.71374165 0.71311284
 0.71248482 0.71185761 0.71123121 0.7106056  0.70998079 0.70935677
 0.70873355 0.70810074 0.70685826 0.7062382  0.70500041 0.70438269
 0.70376574 0.70314956 0.7025239  0.70190928 0.70129542 0.70068232
 0.70006999 0.69945842 0.69884761 0.69823755 0.69762825 0.69715149
 0.69668532 0.6963208  0.69595655 0.69535006 0.69474432 0.69412925
 0.693525   0.6929215  0.6917167  0.6911154  0.69068492 0.69024482
 0.68964531 0.68904653 0.68844848 0.68785115 0.68724461 0.68664874
 0.68605358 0.68545914 0.68486542 0.68427241 0.68368012 0.68308853
 0.68249765 0.68189765 0.6813082  0.68071944 0.6801314  0.67954405
 0.67895739 0.67778618 0.67720162 0.67660802 0.67602484 0.67544236
 0.67486056 0.67427945 0.67369903 0.67311928 0.67254022 0.67196183
 0.67157662 0.67119171 0.6706149  0.67003877 0.66946331 0.66888852
 0.6683144  0.66774095 0.66737811 0.66701553 0.66643406 0.6658628
 0.66529219 0.66472224 0.66358433 0.66301635 0.66243958 0.66187293
 0.66130692 0.65848663 0.6579245  0.65735367 0.65701709 0.65668075
 0.65611135 0.65555194 0.65499316 0.65276437 0.6521995  0.65164452
 0.65109017 0.64981753 0.64926523 0.64871356 0.64816251 0.64761207
 0.64706226 0.64651306 0.64595533 0.64540737 0.64486003 0.64431329
 0.64376716 0.64322164 0.64267673 0.64213243 0.64158873 0.64103659
 0.64049411 0.63995223 0.63941095 0.63887027 0.63833018 0.6377907
 0.63671351 0.63616685 0.63562975 0.63509324 0.63475376 0.63441451
 0.63387042 0.63333585 0.63280186 0.63226845 0.63195757 0.63165575
 0.63113247 0.63060089 0.63006989 0.62688723 0.62636027 0.62583388
 0.62363801 0.62311457 0.62259169 0.62206068 0.62156502 0.62106986
 0.62075739 0.62045379 0.61993378 0.61941433 0.61889543 0.6183771
 0.61733348 0.61475567 0.61424176 0.6137284  0.61321558 0.61269478
 0.61214897]
[    0    60   490   951  1004  1126  1155  1229  1264  1734  2243  2254
  2280  2513  2573  2693  2711  2733  2807  2889  3274  3370  3399  3555
  3697  3733  3764  4050  4080  4135  4175  4201  4246  4281  4298  4401
  4454  4487  4527  5103  5213  5393  5500  5524  5562  5670  5707  5756
  5793  5859  5919  6339  6400  6474  6510  6611  6976  7018  7177  7297
  7357  7512  7525  7563  7611  7652  7680  7712  7817  7927  8142  8177
  8314  8735  9070  9106  9165  9206  9241  9276  9312  9407  9467  9647
  9768  9806  9844  9905  9975 10336 10396 10456 10491 10537 10572 10608
 10668 10703 10798 10858 10905 10928 10953 11002 11098 11158 11201 11244
 11279 11315 11375 11435 11543 11580 12254 13049 13163 13191 13227 13347
 13407 13502 13531 13585 13705 14057 14117 14177 14231 14283 14402 14462
 14582 14642 14702 14762 14823 14883 14943 15003 15183 15243 15303 15364
 15424 15484 15544 15604 15663 15842 15902 16023 16083 16143 16203 16263
 16323 16383 16443 16503 16564 16624 16684 16744 16804 16864 16984 17044
 17105 17165 17285 17345 17405 17465 17525 17585 17706 17826 18039 18099
 18159 18219 18279 18339 18399 18459 18519 18580 18700 18760 18880 18940
 19000 19060 19121 19181 19241 19301 19361 19421 19481 19541 19601 19648
 19694 19730 19766 19826 19886 19947 20007 20067 20187 20247 20290 20334
 20394 20454 20514 20574 20635 20695 20755 20815 20875 20935 20995 21055
 21115 21176 21236 21296 21356 21416 21476 21596 21656 21717 21777 21837
 21897 21957 22017 22077 22137 22197 22237 22277 22337 22397 22457 22517
 22577 22637 22675 22713 22774 22834 22894 22954 23074 23134 23195 23255
 23315 23615 23675 23736 23772 23808 23869 23929 23989 24229 24290 24350
 24410 24548 24608 24668 24728 24788 24848 24908 24969 25029 25089 25149
 25209 25269 25329 25389 25449 25510 25570 25630 25690 25750 25810 25870
 25990 26051 26111 26171 26209 26247 26308 26368 26428 26488 26523 26557
 26616 26676 26736 27097 27157 27217 27468 27528 27588 27649 27706 27763
 27799 27834 27894 27954 28014 28074 28195 28495 28555 28615 28675 28736
 28796 28856 28916 28976 29036 29096 29149 29202 29262 29322 29383 29443
 29503 29556 29610 29645 29680 29740 29800 29860 29910 29960 30020 30080
 30140 30260 30554 30614 30674 30735 30795 30855 30915 30975 31035 31095
 31155 31215 31275 31336 31396 31456 31516 31576 31636 31756 32057 32117
 32177 32212 32248 32308 32400] [1.00000000e+00 6.74730976e+05 5.51029580e+06 1.06944711e+07
 1.12904826e+07 1.26624335e+07 1.29885530e+07 1.38207200e+07
 1.42143125e+07 1.94996973e+07 2.52236566e+07 2.53473571e+07
 2.56397401e+07 2.82599415e+07 2.89346715e+07 3.02841314e+07
 3.04865504e+07 3.07339514e+07 3.15661184e+07 3.24882493e+07
 3.68177667e+07 3.78973346e+07 3.82234541e+07 3.99777521e+07
 4.15746130e+07 4.19794510e+07 4.23280615e+07 4.55442744e+07
 4.58816394e+07 4.65001418e+07 4.69499618e+07 4.72423448e+07
 4.77483923e+07 4.81419848e+07 4.83331583e+07 4.94914447e+07
 5.00874562e+07 5.04585577e+07 5.09083777e+07 5.73857854e+07
 5.86227904e+07 6.06469803e+07 6.18502488e+07 6.21201408e+07
 6.25474698e+07 6.37619837e+07 6.41780672e+07 6.47290967e+07
 6.51451802e+07 6.58873831e+07 6.65621131e+07 7.12852229e+07
 7.19711984e+07 7.28033654e+07 7.32082034e+07 7.43439988e+07
 7.84486062e+07 7.89209172e+07 8.07089516e+07 8.20584116e+07
 8.27331415e+07 8.44761940e+07 8.46223855e+07 8.50497144e+07
 8.55894984e+07 8.60505639e+07 8.63654379e+07 8.67252939e+07
 8.79060713e+07 8.91430763e+07 9.15608587e+07 9.19544512e+07
 9.34950846e+07 9.82294400e+07 1.01996682e+08 1.02401520e+08
 1.03065005e+08 1.03526070e+08 1.03919663e+08 1.04313255e+08
 1.04718093e+08 1.05786416e+08 1.06461146e+08 1.08485336e+08
 1.09846041e+08 1.10273370e+08 1.10700699e+08 1.11386674e+08
 1.12173859e+08 1.16233485e+08 1.16908215e+08 1.17582945e+08
 1.17976537e+08 1.18493830e+08 1.18887423e+08 1.19292261e+08
 1.19966991e+08 1.20360583e+08 1.21428906e+08 1.22103636e+08
 1.22632174e+08 1.22890821e+08 1.23171958e+08 1.23722988e+08
 1.24802556e+08 1.25477285e+08 1.25960842e+08 1.26444398e+08
 1.26837991e+08 1.27242829e+08 1.27917559e+08 1.28592289e+08
 1.29806803e+08 1.30222886e+08 1.37802353e+08 1.46742525e+08
 1.48024512e+08 1.48339386e+08 1.48744224e+08 1.50093684e+08
 1.50768414e+08 1.51836737e+08 1.52162856e+08 1.52770113e+08
 1.54119573e+08 1.58077989e+08 1.58752719e+08 1.59427449e+08
 1.60034706e+08 1.60619472e+08 1.61957686e+08 1.62632416e+08
 1.63981876e+08 1.64656606e+08 1.65331336e+08 1.66006066e+08
 1.66692042e+08 1.67366771e+08 1.68041501e+08 1.68716231e+08
 1.70740421e+08 1.71415151e+08 1.72089881e+08 1.72775857e+08
 1.73450587e+08 1.74125317e+08 1.74800047e+08 1.75474777e+08
 1.76138261e+08 1.78151206e+08 1.78825936e+08 1.80186641e+08
 1.80861371e+08 1.81536101e+08 1.82210831e+08 1.82885561e+08
 1.83560291e+08 1.84235021e+08 1.84909751e+08 1.85584481e+08
 1.86270456e+08 1.86945186e+08 1.87619916e+08 1.88294646e+08
 1.88969376e+08 1.89644106e+08 1.90993566e+08 1.91668296e+08
 1.92354272e+08 1.93029002e+08 1.94378462e+08 1.95053191e+08
 1.95727921e+08 1.96402651e+08 1.97077381e+08 1.97752111e+08
 1.99112817e+08 2.00462277e+08 2.02857568e+08 2.03532298e+08
 2.04207028e+08 2.04881758e+08 2.05556488e+08 2.06231218e+08
 2.06905948e+08 2.07580678e+08 2.08255408e+08 2.08941383e+08
 2.10290843e+08 2.10965573e+08 2.12315033e+08 2.12989763e+08
 2.13664493e+08 2.14339223e+08 2.15025199e+08 2.15699929e+08
 2.16374659e+08 2.17049389e+08 2.17724119e+08 2.18398849e+08
 2.19073579e+08 2.19748309e+08 2.20423039e+08 2.20951577e+08
 2.21468870e+08 2.21873708e+08 2.22278546e+08 2.22953276e+08
 2.23628006e+08 2.24313981e+08 2.24988711e+08 2.25663441e+08
 2.27012901e+08 2.27687631e+08 2.28171188e+08 2.28665990e+08
 2.29340720e+08 2.30015450e+08 2.30690180e+08 2.31364910e+08
 2.32050885e+08 2.32725615e+08 2.33400345e+08 2.34075075e+08
 2.34749805e+08 2.35424535e+08 2.36099265e+08 2.36773995e+08
 2.37448725e+08 2.38134700e+08 2.38809430e+08 2.39484160e+08
 2.40158890e+08 2.40833620e+08 2.41508350e+08 2.42857810e+08
 2.43532540e+08 2.44218516e+08 2.44893246e+08 2.45567976e+08
 2.46242706e+08 2.46917436e+08 2.47592166e+08 2.48266896e+08
 2.48941626e+08 2.49616356e+08 2.50066176e+08 2.50515995e+08
 2.51190725e+08 2.51865455e+08 2.52540185e+08 2.53214915e+08
 2.53889645e+08 2.54564375e+08 2.54991704e+08 2.55419033e+08
 2.56105009e+08 2.56779739e+08 2.57454469e+08 2.58129199e+08
 2.59478659e+08 2.60153389e+08 2.60839364e+08 2.61514094e+08
 2.62188824e+08 2.65562474e+08 2.66237204e+08 2.66923179e+08
 2.67328017e+08 2.67732855e+08 2.68418831e+08 2.69093561e+08
 2.69768291e+08 2.72467211e+08 2.73153186e+08 2.73827916e+08
 2.74502646e+08 2.76054525e+08 2.76729255e+08 2.77403985e+08
 2.78078715e+08 2.78753445e+08 2.79428175e+08 2.80102905e+08
 2.80788880e+08 2.81463610e+08 2.82138340e+08 2.82813070e+08
 2.83487800e+08 2.84162530e+08 2.84837260e+08 2.85511990e+08
 2.86186720e+08 2.86872696e+08 2.87547426e+08 2.88222156e+08
 2.88896886e+08 2.89571616e+08 2.90246346e+08 2.90921076e+08
 2.92270535e+08 2.92956511e+08 2.93631241e+08 2.94305971e+08
 2.94733300e+08 2.95160629e+08 2.95846604e+08 2.96521334e+08
 2.97196064e+08 2.97870794e+08 2.98264387e+08 2.98646734e+08
 2.99310218e+08 2.99984948e+08 3.00659678e+08 3.04719304e+08
 3.05394034e+08 3.06068763e+08 3.08891384e+08 3.09566114e+08
 3.10240844e+08 3.10926819e+08 3.11567813e+08 3.12208806e+08
 3.12613644e+08 3.13007237e+08 3.13681967e+08 3.14356697e+08
 3.15031427e+08 3.15706157e+08 3.17066862e+08 3.20440512e+08
 3.21115242e+08 3.21789972e+08 3.22464702e+08 3.23150677e+08
 3.23825407e+08 3.24500137e+08 3.25174867e+08 3.25849597e+08
 3.26524327e+08 3.27199057e+08 3.27795069e+08 3.28391080e+08
 3.29065810e+08 3.29740540e+08 3.30426516e+08 3.31101246e+08
 3.31775976e+08 3.32371987e+08 3.32979244e+08 3.33372837e+08
 3.33766429e+08 3.34441159e+08 3.35115889e+08 3.35790619e+08
 3.36352894e+08 3.36915169e+08 3.37589899e+08 3.38264629e+08
 3.38939359e+08 3.40288819e+08 3.43594996e+08 3.44269726e+08
 3.44944456e+08 3.45630431e+08 3.46305161e+08 3.46979891e+08
 3.47654621e+08 3.48329351e+08 3.49004081e+08 3.49678811e+08
 3.50353541e+08 3.51028271e+08 3.51703001e+08 3.52388976e+08
 3.53063706e+08 3.53738436e+08 3.54413166e+08 3.55087896e+08
 3.55762626e+08 3.57112086e+08 3.60496982e+08 3.61171712e+08
 3.61846441e+08 3.62240034e+08 3.62644872e+08 3.63319602e+08
 3.64354188e+08] [1.         0.99893498 0.97696042 0.96253321 0.96142228 0.95812277
 0.95729787 0.95735537 0.95725931 0.94194779 0.95363935 0.95340744
 0.95268882 0.94940378 0.94879804 0.94566026 0.94526698 0.9451782
 0.94282142 0.93954229 0.93259798 0.92955948 0.92848614 0.92464719
 0.92086137 0.91996686 0.91897725 0.92235738 0.92140789 0.9206115
 0.9195722  0.91911142 0.91824026 0.91735395 0.91696233 0.9165671
 0.91601863 0.91550001 0.91445399 0.90137862 0.90205627 0.89833244
 0.89560085 0.89486714 0.89404298 0.89166439 0.89096672 0.89003989
 0.88915255 0.88922239 0.88913281 0.87965904 0.87861525 0.87669974
 0.87586674 0.875967   0.87416666 0.87332138 0.87277246 0.87043118
 0.86946739 0.86594356 0.86554752 0.86507108 0.86416222 0.86339401
 0.86262879 0.86197462 0.85950616 0.85905365 0.85420127 0.85325424
 0.85001311 0.8431496  0.83608047 0.83572099 0.83366131 0.83338097
 0.83228192 0.83183342 0.83100892 0.83116404 0.83090614 0.82690799
 0.82460097 0.82370192 0.82320149 0.82213234 0.8217612  0.82334553
 0.82230944 0.82132878 0.82049487 0.82015754 0.81939037 0.81873981
 0.81791622 0.81741631 0.81761574 0.81654062 0.81614114 0.81587548
 0.8153214  0.81442154 0.81256382 0.81159934 0.8107376  0.80992813
 0.8096479  0.80887935 0.80805714 0.80705663 0.80723109 0.80667253
 0.80560912 0.78293929 0.78078946 0.78024983 0.7799366  0.77763291
 0.77681782 0.77519074 0.77478511 0.77416687 0.77356624 0.77359034
 0.77268641 0.7717818  0.77103913 0.77001038 0.76975276 0.76912436
 0.76703019 0.76601062 0.76503375 0.7640815  0.76318486 0.76225104
 0.76160978 0.76054482 0.75635682 0.75626265 0.75529444 0.75442937
 0.75358731 0.75276659 0.75184407 0.75077038 0.7499973  0.7481258
 0.74788695 0.74594911 0.74519244 0.74435124 0.74339107 0.7422853
 0.74147211 0.74054941 0.73967825 0.73897352 0.73808434 0.73714765
 0.73630386 0.73542392 0.73468194 0.73383735 0.73173584 0.73088821
 0.73011433 0.72913109 0.72926647 0.72844684 0.72754613 0.72681195
 0.72585879 0.72492031 0.72349742 0.72136032 0.72054242 0.71959631
 0.71885468 0.71803827 0.71695488 0.71602582 0.71528901 0.71461274
 0.71378347 0.71279777 0.71222044 0.71221567 0.71013562 0.70934716
 0.70838906 0.70782596 0.7071191  0.70610849 0.70518029 0.70461977
 0.70382844 0.70295028 0.70218144 0.70137777 0.7004436  0.69958094
 0.69906777 0.69866008 0.6980008  0.69741945 0.69668097 0.69574944
 0.69483128 0.69419633 0.69430032 0.69357665 0.69291364 0.69226796
 0.69149666 0.69073511 0.68997282 0.68913362 0.68823199 0.68741587
 0.68659217 0.68592617 0.68532698 0.68449261 0.68384079 0.68286248
 0.68202748 0.68135224 0.68054146 0.67967409 0.67901865 0.67812608
 0.6771821  0.67733934 0.67648115 0.6756939  0.67511691 0.67432501
 0.67354532 0.67294045 0.6720608  0.67110218 0.67033248 0.66961529
 0.66912577 0.6685458  0.66773691 0.66715051 0.6662669  0.6658141
 0.66511723 0.66428418 0.66357755 0.66314731 0.6624952  0.66178926
 0.66100545 0.66032212 0.65991966 0.65922514 0.65828133 0.65749556
 0.65702773 0.65428524 0.65372215 0.65291337 0.65255216 0.65188232
 0.65116887 0.65057472 0.64986701 0.63889912 0.63811353 0.6373894
 0.6364927  0.63657574 0.63587773 0.63523348 0.63438562 0.63380083
 0.63300675 0.63230592 0.6314751  0.63074047 0.6302595  0.62941284
 0.62844911 0.62762335 0.62695689 0.6266377  0.62586381 0.62506967
 0.6242726  0.62343805 0.62296052 0.62235415 0.62169654 0.62097304
 0.62094831 0.62026768 0.61981052 0.61935388 0.61886699 0.61823618
 0.61762418 0.61684892 0.61622712 0.61547314 0.61501736 0.61484548
 0.61438942 0.61349037 0.61267275 0.61023901 0.60933996 0.60831776
 0.59547705 0.59493244 0.59446139 0.59386369 0.59309479 0.59254679
 0.59205549 0.59174783 0.59109537 0.590233   0.58976046 0.58912867
 0.58874542 0.58588564 0.58526245 0.58467118 0.58399267 0.58332249
 0.58293804 0.58203371 0.58115584 0.58053001 0.57985547 0.57918689
 0.57874678 0.5780875  0.57747373 0.5767904  0.57613955 0.57544429
 0.5748067  0.57432297 0.57382071 0.57335793 0.5730218  0.57234433
 0.57180689 0.57079512 0.57045659 0.56982101 0.56913223 0.56842142
 0.56778853 0.56784862 0.56532467 0.56473408 0.56402378 0.56345288
 0.56284072 0.56221139 0.56148061 0.56094184 0.56025146 0.55955923
 0.55884779 0.55845743 0.55776423 0.55705709 0.5564482  0.5558859
 0.55535368 0.55469739 0.55411495 0.55343788 0.55086796 0.55044936
 0.54968512 0.54898957 0.54880042 0.54830383 0.54762975] [1.         0.9938728  0.97068908 0.95552456 0.9540105  0.95064512
 0.94986735 0.9479174  0.94701147 0.93566007 0.92459601 0.92436739
 0.92382854 0.9190901  0.91789446 0.91553086 0.91517938 0.91475084
 0.91331768 0.91174404 0.90454034 0.90278729 0.90226085 0.8994528
 0.89693013 0.8962954  0.89575035 0.89078516 0.89027067 0.88933043
 0.88864902 0.88820716 0.88744437 0.88685278 0.88656596 0.88483547
 0.88394979 0.88339993 0.88273506 0.87334623 0.87158992 0.86873941
 0.86705825 0.8666825  0.86608854 0.86440692 0.86383298 0.86307459
 0.86250317 0.86148655 0.86056527 0.85419097 0.85327564 0.85216866
 0.85163148 0.85012901 0.8447544  0.84414131 0.84183006 0.8400957
 0.83923167 0.83700916 0.83682338 0.83628086 0.83559672 0.83501336
 0.8346155  0.83416133 0.83267498 0.83112419 0.82811144 0.82762324
 0.82571828 0.81992218 0.81537002 0.81488388 0.81408843 0.81353657
 0.81306606 0.8125961  0.81211327 0.81084186 0.81004089 0.80764724
 0.80604589 0.80554425 0.8050432  0.80424014 0.80332048 0.79860905
 0.79783099 0.79705434 0.79660194 0.79600807 0.79555676 0.79509305
 0.7943213  0.79387174 0.79265384 0.79188639 0.79128615 0.79099272
 0.790674   0.79004996 0.78882993 0.78806912 0.78752467 0.78698089
 0.78653878 0.78608448 0.78532836 0.78457352 0.78321801 0.78275457
 0.77439463 0.76472645 0.76335647 0.7630206  0.76258912 0.76115373
 0.76043769 0.75930618 0.75896131 0.75831983 0.75689742 0.75274961
 0.7520462  0.75134384 0.75071261 0.75010554 0.7487192  0.74802174
 0.74662986 0.74593543 0.74524202 0.74454961 0.74384668 0.74315628
 0.74246688 0.74177846 0.73971911 0.73903462 0.73835109 0.73765717
 0.73697559 0.73629498 0.73561532 0.73493662 0.73427016 0.73225379
 0.73157978 0.73022338 0.72955218 0.72888192 0.72821257 0.72754415
 0.72687664 0.72621005 0.72554437 0.7248796  0.72420468 0.72354173
 0.72287969 0.72221854 0.72155828 0.72089892 0.71958285 0.71892615
 0.7182594  0.71760447 0.71629722 0.71564491 0.71499346 0.71434288
 0.71369316 0.7130443  0.71173837 0.71044665 0.70816219 0.7075206
 0.70687984 0.70623991 0.70560081 0.70496255 0.70432511 0.70368849
 0.7030527  0.70240715 0.70113969 0.70050718 0.69924458 0.6986145
 0.69798522 0.69735674 0.6967186  0.69609174 0.69546567 0.69484039
 0.6942159  0.69359221 0.6929693  0.69234718 0.69172584 0.69123967
 0.69076431 0.6903926  0.69002118 0.68940276 0.68878512 0.68815797
 0.68754188 0.68692656 0.68569821 0.68508518 0.68464631 0.68419764
 0.68358647 0.68297605 0.68236639 0.68175748 0.68113919 0.6805318
 0.67992515 0.67931924 0.67871408 0.67810965 0.67750597 0.67690303
 0.67630082 0.67568932 0.67508859 0.67448859 0.67388932 0.67329077
 0.67269295 0.67149948 0.67090383 0.67029899 0.66970478 0.66911129
 0.66851851 0.66792644 0.66733509 0.66674444 0.6661545  0.66556527
 0.66517284 0.66478072 0.66419312 0.66360623 0.66302003 0.66243453
 0.66184973 0.66126562 0.66089604 0.66052674 0.6599345  0.65935265
 0.6587715  0.65819103 0.65703214 0.65645372 0.65586636 0.65528931
 0.65471293 0.65184117 0.65126882 0.65068762 0.65034494 0.6500025
 0.6494228  0.64885327 0.6482844  0.6460155  0.64544049 0.64487557
 0.6443113  0.64301594 0.6424538  0.64189232 0.64133147 0.64077127
 0.64021172 0.6396528  0.63908522 0.63852759 0.63797059 0.63741423
 0.6368585  0.63630341 0.63574894 0.63519511 0.63464191 0.63408012
 0.63352818 0.63297687 0.63242618 0.63187611 0.63132666 0.63077783
 0.62968202 0.62912594 0.62857958 0.62803385 0.62768853 0.62734346
 0.62679004 0.62624631 0.62570319 0.62516068 0.62484449 0.62453753
 0.62400534 0.62346472 0.6229247  0.61968827 0.61915245 0.61861723
 0.61638462 0.61585245 0.61532088 0.61478104 0.61427715 0.61377378
 0.61345614 0.61314752 0.61261891 0.61209089 0.61156345 0.61103658
 0.60997583 0.60735591 0.60683365 0.60631194 0.60579081 0.60526157
 0.60474158 0.60422215 0.60370329 0.60318499 0.60266725 0.60215007
 0.60169369 0.60123775 0.60072212 0.60020704 0.59968395 0.59916999
 0.59865659 0.59820354 0.59774239 0.59744373 0.59714526 0.59663404
 0.59612336 0.59561323 0.59518854 0.59476423 0.59425555 0.59374742
 0.59323984 0.59222629 0.58975224 0.58924891 0.58874612 0.5882355
 0.58773378 0.5872326  0.58673195 0.58623183 0.58573224 0.58523318
 0.58473465 0.58423664 0.58373916 0.58323393 0.58273751 0.58224161
 0.58174624 0.58125138 0.58075705 0.57976994 0.57730304 0.57681285
 0.57632318 0.57603777 0.57574439 0.57525582 0.57450769]
[    0    60   490   951  1004  1126  1155  1229  1264  1734  2243  2254
  2280  2513  2573  2693  2711  2733  2807  2889  3274  3370  3399  3555
  3697  3733  3764  4050  4080  4135  4175  4201  4246  4281  4298  4401
  4454  4487  4527  5103  5213  5393  5500  5524  5562  5670  5707  5756
  5793  5859  5919  6339  6400  6474  6510  6611  6976  7018  7177  7297
  7357  7512  7525  7563  7611  7652  7680  7712  7817  7927  8142  8177
  8314  8735  9070  9106  9165  9206  9241  9276  9312  9407  9467  9647
  9768  9806  9844  9905  9975 10336 10396 10456 10491 10537 10572 10608
 10668 10703 10798 10858 10905 10928 10953 11002 11098 11158 11201 11244
 11279 11315 11375 11435 11543 11580 12254 13049 13163 13191 13227 13347
 13407 13502 13531 13585 13705 14057 14117 14177 14231 14283 14402 14462
 14582 14642 14702 14762 14823 14883 14943 15003 15183 15243 15303 15364
 15424 15484 15544 15604 15663 15842 15902 16023 16083 16143 16203 16263
 16323 16383 16443 16503 16564 16624 16684 16744 16804 16864 16984 17044
 17105 17165 17285 17345 17405 17465 17525 17585 17706 17826 18039 18099
 18159 18219 18279 18339 18399 18459 18519 18580 18700 18760 18880 18940
 19000 19060 19121 19181 19241 19301 19361 19421 19481 19541 19601 19648
 19694 19730 19766 19826 19886 19947 20007 20067 20187 20247 20290 20334
 20394 20454 20514 20574 20635 20695 20755 20815 20875 20935 20995 21055
 21115 21176 21236 21296 21356 21416 21476 21596 21656 21717 21777 21837
 21897 21957 22017 22077 22137 22197 22237 22277 22337 22397 22457 22517
 22577 22637 22675 22713 22774 22834 22894 22954 23074 23134 23195 23255
 23315 23615 23675 23736 23772 23808 23869 23929 23989 24229 24290 24350
 24410 24548 24608 24668 24728 24788 24848 24908 24969 25029 25089 25149
 25209 25269 25329 25389 25449 25510 25570 25630 25690 25750 25810 25870
 25990 26051 26111 26171 26209 26247 26308 26368 26428 26488 26523 26557
 26616 26676 26736 27097 27157 27217 27468 27528 27588 27649 27706 27763
 27799 27834 27894 27954 28014 28074 28195 28495 28555 28615 28675 28736
 28796 28856 28916 28976 29036 29096 29149 29202 29262 29322 29383 29443
 29503 29556 29610 29645 29680 29740 29800 29860 29910 29960 30020 30080
 30140 30260 30554 30614 30674 30735 30795 30855 30915 30975 31035 31095
 31155 31215 31275 31336 31396 31456 31516 31576 31636 31756 32057 32117
 32177 32212 32248 32308 32368 32428 32488 32548 32609 32669 32729 32789
 32849 32909 32969 33029 33089 33270 33330 33390 33510 33570 33630 33691] [1.00000000e+00 6.74730976e+05 5.51029580e+06 1.06944711e+07
 1.12904826e+07 1.26624335e+07 1.29885530e+07 1.38207200e+07
 1.42143125e+07 1.94996973e+07 2.52236566e+07 2.53473571e+07
 2.56397401e+07 2.82599415e+07 2.89346715e+07 3.02841314e+07
 3.04865504e+07 3.07339514e+07 3.15661184e+07 3.24882493e+07
 3.68177667e+07 3.78973346e+07 3.82234541e+07 3.99777521e+07
 4.15746130e+07 4.19794510e+07 4.23280615e+07 4.55442744e+07
 4.58816394e+07 4.65001418e+07 4.69499618e+07 4.72423448e+07
 4.77483923e+07 4.81419848e+07 4.83331583e+07 4.94914447e+07
 5.00874562e+07 5.04585577e+07 5.09083777e+07 5.73857854e+07
 5.86227904e+07 6.06469803e+07 6.18502488e+07 6.21201408e+07
 6.25474698e+07 6.37619837e+07 6.41780672e+07 6.47290967e+07
 6.51451802e+07 6.58873831e+07 6.65621131e+07 7.12852229e+07
 7.19711984e+07 7.28033654e+07 7.32082034e+07 7.43439988e+07
 7.84486062e+07 7.89209172e+07 8.07089516e+07 8.20584116e+07
 8.27331415e+07 8.44761940e+07 8.46223855e+07 8.50497144e+07
 8.55894984e+07 8.60505639e+07 8.63654379e+07 8.67252939e+07
 8.79060713e+07 8.91430763e+07 9.15608587e+07 9.19544512e+07
 9.34950846e+07 9.82294400e+07 1.01996682e+08 1.02401520e+08
 1.03065005e+08 1.03526070e+08 1.03919663e+08 1.04313255e+08
 1.04718093e+08 1.05786416e+08 1.06461146e+08 1.08485336e+08
 1.09846041e+08 1.10273370e+08 1.10700699e+08 1.11386674e+08
 1.12173859e+08 1.16233485e+08 1.16908215e+08 1.17582945e+08
 1.17976537e+08 1.18493830e+08 1.18887423e+08 1.19292261e+08
 1.19966991e+08 1.20360583e+08 1.21428906e+08 1.22103636e+08
 1.22632174e+08 1.22890821e+08 1.23171958e+08 1.23722988e+08
 1.24802556e+08 1.25477285e+08 1.25960842e+08 1.26444398e+08
 1.26837991e+08 1.27242829e+08 1.27917559e+08 1.28592289e+08
 1.29806803e+08 1.30222886e+08 1.37802353e+08 1.46742525e+08
 1.48024512e+08 1.48339386e+08 1.48744224e+08 1.50093684e+08
 1.50768414e+08 1.51836737e+08 1.52162856e+08 1.52770113e+08
 1.54119573e+08 1.58077989e+08 1.58752719e+08 1.59427449e+08
 1.60034706e+08 1.60619472e+08 1.61957686e+08 1.62632416e+08
 1.63981876e+08 1.64656606e+08 1.65331336e+08 1.66006066e+08
 1.66692042e+08 1.67366771e+08 1.68041501e+08 1.68716231e+08
 1.70740421e+08 1.71415151e+08 1.72089881e+08 1.72775857e+08
 1.73450587e+08 1.74125317e+08 1.74800047e+08 1.75474777e+08
 1.76138261e+08 1.78151206e+08 1.78825936e+08 1.80186641e+08
 1.80861371e+08 1.81536101e+08 1.82210831e+08 1.82885561e+08
 1.83560291e+08 1.84235021e+08 1.84909751e+08 1.85584481e+08
 1.86270456e+08 1.86945186e+08 1.87619916e+08 1.88294646e+08
 1.88969376e+08 1.89644106e+08 1.90993566e+08 1.91668296e+08
 1.92354272e+08 1.93029002e+08 1.94378462e+08 1.95053191e+08
 1.95727921e+08 1.96402651e+08 1.97077381e+08 1.97752111e+08
 1.99112817e+08 2.00462277e+08 2.02857568e+08 2.03532298e+08
 2.04207028e+08 2.04881758e+08 2.05556488e+08 2.06231218e+08
 2.06905948e+08 2.07580678e+08 2.08255408e+08 2.08941383e+08
 2.10290843e+08 2.10965573e+08 2.12315033e+08 2.12989763e+08
 2.13664493e+08 2.14339223e+08 2.15025199e+08 2.15699929e+08
 2.16374659e+08 2.17049389e+08 2.17724119e+08 2.18398849e+08
 2.19073579e+08 2.19748309e+08 2.20423039e+08 2.20951577e+08
 2.21468870e+08 2.21873708e+08 2.22278546e+08 2.22953276e+08
 2.23628006e+08 2.24313981e+08 2.24988711e+08 2.25663441e+08
 2.27012901e+08 2.27687631e+08 2.28171188e+08 2.28665990e+08
 2.29340720e+08 2.30015450e+08 2.30690180e+08 2.31364910e+08
 2.32050885e+08 2.32725615e+08 2.33400345e+08 2.34075075e+08
 2.34749805e+08 2.35424535e+08 2.36099265e+08 2.36773995e+08
 2.37448725e+08 2.38134700e+08 2.38809430e+08 2.39484160e+08
 2.40158890e+08 2.40833620e+08 2.41508350e+08 2.42857810e+08
 2.43532540e+08 2.44218516e+08 2.44893246e+08 2.45567976e+08
 2.46242706e+08 2.46917436e+08 2.47592166e+08 2.48266896e+08
 2.48941626e+08 2.49616356e+08 2.50066176e+08 2.50515995e+08
 2.51190725e+08 2.51865455e+08 2.52540185e+08 2.53214915e+08
 2.53889645e+08 2.54564375e+08 2.54991704e+08 2.55419033e+08
 2.56105009e+08 2.56779739e+08 2.57454469e+08 2.58129199e+08
 2.59478659e+08 2.60153389e+08 2.60839364e+08 2.61514094e+08
 2.62188824e+08 2.65562474e+08 2.66237204e+08 2.66923179e+08
 2.67328017e+08 2.67732855e+08 2.68418831e+08 2.69093561e+08
 2.69768291e+08 2.72467211e+08 2.73153186e+08 2.73827916e+08
 2.74502646e+08 2.76054525e+08 2.76729255e+08 2.77403985e+08
 2.78078715e+08 2.78753445e+08 2.79428175e+08 2.80102905e+08
 2.80788880e+08 2.81463610e+08 2.82138340e+08 2.82813070e+08
 2.83487800e+08 2.84162530e+08 2.84837260e+08 2.85511990e+08
 2.86186720e+08 2.86872696e+08 2.87547426e+08 2.88222156e+08
 2.88896886e+08 2.89571616e+08 2.90246346e+08 2.90921076e+08
 2.92270535e+08 2.92956511e+08 2.93631241e+08 2.94305971e+08
 2.94733300e+08 2.95160629e+08 2.95846604e+08 2.96521334e+08
 2.97196064e+08 2.97870794e+08 2.98264387e+08 2.98646734e+08
 2.99310218e+08 2.99984948e+08 3.00659678e+08 3.04719304e+08
 3.05394034e+08 3.06068763e+08 3.08891384e+08 3.09566114e+08
 3.10240844e+08 3.10926819e+08 3.11567813e+08 3.12208806e+08
 3.12613644e+08 3.13007237e+08 3.13681967e+08 3.14356697e+08
 3.15031427e+08 3.15706157e+08 3.17066862e+08 3.20440512e+08
 3.21115242e+08 3.21789972e+08 3.22464702e+08 3.23150677e+08
 3.23825407e+08 3.24500137e+08 3.25174867e+08 3.25849597e+08
 3.26524327e+08 3.27199057e+08 3.27795069e+08 3.28391080e+08
 3.29065810e+08 3.29740540e+08 3.30426516e+08 3.31101246e+08
 3.31775976e+08 3.32371987e+08 3.32979244e+08 3.33372837e+08
 3.33766429e+08 3.34441159e+08 3.35115889e+08 3.35790619e+08
 3.36352894e+08 3.36915169e+08 3.37589899e+08 3.38264629e+08
 3.38939359e+08 3.40288819e+08 3.43594996e+08 3.44269726e+08
 3.44944456e+08 3.45630431e+08 3.46305161e+08 3.46979891e+08
 3.47654621e+08 3.48329351e+08 3.49004081e+08 3.49678811e+08
 3.50353541e+08 3.51028271e+08 3.51703001e+08 3.52388976e+08
 3.53063706e+08 3.53738436e+08 3.54413166e+08 3.55087896e+08
 3.55762626e+08 3.57112086e+08 3.60496982e+08 3.61171712e+08
 3.61846441e+08 3.62240034e+08 3.62644872e+08 3.63319602e+08
 3.63994332e+08 3.64669062e+08 3.65343792e+08 3.66018522e+08
 3.66704497e+08 3.67379227e+08 3.68053957e+08 3.68728687e+08
 3.69403417e+08 3.70078147e+08 3.70752877e+08 3.71427607e+08
 3.72102337e+08 3.74137773e+08 3.74812503e+08 3.75487233e+08
 3.76836692e+08 3.77511422e+08 3.78186152e+08 3.78872128e+08] [1.         0.99893498 0.97696042 0.96253321 0.96142228 0.95812277
 0.95729787 0.95735537 0.95725931 0.94194779 0.95363935 0.95340744
 0.95268882 0.94940378 0.94879804 0.94566026 0.94526698 0.9451782
 0.94282142 0.93954229 0.93259798 0.92955948 0.92848614 0.92464719
 0.92086137 0.91996686 0.91897725 0.92235738 0.92140789 0.9206115
 0.9195722  0.91911142 0.91824026 0.91735395 0.91696233 0.9165671
 0.91601863 0.91550001 0.91445399 0.90137862 0.90205627 0.89833244
 0.89560085 0.89486714 0.89404298 0.89166439 0.89096672 0.89003989
 0.88915255 0.88922239 0.88913281 0.87965904 0.87861525 0.87669974
 0.87586674 0.875967   0.87416666 0.87332138 0.87277246 0.87043118
 0.86946739 0.86594356 0.86554752 0.86507108 0.86416222 0.86339401
 0.86262879 0.86197462 0.85950616 0.85905365 0.85420127 0.85325424
 0.85001311 0.8431496  0.83608047 0.83572099 0.83366131 0.83338097
 0.83228192 0.83183342 0.83100892 0.83116404 0.83090614 0.82690799
 0.82460097 0.82370192 0.82320149 0.82213234 0.8217612  0.82334553
 0.82230944 0.82132878 0.82049487 0.82015754 0.81939037 0.81873981
 0.81791622 0.81741631 0.81761574 0.81654062 0.81614114 0.81587548
 0.8153214  0.81442154 0.81256382 0.81159934 0.8107376  0.80992813
 0.8096479  0.80887935 0.80805714 0.80705663 0.80723109 0.80667253
 0.80560912 0.78293929 0.78078946 0.78024983 0.7799366  0.77763291
 0.77681782 0.77519074 0.77478511 0.77416687 0.77356624 0.77359034
 0.77268641 0.7717818  0.77103913 0.77001038 0.76975276 0.76912436
 0.76703019 0.76601062 0.76503375 0.7640815  0.76318486 0.76225104
 0.76160978 0.76054482 0.75635682 0.75626265 0.75529444 0.75442937
 0.75358731 0.75276659 0.75184407 0.75077038 0.7499973  0.7481258
 0.74788695 0.74594911 0.74519244 0.74435124 0.74339107 0.7422853
 0.74147211 0.74054941 0.73967825 0.73897352 0.73808434 0.73714765
 0.73630386 0.73542392 0.73468194 0.73383735 0.73173584 0.73088821
 0.73011433 0.72913109 0.72926647 0.72844684 0.72754613 0.72681195
 0.72585879 0.72492031 0.72349742 0.72136032 0.72054242 0.71959631
 0.71885468 0.71803827 0.71695488 0.71602582 0.71528901 0.71461274
 0.71378347 0.71279777 0.71222044 0.71221567 0.71013562 0.70934716
 0.70838906 0.70782596 0.7071191  0.70610849 0.70518029 0.70461977
 0.70382844 0.70295028 0.70218144 0.70137777 0.7004436  0.69958094
 0.69906777 0.69866008 0.6980008  0.69741945 0.69668097 0.69574944
 0.69483128 0.69419633 0.69430032 0.69357665 0.69291364 0.69226796
 0.69149666 0.69073511 0.68997282 0.68913362 0.68823199 0.68741587
 0.68659217 0.68592617 0.68532698 0.68449261 0.68384079 0.68286248
 0.68202748 0.68135224 0.68054146 0.67967409 0.67901865 0.67812608
 0.6771821  0.67733934 0.67648115 0.6756939  0.67511691 0.67432501
 0.67354532 0.67294045 0.6720608  0.67110218 0.67033248 0.66961529
 0.66912577 0.6685458  0.66773691 0.66715051 0.6662669  0.6658141
 0.66511723 0.66428418 0.66357755 0.66314731 0.6624952  0.66178926
 0.66100545 0.66032212 0.65991966 0.65922514 0.65828133 0.65749556
 0.65702773 0.65428524 0.65372215 0.65291337 0.65255216 0.65188232
 0.65116887 0.65057472 0.64986701 0.63889912 0.63811353 0.6373894
 0.6364927  0.63657574 0.63587773 0.63523348 0.63438562 0.63380083
 0.63300675 0.63230592 0.6314751  0.63074047 0.6302595  0.62941284
 0.62844911 0.62762335 0.62695689 0.6266377  0.62586381 0.62506967
 0.6242726  0.62343805 0.62296052 0.62235415 0.62169654 0.62097304
 0.62094831 0.62026768 0.61981052 0.61935388 0.61886699 0.61823618
 0.61762418 0.61684892 0.61622712 0.61547314 0.61501736 0.61484548
 0.61438942 0.61349037 0.61267275 0.61023901 0.60933996 0.60831776
 0.59547705 0.59493244 0.59446139 0.59386369 0.59309479 0.59254679
 0.59205549 0.59174783 0.59109537 0.590233   0.58976046 0.58912867
 0.58874542 0.58588564 0.58526245 0.58467118 0.58399267 0.58332249
 0.58293804 0.58203371 0.58115584 0.58053001 0.57985547 0.57918689
 0.57874678 0.5780875  0.57747373 0.5767904  0.57613955 0.57544429
 0.5748067  0.57432297 0.57382071 0.57335793 0.5730218  0.57234433
 0.57180689 0.57079512 0.57045659 0.56982101 0.56913223 0.56842142
 0.56778853 0.56784862 0.56532467 0.56473408 0.56402378 0.56345288
 0.56284072 0.56221139 0.56148061 0.56094184 0.56025146 0.55955923
 0.55884779 0.55845743 0.55776423 0.55705709 0.5564482  0.5558859
 0.55535368 0.55469739 0.55411495 0.55343788 0.55086796 0.55044936
 0.54968512 0.54898957 0.54880042 0.54830383 0.54762975 0.54706585
 0.54646447 0.54577695 0.54526051 0.54467498 0.54399114 0.54340388
 0.5428693  0.54215562 0.54173152 0.54122575 0.5404778  0.54021255
 0.5400055  0.53899018 0.53701773 0.53664625 0.53582697 0.53530353] [1.         0.99853714 0.98794429 0.97759976 0.97645087 0.97383109
 0.97321314 0.97164409 0.97090574 0.96119513 0.95103208 0.95081588
 0.95030541 0.94576336 0.94460287 0.94229262 0.94194729 0.94152564
 0.94011074 0.93854882 0.93129524 0.92950612 0.92896713 0.92607926
 0.92346707 0.92280727 0.92223989 0.91703876 0.91649661 0.91550432
 0.91478399 0.91431637 0.91350814 0.91288049 0.91257593 0.91073486
 0.90979031 0.90920314 0.90849239 0.89837197 0.89646282 0.89335449
 0.89151588 0.89110441 0.89045359 0.88860847 0.88797789 0.88714401
 0.88651525 0.8853956  0.88437986 0.87732554 0.87630897 0.87507843
 0.87448084 0.87280793 0.86680664 0.86612048 0.86353096 0.86158501
 0.86061472 0.85811638 0.85790737 0.85729692 0.85652682 0.85586992
 0.85542176 0.85491006 0.85323448 0.85148477 0.84808144 0.84752946
 0.84537436 0.83880578 0.83363615 0.83308358 0.8321792  0.83155163
 0.83101648 0.83048187 0.82993254 0.82848563 0.82757381 0.82484762
 0.82302279 0.82245099 0.8218798  0.82096416 0.81991535 0.81453893
 0.81365057 0.81276367 0.81224699 0.81156869 0.81105317 0.81052344
 0.80964172 0.80912805 0.80773631 0.80685917 0.80617309 0.80583767
 0.80547332 0.80475992 0.803365   0.80249502 0.80187241 0.80125053
 0.80074488 0.80022529 0.79936042 0.79849696 0.79694625 0.79641602
 0.78684889 0.77578216 0.77421411 0.77382969 0.77333585 0.77169305
 0.77087358 0.76957869 0.76918404 0.76844998 0.76682239 0.76207718
 0.76127262 0.7604693  0.75974737 0.75905313 0.75746785 0.75667038
 0.7550791  0.75428529 0.75349269 0.75270131 0.75189797 0.75110901
 0.75032125 0.7495347  0.74718219 0.7464004  0.74561979 0.74482739
 0.74404916 0.74327211 0.74249623 0.74172152 0.74096086 0.73865998
 0.73789104 0.73634385 0.73557838 0.73481406 0.73405088 0.73328884
 0.73252794 0.73176817 0.73100954 0.73025204 0.72948306 0.72872783
 0.72797372 0.72722072 0.72646885 0.72571809 0.72421989 0.72347246
 0.7227137  0.72196849 0.72048136 0.71973944 0.71899861 0.71825887
 0.71752022 0.71678265 0.71529851 0.71383096 0.71123662 0.71050824
 0.70978092 0.70905467 0.70832947 0.70760533 0.70688223 0.70616019
 0.7054392  0.70470726 0.70327052 0.70255372 0.70112321 0.7004095
 0.69969683 0.69898518 0.69826272 0.69755314 0.69684458 0.69613703
 0.69543051 0.69472499 0.69402049 0.693317   0.69261452 0.69206495
 0.69152766 0.69110759 0.69068788 0.68998916 0.68929143 0.6885831
 0.68788739 0.68719266 0.68580618 0.68511441 0.68461925 0.6841131
 0.68342374 0.68273537 0.68204796 0.68136153 0.68066466 0.67998019
 0.67929669 0.67861415 0.67793258 0.67725197 0.67657232 0.67589363
 0.67521589 0.67452784 0.67385202 0.67317716 0.67250325 0.67183028
 0.67115825 0.66981703 0.66914783 0.66846844 0.66780112 0.66713474
 0.66646929 0.66580477 0.66514117 0.66447851 0.66381676 0.66315594
 0.6627159  0.66227627 0.66161759 0.66095983 0.66030298 0.65964704
 0.65899201 0.65833789 0.65792408 0.65751064 0.65684771 0.65619656
 0.65554631 0.65489696 0.65360094 0.65295428 0.65229775 0.65165288
 0.6510089  0.64780225 0.64716356 0.64651512 0.64613286 0.64575092
 0.64510445 0.64446945 0.64383533 0.64130748 0.64066719 0.64003825
 0.63941017 0.63796884 0.63734358 0.63671917 0.6360956  0.63547289
 0.63485101 0.63422999 0.63359947 0.63298014 0.63236164 0.63174398
 0.63112716 0.63051117 0.62989601 0.62928168 0.62866818 0.62804531
 0.62743347 0.62682247 0.62621228 0.62560291 0.62499437 0.62438664
 0.62317363 0.62255826 0.6219538  0.62135015 0.62096826 0.62058669
 0.61997485 0.61937385 0.61877365 0.61817425 0.61782498 0.61748594
 0.61689822 0.61630132 0.61570522 0.61213541 0.61154486 0.61095509
 0.60849633 0.6079106  0.60732564 0.60673173 0.60617748 0.60562393
 0.60527467 0.60493538 0.60435435 0.60377409 0.60319459 0.60261586
 0.60145105 0.59857641 0.59800374 0.59743182 0.59686066 0.59628074
 0.59571108 0.59514216 0.59457399 0.59400656 0.59343987 0.59287392
 0.59237462 0.59187588 0.59131198 0.5907488  0.59017699 0.5896153
 0.58905433 0.58855942 0.58805575 0.58772961 0.58740372 0.58684563
 0.58628826 0.58573161 0.58526829 0.58480547 0.58425075 0.58369674
 0.58314345 0.58203901 0.57934518 0.5787975  0.57825053 0.57769517
 0.57714962 0.57660477 0.57606063 0.57551718 0.57497443 0.57443237
 0.57389101 0.57335035 0.57281037 0.57226211 0.57172353 0.57118564
 0.57064844 0.57011192 0.56957609 0.56850649 0.56583553 0.56530515
 0.56477544 0.56446676 0.5641495  0.56362126 0.5630937  0.5625668
 0.56204057 0.56151501 0.56098138 0.56045716 0.55993361 0.55941072
 0.55888849 0.55836692 0.557846   0.55732575 0.55680616 0.55524268
 0.55472571 0.55420939 0.5531787  0.55266433 0.5521506  0.55162898]
