1.0 1.0080090881331816
967113.9652356402 1.0055575119651823
1090814.460789036 1.0052445185193444
2181627.921578072 1.0024901683589396
3542333.372665426 0.9990685972386011
6466163.267563874 0.9917697172554949
6927228.750990167 0.9906253392088479
20455564.76469337 0.9578327359627352
21130294.74043916 0.9562362967212732
26134542.06055381 0.9445094965737795
28586060.972430203 0.9388369854016201
28777234.46555818 0.938396614871915
29227054.44938871 0.9373615756980278
31262489.876221858 0.9326977322161789
32611949.82771345 0.9296234008264784
36671575.18178398 0.9204592567611269
39370495.08476717 0.9144362774567745
40731200.53585452 0.9114205544104467
42080660.48734611 0.9084434827644813
44790825.889925055 0.9025055766884045
47613446.28846163 0.8963790948459347
48737996.248037964 0.8939545734229223
49187816.23186849 0.8929873537757814
51054569.164765194 0.8889891398747094
52808867.10170426 0.8852548083348876
54833057.028941646 0.8809735114383512
59567412.35875798 0.8710741746738392
66033574.62632185 0.8578082220319114
66708304.60206765 0.8564406548111262
73185712.36922729 0.8434701839578285
75209902.29646467 0.8394750608792085
75884632.27221046 0.8381494428514111
76570607.74755202 0.8368048406273827
77245337.72329782 0.8354853324888583
79269527.65053521 0.8315448959238648
79865539.12911066 0.830389807553124
80326604.61253695 0.8294978506906829
81563609.56807092 0.8271116823908193
82913069.5195625 0.8245199935884854
84273774.97064985 0.8219187025480148
84948504.94639565 0.8206332562646137
87647424.84937884 0.8155208169647481
89008130.3004662 0.8129610039153463
90357590.25195777 0.8104339990374863
91707050.20344937 0.8079185453084243
92381780.17919517 0.806665133614858
93056510.15494096 0.8054145899269016
95406819.57045548 0.8010808306286121
96767525.02154283 0.7985875727374574
97442254.99728863 0.7973555117954547
98116984.97303443 0.7961262700051411
99466444.92452602 0.7936762180916687
100141174.90027182 0.7924553951114203
101209497.36186932 0.7905281358178219
101603089.84772104 0.7898198531699943
102289065.3230626 0.7885876776967842
103638525.2745542 0.7861720853137404
104313255.25029999 0.7849684329846135
106337445.17753737 0.7813739756934788
106787265.1613679 0.780578556499465
107225839.64560267 0.7798041914880527
107900569.62134846 0.7786151099143344
109913514.04899009 0.775083825290013
110588244.02473588 0.7739055446660581
111262974.00048168 0.7727299601358577
112612433.95197327 0.7703868546944697
113287163.92771906 0.769219321487413
113961893.90346485 0.7680544597823092
114422959.38689116 0.7672600042899655
114872779.37072168 0.7664861233248423
116908214.79755484 0.7629990478730395
118943650.22438799 0.7595359868648155
119618380.20013377 0.7583932821717767
120293110.17587957 0.7572531921690959
122036162.61322288 0.7543200194159354
122441000.59867035 0.7536412467609876
123565550.55824669 0.7517606549380423
124004125.04248145 0.7510291680739971
125353584.99397303 0.7487852587522286
126714290.44506039 0.746533035719475
127265319.9252528 0.745623934211555
127535211.91555111 0.7451792801363857
127940049.90099859 0.7445130625110237
128614779.87674439 0.7434047326618927
129289509.85249019 0.7422989388480012
129964239.82823597 0.7411956752664968
130638969.80398177 0.7400949361278045
131313699.77972756 0.7389967156555972
132674405.23081492 0.7367896088729313
134023865.18230651 0.7346107897568019
135373325.1337981 0.7324419302034872
137408760.56063125 0.7291893069068505
138758220.51212284 0.7270452294011112
139432950.48786864 0.725976868736569
139882770.47169918 0.7252659867387423
140332590.4555297 0.7245561895623842
140996074.93167973 0.7235112153659016
141670804.90742552 0.7224509410884015
142345534.88317132 0.7213930928873382
143020264.85891712 0.7203376652114626
143694994.8346629 0.7192846525222274
144380970.31000447 0.718216559622021
145730430.26149607 0.7161226394538165
148429350.16447926 0.7119634698134228
149104080.14022505 0.7109296186171753
149598882.1224386 0.710172964859808
150757168.58080223 0.708406669817881
151274461.56220734 0.7076200799799193
151803000.0432082 0.7068178159271992
152477730.018954 0.7057957388066892
153152459.9946998 0.7047760003614367
153838435.47004136 0.7037416582261746
154513165.44578716 0.7027266198444828
157212085.34877035 0.6986896389294162
158572790.7998577 0.6966683109838999
159247520.7756035 0.6956694575474047
159922250.7513493 0.6946728896466785
160596980.7270951 0.6936786020520513
161260465.20324513 0.6927031044727232
161923949.67939517 0.691729801827563
162598679.65514094 0.6907422484866677
163273409.63088673 0.6897569548251226
163948139.60663253 0.6887739156724213
165308845.0577199 0.6867982901614602
165983575.03346568 0.6858220209047922
166658305.00921148 0.6848479855076923
168007764.96070307 0.682906595858187
169357224.91219467 0.6809740804617205
170043200.38753623 0.6799951075637145
170717930.36328202 0.6790344050725021
171392660.33902782 0.6780759008216188
172067390.31477362 0.677119589781141
172742120.29051942 0.6761654669326534
173405604.76666945 0.6752293750673715
173900406.74888304 0.6745326440226553
174417699.73028815 0.6738054937574345
175092429.70603392 0.6728589540885481
175778405.1813755 0.671898859010458
176284452.66318482 0.6711920239678244
176790500.14499417 0.6704864022858443
177476475.62033573 0.6695318263584874
178825935.57182732 0.6676604481422397
179500665.54757312 0.6667279693165589
180175395.52331892 0.6657976241509649
180850125.4990647 0.6648694077633036
181536100.97440627 0.6639278983744317
182210830.95015207 0.6630039602171736
182885560.92589787 0.6620821361775926
183425344.9064945 0.6613461958595248
183976374.3866869 0.6605963133020689
184651104.3624327 0.6596799983421413
185325834.3381785 0.6587657800568009
186000564.31392428 0.6578536536485222
186686539.78926584 0.6569284646638758
187361269.76501164 0.6560205423258804
188035999.74075744 0.6551146974588161
188710729.71650323 0.6542109253090989
189385459.69224903 0.6533092211340212
190060189.66799483 0.6524095802017275
190746165.1433364 0.6514970554977605
191353422.1215076 0.6506910182459897
191960679.0996788 0.6498866410917477
193321384.55076617 0.6480902504258383
193996114.52651197 0.6472025513298495
194670844.50225776 0.6463168834307931
195064436.98810947 0.6458011799923643
195458029.4739612 0.6452861652225299
196144004.94930276 0.6443902113689699
196818734.92504853 0.6435109785517187
197493464.90079433 0.6426337575592054
198168194.87654012 0.6417585437880546
198842924.85228592 0.6408853326454241
199517654.82803172 0.6400141195489808
200192384.80377752 0.639144899926877
200867114.7795233 0.6382776692177254
201553090.25486487 0.6373980188842063
202902550.20635647 0.6356735269659775
203577280.18210226 0.6348142393111121
204252010.15784806 0.633956917843276
204926740.13359386 0.6331015580635202
205601470.10933965 0.6322481554831898
207636905.5361728 0.6296855366855189
208052989.02121603 0.6291638629464943
208480318.00585505 0.6286288564526313
209155047.98160085 0.6277856881260389
209829777.95734665 0.6269444491028849
210515753.4326882 0.6260911626826995
211190483.408434 0.6252538010036792
211865213.38417977 0.624418355341563
212337524.36720183 0.623834681060023
212539943.35992557 0.6235848213121991
212933535.8457773 0.6230994741911751
213619511.32111886 0.6222551321472849
214294241.29686466 0.621426547917167
214968971.27261046 0.620599859619752
215643701.24835625 0.6197750629168437
216318431.22410202 0.6189521534801727
216993161.19984782 0.6181311269913733
217667891.1755936 0.6173119791419606
218342621.1513394 0.6164947056333087
219028596.62668097 0.6156657279381283
219703326.60242677 0.6148522213144604
220378056.57817256 0.6140405761235299
221052786.55391836 0.6132307881060827
222402246.50540996 0.6116167666033254
223088221.9807515 0.6107991362181355
223762951.9564973 0.6099967651315175
224437681.9322431 0.6091962299977544
225112411.9079889 0.6083975266158936
226461871.8594805 0.6068055983521097
227136601.8352263 0.6060123651162557
227811331.8109721 0.6052209469243984
228497307.28631365 0.6044181948204036
229172037.26205945 0.6036304243441171
229846767.23780525 0.6028444564121634
230521497.213551 0.6020602869000342
231196227.1892968 0.6012779116926582
231870957.1650426 0.6004973266843804
232545687.1407884 0.5997185277789402
233231662.61612996 0.5989285756823578
233906392.59187576 0.598153366329095
234581122.56762156 0.5973799307783145
235255852.54336736 0.5966082649712742
236605312.49485895 0.5950702263998568
237010150.48030642 0.5946101872413683
237403742.96615815 0.5941635327468187
238078472.94190395 0.593399226570811
238753202.91764975 0.5926366692490797
239427932.89339554 0.5918758567799676
240113908.3687371 0.5911041487037454
240788638.3444829 0.5903468428857546
241463368.32022867 0.5895912699041057
242138098.29597446 0.5888374257937934
242812828.27172026 0.5880853065988845
243487558.24746606 0.5873349083724979
244173533.72280762 0.586573763681532
244848263.6985534 0.5858268241061124
245522993.6742992 0.5850815936474205
246197723.650045 0.5843380683947252
246872453.6257908 0.5835962444462435
247547183.6015366 0.5828561179091201
248019494.58455867 0.582339037212681
248491805.56758073 0.581822785014886
249166535.5433265 0.5810867164354343
249841265.5190723 0.5803523320981399
250515995.4948181 0.5796196281491885
251865455.4463097 0.5781592460451281
252551430.92165124 0.5774194462467812
253226160.89739704 0.5766934532078342
253900890.87314284 0.5759691213566029
254575620.84888864 0.5752464468920253
255250350.82463443 0.5745254260217368
255835116.8036141 0.573901875916754
256419882.78259382 0.5732795625449315
257094612.7583396 0.5725630422193321
257769342.7340854 0.5718481614063714
258455318.20942697 0.5711230427742573
259130048.18517277 0.570411456909403
259804778.16091856 0.5697014992663553
260479508.13666436 0.5689931661194833
261154238.11241016 0.568286453751681
261828968.08815596 0.5675813584543478
262503698.06390172 0.5668778765273688
263189673.53924328 0.5661643200248581
263864403.51498908 0.5654640805075244
264539133.49073488 0.5647654432497466
265213863.46648067 0.5640684045852999
265888593.44222647 0.563372960856348
266563323.41797227 0.5626791084134246
267924028.86905962 0.561284664882548
268598758.8448054 0.5605955907934551
269273488.8205512 0.55990809341564
269948218.796297 0.5592221691413359
270622948.7720428 0.5585378143710318
271297678.7477886 0.5578550255134521
271983654.22313017 0.5571624584261072
272658384.19887596 0.5564828166020087
273333114.17462176 0.5558047299066631
274007844.15036756 0.5551281947816882
274682574.12611336 0.5544532076768439
275357304.10185915 0.5537797650500134
276032034.07760495 0.5531078633671851
276718009.5529465 0.5524263393699892
277392739.5286923 0.5517575345407025
278067469.5044381 0.5510902600433984
278742199.4801839 0.550424512376434
279135791.9660356 0.5500368632798083
279540629.9514831 0.5496386785500508
280215359.92722887 0.5489762523327639
280890089.90297467 0.5483153418521791
281564819.87872046 0.5476559436400499
282239549.85446626 0.5469980542360648
283600255.3055536 0.5456758860535131
284274985.2812994 0.5450225273366874
284949715.2570452 0.5443706636086787
285624445.232791 0.5437202914487143
286299175.2085368 0.543071407443849
286973905.1842826 0.5424240081889469
287648635.1600284 0.5417780902866635
288334610.63536996 0.5411229221841346
289009340.61111575 0.540479981373879
289684070.58686155 0.5398385117146105
291708260.51409894 0.5379228960189455
292394235.9894405 0.5372766960654978
293743695.9409321 0.5360098670144334
294418425.9166779 0.5353786256888593
295093155.8924236 0.5347488287439881
295767885.8681694 0.5341204728748462
296442615.8439152 0.5334935547840232
297117345.819661 0.5328680711816531
297803321.2950026 0.5322336300189617
298478051.2707484 0.5316110293251461
299827511.22224 0.5303700985064642
300221103.7080917 0.530009230005001
300614696.19394344 0.5296488434060908
301300671.669285 0.5290218909748647
301975401.6450308 0.5284066392515767
302650131.6207766 0.5277927953222343
303324861.5965224 0.527180355965581
303999591.5722682 0.5265693179677304
304674321.5480139 0.5259596781221505
305360297.0233555 0.525341307614935
306035026.9991013 0.5247344776526508
306709756.9748471 0.5241290362139817
307384486.9505929 0.5235249801217644
308733946.90208447 0.522321011304365
309408676.87783027 0.5217210922611395
310094652.3531718 0.5211125817680384
310769382.3289176 0.5205154278040813
311444112.3046634 0.519919640223514
312118842.2804092 0.5193252158998332
312793572.256155 0.5187321517136902
313468302.2319008 0.5181404445528738
314154277.70724237 0.5175402635446769
314829007.68298817 0.5169512836138458
316178467.63447976 0.5157773637081764
316853197.61022556 0.5151924175729817
317527927.58597136 0.5146088098877197
318202657.56171715 0.5140265375898041
318877387.53746295 0.5134455976236554
319552117.51320875 0.5128659869406867
320238092.9885503 0.5122780756441836
320912822.9642961 0.5117011364374773
321587552.9400419 0.5111255173595759
322262282.9157877 0.5105512153898146
322937012.8915335 0.5099782275144401
323611742.8672793 0.5094065507265951
324286472.8430251 0.5088361820263025
325366040.80421835 0.5079263054596987
326434363.26581585 0.5070291838041391
327109093.24156165 0.5064642548980534
327795068.7169032 0.5058912356363865
328469798.692649 0.5053289105369712
329144528.6683948 0.5047678721269555
329819258.6441406 0.5042081174621892
330493988.6198864 0.5036496436052587
331168718.5956322 0.5030924476254716
331843448.571378 0.5025365265988413
332416969.05076194 0.5020649939789004
333766429.00225353 0.5009591205373005
334441158.97799927 0.5004080809028635
335115888.95374507 0.4998583021348846
335790618.92949086 0.49930978134830045
337151324.3805782 0.4982074125806981
337826054.356324 0.4976626692923825
338500784.3320698 0.4971191724634822
339175514.3078156 0.4965769192418994
339850244.2835614 0.49603590678206266
340536219.75890297 0.49548714647444025
341210949.73464876 0.4949486275882842
341885679.71039456 0.49441134091911965
342560409.68614036 0.49387528364743816
343235139.66188616 0.49334045296018214
343909869.63763195 0.49280684605073133
344584599.61337775 0.492274460118887
345259329.58912355 0.4917432923708579
345945305.0644651 0.49120451776131296
346620035.0402109 0.4906757982118281
347294765.0159567 0.4901482884568915
347969494.9917025 0.48962198572830073
348644224.9674483 0.48909688726418726
349318954.9431941 0.48857299030900203
350679660.39428145 0.48752010834907716
351354390.37002724 0.4869998193152132
352029120.34577304 0.486480720785535
352703850.32151884 0.4859628100359794
353176161.3045409 0.4856009777848154
353637226.7879672 0.4852483198033278
354311956.763713 0.48473322898352744
354986686.7394588 0.4842193167735709
355672662.21480036 0.4836980448189257
356347392.19054615 0.4831865012752312
357022122.1662919 0.4826761282246481
357696852.1420377 0.48216692298890146
358371582.1177835 0.48165888289584496
359721042.0692751 0.4806462874797744
361081747.52036244 0.47962994038552687
361756477.49610823 0.47912770531278026
362431207.47185403 0.4786266194338805
363105937.4475998 0.4781266801192892
363780667.4233456 0.4776278847454845
364455397.3990914 0.4771302306949477
365141372.874433 0.4766254497330739
365816102.8501788 0.4761300894135223
366490832.8259246 0.47563586255728724
368515022.75316197 0.47415995686269397
369189752.72890776 0.4736702379835557
369864482.70465356 0.47318163965921956
370550458.1799951 0.4726860441107412
371899918.1314867 0.4717144642846507
372574648.1072325 0.47123034108207085
373249378.0829783 0.47074732563049404
373924108.0587241 0.47026541539520944
374598838.0344699 0.46978460784730613
375273568.0102157 0.4693049004636598
375959543.48555726 0.46881832318317007
377309003.43704885 0.4678644230300929
377983733.41279465 0.4673891093351726
378658463.38854045 0.46691488323369856
379333193.36428624 0.46644174223708357
380019168.8396278 0.4659618253809552
380693898.8153736 0.46549086513251897
381368628.7911194 0.46502098251615
382043358.7668652 0.4645521750660543
382718088.742611 0.4640844403220803
383392818.7183568 0.4636177758297054
384067548.6941026 0.46315217914002366
384742278.6698483 0.4626876478097323
386777714.0966815 0.4612927414120379
387452444.0724273 0.4608324647714561
388127174.04817307 0.46037324131714497
388801904.02391887 0.45991506863924647
389476633.99966466 0.4594579443334169
390151363.97541046 0.45900186600081383
390837339.450752 0.4585392561633721
391512069.4264978 0.458085279935639
392186799.4022436 0.45763234247782847
392861529.3779894 0.4571804414130693
393536259.3537352 0.4567295743699291
394210989.329481 0.4562797389824018
394885719.3052268 0.45583093288989507
395571694.78056836 0.45537569943841205
396246424.75631416 0.45492896193238536
396921154.73205996 0.4544832466329328
397595884.70780575 0.45403855120108305
398270614.68355155 0.45359487330321635
398945344.65929735 0.45315221061105304
399620074.63504314 0.4527105608016406
400306050.1103847 0.4522625861184927
400980780.0861305 0.4518229719116265
401655510.0618763 0.4513843636120915
402330240.0376221 0.4509467589182112
403004970.0133679 0.4505101555335761
403679699.9891137 0.4500745511670312
404365675.46445525 0.44963270850363135
405040405.44020104 0.44919911187565853
405715135.41594684 0.4487665073858377
406389865.39169264 0.4483348927639987
407064595.36743844 0.44790426574516595
407739325.34318423 0.44747462406954636
408414055.31893003 0.44704596548251774
409100030.7942716 0.4466111680692499
409774760.7700174 0.446184485207089
410449490.7457632 0.4457587786632826
410865574.2308064 0.44549674532401895
411281657.71584964 0.4452350818843919
411686495.7012971 0.4449808449717432
412080088.1871488 0.444734004985147
412754818.1628946 0.4443116173711339
413440793.63823617 0.4438831807375828
413834386.1240879 0.44363780656802176
414227978.60993963 0.44339276007028094
414902708.58568543 0.44297344143827855
415577438.5614312 0.44255508227409907
416263414.0367728 0.4421307317818738
416938144.0125186 0.44171430087162256
417612873.9882644 0.4412988228216267
418287603.9640102 0.44088429545159036
418681196.4498619 0.44064292598310423
421683744.8419306 0.4388121987835807
422358474.8176764 0.4384033612054352
423044450.293018 0.43798866865802444
426238172.1782148 0.43607063376610466
426912902.1539606 0.4356680693254201
427587632.1297064 0.43526642601630006
428262362.1054522 0.43486570173104855
428937092.081198 0.43446589436679267
429623067.55653954 0.434060361355104
430297797.53228533 0.43366239673791007
430972527.50803113 0.43326534272715167
431647257.4837769 0.43286919723921624
432321987.4595227 0.4324739581952588
432996717.4352685 0.4320796235211911
433671447.41101426 0.4316861911476709
434357422.8863559 0.4312871244230585
435032152.8621016 0.43089550541371124
435706882.8378474 0.43050478249103785
436381612.8135932 0.43011495360464935
437056342.789339 0.4297260167088484
437731072.7650848 0.4293379697626184
438405802.7408306 0.42895081072961294
439080532.7165764 0.4285645375781453
439766508.19191796 0.4281727326029149
440441238.16766375 0.4277882398181402
441115968.14340955 0.42740462681410263
441790698.11915535 0.42702189157772363
442465428.09490114 0.4266400321005309
443140158.07064694 0.426259046378648
443826133.5459885 0.42587260455436315
444500863.5217343 0.42549337482894867
445175593.4974801 0.42511501284155295
445850323.4732259 0.4247375166066534
446525053.4489717 0.42436088414327017
447211028.92431325 0.4239788579205672
447885758.90005904 0.4236039613891037
448560488.87580484 0.42322992268062115
449235218.85155064 0.4228567398322838
449909948.82729644 0.4224844108857474
450584678.80304223 0.4221129338871485
451270654.2783838 0.42173613696072054
451945384.2541296 0.42136637213205386
452620114.2298754 0.4209974533842147
453294844.2056212 0.42062937878123524
458703929.5111833 0.4177089241476679
459378659.4869291 0.4173483742234081
460053389.4626749 0.4169886492948066
460739364.9380165 0.41662377273995177
461414094.9137623 0.41626570581496547
462088824.88950807 0.4159084582041396
462763554.86525387 0.41555202803275293
463438284.8409996 0.4151964134303738
464113014.8167454 0.4148416125308504
464787744.7924912 0.4144876234723009
465462474.768237 0.4141344443971039
466148450.24357855 0.4137762074389213
466823180.21932435 0.4134246561969295
467497910.19507015 0.4130739093601775
468172640.17081594 0.41272396508805814
468847370.14656174 0.41237482154417565
469522100.12230754 0.4120264768963362
470208075.5976491 0.41167314359942
475347268.9129129 0.40905205438149106
476021998.8886587 0.40871131275420003
476696728.8644045 0.4083713507980286
477371458.8401503 0.40803216672896514
478046188.8158961 0.4076937587670799
478720918.7916419 0.4073561251365161
479395648.7673877 0.4070192640654804
480081624.24272925 0.4066775788018484
480756354.21847504 0.40634227035291137
481431084.19422084 0.40600772914311634
482105814.16996664 0.4056739534168981
482780544.14571244 0.40534094142270827
483455274.12145823 0.4050086914130062
484141249.5967998 0.4046716832457884
484815979.5725456 0.40434096460540064
485490709.5482914 0.4040110027019419
486165439.5240372 0.40368179580387753
486840169.499783 0.40335334218363494
487514899.4755288 0.4030256401175946
