1.0 1.0141802993746367
472311.98302205687 1.0102118299374387
697221.974937322 1.0083522080476301
910886.4672568239 1.0066032734785055
1394442.949874644 1.0027078043029292
2069172.9256204395 0.9974139131453845
2743902.901366235 0.9922796429351193
3216213.8843882917 0.9887775315182922
3587315.3710484793 0.9860775065087404
4475709.839113777 0.9797926908681439
5150439.814859572 0.9751822089378489
5791433.291818078 0.9709273145511472
6331217.272414714 0.9674356268867937
8355407.199652101 0.9550441010564598
8748999.685503814 0.9527566775516773
9153837.670951292 0.950443268150763
10267142.130931854 0.9442802571473183
11256746.095359022 0.9390360301421216
11931476.071104817 0.9355804850542393
13955665.998342203 0.9257603782972077
14630395.974087998 0.9226583968073738
15316371.449429557 0.9195873161314816
15991101.425175354 0.9166448926964246
17340561.376666944 0.9109819391935411
18015291.352412738 0.908256132615878
18498847.83503056 0.9063440478687483
18982404.31764838 0.9044655287970996
19657134.293394174 0.9018987989415802
20331864.26913997 0.8993934574703015
21017839.74448153 0.8969070268900313
21692569.720227323 0.8945188828774617
23716759.64746471 0.8876766528034982
24391489.62321051 0.8854969938685813
25066219.5989563 0.8833648898431469
25740949.5747021 0.8812786456451217
26426925.050043657 0.8792029597836181
27045427.527810637 0.8773692568410238
27630193.506790325 0.8756674577067242
28124995.489003908 0.8742509545907451
28642288.470409017 0.8727924312591637
29328263.945750576 0.8708925123666634
30002993.921496373 0.8690605384889887
30677723.89724217 0.867263758827742
32701913.824479554 0.8620723486253531
33376643.80022535 0.8604043290735522
34051373.775971144 0.8587657095711717
34737349.2513127 0.8571288514096546
35412079.2270585 0.8555464103831462
36086809.2028043 0.8539903580451511
36761539.178550094 0.8524597680452559
37436269.154295884 0.8509537476673708
38122244.62963744 0.849446927529085
38796974.60538324 0.8479878712029113
39471704.58112904 0.8465508830852245
40146434.556874834 0.8451351936836335
41147284.02089776 0.8430729036262166
42496743.972389355 0.8403598383395688
43171473.948135145 0.8390308986877983
44532179.3992225 0.836403629173072
45206909.3749683 0.8351258120587425
45881639.350714095 0.8338637841289859
46556369.32645989 0.8326170037821866
47231099.30220568 0.8313849490676293
47905829.27795148 0.8301671169713094
48580559.253697276 0.828963022727703
49266534.729038835 0.8277524619417349
49941264.70478463 0.8265746687622565
50615994.68053042 0.8254092550204862
51290724.65627622 0.8242558028067232
51965454.632022016 0.8231139093667537
52640184.60776781 0.8219831865510504
53314914.58351361 0.8208632602839907
53989644.5592594 0.8197537700523674
54675620.03460096 0.8186361286003349
55350350.010346755 0.817546640498248
56025079.98609255 0.8164665781481455
56699809.96183835 0.8153956307246846
57340803.438796856 0.8143864004041942
57970551.41615959 0.8134023836291124
58656526.89150115 0.8123387085159348
59331256.86724695 0.8113005455320719
60005986.842992745 0.8102701297553111
60680716.81873854 0.8092472111713869
62030176.77023013 0.8072229104645006
62716152.24557169 0.8062044313471137
64740342.17280908 0.8032379130813505
65415072.14855488 0.8022612930928702
66089802.124300666 0.8012904668867028
66764532.10004646 0.8003252551487781
67450507.57538803 0.799349534026582
68125237.55113381 0.798395125525718
68799967.52687961 0.7974458288969083
69474697.5026254 0.7965014894785791
70824157.454117 0.7946270913665109
71498887.4298628 0.7936967504871986
72173617.4056086 0.7927708020629285
72859592.88095015 0.7918337914164406
73534322.85669595 0.7909163144849429
74209052.83244175 0.7900028557846721
74883782.80818753 0.7890933001414016
76233242.75967912 0.7872854579459604
76907972.73542492 0.7863869612150363
77582702.71117072 0.7854919468980015
78943408.16225807 0.7836972073469397
79843048.12991913 0.7825178031576525
80517778.10566492 0.7816368657743508
81192508.08141072 0.7807589365157828
81867238.05715652 0.7798839365860274
82429513.03694469 0.779156952772494
82991788.01673284 0.7784319079052053
83396626.00218032 0.777911052998854
83689008.99167016 0.7775354833449503
84273774.97064985 0.7767858378638629
87658670.3489746 0.7724836934438724
88333400.3247204 0.7716332838932072
89008130.3004662 0.770785124662243
89682860.27621198 0.769939164127723
90211398.75721286 0.7692779984498277
90739937.23821373 0.7686181281747125
91223493.72083154 0.7680155326239526
91695804.7038536 0.7674279634139505
92370534.6795994 0.7665902841898534
93045264.6553452 0.7657545726144234
93731240.13068676 0.7649069068125999
94405970.10643256 0.7640750384989881
94889526.58905037 0.7634800044228621
95339346.57288091 0.7629273238108117
95980340.0498394 0.7621411301833847
96655070.0255852 0.7613152752579028
97329800.001331 0.7604911480354234
98004529.9770768 0.7596687154982414
98679259.9528226 0.758847945797358
99365235.42816415 0.7580151695742664
100039965.40390995 0.7571976609259844
100714695.37965573 0.7563817256945773
101389425.35540153 0.7555673363130632
102064155.33114733 0.7547544661852209
102738885.30689313 0.7539430896503417
103424860.78223468 0.753119695794611
104099590.75798048 0.7523112569217654
104774320.73372628 0.7515042395619645
105449050.70947208 0.7506986214821759
106123780.68521787 0.7498943812264597
106798510.66096367 0.7490914980877578
107473240.63670945 0.7482899520807075
108147970.61245525 0.7474897239154433
108833946.0877968 0.7466774903940179
109508676.0635426 0.7458798639048513
110183406.0392884 0.745083501028914
110858136.0150342 0.7442883850246945
111532865.99078 0.7434944997284417
112207595.9665258 0.7427018295331977
112882325.94227159 0.7419103593685938
113557055.91801739 0.7411200746813802
114243031.39335895 0.7403178193755006
114917761.36910473 0.7395298831437757
115592491.34485053 0.7387430914334541
116267221.32059632 0.7379574315861235
116941951.29634212 0.7371728913729875
117616681.27208792 0.736389458979283
118291411.24783371 0.7356071229892636
118966141.22357951 0.7348258723717296
119652116.69892107 0.7340327025803505
120326846.67466687 0.7332536087379822
121001576.65041266 0.7324755691817042
121676306.62615846 0.7316985742894583
122351036.60190424 0.7309226147586996
123025766.57765004 0.7301476815948156
123700496.55339584 0.7293737660999662
124375226.52914163 0.728600859862329
125061202.0044832 0.7278160980969905
125735931.98022899 0.7270452027199044
126410661.95597479 0.726275292854108
127085391.93172058 0.7255063611359458
127760121.90746638 0.7247384004394468
128434851.88321218 0.7239714038677171
129109581.85895796 0.7232053647446454
129784311.83470376 0.7224402766069101
130470287.31004532 0.7216634054419174
131145017.28579111 0.7209002162920068
131819747.26153691 0.72013795984231
132494477.23728271 0.7193766304093911
133169207.2130285 0.7186162224866811
133843937.1887743 0.7178567307380818
134518667.16452008 0.7170981499918011
135193397.14026588 0.7163404752344118
135868127.11601168 0.7155837016051272
136554102.59135324 0.7148152340050944
137228832.56709903 0.7140602634589337
137903562.54284483 0.7133061802473996
138578292.51859063 0.7125529800692245
139253022.49433643 0.7118006587500529
139927752.47008222 0.7110492122378607
140613727.94542378 0.7102861343608642
141288457.92116958 0.709536440193099
141963187.89691538 0.7087876093059249
142637917.87266117 0.7080396380957907
143312647.84840697 0.7072925230608846
143987377.82415277 0.7065462607974671
144662107.79989856 0.7058008479963371
145336837.77564436 0.7050562814394271
146022813.25098592 0.704300169731394
146697543.22673172 0.7035573003327726
147372273.20247748 0.7028152679900197
148047003.17822328 0.7020740698192425
148721733.15396908 0.7013337030123769
149396463.12971488 0.7005941648344621
150071193.10546067 0.6998554526210137
150745923.08120647 0.6991175637754931
151431898.55654803 0.6983682182402289
152106628.53229383 0.6976319822195484
152781358.50803962 0.6968965621212887
153456088.48378542 0.696161955598133
154130818.45953122 0.6954281603593349
154816793.93487278 0.6946829645741085
156166253.88636437 0.6932194374774951
156840983.86211017 0.6924888788907615
157515713.83785596 0.6917591208812635
158190443.81360176 0.6910301614583613
158865173.78934756 0.6903019986752333
160225879.2404349 0.6888359525714487
160900609.2161807 0.6881101816106708
161575339.19192648 0.6873851998806868
162250069.16767228 0.6866610056320301
162924799.14341807 0.6859375971504673
163599529.11916387 0.6852149727557465
164274259.09490967 0.684493130800393
164948989.07065547 0.6837720696685472
165634964.54599702 0.6830397896695941
166309694.52174282 0.6823202984064408
166984424.49748862 0.6816015832726918
167659154.47323442 0.6808836427686022
168333884.4489802 0.6801664754208228
169008614.424726 0.6794500797814684
169683344.4004718 0.6787344544272237
170358074.3762176 0.6780195979584788
171044049.85155916 0.6772936140105903
171628815.83053884 0.6766753677517363
172213581.80951855 0.6760576960739476
172888311.78526434 0.6753457108417187
173563041.76101014 0.6746344881458586
174237771.7367559 0.6739240267078146
174912501.7125017 0.6732143252676765
175384812.69552377 0.672717985792584
175857123.67854583 0.6722220176866786
176543099.1538874 0.6715023435731355
177217829.1296332 0.6707952295263635
177892559.105379 0.6700888701198131
178567289.08112478 0.6693832641838731
179253264.55646634 0.6686666693707408
179927994.53221214 0.6679625794361674
180602724.50795794 0.6672592395319057
181277454.48370373 0.666556648545051
181952184.45944953 0.665854805375625
182626914.43519533 0.6651537089361341
183301644.4109411 0.6644533581511463
183987619.88628265 0.6637420981559697
184662349.86202845 0.6630432478833476
185337079.83777425 0.6623451400900018
186011809.81352004 0.6616477737449653
186686539.78926584 0.6609511478274221
188047245.2403532 0.659548533689192
188575783.72135407 0.6590045257630134
189104322.20235494 0.6584609698441581
189779052.17810073 0.6577677247585098
190431291.154655 0.657098286415203
191083530.13120928 0.6564295339254201
191769505.60655084 0.6557269298272274
192444235.58229664 0.6550365820189961
193118965.55804244 0.6543469653552831
193793695.53378823 0.6536580789037363
194468425.50953403 0.6529699217388998
195694184.96547222 0.6517216324296172
196380160.44081378 0.6510240955243274
197054890.41655958 0.6503387255027514
197729620.39230537 0.6496540803851751
199079080.34379697 0.648286961309923
199753810.31954277 0.6476044855898481
200428540.29528856 0.646922731248635
