1.0 1.0157706564641011
685976.4753415588 1.0136270444448352
2710166.4025789453 1.007362730605234
4059626.3540705363 1.003236361228973
9794831.147909798 0.9861274035641254
23199466.666059602 0.9486237020081791
29047126.455856495 0.9332465725960598
29485700.940091264 0.9321154993414265
30835160.891582854 0.9286541242066537
32870596.318416003 0.92348622857724
39764087.57061888 0.9064387099340164
40348853.54959857 0.9050237143810149
47028680.30948195 0.8891869547056545
48378140.260973535 0.8860582086080124
51077060.16395672 0.8798690383072305
51751790.139702514 0.8783357267353838
52932567.59725766 0.875665658532863
54102099.555217035 0.8730374267358041
56801019.45820022 0.8670334310805384
57307066.940009564 0.8659170280502096
58319161.90362826 0.8636929385340077
59499939.3611834 0.8611127107285366
62884834.73950814 0.8538011011657621
64627887.176851444 0.8500840518605055
64751587.67240484 0.849821479451268
65145180.15825655 0.848987087105243
68530075.5365813 0.8418773016567564
69204805.51232709 0.8404739771758569
70947857.94967039 0.8368696816115179
75153674.79848586 0.8282944222039238
75581003.78312486 0.8274325445393853
76255733.75887065 0.8260751523188604
78279923.68610804 0.82202817449403
78954653.66185383 0.8206874839446637
79550665.14042929 0.8195066210639153
80135431.11940898 0.8183511310609639
82159621.04664637 0.8143747521489518
82834351.02239215 0.8130572695664541
83509080.99813795 0.8117437299634678
84183810.97388375 0.8104341063954145
86893976.3764627 0.8052127041093564
89547914.28106283 0.8001588180202713
90897374.23255442 0.7976110102214632
91572104.20830022 0.7963425739548332
93607539.63513336 0.7925379162573153
96306459.53811654 0.7875426624752675
99691354.91644128 0.7813556474342043
101018323.86874135 0.7789532606436644
101693053.84448715 0.7777366105828217
102379029.3198287 0.7765030426212549
103053759.2955745 0.7752929805710692
104403219.2470661 0.7728825431351815
105077949.22281188 0.7716821272013922
106427409.17430347 0.7692908009267809
109778568.05384092 0.7634062602321209
110959345.51139607 0.7613508386577377
111454147.49360965 0.760492264173435
112128877.46935545 0.7593240750540449
112724888.9479309 0.7582946514088638
113309654.9269106 0.7572868963076047
114670360.37799795 0.7549504714898304
116019820.32948953 0.7526450446797109
116694550.30523533 0.7514966528399576
117369280.28098112 0.7503511192292048
117762872.76683284 0.7496842045019975
118156465.25268455 0.7490182532735334
118842440.7280261 0.7478598884977207
120191900.6795177 0.7455895833429954
121541360.6310093 0.7433303670913436
122216090.6067551 0.7422048770496673
122902066.08209665 0.7410634214452617
124251526.03358825 0.738826089496742
124926256.00933403 0.7377114471264858
125409812.49195185 0.7369142584640432
127917558.90180705 0.732801718916548
128603534.37714861 0.7316830420061812
129132072.8581495 0.7308229310615778
131032562.28983349 0.7277431712518767
131707292.26557928 0.7266546093236367
133731482.19281666 0.7234039630458985
134406212.16856247 0.7223253817363343
134822295.6536057 0.7216614842730917
135035960.1459252 0.7213209266373676
135497025.6293515 0.720586875189961
136846485.5808431 0.7184449627818308
141580840.91065943 0.7110060896843965
142255570.88640523 0.7099553370673987
142930300.862151 0.7089068973663863
143605030.8378968 0.7078607585346176
144830790.293835 0.7059661209015627
145370574.27443165 0.7051341625447377
148080739.6770106 0.7009787631798794
148755469.6527564 0.6999498016842074
149430199.62850216 0.6989230413328088
150104929.60424796 0.6978984710531129
150779659.57999375 0.6968760798684811
151465635.0553353 0.6958388714890976
152140365.0310811 0.6948208418099514
152815095.0068269 0.6938049586847405
153489824.9825727 0.6927912115127823
154839284.9340643 0.6907700830815663
155514014.9098101 0.6897626810739447
156188744.8855559 0.6887573735210879
156874720.36089745 0.687737447483736
157549450.33664325 0.6867363329542657
158212934.81279328 0.6857539164953173
158876419.28894332 0.6847734864892334
159551149.26468912 0.6837784666458708
160225879.2404349 0.6827854817880924
160900609.2161807 0.6817945222705967
161586584.69152227 0.6807891131583773
162261314.66726804 0.6798022090710178
162846080.64624774 0.6789485076695939
163430846.62522742 0.6780962999673451
164105576.60097322 0.6771148315934619
164780306.57671902 0.6761353346658662
165466282.05206057 0.6751415244080015
166141012.02780637 0.6741659756070276
166815742.00355217 0.6731923710114243
167490471.97929797 0.6722207017431346
168165201.95504376 0.6712509589985961
168851177.43038532 0.6702670198307434
169525907.40613112 0.6693011357633966
170200637.38187692 0.6683371521063892
170875367.3576227 0.667375060348137
171550097.3333685 0.6664148520479805
172224827.3091143 0.6654565188354965
172899557.2848601 0.6645000524098139
173585532.76020166 0.6635295501072557
173979125.24605337 0.6629735685237642
174372717.73190507 0.6624182149302329
175047447.70765087 0.6614676366262592
175733423.18299243 0.6605030941803152
176408153.15873823 0.659556203873598
177082883.13448402 0.6586111303999539
177757613.11022982 0.6576678659397274
178432343.08597562 0.6567264027374634
179118318.56131718 0.6557710870926372
179793048.53706297 0.6548332330949707
180467778.51280877 0.6538971573423237
181142508.48855457 0.6529628523308997
181817238.46430036 0.6520303106180394
182491968.44004616 0.6510995248216276
183166698.41579196 0.6501704876195072
183841428.39153776 0.6492431917488976
184257511.87658098 0.6486722241661746
184673595.3616242 0.6481019143541651
185348325.33737 0.6471784815332863
186023055.3131158 0.6462567669604696
186697785.2888616 0.6453367636179953
187372515.2646074 0.6444184645445731
188058490.73994896 0.6434866004809873
188733220.71569476 0.6425717174023017
189407950.69144055 0.641658517929157
189857770.6752711 0.6410506502861575
190307590.6591016 0.6404435259318276
190982320.6348474 0.6395342287530418
191657050.6105932 0.6386265929210097
192343026.08593476 0.6377055261712119
193017756.06168056 0.6368012208122956
193692486.03742635 0.6358985571597427
194367216.01317215 0.6349975288060841
195041945.98891795 0.6340981293943871
195716675.96466374 0.6332003526177707
196402651.4400053 0.6322892698711601
197077381.4157511 0.6313947464256949
197752111.3914969 0.6305018268879197
198426841.3672427 0.6296105051471791
199101571.3429885 0.628720775140497
199776301.3187343 0.6278326308521178
200451031.2944801 0.6269460663130527
201125761.27022588 0.6260610756006297
201811736.74556744 0.6251629423760842
202486466.72131324 0.6242811077181363
203161196.69705904 0.6234008292962265
203835926.67280483 0.6225221013692834
204510656.6485506 0.6216449182403633
205185386.6242964 0.6207692742562275
205860116.6000422 0.6198951638069236
206534846.575788 0.6190225813253697
207220822.05112955 0.6181370164868307
207659396.53536433 0.6175716576872392
208097971.01959908 0.6170069382681728
208783946.49494064 0.6161249377569128
209458676.47068644 0.6152589131658065
210133406.44643223 0.6143943875586111
210808136.42217803 0.6135313556303872
211482866.39792383 0.6126698121161471
212157596.37366962 0.6118097517904727
212832326.34941542 0.6109511694671373
213507056.32516122 0.6100940599987319
214193031.80050278 0.6092241699870574
214867761.77624857 0.6083700152748763
215542491.75199437 0.6075173181210467
216217221.72774017 0.6066660735303793
216891951.70348597 0.6058162765446806
217566681.67923176 0.6049679222424003
218241411.65497756 0.6041210057382814
218916141.63072336 0.6032755221830157
219602117.10606492 0.6024174112447811
220276847.0818107 0.6015748028637112
220951577.0575565 0.6007336130170927
221626307.0333023 0.5998938369965982
222301037.00904807 0.5990554701281672
222975766.98479387 0.5982185077716802
223661742.46013543 0.5973690311140039
224336472.43588123 0.5965348872121835
225011202.41162702 0.5957021340269976
225685932.38737282 0.5948707670514436
226169488.86999065 0.5942758042699144
226653045.35260847 0.5936815495252369
227327775.32835427 0.5928535370321013
228013750.80369583 0.5920131297507137
232736860.63391638 0.5862648214234132
233422836.10925794 0.5854354299300727
237471215.96373272 0.5805685703580038
238145945.93947852 0.57976203004447
238831921.41482008 0.5789433847245045
239506651.39056587 0.5781394712718967
240181381.36631167 0.5773368545363537
240856111.34205747 0.5765355306691563
241530841.31780326 0.5757354958477394
242205571.29354906 0.5749367462754492
242880301.26929486 0.5741392781812997
243555031.24504066 0.5733430878197329
244241006.7203822 0.5725349336371919
244915736.696128 0.5717413087454212
246265196.6476196 0.5701578550715101
246939926.62336537 0.5693680190220425
247614656.59911117 0.5685794386928875
248289386.57485697 0.5677921105103537
248964116.55060276 0.5670060309243367
249650092.02594432 0.5662081263613516
250324822.00169012 0.5654245540745283
250999551.97743592 0.5646422198154329
251674281.9531817 0.5638611201265156
252349011.9289275 0.5630812515727347
253034987.40426907 0.5622896437763544
253709717.38001487 0.561512247653641
254384447.35576066 0.5607360724379504
255059177.33150646 0.559961114782567
255733907.30725226 0.5591873713622569
256408637.28299806 0.5584148388730692
257083367.25874385 0.5576435140321395
257690624.23691505 0.5569503515181142
258983856.69042784 0.5554774122705443
259658586.66617364 0.5547106668149332
260299580.14313215 0.553983362886849
260940573.62009063 0.5532571321383014
261615303.59583643 0.5524938351448312
262290033.57158223 0.551731721155162
262964763.54732803 0.5509707870621933
263639493.52307382 0.550211029778099
264325468.99841538 0.5494398131018763
265000198.97416118 0.5486824197340404
265674928.94990698 0.5479261939751259
266349658.92565277 0.5471711328129605
267035634.40099433 0.5464046780855103
267710364.37674013 0.5456519564391275
268385094.35248592 0.5449003904135947
269059824.3282317 0.5441499770696524
269734554.3039775 0.5434007134857799
270409284.2797233 0.5426525967580342
271095259.75506485 0.5418931841295204
271769989.73081064 0.5411473714658377
273119449.68230224 0.5396591579058672
273794179.65804803 0.5389167513564953
274277736.1406659 0.5383853884423638
274772538.12287945 0.5378422678289319
275447268.09862524 0.5371026242151759
276121998.07437104 0.5363641035532821
276796728.05011684 0.5356267030979951
277471458.02586263 0.5348904201200374
278157433.5012042 0.534143008531539
278832163.47695 0.5334089708952695
279439420.4551212 0.5327492855838959
280046677.4332924 0.5320904968927437
280721407.4090382 0.5313595586972739
281396137.384784 0.5306297224132461
282082112.86012554 0.5298888490984452
282756842.83587134 0.529161227035749
283431572.81161714 0.5284346990135211
284106302.78736293 0.5277092624521398
284781032.76310873 0.526984914786472
285455762.7388545 0.5262616534657444
286141738.2141961 0.5255274488294228
287491198.1656877 0.5240863711127766
288165928.1414335 0.523367447863792
288840658.1171793 0.522649598375593
289515388.0929251 0.5219328201811376
290190118.06867087 0.5212171108268693
290864848.04441667 0.5205024678725969
291550823.5197582 0.5197770049088069
292225553.495504 0.5190645051591017
292900283.4712498 0.5183530645279293
293575013.4469956 0.517642680627601
294249743.4227414 0.5169333510832103
294924473.3984872 0.5162250735325206
295599203.374233 0.5155178456258531
296273933.3499788 0.5148116650259765
296813717.33057547 0.5142474730442242
297353501.31117207 0.5136839486659461
298028231.28691787 0.5129804802137073
298714206.7622594 0.5122663523875525
299388936.7380052 0.5115649769015094
300063666.713751 0.5108646358209915
300738396.6894968 0.5101653268884168
302087856.6409884 0.5087697964948679
302762586.6167342 0.5080735705765229
303403580.0936927 0.5074131037576775
304033328.0710555 0.5067651215573118
304708058.04680127 0.506071839995336
305394033.5221428 0.5053680462112208
306068763.4978886 0.5046768132123491
306743493.4736344 0.5039865927701382
307418223.44938016 0.5032973827378764
308092953.42512596 0.5026091809795283
308767683.40087175 0.5019219853696428
309453658.8762133 0.5012243657613836
310128388.8519591 0.5005391927949967
310803118.8277049 0.4998550196285001
311477848.8034507 0.49917184417804555
312152578.7791965 0.4984896643699208
312827308.7549423 0.49780847814046164
313502038.7306881 0.4971282834359666
318236394.06050444 0.49238329917012
318911124.03625023 0.49171098014054526
319597099.5115918 0.4910284536973875
320271829.4873376 0.4903580957711249
320946559.4630834 0.4896887073480213
321621289.4388292 0.4890202864878106
322296019.414575 0.4883528312591417
322970749.3903208 0.48768633973950376
323645479.3660666 0.4870208100151516
324320209.3418124 0.48635624018103235
325006184.81715393 0.4856815762489472
325680914.7928997 0.48501893643369487
326355644.7686455 0.48435725081369535
327030374.7443913 0.4836965175180841
327705104.7201371 0.4830367346843308
328278625.199521 0.48247666519102583
328863391.1785007 0.48190631842618153
329538121.1542465 0.4812491083429107
330224096.62958807 0.4805819120805473
331573556.58107966 0.47927223401403474
332248286.55682546 0.47861880308381016
332923016.53257126 0.477966308485843
333597746.50831705 0.47731474842751526
334227494.4856798 0.4767074672941103
334857242.46304256 0.47610099724840466
335531972.43878835 0.47545210633747614
336206702.41453415 0.47480414310649854
336881432.39027995 0.4741571057996792
337556162.36602575 0.47351099266861196
338242137.8413673 0.4728550565991306
338916867.8171131 0.47221080193396114
339591597.7928589 0.47156746621433
340266327.7686047 0.4709250477209004
340941057.74435043 0.47028354474142625
341615787.72009623 0.46964295557069513
342301763.1954378 0.46899262494409494
342976493.1711836 0.46835387346242646
343651223.1469294 0.4677160306874841
344325953.1226752 0.46707909494174077
345000683.098421 0.46644306455442447
345675413.0741668 0.4658079378614636
347024873.02565837 0.4645403889355035
347710848.5009999 0.46389743058692046
348385578.4767457 0.46326591710070986
349060308.4524915 0.4626352990600166
349735038.4282373 0.4620055748399736
350409768.4039831 0.46137674282205005
351084498.3797289 0.4607488013940011
351770473.8550705 0.46011130559829794
352276521.33687985 0.4596416097828509
352782568.81868917 0.45917241243322227
353468544.2940307 0.45853718398412474
354143274.2697765 0.45791325984488235
354818004.2455223 0.4572902174858317
355492734.2212681 0.4566680553346015
356167464.1970139 0.45604677182474546
356842194.1727597 0.45542636539569636
357528169.6481013 0.45479651638649243
358202899.62384707 0.45417787401383913
358877629.59959286 0.4535601040494399
359552359.57533866 0.45294320495588664
360238335.0506802 0.4523169153953866
360913065.026426 0.4517017679045287
361587795.0021718 0.4510874866807529
364961444.8809008 0.4480290217356847
365647420.35624236 0.4474097618244692
366322150.33198816 0.44680151660605705
366996880.30773395 0.44619412566171424
367671610.28347975 0.445587587519288
368346340.25922555 0.4449819007117852
369021070.23497134 0.444377063777333
371731235.63755023 0.44195616865333837
372405965.61329603 0.4413555733644488
373080695.5890418 0.44075581925896207
373755425.5647876 0.44015690490987847
374430155.5405334 0.43955882889502185
376578045.96332425 0.43766051932987804
377252775.93907005 0.43706593503395647
377927505.91481584 0.4364721817766019
380637671.31739473 0.43409561760826
381312401.29314053 0.4335060124615889
381987131.2688863 0.43291723003992055
382673106.7442279 0.4323194765770999
383347836.7199737 0.431732349166677
384022566.6957195 0.4311460403735348
384697296.6714653 0.4305605488447132
385372026.6472111 0.4299758732315407
386046756.6229569 0.4293920121896035
386721486.59870267 0.42880896437871613
387396216.57444847 0.4282267284628907
388082192.04979 0.42763561954747
388756922.0255358 0.42705501690648495
389431652.0012816 0.42647522215546846
390106381.9770274 0.42589623397500026
390781111.9527732 0.4253180510497128
391455841.928519 0.4247406720682631
392130571.9042648 0.42416409572330477
392546655.38930804 0.4238089398357308
392951493.3747555 0.42346367495242376
393637468.85009706 0.4228792998821591
394312198.82584286 0.42230530982839165
394986928.80158865 0.4217321169203224
395661658.77733445 0.4211597198710757
396336388.75308025 0.42058811739760443
397011118.72882605 0.4200173082206638
397685848.70457184 0.41944729106478607
398371824.1799134 0.4188685842436561
399046554.1556592 0.41830016046577967
399721284.131405 0.41773252488392704
400396014.1071508 0.41716567623754447
401070744.0828966 0.41659961326972894
401745474.0586424 0.4160343347272038
402420204.0343882 0.4154698393602947
403094934.010134 0.4149061259229053
403769663.9858798 0.414343193172494
404455639.46122134 0.4137716772449576
405130369.43696713 0.4132103151147381
405805099.41271293 0.4126497299444604
406479829.3884587 0.41208992050562554
407154559.3642045 0.4115308855731733
407829289.3399503 0.41097262392545997
408504019.3156961 0.4104151343442357
409178749.2914419 0.4098584156146231
409864724.7667835 0.4092932072206125
410539454.7425293 0.40873803935995145
411214184.71827507 0.4081836387062318
411888914.69402087 0.4076300040579031
412563644.66976666 0.40707713421667996
413238374.64551246 0.4065250279875206
413913104.62125826 0.4059736841786068
414340433.60589725 0.4056248935672169
414756517.0909405 0.4052855747604568
415431247.0666863 0.404735942056067
416105977.04243207 0.4041870679205287
416791952.5177736 0.4036298223064966
417466682.4935194 0.4030824743703942
418141412.4692652 0.40253588145793456
418816142.445011 0.40199004240012043
419490872.4207568 0.4014449560310144
420165602.3965026 0.40090062118772
420840332.3722484 0.40035703671036343
421515062.3479942 0.399814201442074
422189792.32374 0.39927211422896713
422875767.79908156 0.39872175790304065
423550497.77482736 0.39818117577005585
424225227.75057316 0.39764133822926934
424899957.72631896 0.39710224413860473
425574687.70206475 0.39656389235888145
426249417.67781055 0.39602628175379656
426924147.65355635 0.3954894111899082
427598877.62930214 0.394953279536618
433007962.9348643 0.3906818608443686
433693938.41020584 0.39014352194848456
434368668.38595164 0.38961474207155244
435043398.36169744 0.3890866888149417
435718128.3374432 0.3885593610809862
436392858.31318897 0.3880327577746544
437078833.7885305 0.3874981192593948
437753563.7642763 0.3869729735618823
438428293.7400221 0.386448549004456
439103023.7157679 0.38592484450251485
439777753.6915137 0.3854018589740183
440452483.6672595 0.38487959133947136
441127213.6430053 0.38435804052191036
441801943.6187511 0.3838372054468891
442487919.09409267 0.38330842241781155
443162649.06983846 0.38278902749883637
443837379.04558426 0.38227034509626456
444512109.02133006 0.38175237414562146
445186838.99707586 0.3812351135848801
445872814.4724174 0.380709959170855
446547544.4481632 0.3801941280091733
447222274.423909 0.3796790040483109
447897004.3996548 0.37916458623594107
448571734.3754006 0.37865087352211974
449246464.3511464 0.3781378648592719
449921194.3268922 0.3776255592021796
450595924.302638 0.37711395550796867
451281899.77797955 0.3765945436223528
451956629.75372535 0.37608435239054955
452631359.72947115 0.3755748599897008
453306089.70521694 0.3750660653862236
453980819.68096274 0.37455796754881765
454655549.65670854 0.3740505654484535
455341525.1320501 0.373535418815094
456016255.1077959 0.37302941666351047
456634757.5855629 0.37256618985345535
457264505.5629256 0.3720951379103012
457950481.03826714 0.37158271244689534
458625211.01401293 0.37107938288261977
459299940.98975873 0.3705767420329031
459974670.9655045 0.37007478888621054
460649400.9412503 0.36957352243317654
461335376.4165919 0.3690646044573783
462010106.3923377 0.36856471977504024
462684836.3680835 0.36806551875447285
463359566.3438293 0.3675670003949139
464034296.3195751 0.3670691636977166
464709026.29532087 0.36657200766633874
465395001.7706624 0.36606726245300486
466069731.7464082 0.3655714760749278
466744461.722154 0.3650763673690816
467419191.6978998 0.3645819353472743
468093921.6736456 0.36408817902336743
468768651.6493914 0.36359509741326634
469443381.6251372 0.3631026895349098
470118111.600883 0.36261095440826074
470804087.07622457 0.36211171235193457
471478817.05197036 0.3616213309683394
472153547.02771616 0.36113161939217037
472828277.00346196 0.36064257665142246
473503006.97920775 0.36015420177606744
474177736.95495355 0.3596664937980435
474852466.93069935 0.35917945175124666
475527196.90644515 0.35869307467152123
476213172.3817867 0.3581992719988614
476887902.3575325 0.35771423301117883
477562632.3332783 0.35722985609374497
478113661.81347066 0.35683477207238146
479890450.7496013 0.35556382462413405
480565180.7253471 0.3550823823479987
481239910.7010929 0.35460159695259086
481914640.6768387 0.3541214674917623
482589370.65258443 0.3536419930212226
483264100.62833023 0.3531631725985299
483938830.604076 0.35268500528308366
484624806.0794176 0.3521995370703107
485299536.0551634 0.35172268400080947
485974266.0309092 0.3512464812121466
486648996.006655 0.35077092777103414
487323725.9824008 0.3502960227459849
487998455.9581466 0.34982176520730446
488673185.93389237 0.34934815422708343
489347915.90963817 0.34887518887918983
490033891.3849797 0.34839500168544846
490708621.3607255 0.34792333555283506
491383351.3364713 0.3474523122694091
492058081.3122171 0.34698193091610147
492732811.2879629 0.3465121905755831
493407541.2637087 0.34604309033225694
494082271.2394545 0.3455746292722516
494757001.2152003 0.3451068064834131
495442976.69054186 0.3446318400261807
496117706.66628766 0.344165301649895
496792436.64203346 0.3436993988034488
497467166.61777925 0.3432341305815175
498141896.59352505 0.3427694960804591
498816626.56927085 0.3423054943983077
499491356.54501665 0.34184212463476615
500166086.52076244 0.3413793858911997
500840816.49650824 0.3409172772706291
501526791.9718498 0.34044811188037405
502201521.9475956 0.33998727128611805
502876251.9233414 0.33952705811893447
503550981.8990872 0.3390674714884275
504225711.874833 0.3386085105058245
504900441.8505788 0.33815017428396915
505575171.8263246 0.3376924619373151
506069973.80853814 0.33735720221186677
506564775.79075176 0.3370222771691856
507250751.2660933 0.3365585022469932
507925481.2418391 0.3361029561736954
508600211.21758485 0.33564803002502536
509274941.19333065 0.33519372292415484
509949671.16907644 0.33474003399582636
510635646.644418 0.33427941639744574
511310376.6201638 0.3338269714610779
511985106.5959096 0.3333751420663446
512659836.5716554 0.3329239273442355
513334566.5474012 0.3324733264272812
514009296.523147 0.3320233384495473
514695271.99848855 0.3315664781289641
515370001.97423434 0.33111772361754316
516044731.94998014 0.33066957944234965
516719461.92572594 0.3302220447435579
517394191.90147173 0.3297751186628491
518068921.87721753 0.329328800343406
518754897.3525591 0.32887566554332615
519227208.3355812 0.3285640352726695
519699519.3186032 0.32825270166812853
520374249.294349 0.3278084534218733
521048979.2700948 0.3273648091704287
521723709.2458406 0.3269217680650166
522398439.2215864 0.3264793292583264
523073169.1973322 0.3260374919045091
523759144.67267376 0.3255889062971032
524433874.64841956 0.3251482793062673
525108604.62416536 0.32470825122546654
525783334.59991115 0.32426882121467354
531720958.38647413 0.3204274961536699
532395688.3622199 0.3199938830715012
533070418.3379657 0.31956085907757387
533756393.8133073 0.3191212210655814
534431123.7890531 0.31868938256312734
535105853.7647989 0.3182581306692383
535780583.7405447 0.31782746456468236
536455313.7162905 0.31739738343159474
537130043.6920363 0.316967886453473
537534881.6774838 0.31671046832182714
537928474.1633354 0.3164604018600526
538603204.1390812 0.3160321774560557
539289179.6144228 0.31559741215871995
539963909.5901686 0.3151703597458203
541313369.5416602 0.3143179939047135
541988099.517406 0.3138926788615339
542662829.4931518 0.313467941328837
543225104.47294 0.3131144339585552
544237199.4365586 0.3124791284451945
544675773.9207934 0.3122042312139122
545350503.8965392 0.3117817861294705
546452562.856924 0.31109302550756845
547543376.317713 0.31041279632109653
548229351.7930546 0.30998578779152225
548904081.7688004 0.3095663542791
550253541.720292 0.30872919445263936
551603001.6717836 0.3078943056248066
552277731.6475294 0.30747771086544834
552952461.6232752 0.3070616814943731
553638437.0986167 0.3066392970932919
554313167.0743625 0.3062244055369615
554987897.0501083 0.3058100770062052
555662627.0258541 0.3053963107203243
556337357.0015999 0.3049831058998685
557012086.9773457 0.30457046176663227
557686816.9530915 0.3041583775436514
558361546.9288373 0.30374685245519917
559036276.9045831 0.3033358857267834
559722252.3799247 0.3029186411523817
560396982.3556705 0.30250879809919184
561071712.3314162 0.30209951107709415
561746442.307162 0.3016907793165181
562983447.262696 0.30094287734394876
563658177.2384418 0.30053571465578643
565018882.6895292 0.29971628250578203
565693612.665275 0.29931078366937347
566368342.6410208 0.2989058348554637
567043072.6167666 0.29850143530394296
568392532.5682582 0.2976942809535789
569067262.544004 0.29729152464045594
569741992.5197498 0.2968893145611562
570427967.9950913 0.2964809601686305
571102697.9708371 0.29607984936798837
