1.0 1.0025832178188874
3677279.3678145856 0.9933948415098439
9468711.659632664 0.979180531554417
10829417.110720018 0.9758855014719968
11504147.086465813 0.9742578111804026
17902836.356455106 0.9590233452774917
18318919.84149835 0.9580451517639756
18993649.817244142 0.9564620788909959
23053275.17131468 0.9470196975330634
31746046.35883968 0.9272649951252736
35805671.71291021 0.9182495116427506
37829861.640147604 0.9138029368145355
41664577.00230287 0.9054663936995071
42125642.485729165 0.9044716575493634
43418874.93924194 0.9016901683546402
47366045.29735485 0.893278419535488
50537276.183360085 0.8866039553845521
50795922.67406264 0.8860628304986734
51009587.16638214 0.8856161812068686
51425670.65142538 0.8847473416909901
51830508.63687286 0.8839031885861723
52246592.1219161 0.8830368218057713
53607297.57300345 0.8802122764514618
54000890.05885517 0.8793977367412118
54394482.54470688 0.878584304561946
57779377.92303162 0.8716341740836189
59128837.874523215 0.8688858271645046
61164273.30135636 0.8647643500586321
63188463.228593744 0.8606939368947436
64987743.16391587 0.8570992388189302
66640831.60449307 0.8538158774352319
67832854.56164397 0.8514596417317436
70531774.46462716 0.8461596041202832
77222846.7241063 0.8332246065007831
77897576.6998521 0.8319361511914848
79258282.15093945 0.829346503864747
79933012.12668523 0.8280666940127537
81282472.07817683 0.825515603175911
81957202.05392262 0.8242443027621404
82631932.02966842 0.8229758194695567
83306662.00541422 0.8217101436894467
83992637.48075578 0.8204262415416407
84431211.96499054 0.8196068970076043
84881031.94882107 0.8187677646454222
86230491.90031266 0.8162577584732231
86905221.87605846 0.8150068955349571
87579951.85180426 0.8137587802196854
89615387.27863741 0.8100101846785266
90290117.2543832 0.8087730123014667
91639577.20587479 0.8063067624784278
92314307.18162058 0.8050776668629607
92989037.15736638 0.8038512453975877
93663767.13311218 0.8026274890958626
94338497.10885797 0.8014063890103216
95699202.55994533 0.7989518806224842
96373932.53569113 0.7977387396399448
98353140.46454546 0.7941952785756328
98994133.94150396 0.7930524778527608
99668863.91724975 0.7918520517914996
100343593.89299555 0.7906542040021127
101693053.84448715 0.788266208990545
103042513.79597874 0.7858884246903352
103728489.2713203 0.7846836104591666
106427409.17430347 0.7799686314027577
107776869.12579507 0.7776261393709554
109137574.57688242 0.7752741613912876
110487034.52837402 0.7729515077190952
111836494.4798656 0.7706386349142901
113388373.42408094 0.7679908399297614
114737833.37557252 0.7656987804823406
116098538.82665987 0.7633973220458887
116773268.80240567 0.762259696360603
118122728.75389726 0.7599915533124956
118797458.72964306 0.7588610206122669
119472188.70538886 0.7577328369575372
120158164.18073042 0.7565882505188803
120832894.15647621 0.755464781060768
122182354.1079678 0.7532248134226449
122857084.08371359 0.7521083002946536
123531814.05945939 0.7509940910484119
128895917.36663847 0.7422172248943735
129570647.34238426 0.7411233098136196
130290359.3165131 0.7399589267029986
130751424.79993941 0.7392143241561168
131426154.77568519 0.7381265291790424
132100884.75143099 0.7370409464693518
132528213.73606999 0.7363545518050485
132944297.22111323 0.7356870684128105
133619027.19685903 0.7346064377340281
134125074.67866838 0.7337974020321943
134619876.66088197 0.7330075330037713
136644066.58811936 0.7297884260340702
137330042.06346092 0.7287019236067862
138004772.0392067 0.7276354026240606
139354231.9906983 0.7255087895563005
140028961.9664441 0.7244486840534009
140703691.94218987 0.7233907036729333
141378421.91793567 0.7223348417762993
141828241.9017662 0.7216321075149843
142266816.386001 0.7209478434517098
142952791.86134255 0.7198793654835041
144302251.81283414 0.717783759776547
144808299.29464346 0.7170000590813861
145325592.27604857 0.7162001513241487
146000322.25179437 0.7151586247521649
146675052.22754017 0.7141191655096919
147349782.20328596 0.7130817672005078
149385217.63011912 0.7099647040143641
150734677.5816107 0.7079083649988362
151409407.5573565 0.7068832331242701
152084137.5331023 0.7058601180483668
152758867.5088481 0.7048390135859169
153444842.98418966 0.7038029455245505
154119572.95993546 0.7027858770898502
155469032.91142705 0.7007577104691167
156143762.88717285 0.6997466001435021
156818492.86291865 0.6987374637566949
157493222.83866444 0.697730295301768
158156707.31481445 0.696741826193696
158820191.79096448 0.6957552485176508
159506167.26630604 0.6947372102255499
160180897.24205184 0.6937378215715388
161327938.2008197 0.6920433062727631
162002668.1765655 0.6910491377745679
162677398.1523113 0.6900568918781668
163352128.1280571 0.6890665627892898
164026858.1038029 0.6880781447376054
164701588.0795487 0.68709163197661
165387563.55489025 0.6860906246247013
166062293.53063604 0.685107936816653
167411753.48212764 0.6831482198445449
168086483.45787343 0.6821711793999315
168749967.93402344 0.6812122476851843
169413452.41017348 0.6802551200209059
170088182.38591927 0.6792836145767815
171437642.33741087 0.6773461623287464
172798347.78849822 0.6754000318332327
174147807.73998982 0.6734773465678293
174833783.21533138 0.6725027780725967
175508513.19107717 0.671546017685355
176857973.14256877 0.6696379247273897
177532703.11831456 0.6686865815069191
178207433.09406036 0.6677370333951904
178882163.06980616 0.6667892751215262
179556893.04555196 0.6658433014367461
179961731.03099942 0.6652765716528971
180355323.51685113 0.6647261974202829
181030053.49259692 0.6637841019498124
181704783.46834272 0.6628437745003235
182390758.94368428 0.6618895820743863
183065488.91943008 0.6609528044587845
183740218.89517587 0.6600177793608938
184414948.87092167 0.659084501683388
185089678.84666747 0.6581529663496309
186450384.29775482 0.6562796493939002
187125114.27350062 0.6553533395819521
187799844.24924642 0.6544287519291246
188474574.22499222 0.6535058814611385
189824034.1764838 0.6516652722830756
190498764.1522296 0.6507475237246628
191184739.62757117 0.6498162194900998
191859469.60331696 0.6489018892020786
192534199.57906273 0.6479892465917226
193208929.55480853 0.6470782868239667
193883659.53055432 0.6461690050832188
196593824.93313327 0.6425335331597735
197268554.90887907 0.641632597526216
197943284.88462487 0.640733311351847
201440635.25890726 0.6360982652772721
202126610.73424882 0.635194268875068
202801340.70999458 0.6343067217476771
203476070.68574038 0.6334207862400208
204150800.66148618 0.6325364578219403
204825530.63723198 0.631653731981339
205500260.61297777 0.6307726042240989
206174990.58872357 0.6298930700739975
206849720.56446937 0.6290151250726256
207535696.03981093 0.6281241721751996
208210426.01555672 0.62724941846761
208885155.99130252 0.6263762405663031
209559885.96704832 0.6255046340835932
210234615.9427941 0.6246345946491998
210909345.9185399 0.6237661179101658
211584075.8942857 0.6228991995307784
212944781.34537306 0.6211556367891741
213619511.32111886 0.6202933933670866
214294241.29686466 0.6194326910616702
214968971.27261046 0.6185735256225283
215643701.24835625 0.6177158928160361
216318431.22410202 0.6168597884252633
216993161.19984782 0.6160052082498967
217667891.1755936 0.6151521481061643
218353866.65093517 0.6142864242411785
219028596.62668097 0.6134364168353319
219703326.60242677 0.6125879169395182
220378056.57817256 0.6117409204356425
221052786.55391836 0.6108954232217723
221446379.03977007 0.6104029072686703
221851217.02521756 0.6098968493768576
222525947.00096336 0.6090546114359061
223200676.97670916 0.60821385983391
223875406.95245495 0.6073745905357506
224550136.92820075 0.6065367995220907
225224866.90394655 0.6057004827893026
226585572.35503387 0.6040183789617218
227260302.33077967 0.6031864855450839
227935032.30652547 0.6023560504849003
228609762.28227127 0.60152706985527
229284492.25801706 0.600699539745573
229711821.24265608 0.6001761858147372
230127904.7276993 0.5996671609691372
230802634.7034451 0.5988428803097577
231477364.6791909 0.5980200375654836
232163340.15453246 0.597184950873172
232838070.13027826 0.5963649962395686
233512800.10602406 0.5955464679629021
234187530.08176985 0.5947293622415086
234862260.05751565 0.5939136752884369
235536990.03326145 0.5930994033313794
236211720.00900725 0.5922865426126065
236886449.98475304 0.5914750893888991
237572425.4600946 0.5906515509790383
238247155.4358404 0.5898429248763278
239596615.387332 0.5882298578561018
240271345.36307776 0.5874254095815696
240946075.33882356 0.5866223465829842
241620805.31456935 0.5858206652170963
242295535.29031515 0.5850203618546449
242869055.7696991 0.5843411847509438
243431330.74948725 0.5836762866919276
244106060.72523305 0.5828796631441426
244780790.70097885 0.5820844043516242
245466766.1763204 0.5812772866351472
246141496.1520662 0.5804847692703274
246816226.127812 0.5796936059489725
247490956.1035578 0.5789037931474146
248165686.0793036 0.5781153273554277
248840416.0550494 0.5773282050761683
249526391.53039095 0.5765293377885221
250201121.50613675 0.5757449143440662
250875851.4818825 0.5749618239439831
251550581.4576283 0.574180063144569
252225311.4333741 0.573399628515199
253574771.3848657 0.5718427241091296
254260746.86020726 0.5710533173896354
254935476.83595306 0.5702781752414318
255610206.81169885 0.5695043422482704
256284936.78744465 0.5687318150569748
256959666.76319045 0.5679605903270364
261019292.117261 0.5633476943409673
261694022.0930068 0.5625855156547153
262368752.0687526 0.5618246131010487
263043482.04449838 0.5610649834511209
263729457.51983994 0.5602939948942769
264269241.50043657 0.5596882358136338
264820270.98062897 0.5590706910726263
265495000.95637476 0.5583156593191188
267530436.38320792 0.5560455895002404
268643740.84318846 0.5548087617251828
269093560.827019 0.5543099943380587
269768290.8027648 0.5535628774493543
270443020.7785106 0.5528169988371747
271117750.75425637 0.55207235541399
271792480.73000216 0.5513289441037375
272467210.70574796 0.550586761841768
273153186.1810895 0.549833466673242
273827916.1568353 0.5490937537161379
274502646.1325811 0.5483552606309295
275177376.1083269 0.5476179843983019
275852106.0840727 0.5468819220100984
276526836.0598185 0.5461470704692717
277201566.0355643 0.5454134267898332
277887541.51090586 0.5446687908747556
278562271.48665166 0.5439375740111049
279237001.46239746 0.543207556067607
280586461.41388905 0.5417511051836107
281272436.8892306 0.5410125691445874
281947166.8649764 0.5402873373312497
282621896.8407222 0.5395632897871303
283296626.816468 0.5388404236239134
283971356.7922138 0.5381187359638531
284646086.7679596 0.5373982239397269
285320816.7437054 0.5366788846947882
285995546.7194512 0.5359607153827189
286681522.19479275 0.535231773002462
287356252.17053854 0.5345159544393014
287896036.15113515 0.5339441359381703
288435820.1317318 0.5333730593020927
289121795.60707337 0.5326483842798971
289796525.58281916 0.5319367529003859
290471255.55856496 0.531226272833816
291145985.53431076 0.530516941311953
291820715.51005656 0.5298087555765955
292495445.48580235 0.529101712879529
293170175.46154815 0.5283958104824829
293856150.9368897 0.5276793091989254
295880340.8641271 0.5255718695551669
296555070.8398729 0.5248716466856229
297229800.8156187 0.5241725478482349
297904530.7913645 0.5234745703732636
301289426.16968924 0.519989879863672
301964156.14543504 0.519298593436569
302638886.12118083 0.5186084099066278
303313616.0969266 0.5179193266798244
303842154.5779275 0.5173803116746831
304381938.55852413 0.5168305221993234
305056668.5342699 0.5161442694812636
305731398.5100157 0.5154591078468098
306406128.4857615 0.5147750347440266
307080858.4615073 0.5140920476300481
307755588.43725306 0.5134101439710376
308441563.9125946 0.5127179833402049
309791023.8640862 0.5113596064810062
310465753.839832 0.5106820293517245
311140483.8155778 0.510005523100857
311815213.7913236 0.5093300852480545
312501189.26666516 0.5086444828063413
313175919.24241096 0.5079711920471676
313850649.21815675 0.5072989622565395
314525379.19390255 0.5066277909890291
315200109.16964835 0.505957675807806
316549569.12113994 0.504620603999663
317224299.09688574 0.5039536425417313
317910274.5722273 0.5032766377759821
318585004.5479731 0.5026117841522786
319259734.5237189 0.5019479721326262
319934464.4994647 0.5012851993394651
323319359.87778944 0.4979758896263268
324668819.82928103 0.49666377273179385
325343549.8050268 0.49600924613541514
326018279.7807726 0.49535573769823593
326693009.7565184 0.4947032451241896
327378985.23186 0.4940409167160677
328053715.2076058 0.4933904658474521
328728445.1833516 0.4927410239634648
329403175.1590974 0.4920925887997213
330077905.1348432 0.49144515809963824
330752635.11058897 0.4907987296143994
331157473.09603643 0.49041135265377
331551065.58188814 0.4900350808354244
332225795.55763394 0.4893908327417371
332900525.53337973 0.48874757975548727
333586501.0087213 0.48809462372445755
334261230.9844671 0.48745337080328804
334935960.9602129 0.4868131063255962
335610690.9359587 0.48617382809749315
336285420.9117045 0.48553553393258236
336960150.8874503 0.4848982216519277
337634880.8631961 0.48426188908401985
338995586.31428343 0.4829815896950468
339670316.2900292 0.4823481995126533
340345046.265775 0.4817157803949585
341019776.2415208 0.48108433020722785
341694506.2172666 0.4804538468219618
342380481.6926082 0.4798138443014359
343055211.668354 0.47918530419233724
343729941.6440998 0.478557724511259
344404671.61984557 0.4779311031594452
345079401.59559137 0.47730543804521797
345754131.57133716 0.4766807270839472
346428861.54708296 0.4760569681980192
347114837.0224245 0.4754237872056751
347789566.99817026 0.47480194204708054
348464296.97391605 0.474181042738565
349139026.94966185 0.47356108723039386
349813756.92540765 0.47294207347969797
350488486.90115345 0.4723239994504442
351174462.376495 0.47169658544059695
351849192.3522408 0.47108040035072213
352523922.3279866 0.4704651488813704
353198652.3037324 0.46985082902366854
358326600.11940044 0.4652122349370009
358731438.1048479 0.464848291334957
361430358.0078311 0.4624303840859842
362105087.9835769 0.46182817636513473
362779817.9593227 0.46122687243824595
363465793.43466425 0.460616471324444
364140523.41041005 0.4600169842445238
364815253.38615584 0.4594183952149693
365489983.36190164 0.4588207023443337
366164713.33764744 0.45822390374735295
366839443.31339324 0.4576279975449198
367514173.28913903 0.45703298186405716
368200148.7644806 0.4564289602390628
368874878.7402264 0.4558357347709667
369549608.7159722 0.45524339421116694
370224338.691718 0.45465193671104587
370899068.6674638 0.45406136042798534
371573798.6432096 0.4534716635253412
372248528.6189554 0.4528828441724177
372934504.09429693 0.45228510889294515
373609234.0700427 0.4516980537207676
374283964.0457885 0.4511118706114939
374958694.0215343 0.45052655775806666
375633423.9972801 0.4499421133592506
376308153.9730259 0.4493585356196081
376982883.9487717 0.44877582274947414
377668859.4241133 0.4481842827706404
378343589.3998591 0.447603308633587
379018319.37560487 0.4470231940019448
379693049.35135067 0.4464439371089895
380379024.8266922 0.4458559034204188
381053754.802438 0.44527837094943856
381728484.7781838 0.44470169092166334
382403214.7539296 0.4441258615929205
383077944.7296754 0.4435508812245926
383752674.7054212 0.4429767480835931
384438650.18076277 0.44239391280176926
385034661.6593382 0.44188822304408193
385630673.13791364 0.4413831904615749
386305403.11365944 0.44081224707797895
386980133.08940524 0.44024214270756057
387654863.06515104 0.439672875648767
388329593.04089683 0.4391044442054197
389015568.5162384 0.43852739378363476
389690298.4919842 0.43796064236043203
390365028.46773 0.4373947214682028
391039758.4434758 0.4368296294321286
391714488.4192216 0.43626536458265286
392400463.89456314 0.43569254158455745
393075193.87030894 0.4351299398375714
393749923.84605473 0.434568160272342
394424653.82180053 0.43400720124022507
395099383.7975463 0.43344706109772774
395774113.7732921 0.4328877382064872
396448843.7490379 0.432329230933249
397123573.7247837 0.43177153764984555
397618375.7069973 0.43136307897104026
398113177.6892109 0.4309550565265284
398787907.6649567 0.4303993641555937
399462637.6407025 0.42984448016926347
400137367.6164482 0.4292904029618324
400812097.592194 0.428737130932567
401498073.0675356 0.4281754614772972
402172803.0432814 0.4276238083750188
402847533.0190272 0.4270729556519348
403241125.50487894 0.4267519938874598
403634717.99073064 0.42643130362312703
406344883.3933096 0.42423046808918397
407019613.3690554 0.4236845294524221
407705588.84439695 0.4231303007972844
408380318.82014275 0.4225859519871242
409055048.79588854 0.4220423891929968
409729778.77163434 0.421499610877957
410404508.7473801 0.4209576155097439
411079238.7231259 0.4204164015607616
411484076.7085734 0.4200920476388632
411596531.704531 0.42000199910968383
412001369.6899785 0.41967800346249245
412676099.6657243 0.4191386328134873
413350829.6414701 0.41860003847484567
414036805.11681163 0.4180532618359255
414711535.09255743 0.41751622847584985
415386265.0683032 0.4169799668925216
416060995.044049 0.4164444755921964
416735725.0197948 0.41590975308563544
417410454.9955406 0.4153757978880868
418085184.9712864 0.41484260851926735
418759914.9470322 0.4143101835033434
419445890.4223738 0.4137696667882802
420120620.39811957 0.41323877874619414
420795350.37386537 0.41270865063168083
421470080.34961116 0.4121792809865972
422144810.32535696 0.41165066835715847
422819540.30110276 0.411122811293921
423494270.27684855 0.4105957083517638
424180245.7521901 0.4100605919541935
424854975.7279359 0.40953500544461996
425529705.7036817 0.4090101687226897
426204435.6794275 0.4084860803604674
426879165.6551733 0.4079627389342526
427553895.6309191 0.40744014302456183
428228625.6066649 0.406918291216112
428903355.5824107 0.40639718209780246
429465630.5621988 0.4059634908167984
430016660.04239124 0.405538972018346
430691390.01813704 0.40501982423564764
431366119.99388283 0.4045014140277964
432040849.96962863 0.4039837400029183
432693088.9461829 0.40348402025714136
433345327.9227372 0.40298498588665627
434031303.39807874 0.40246087749340714
434706033.37382454 0.4019460978629742
435380763.3495703 0.401432047585604
436055493.3253161 0.40091872529349704
436730223.30106187 0.40040612962284283
437314989.2800416 0.3999624667464562
437888509.7594255 0.3995278641351778
438563239.7351713 0.39901723559912344
439237969.7109171 0.39850732865038785
439912699.6866629 0.3979981419437585
440598675.1620045 0.39748120575755436
441273405.13775027 0.39697346746315365
441948135.11349607 0.3964664453763492
442386709.5977308 0.39613726445625036
442836529.5815613 0.3957999563699966
443511259.5573071 0.3952945883956501
444185989.5330529 0.3947899322335876
444860719.5087987 0.39428598656681396
445535449.4845445 0.393782750082117
446210179.4602903 0.3932802214700529
446896154.9356319 0.3927700417029506
447570884.91137767 0.3922689366662239
448245614.88712347 0.39176853557464936
448920344.86286926 0.3912688371337656
449595074.83861506 0.3907698400528039
450269804.81436086 0.3902715430446733
450944534.79010665 0.38977394482594596
451619264.76585245 0.389277044116842
452305240.241194 0.38877257545801386
452979970.2169398 0.38827707751525914
453654700.1926856 0.38778227324341374
454329430.1684314 0.38728816137720506
455004160.1441772 0.3867947406549359
455678890.119923 0.38630200981847035
456364865.59526455 0.3858017727369053
457039595.57101035 0.3853104293575697
457714325.54675615 0.38481977209009266
458389055.52250195 0.38432979969049985
459063785.49824774 0.3838405109183074
459738515.47399354 0.38335190453650786
460413245.44973934 0.38286397931155686
461099220.9250809 0.38236861901188834
464866463.2896616 0.37966066814620353
465541193.2654074 0.3791778797593919
466215923.2411532 0.37869576206189637
466890653.216899 0.3782143138527233
467452928.1966871 0.3778136175622745
468015203.1764753 0.37741338467115165
468701178.65181684 0.3769257270769131
469375908.62756264 0.3764467345117593
470050638.60330844 0.3759684058542432
470725368.57905424 0.37549073992206555
471400098.55480003 0.3750137355361734
472074828.53054583 0.3745373915207471
472760804.0058874 0.3740537842011018
473435533.9816332 0.373578768369271
474110263.957379 0.3731044093803115
474560083.9412095 0.37278853439261317
475021149.42463577 0.3724650646027475
475695879.40038157 0.3719922446224491
476370609.37612736 0.37152007760156397
477045339.35187316 0.3710485623877038
477720069.32761896 0.3705776978316091
478406044.8029605 0.3700996513660215
479080774.7787063 0.3696300954866096
484208722.59437436 0.3660825401901612
484883452.57012016 0.3656185133821243
485558182.54586595 0.36515512410654927
486244158.0212075 0.3646846640906451
486918887.9969533 0.3642225571297021
487593617.9726991 0.36376108435926763
488268347.9484449 0.36330024467743927
488943077.9241907 0.362840036985247
489617807.8999365 0.36238046018664194
490303783.37527806 0.36191386940144504
490978513.35102385 0.3614555615827783
491653243.32676965 0.3609978813688673
492327973.30251545 0.36054082767528256
493002703.27826124 0.3600843994204598
493677433.25400704 0.3596285955256884
494352163.22975284 0.3591734149151006
495026893.20549864 0.35871885651566093
495712868.6808402 0.3582573588925408
496387598.656586 0.3578040520330955
497062328.6323318 0.3573513641648551
497737058.6080776 0.3568992942260499
498411788.5838234 0.3564478411576883
498805381.0696751 0.3561847779885365
499210219.05512255 0.35591441712248095
499884949.03086835 0.3554643072211728
500559679.00661415 0.35501481083755926
501234408.98235995 0.35456592692415495
501909138.95810574 0.3541176544361978
502595114.4334473 0.35366253646194323
503269844.4091931 0.35321549384837925
503944574.3849389 0.3527690595249574
504619304.3606847 0.35232323245775016
505294034.3364305 0.35187801161550164
505968764.3121763 0.3514333959696175
506643494.2879221 0.35098938449415473
507318224.2636679 0.350545976165812
508004199.73900944 0.35009579495610166
508678929.71475524 0.3496535998724731
