1.0 1.0164601997398195
2710166.4025789453 1.0100416256450278
8366652.699247864 0.996809083503801
15901137.428409247 0.9795221094826947
16575867.404155042 0.9779926528049738
17250597.37990084 0.9764662320477115
17925327.355646633 0.974942841184707
18600057.33139243 0.9734224742017211
19960762.78247978 0.9703655744081973
20635492.75822558 0.9688542931469931
21310222.733971376 0.9673460117286522
21984952.70971717 0.9658407241985867
22659682.685462967 0.9643384246140282
23334412.66120876 0.9628391070440047
24009142.636954557 0.9613427655693169
24683872.61270035 0.9598493942825147
25369848.08804191 0.9583341722519119
26044578.063787706 0.9568467729224307
26719308.0395335 0.9553623260309755
27394038.015279297 0.9538808257170552
28068767.991025094 0.9524022661318121
29429473.442112446 0.949429425665383
30104203.417858243 0.9479597019606736
30778933.393604036 0.9464928956084646
31453663.369349834 0.9450290008179092
32128393.345095627 0.9435680118096543
32611949.82771345 0.9425227539333612
33286679.803459246 0.9410667397415242
35322115.230292395 0.9366919167408947
35996845.20603819 0.9352474765662762
36592856.684613645 0.9339739395204545
37177622.66359333 0.9327266019537139
37852352.63933913 0.9312900327966027
39213058.09042648 0.9284016196641813
39775333.070214644 0.9272114358287098
40337608.050002806 0.9260232210484705
40731200.53585452 0.9251926405454882
41124793.02170624 0.9243630221674235
41518385.50755795 0.9235343647997731
41653331.50270711 0.9232504747306434
42058169.48815458 0.9223994810963392
42732899.46390038 0.9209834109294543
43238946.94570973 0.9199232032312437
43744994.427519076 0.9188645742826522
44419724.40326487 0.9174555207878123
45780429.85435222 0.9146224315497256
48490595.25693117 0.9090133770936353
48884187.74278288 0.9082025003937769
49277780.228634596 0.9073925629944138
50638485.67972195 0.9045997152923709
51987945.631213546 0.9018409795599767
52662675.606959336 0.900465717332486
54012135.55845093 0.8977233770077075
54686865.53419673 0.8963562880838549
55372841.009538285 0.8949691961573387
56047570.985284075 0.8936075741905513
56722300.96102987 0.8922486549979227
57397030.93677567 0.8908924332145365
57790623.42262738 0.8901025473898184
57914323.91818078 0.8898544865816969
58307916.40403249 0.889065803089943
58982646.37977829 0.8877158991613642
62986044.23587001 0.8797614042632581
63660774.21161581 0.8784299692558087
64335504.1873616 0.8771011771024118
65122689.15906503 0.8755542528658815
65808664.63440659 0.874209139779231
66483394.61015238 0.8728887258314715
67832854.56164397 0.8702557556662488
68507584.53738977 0.8689431890540064
68946159.02162454 0.8680914182260581
69384733.5058593 0.8672407467590347
70070708.98120086 0.8659124104607092
71420168.93269245 0.863307108314501
72094898.90843825 0.8620083345353353
72769628.88418405 0.860712138778774
73264430.86639763 0.8597632307369321
73759232.8486112 0.8588157043315483
74445208.32395276 0.8575043699036272
75119938.29969856 0.8562171143665365
75794668.27544436 0.8549324139887237
76469398.25119016 0.853650263698283
77144128.22693595 0.8523706584333761
77818858.20268175 0.8510935931422122
78493588.17842755 0.8498190627830284
79168318.15417334 0.8485470623240691
79854293.6295149 0.8472564501799992
83227943.50824387 0.8409469793348543
83902673.48398967 0.839692589665427
84577403.45973547 0.8384406899176273
85263378.93507703 0.837170472594758
89176812.79440264 0.8299728567820177
89581650.77985011 0.8292329990663587
89986488.76529759 0.8284940228565603
90661218.74104339 0.8272643518901157
91335948.71678919 0.8260371217794984
92021924.19213074 0.8247919350555668
92696654.16787654 0.8235696126098471
93371384.14362234 0.8223497164333862
94720844.09511392 0.8199171836335468
95395574.07085972 0.8187045374067013
96070304.04660551 0.8174942982421431
96745034.02235131 0.816286461361934
97419763.9980971 0.8150810219976196
98105739.47343867 0.8138579448583261
98780469.44918446 0.8126573260182178
99455199.42493026 0.8114590903664356
100129929.40067606 0.81026323317243
100815904.87601762 0.8090498784080619
101490634.85176341 0.8078588034193844
102165364.8275092 0.8066700926748065
102840094.80325499 0.8054837414813826
103514824.77900079 0.8042997451554821
104133327.25676776 0.8032164798834056
104740584.234939 0.8021548281513761
106090044.18643057 0.7998023881402491
106776019.66177213 0.7986101435285109
107450749.63751793 0.7974397910651353
108125479.61326373 0.7962717617123382
108800209.58900952 0.7951060508588225
109474939.56475532 0.7939426539024445
110149669.54050112 0.7927815662501957
110835645.01584268 0.7916034897693525
111510374.99158847 0.7904470452798364
112106386.47016393 0.7894274288743152
112702397.94873938 0.7884096004582926
113377127.92448516 0.7872594957324607
114051857.90023096 0.7861116739261238
114681605.87759371 0.7850424292765275
115300108.35536069 0.7839942066064083
115974838.33110648 0.7828528662900052
116649568.30685228 0.781713791496037
118010273.75793964 0.7794235303015647
119359733.70943122 0.7771612424621367
120034463.68517701 0.7760334653515046
120709193.66092281 0.7749079268407968
121383923.63666861 0.7737846224864668
122058653.6124144 0.7726635478537892
122744629.08775596 0.7715260698559226
123419359.06350176 0.7704094783748358
124094089.03924756 0.7692951032905717
124768819.01499335 0.7681829402036568
125454794.49033491 0.76705450414371
126095787.96729341 0.7660021220926347
126613080.94869852 0.7651542785522909
127152864.92929517 0.7642709481592301
127838840.40463673 0.763150406561814
128513570.38038251 0.7620504404928218
129863030.3318741 0.7598570542086736
130537760.3076199 0.7587636253341843
131212490.2833657 0.7576723668795167
131898465.75870726 0.7565651413246887
132573195.73445305 0.7554782467874039
133247925.71019885 0.7543935096994998
133922655.68594465 0.7533109257785112
134597385.66169044 0.7522304907504738
135272115.63743624 0.7511522003499066
135946845.61318204 0.7500760503197956
136621575.58892784 0.7490020364115773
137307551.0642694 0.7479123077223437
137982281.0400152 0.7468425887709647
138657011.015761 0.7457749931760016
139095585.49999574 0.7450821926923126
139534159.98423052 0.7443902863901986
140208889.95997632 0.7433275585336137
140883619.9357221 0.7422669401563549
142233079.88721368 0.7401520150991427
142919055.36255524 0.7390801458945022
143593785.33830103 0.7380279584895713
144223533.31566378 0.7370478013372297
144853281.29302654 0.7360694601790727
145539256.7683681 0.7350058296355746
146213986.7441139 0.7339617296124346
146888716.7198597 0.7329197020929925
147563446.6956055 0.7318797429633983
148238176.67135128 0.7308418481179669
148912906.64709705 0.7298060134591632
149598882.1224386 0.7287550226513498
150273612.0981844 0.727723330271448
150948342.0739302 0.7266936857664866
151623072.049676 0.7256660850715025
152297802.0254218 0.724640524129601
152972532.0011676 0.7236169988919402
154333237.45225495 0.7215590654306869
155007967.42800075 0.7205416567856975
155682697.40374655 0.7195262676629116
156357427.37949234 0.718512894053645
157032157.35523814 0.7175015319571708
157706887.33098394 0.716492177380703
158381617.30672973 0.7154848263393816
159056347.28247553 0.7144794748562562
159731077.25822133 0.7134761189622704
160417052.7335629 0.7124580821428012
160855627.21779764 0.7118082830262983
161294201.70203242 0.7111593225904994
161980177.17737398 0.7101459611031732
162654907.15311977 0.7091512070893529
163329637.12886557 0.7081584276290493
164004367.10461137 0.7071676188028397
164679097.08035716 0.7061787766990812
165353827.05610296 0.7051918974138953
166703287.00759453 0.7032240117224575
167782854.96878782 0.7016553239840781
168176447.45463952 0.7010846459753683
168592530.93968275 0.7004820765804152
169413452.41017348 0.6992953865951128
169807044.8960252 0.6987274422823626
170481774.871771 0.6977553536473
170931594.85560152 0.697108366773562
171381414.83943206 0.6964622363482179
171977426.3180075 0.6956074307975431
172460982.80062532 0.6949150108557836
172719629.2913279 0.6945450512422287
173248167.77232876 0.6937899224943079
173787951.7529254 0.6930199393056489
174327735.73352203 0.6922511790726316
175002465.70926782 0.69129194560389
175677195.68501362 0.6903346161815688
176351925.66075942 0.6893791870261992
177026655.63650522 0.6884256543658149
177577685.1166976 0.6876483402349205
177847577.10699594 0.6872680748908229
178252415.0924434 0.6866982432476485
179478174.5483816 0.6849770561637278
180040449.52816975 0.6841895970133465
180715179.50391555 0.6832463655159312
181322436.48208678 0.6823990580762337
181929693.46025798 0.681553264476166
182593177.936408 0.6806308840511288
183256662.41255805 0.6797103040353449
183931392.38830385 0.6787759637849913
184606122.36404964 0.6778434781688502
185292097.8393912 0.6768973485885615
185966827.815137 0.6759685919608851
186641557.7908828 0.6750416788841167
187316287.7666286 0.6741166056988692
187991017.7423744 0.6731933687530196
188665747.7181202 0.6722719644016935
189351723.19346175 0.6713370782253214
190026453.16920754 0.6704193585487378
190701183.14495334 0.6695034605150827
194918245.49336454 0.6638201447007352
195592975.46911034 0.6629173458863146
196267705.44485614 0.662016339097409
196942435.42060193 0.6611171207769075
197617165.39634773 0.6602196873747603
198291895.37209353 0.6593240353479637
198966625.34783933 0.6584301611605474
199652600.82318088 0.6575232079645603
200327330.79892668 0.6566329083593959
201002060.77467248 0.6557443759692334
201676790.75041828 0.6548576072862099
202351520.72616407 0.6539725988094256
202925041.205548 0.6532217229563575
203498561.68493193 0.6524721141860198
204173291.6606777 0.6515918408334218
205533997.11176506 0.6498219343174855
206208727.08751085 0.6489469214834747
206883457.06325665 0.6480736455207352
207558187.03900245 0.6472021029816355
208232917.01474825 0.6463322904253876
208907646.99049404 0.6454642044180331
209593622.4658356 0.6445834167301849
210268352.4415814 0.6437188021787454
210943082.4173272 0.6428559038583335
211617812.393073 0.6419947183622876
212292542.3688188 0.6411352422907086
212967272.3445646 0.6402774722504462
213642002.32031038 0.6394214048550848
214316732.29605618 0.6385670367249314
215002707.77139774 0.6377001676318304
215677437.74714354 0.6368492161001175
216352167.72288933 0.6359999536787939
217026897.69863513 0.6351523770150319
218376357.65012673 0.6334622675821446
219051087.6258725 0.6326197281405874
219737063.10121405 0.631764860811356
220411793.07695985 0.6309256906655862
221086523.05270565 0.6300881862445482
221761253.02845144 0.6292523442418334
222435983.00419724 0.6284181613575972
223121958.4795388 0.6275717728573516
223796688.4552846 0.6267409258512231
224224017.4399236 0.6262155759591662
224662591.92415836 0.6256770880525098
225337321.89990416 0.6248500019324825
226012051.87564996 0.6240245575507989
226686781.85139576 0.6232007516486631
227361511.82714155 0.6223785809737478
228047487.3024831 0.6215443804433394
228722217.2782289 0.620725497609984
229396947.2539747 0.619908240231722
230071677.2297205 0.6190926050820793
230746407.2054663 0.6182785889409862
232781842.63229945 0.6158327497747862
233456572.60804525 0.615025204337678
234131302.58379105 0.6142192618513099
234806032.55953684 0.6134149191338785
235480762.5352826 0.6126121730098956
236155492.5110284 0.6118110203101764
236830222.4867742 0.6110114578718272
237504952.46252 0.610213482538232
238179682.4382658 0.6094170911590411
238865657.91360736 0.6086090471224396
239259250.3994591 0.6081461517321679
239652842.8853108 0.6076837925490279
240338818.36065236 0.6068792463367512
241013548.33639815 0.6060894733051374
241688278.31214395 0.6053012679466322
242363008.28788975 0.6045146271494567
243037738.26363555 0.6037295478080089
243723713.7389771 0.6029329813248805
244398443.7147229 0.6021510414976057
246422633.64196026 0.599814522444992
247097363.61770606 0.5990387726545129
247772093.59345186 0.5982645627014767
248458069.06879342 0.5974790246457234
249132799.0445392 0.596707910740427
249807529.020285 0.5959383274704959
250482258.9960308 0.5951702717976703
251156988.9717766 0.5944037406897207
251831718.9475224 0.593638731120437
252326520.929736 0.5930786893761983
252821322.91194957 0.5925194630682906
253496052.88769537 0.5917581937271962
254170782.86344117 0.5909984354803359
254856758.33878273 0.59022756058556
255531488.31452852 0.5894708405943998
256206218.29027432 0.5887156226671659
256880948.26602012 0.5879619038223117
257555678.24176592 0.5872096810842086
258230408.21751168 0.5864589514831345
258905138.19325748 0.5857097120552625
259703568.66455668 0.5848250330254043
260378298.64030248 0.5840790368711376
261053028.61604828 0.583334521494339
261727758.59179407 0.5825914839557145
262402488.56753987 0.5818499213218047
263077218.54328567 0.5811098306649729
263751948.51903147 0.580371209063394
264426678.49477726 0.5796340536010421
265112653.97011882 0.5788861122107087
265787383.94586462 0.5781519046160432
266462113.92161041 0.5774191543989483
267136843.8973562 0.5766878586665782
267811573.87310198 0.5759580145318295
268486303.8488478 0.575229619113329
269161033.8245936 0.5745026695354236
269835763.8003394 0.5737771629281678
270521739.27568096 0.5730410408369122
271196469.25142676 0.57231843551384
271871199.22717255 0.5715972645382165
272545929.20291835 0.57087752506291
273906634.6540057 0.5694303932335052
274581364.6297515 0.5687149549254176
275256094.60549724 0.5680009367384933
275930824.58124304 0.5672883358538392
276605554.55698884 0.5665771494581575
277280284.53273463 0.5658673747437348
277955014.5084804 0.565159008908431
278640989.983822 0.5644402783898624
279315719.9595678 0.5637347452931907
279990449.9353136 0.563030612656168
280665179.9110594 0.562327877698929
281339909.8868052 0.5616265376471257
282014639.862551 0.5609265897319176
282689369.8382968 0.5602280311899598
283364099.81404257 0.5595308592633927
284050075.2893841 0.5588234864408484
284724805.2651299 0.5581291024887307
285399535.2408757 0.5574360968655825
286074265.2166215 0.5567444668354664
286748995.1923673 0.5560542096678767
288098455.1438589 0.5546778030253392
288773185.1196047 0.553991648116436
289459160.59494627 0.5532954535106038
290133890.57069206 0.5526120425193504
290808620.54643786 0.5519299880761053
291483350.52218366 0.5512492874881658
292158080.49792945 0.5505699380681746
292832810.47367525 0.5498919371341082
293507540.44942105 0.5492152820092673
294193515.9247626 0.5485287261866527
294868245.9005084 0.5478547769900441
295261838.3863601 0.5474622579172033
295655430.8722118 0.5470701935292235
296341406.3475534 0.5463879665294793
297016136.32329917 0.5457182666693408
297690866.29904497 0.545049896141073
298365596.27479076 0.5443828523059964
299040326.25053656 0.5437171325306692
299715056.22628236 0.5430527341868773
300389786.20202816 0.5423896546516229
301064516.17777395 0.5417278913071153
301739246.15351975 0.5410674415407597
303099951.6046071 0.5397395195475838
303774681.5803529 0.5390830166328073
304449411.5560987 0.5384278168544055
305124141.5318445 0.537773917625696
305810117.00718606 0.5371104506594492
306484846.98293185 0.5364591663586686
307159576.95867765 0.5358091748354878
307834306.93442345 0.5351604735237868
308509036.91016924 0.5345130598625385
309183766.88591504 0.5338669312957999
309858496.86166084 0.5332220852727012
310544472.3370024 0.532567803976964
311219202.3127482 0.5319255366782338
311893932.288494 0.5312845442586555
312568662.2642398 0.5306448241876365
313243392.2399856 0.5300063739396073
313918122.2157313 0.5293691909940117
314604097.6910729 0.5287226849005683
315278827.6668187 0.528088050034871
315953557.6425645 0.5274546748982007
316347150.12841624 0.5270857868237623
317426718.0896095 0.5260761714730096
318101448.0653553 0.5254467898481366
318776178.0411011 0.524818657524783
319450908.0168469 0.5241917720231268
319866991.5018901 0.523805813060183
320271829.4873376 0.5234307390558923
320957804.96267915 0.5227962168534648
321632534.93842494 0.5221733458290407
322307264.91417074 0.5215517111828113
322981994.88991654 0.520931310460607
323656724.86566234 0.5203121412131302
324331454.84140813 0.5196942009959442
325006184.81715393 0.5190774873694651
325692160.2924955 0.5184517500985852
326366890.2682413 0.5178375026956696
327041620.2439871 0.517224474553348
327716350.2197329 0.5166126632514285
328391080.1954787 0.5160020663745236
329065810.1712245 0.5153926815120403
329740540.1469703 0.5147845062581704
330415270.12271607 0.514177538211881
331101245.5980576 0.5135616891167916
331775975.5738034 0.5129571483217154
332450705.5495492 0.5123538075199404
333125435.525295 0.51175166432952
333800165.5010408 0.5111507163732357
335149625.4525324 0.5099523966777848
335824355.4282782 0.5093550202077372
336510330.90361977 0.508748903031132
337185060.8793655 0.5081539154558055
337859790.8551113 0.5075601089109578
338534520.8308571 0.506967481052283
339209250.8066029 0.5063760295401282
339883980.7823487 0.5057857520394848
340558710.7580945 0.5051966462199793
341233440.7338403 0.5046087097558637
341919416.20918185 0.504012170709683
342594146.18492764 0.5034265853899225
343268876.16067344 0.5028421624374774
343943606.13641924 0.5022588995450874
344618336.11216503 0.5016767944100718
345293066.08791083 0.5010958447343211
345945305.0644651 0.5005353562200289
347272274.0167652 0.4993983696644209
347947003.992511 0.4988219425857462
348632979.46785253 0.4982370813282928
349307709.44359833 0.49766295936820637
349982439.4193441 0.49708997702104907
350657169.3950899 0.4965181320247271
351331899.3708357 0.495947422121637
352006629.3465815 0.4953778450586568
352681359.3223273 0.49480939858713646
353356089.2980731 0.49424208046288975
355391524.72490627 0.49253748418041987
356066254.70065206 0.4919746757304436
356740984.67639786 0.49141298443645653
357415714.65214366 0.490852408080941
358090444.62788945 0.49029294445078164
358765174.60363525 0.4897345913372555
359439904.57938105 0.4891773465360243
360125880.0547226 0.4886119482276957
360800610.0304684 0.48805693183556786
362150069.98195994 0.4869502019315394
362824799.95770574 0.48639848405034736
363499529.93345153 0.48584786131073554
364174259.90919733 0.48529833153888446
364860235.3845389 0.4847407611448775
365534965.3602847 0.48419342892990525
365928557.84613645 0.4838746536651851
366322150.33198816 0.48355624766223326
366996880.30773395 0.4830112666669901
367671610.28347975 0.4824673674408333
371056505.66180444 0.4797550565278982
371731235.63755023 0.4792176207701889
372405965.61329603 0.4786812518045215
373080695.5890418 0.47814594751334927
374441401.0401292 0.4770696471230689
377826296.41845393 0.4744108724091696
378501026.3941997 0.47388404467857004
379175756.3699455 0.4733582626834323
379850486.3456913 0.4728335243480066
380525216.3214371 0.47230982760066315
381199946.2971829 0.47178717037388435
381874676.2729287 0.4712655506042567
382560651.7482703 0.4707362985866756
383235381.7240161 0.4702167647624719
383910111.69976187 0.46969826219556937
384584841.67550766 0.46918078883895675
385259571.65125346 0.468664342649686
385934301.62699926 0.468148921588864
386609031.60274506 0.46763452362164537
387295007.0780866 0.4671125990746051
387969737.0538324 0.4666002581729891
388644467.0295782 0.4660889342509631
389319197.005324 0.4655786252898566
389993926.9810698 0.46506932927500577
390668656.9568156 0.4645610441957463
391354632.43215716 0.46404532197935777
392029362.40790296 0.46353906952040325
392704092.38364875 0.4630338219556831
393378822.35939455 0.4625295772905159
394053552.33514035 0.46202633353417966
394728282.31088614 0.46152408869990347
395403012.28663194 0.46102284080486045
396088987.7619735 0.4605142587395198
396763717.7377193 0.46001501532324435
397157310.223571 0.45972424776411014
397550902.7094227 0.4594338170232769
398225632.6851685 0.4589367182477476
398911608.16051006 0.4584323460111015
399586338.13625586 0.4579372351221066
400261068.11200166 0.4574431070117016
400755870.0942152 0.4570813698780242
401261917.5760246 0.45671195623084004
401936647.5517704 0.45622026025813966
402611377.5275162 0.45572954028553436
403286107.503262 0.45523979437569645
403960837.4790078 0.45475102059514394
404635567.4547536 0.4542632170142328
405310297.4304994 0.45377638170714873
405996272.90584093 0.4532824231121978
406671002.88158673 0.4527975346482746
407345732.8573325 0.45231360867176884
408020462.8330783 0.4518306432721749
408695192.8088241 0.45134863654278
409369922.78456986 0.4508675865806555
410044652.76031566 0.4503874914866506
410719382.73606145 0.4499083493653835
411405358.211403 0.44942219652157994
412080088.1871488 0.44894497047860116
412754818.1628946 0.44846869171338993
413429548.1386404 0.4479933583456315
414104278.1143862 0.44751896849874334
414779008.090132 0.44704552029986827
415453738.0658778 0.4465730118798662
420379266.88882214 0.4431519963704662
421065242.3641637 0.4426794779550961
421739972.3399095 0.4422156359834285
422414702.3156553 0.4417527147225935
423089432.2914011 0.44129071234501094
423764162.2671469 0.4408296270267283
424438892.2428927 0.44036945694741325
425124867.71823424 0.43990255374111453
425799597.69398 0.43944422387132975
426474327.6697258 0.4389868037710393
427149057.6454716 0.4385302916343813
427823787.62121737 0.43807468565907803
428498517.59696317 0.43761998404642954
429173247.57270896 0.4371661850013062
429859223.0480505 0.43670574604904144
430533953.0237963 0.43625376173582947
431208682.9995421 0.4358026745963939
431883412.9752879 0.4353524828498748
432558142.9510337 0.43490318471894707
433232872.9267795 0.4344547784298135
433907602.9025253 0.434007262212198
434593578.37786686 0.4335531980166588
435268308.35361266 0.4331074714060724
435943038.32935846 0.43266262954793167
436617768.30510426 0.43221867068603237
437292498.28085005 0.43177559306765645
437967228.25659585 0.431333394943565
438473275.7384052 0.4310023224683023
438979323.22021455 0.4306717429912939
439665298.6955561 0.4302244099269049
440340028.6713019 0.42978529084957595
441014758.6470477 0.42934704340895957
441689488.6227935 0.4289096658748858
442364218.5985393 0.42847315652061957
443038948.5742851 0.42803751362285264
443713678.5500309 0.42760273546169786
444399654.02537245 0.42716159570360235
445074384.00111824 0.42672855621028283
445749113.97686404 0.42629637628590455
446423843.95260984 0.42586505422425186
447098573.92835563 0.4254345883224958
447773303.90410143 0.42500497688118766
448448033.8798472 0.4245762182042519
449122763.855593 0.42414831059897967
449572583.83942354 0.423863510845338
450022403.82325405 0.42357908809515876
450697133.79899985 0.4231531597598731
451383109.2743414 0.42272099931672924
452057839.2500872 0.42229677425902945
452732569.225833 0.4218733912739103
453407299.2015788 0.4214508486898859
458827630.0067367 0.4180867145583911
459502359.9824825 0.41767168840126384
460177089.9582283 0.41725748605720664
460671891.94044185 0.416954260303507
