1.0 1.0023159643739727
427329.9846390038 1.001203992655686
3486105.87468661 0.9932931179775789
8209215.704907179 0.9812433804924425
26134542.06055381 0.9372867909677371
26618098.543171633 0.9361388909290799
29125844.95302684 0.9302169741113647
29598155.936048895 0.9291074559298571
30272885.911794692 0.9275256167373618
32308321.33862784 0.9227763649547753
33556571.793757565 0.9198805774689759
38189717.627212025 0.9092424929014228
41012338.0257486 0.9028458035042629
41687068.0014944 0.9013260751737305
45634238.3596073 0.8925074055302664
49480199.22135834 0.8840315581873798
51954209.132426254 0.8786394123459946
53989644.5592594 0.8742381155350396
57352048.93839262 0.8670359775286265
57959305.91656383 0.8657442929051224
58577808.394330814 0.864431514779807
61175518.80095212 0.8589488571964681
65898628.631172694 0.8491075437428175
66584604.10651425 0.8476917279737006
67731645.0652821 0.8453318995997406
68215201.54789992 0.8443399128678588
69564661.49939151 0.8415804652393141
70239391.47513731 0.8402056342254502
71600096.92622466 0.8374429411030553
72679664.88741794 0.8352604185298824
73095748.37246118 0.8344214430818069
73568059.35548323 0.8334705759676478
74006633.839718 0.8325890380520519
74636381.81708075 0.8313256104929132
75311111.79282653 0.8299750330125732
77335301.72006392 0.8259424356993179
78403624.18166144 0.8238256414526771
78808462.16710891 0.8230255590820481
79483192.1428547 0.8216946118724547
82182112.0458379 0.8164022266167423
83542817.49692525 0.8137529291257669
84892277.44841683 0.8111379916236361
85567007.42416263 0.8098351594408263
86241737.39990842 0.8085354085580252
86916467.37565422 0.8072387316877175
88277172.82674158 0.8046330876227779
89626632.77823317 0.8020612373848087
90301362.75397897 0.8007798724356798
91808259.69981124 0.7979290886360534
92482989.67555703 0.7966574965418962
93157719.65130283 0.7953889118624947
93832449.62704863 0.7941233274850776
94507179.60279442 0.7928607363136965
95193155.07813598 0.7915801631106609
95867885.05388178 0.7903235867219294
96542615.02962758 0.7890699822346356
97217345.00537337 0.7878193426200004
97892074.98111916 0.7865716608658682
99241534.93261075 0.7840851429733708
99927510.40795231 0.7828256702348129
100602240.3836981 0.781589798906433
101187006.3626778 0.7805210749980307
101760526.84206173 0.7794750316511485
102435256.81780753 0.7782470848450767
103784716.7692991 0.7757998969350028
105820152.19613226 0.7721305759668632
106494882.17187805 0.7709199993729037
107844342.12336965 0.7685074287384853
108282916.60760441 0.7677258001017719
108732736.59143494 0.7669253784145744
109351239.06920192 0.7658268596758203
109980987.04656467 0.7647108149998085
110666962.52190623 0.7634979268400146
111341692.49765202 0.7623077671364096
112016422.47339782 0.7611204222535872
112691152.4491436 0.7599358855342764
115401317.85172255 0.7552061550545717
116076047.82746835 0.7540356060397478
116750777.80321415 0.752867825464894
117425507.77895994 0.7517028067824328
117819100.26481165 0.7510244854100179
118212692.75066337 0.7503471003310329
118898668.22600493 0.7491687489870817
120056954.68436855 0.7471855012651354
120540511.16698636 0.7463599257951381
121215241.14273216 0.7452102988043856
121889971.11847796 0.7440633907713798
122564701.09422375 0.7429191952655728
123239431.06996955 0.7417777058716257
123914161.04571535 0.7406389161893723
124588891.02146114 0.7395028198337832
125274866.4968027 0.7383505430065639
126624326.44829428 0.7360918488149957
127973786.39978588 0.7338438259660423
128648516.37553167 0.7327238005302816
129323246.35127747 0.7316064240422748
129997976.32702327 0.7304916902370533
130683951.80236483 0.7293610802091661
131358681.77811062 0.7282516568177202
132033411.75385642 0.7271448572993637
132708141.7296022 0.7260406754484322
133382871.705348 0.724939105073937
134057601.6810938 0.7238401399995322
134743577.15643537 0.7227255232833263
135418307.13218117 0.7216317935029825
135969336.61237356 0.7207404999968903
136520366.09256595 0.7198509283804306
137195096.06831175 0.7187639972418564
137869826.04405755 0.7176796367804346
138544556.01980335 0.7165978409163126
139219285.99554914 0.7155186035840175
139894015.97129494 0.7144419187324214
141929451.3981281 0.7112093224767455
142604181.3738739 0.710142829412
143278911.3496197 0.7090788586867637
143953641.32536545 0.7080174043355065
145089436.78453755 0.7062362895089166
145550502.26796386 0.7055152861754828
146225232.24370965 0.7044622599519241
146899962.21945545 0.7034117242177421
147574692.19520125 0.7023636730827345
148249422.17094705 0.7013181006706298
148935397.6462886 0.7002576370438245
149610127.6220344 0.6992170455716662
150959587.57352597 0.6971432400473535
151398162.05776075 0.6964713650930396
151836736.54199553 0.695800523440606
153309896.9890405 0.6935547274073246
153984626.9647863 0.6925299888406952
154659356.9405321 0.691507673860921
155334086.9162779 0.6904877767360298
156020062.39161944 0.689453354068112
157369522.34311104 0.6874256777177228
158044252.31885684 0.6864154348329653
158718982.29460263 0.6854075812516418
159404957.7699442 0.6843853736534249
160079687.74569 0.6833823213255631
160754417.7214358 0.6823816412949057
161429147.69718158 0.6813833279507845
163453337.62441894 0.6784025321298102
164814043.0755063 0.676410643138724
165488773.0512521 0.6754264516722361
166838233.0027437 0.673465046303469
167512962.9784895 0.6724878214038728
168120219.95666072 0.67161029523751
168727476.93483192 0.6707346371684363
170088182.38591927 0.6687792768040346
170762912.36166507 0.6678131341157801
171437642.33741087 0.6668492764305455
172787102.28890246 0.6649283944650743
173461832.26464826 0.6639713594147297
174147807.73998982 0.6630006941133895
175497267.6914814 0.661097995016865
176171997.6672272 0.6601500191607919
180231623.02129775 0.6544935036760129
180906352.99704352 0.6535611479584991
181581082.97278932 0.6526309973351769
182255812.9485351 0.6517030465908262
182930542.9242809 0.6507772905225608
183616518.39962247 0.64983834968372
184291248.37536827 0.648917003769478
184965978.35111406 0.6479978369103817
185640708.32685986 0.6470808439527953
186315438.30260566 0.6461660197552717
187001413.77794722 0.6452381664806781
188350873.7294388 0.6434193875618897
189025603.7051846 0.642513222995093
189700333.6809304 0.6416092015783676
190375063.6566762 0.6407073182429968
191061039.13201776 0.6397925901364483
191735769.10776356 0.6388950032292144
192410499.08350936 0.6379995391852163
193085229.05925515 0.6371061929837165
193658749.53863907 0.6363485101244661
194232270.01802298 0.6355923507179817
194918245.49336454 0.6346899212887211
195592975.46911034 0.6338044025923912
196267705.44485614 0.6329209782170346
196942435.42060193 0.6320396432094181
197617165.39634773 0.6311603926280236
198303140.8716893 0.6302686196148659
198977870.8474351 0.629393557642784
199652600.82318088 0.6285205652607045
201676790.75041828 0.6259139567649129
202351520.72616407 0.6250491939110483
203037496.20150563 0.624172114962025
203712226.17725143 0.6233114717002531
204386956.15299723 0.6224528639271061
205061686.12874302 0.6215962868284941
205736416.10448882 0.6207417356017128
206411146.08023462 0.619889205455417
207085876.0559804 0.6190386916095934
207760606.03172618 0.6181901892955335
208401599.5086847 0.6173859709452181
209042592.9856432 0.616583559639161
209717322.961389 0.6157408639042261
210392052.9371348 0.6149001612106113
211066782.9128806 0.6140614468446179
211741512.8886264 0.6132247161036956
212427488.36396796 0.612376068505589
213338373.83122477 0.6112523287095168
214024349.30656633 0.6104084236158203
214699079.28231212 0.6095803325605352
215373809.25805792 0.6087542000053607
216048539.23380372 0.6079300213182904
216723269.20954952 0.6071077918782737
217397999.1852953 0.6062875070751887
218083974.66063687 0.6054555396406781
218758704.63638267 0.6046391625433567
219433434.61212847 0.603824716241719
220108164.58787426 0.603012196169282
220782894.56362006 0.6022015977703631
221457624.53936586 0.6013929165000539
222132354.51511163 0.6005861478241956
222818329.99045318 0.5997678890158242
223493059.96619898 0.5989649636570582
224167789.94194478 0.5981639372795622
224842519.91769058 0.5973648053920967
225517249.89343637 0.5965675635140446
226191979.86918217 0.5957722071753857
227541439.82067376 0.5941871332890025
228227415.29601532 0.5933842605831474
228902145.27176112 0.592596433004884
229576875.24750692 0.5918104687004585
230251605.2232527 0.5910263632630827
230926335.1989985 0.5902441122963904
231409891.68161634 0.5896846374170502
231893448.16423416 0.5891261111504168
233254153.6153215 0.5875595207672797
233928883.59106728 0.5867854691542289
234603613.56681308 0.586013248233781
235278343.54255888 0.5852428536762047
235953073.51830468 0.5844742811620088
236627803.49405047 0.5837075263819184
237302533.46979627 0.5829425850368501
237977263.44554207 0.5821794528378883
238663238.92088363 0.5814054519843125
240687428.84812102 0.5791323462664747
241227212.82871765 0.5785289068979429
241766996.80931428 0.5779266095447394
242441726.78506008 0.5771753405201109
243116456.76080588 0.5764258483054816
243791186.73655167 0.575678128698557
244477162.21189323 0.5749197599456954
245151892.18763903 0.5741756023555311
245826622.16338482 0.5734332047562675
246501352.13913062 0.5726925629853881
247176082.11487642 0.5719536728902215
247850812.09062222 0.5712165303279179
248525542.066368 0.5704811311654252
249200272.0421138 0.5697474712794663
249886247.51745537 0.5690033624884352
250560977.49320117 0.568273197640972
251235707.46894696 0.5675447596904784
251910437.44469276 0.566818044552708
252585167.42043853 0.5660930481530739
253934627.37193012 0.5646481953180281
254598111.84808016 0.5639403145612787
255261596.3242302 0.5632340801271317
255947571.79957175 0.5625056324513276
256622301.77531755 0.5617908352435814
257297031.75106335 0.5610777285871349
257971761.72680914 0.5603663084837021
258646491.70255494 0.559656570944453
259321221.67830074 0.558948511989992
260007197.1536423 0.5582303687431459
260681927.1293881 0.5575256828684322
261356657.1051339 0.5568226636309246
262031387.0808797 0.556121307088896
262706117.0566255 0.5554216093099411
263380847.03237128 0.5547235663709558
264055577.00811708 0.5540271743581142
265416282.4592044 0.5526277897028535
266091012.4349502 0.5519363543657395
267440472.3864418 0.5505583857198473
268115202.3621876 0.549871844684998
268789932.3379334 0.5491869273733893
270825367.7647666 0.5471305585727309
271500097.7405124 0.5464521246171692
272174827.7162581 0.5457752952109716
272748348.19564205 0.5452012489578479
273321868.675026 0.5446283569242514
274007844.15036756 0.5439446457563764
278056224.00484234 0.5399429776289928
278742199.4801839 0.539270532215514
279416929.4559297 0.538610687837006
280091659.4316755 0.5379524040420585
280766389.4074213 0.5372956771397691
282801824.83425444 0.5353239461154069
283476554.81000024 0.5346734357216807
284151284.785746 0.5340244638359108
284826014.7614918 0.5333770268194058
285500744.7372376 0.5327311210420793
286175474.71298337 0.5320867428824314
286861450.1883249 0.5314331873827786
287536180.1640707 0.5307918789377436
288210910.1398165 0.5301520872373365
288885640.1155623 0.5295138086943378
289560370.0913081 0.5288770397300118
290235100.0670539 0.5282417767740865
290909830.0427997 0.5276080162647346
291584560.0185455 0.5269757546485525
292270535.49388707 0.5263344882581754
292945265.46963286 0.5257052386353287
294294725.42112446 0.5244512005435785
294969455.39687026 0.5238264050434647
296318915.34836185 0.5225812436190487
297004890.8237034 0.5219505436052276
297567165.8034916 0.5214347074898706
298129440.7832797 0.5209198882357012
298804170.7590255 0.5203034445653714
299490146.2343671 0.5196782214026396
300164876.21011287 0.5190647143714779
300839606.18585867 0.5184526583324256
301514336.16160446 0.5178420498537732
302189066.13735026 0.5172328855119273
302717604.61835116 0.5167567132533076
303246143.099352 0.5162814233988957
303920873.0750978 0.5156759500606682
304595603.0508436 0.5150719087142381
305270333.0265894 0.514469295972833
305956308.50193095 0.5138581007213963
306631038.47767675 0.513258358730823
307305768.45342255 0.5126600351769619
307980498.42916834 0.512063126705099
308655228.40491414 0.5114676299684549
309329958.38065994 0.510873541628165
310004688.35640574 0.5102808583532621
311365393.8074931 0.5090898741589635
312040123.7832389 0.508501409397121
312714853.7589847 0.5079143364004628
313389583.7347305 0.507328651877355
314064313.7104763 0.506744352543949
314739043.6862221 0.5061614351241632
315425019.16156363 0.5055702156983638
316099749.13730943 0.5049900752040437
316774479.1130552 0.5044113067873639
317449209.088801 0.5038339072032534
318123939.0645468 0.5032578732143161
318798669.0402926 0.5026832015908126
319473399.0160384 0.5021098891106422
320148128.9917842 0.5015379325593246
320834104.4671258 0.5009578301084894
321508834.4428716 0.5003885982668109
322183564.41861737 0.4998207127029561
322858294.39436316 0.4992541702328724
323533024.37010896 0.498688967680038
324207754.34585476 0.498125101875444
324882484.32160056 0.49756256965757606
325568459.7969421 0.49699202576310153
326917919.74843365 0.4958736450493264
327592649.72417945 0.4953164377029319
328267379.69992524 0.494760548195489
328672217.68537277 0.4944276457568276
329043319.17203295 0.4941229003949016
331618538.5794627 0.4920190500269631
332293268.5552085 0.4914709590992522
332866789.03459245 0.4910061011298097
333350345.51721025 0.4906148883866537
333923865.9965942 0.49015175169581393
334598595.97234 0.4896080770746915
335273325.9480858 0.48906568828656705
335948055.9238316 0.488524582290345
336386630.40806633 0.4881735498525387
336825204.8923011 0.4878230572807819
337499934.8680469 0.48728489020407045
338174664.8437927 0.48674799593458384
338849394.8195385 0.4862123714620331
339535370.29488003 0.48566911853742145
340210100.2706258 0.48513604569429036
340614938.25607336 0.48481680734370725
341031021.7411166 0.48448917354305865
341705751.7168624 0.48395889136211867
342380481.6926082 0.48342986334000815
343055211.668354 0.4829020865105432
343729941.6440998 0.48237555791455566
344415917.11944133 0.4818415304114809
345090647.0951871 0.48131751011361
349150272.4492576 0.47819071219961706
349825002.4250034 0.47767532637233434
350499732.4007492 0.4771611594728395
351174462.376495 0.47664820861827306
351849192.3522408 0.47613647093259365
352523922.3279866 0.4756259435465619
353198652.3037324 0.4751166235977245
353884627.77907395 0.4746000498301902
354559357.75481975 0.4740931562002233
355234087.73056555 0.4735874614133333
355908817.70631135 0.4730829626341629
356583547.68205714 0.47257965703406
357258277.65780294 0.472077541791063
357944253.1331445 0.47156827533997747
358618983.1088903 0.47106855209378307
359293713.0846361 0.4705700107321473
359968443.0603819 0.47007264845982066
360643173.0361277 0.4695764624881648
361317903.0118735 0.46908145003513657
361992632.9876193 0.4685876083252727
362509925.9690244 0.4682097874714447
363038464.45002526 0.4678244608830246
363713194.42577106 0.4673335920508094
364387924.40151685 0.46684388416177114
365073899.8768584 0.4663472017722255
365748629.8526042 0.4658598267733376
366423359.82835 0.4653736044544376
367098089.8040958 0.4648885320893472
367772819.7798416 0.46440460695833563
368447549.7555874 0.46392182634810475
369122279.7313332 0.4634401875517731
369695800.21071714 0.4630316903088014
370100638.1961646 0.4627438339292641
370617931.1775697 0.46237661208933845
371292661.1533155 0.46189862784557334
371967391.1290613 0.46142177407192575
372642121.1048071 0.4609460480947455
373328096.58014864 0.4604635467497519
374002826.55589443 0.4599900870551273
374677556.53164023 0.4595177471297075
375352286.507386 0.4590465243251511
376027016.4831318 0.45857641599937954
376701746.4588776 0.4581074195165634
377376476.4346234 0.4576395322471074
377781314.4200709 0.4573593312162636
378174906.9059226 0.45708729493729716
378860882.38126415 0.45661407176650415
379535612.35700995 0.45614971638126467
380210342.33275574 0.45568645923282647
380885072.30850154 0.45522429772377343
381559802.28424734 0.45476322926283275
382245777.7595889 0.4542955941888419
382920507.7353347 0.4538367221843909
383494028.21471864 0.4534475343736853
384078794.19369835 0.45305152111442193
384753524.16944414 0.4525955914400849
385428254.1451899 0.45214074007508376
386102984.1209357 0.4516869644691325
386777714.0966815 0.4512342620779769
387452444.0724273 0.45078263036337995
388127174.04817307 0.450332066793108
388813149.5235146 0.4498750862221709
389487879.4992604 0.44942666906476736
390162609.4750062 0.44897931244900957
390837339.450752 0.4485330138666336
391512069.4264978 0.4480877708153076
392096835.4054775 0.447702745381771
392681601.38445723 0.44731850927267336
393356331.360203 0.4468761386196924
394031061.3359488 0.4464348142079012
394705791.3116946 0.44599453356285756
395380521.2874404 0.4455552942159716
396066496.762782 0.44510979914987714
396741226.7385278 0.4446726522690684
397415956.7142736 0.44423653927481954
398090686.69001937 0.44380145772190827
398765416.6657651 0.4433674051708951
399440146.6415109 0.4429343791881099
402150312.04408985 0.44120535200311223
402825042.01983565 0.44077743944515135
403499771.99558145 0.44035053893385484
404185747.470923 0.43991755843508074
404860477.4466688 0.43949269160961957
405535207.4224146 0.439068829627427
406209937.3981604 0.43864597011197026
406884667.3739062 0.438224110692337
407559397.349652 0.4378032490032225
408245372.82499355 0.43737639333253175
408762665.8063987 0.43705518111536734
409291204.28739953 0.4367275877426221
409965934.2631453 0.43631026544731816
410640664.2388911 0.43589393015187905
411315394.2146369 0.4354785795219728
411990124.1903827 0.43506421122878847
412664854.1661285 0.4346508229490228
413339584.1418743 0.4342384123648675
414700289.59296167 0.433409682235148
415375019.56870747 0.4330002070458433
416049749.54445326 0.4325917002973839
416679497.521816 0.4322112990603646
417297999.999583 0.43183850811982494
417972729.9753288 0.43143274888017513
425597178.7012563 0.4269138219391916
426271908.6770021 0.4265197099674882
426946638.65274787 0.4261265301014189
427621368.62849367 0.42573428013648085
428296098.60423946 0.4253429578733853
428970828.57998526 0.4249525611180447
429645558.55573106 0.4245630876815609
430331534.0310726 0.4241680673001704
431006264.0068184 0.42378044925291614
431680993.9825642 0.4233937479526566
432355723.95831 0.42300796123121354
