1.0 1.0204269238152603
3744752.365389165 1.0091232679776088
6668582.260287612 1.0005226205305824
17081914.88596439 0.9713641874072189
19780834.78894757 0.9641537674310079
20455564.76469337 0.9623720050738964
23593059.151911315 0.954192945049879
25695967.576319046 0.9488059812608622
28889689.46151581 0.9407648817591113
31419926.870562542 0.9345099488647258
35209660.23433476 0.9253243846181429
35625743.719378 0.9243288336442692
41046074.524535894 0.9115837946325103
41720804.50028169 0.9100255462230173
43070264.45177328 0.9069272010749716
43744994.427519076 0.9053869947177065
44430969.902860634 0.903827171845224
45105699.87860643 0.9022988201937304
45780429.85435222 0.9007762671945472
46455159.83009802 0.8992594608033321
47129889.805843815 0.897748349568014
48479349.75733541 0.8947430096764635
49840055.20842276 0.8917350798726161
51864245.13566015 0.8873013356193499
52538975.11140594 0.8858340901757028
53213705.087151736 0.8843721015804317
53888435.06289753 0.8829153239433052
54563165.03864333 0.8814637118940553
55923870.489730686 0.8785518248169348
57273330.44122227 0.8756842155002996
57948060.41696807 0.8742578506899857
58622790.39271387 0.8728363891259362
59297520.36845966 0.8714197889185181
59972250.344205454 0.870008008651078
61332955.79529281 0.8671754134719765
64492941.181702286 0.860670396685681
64965252.16472434 0.8597067216788581
65639982.14047014 0.858333856382796
66314712.11621594 0.856965443823007
67000687.591557495 0.8555787511119575
67675417.56730329 0.8542192066790483
68350147.54304908 0.8528640051763468
69024877.51879488 0.8515131110212854
69452206.50343388 0.8506597565889589
69890780.98766865 0.8497857180122971
70565510.96341445 0.8484445277145772
71195258.94077718 0.8471965340724101
71836252.4177357 0.8459299775931519
73860442.34497307 0.8419546603219736
74535172.32071887 0.8406376605221185
75209902.29646467 0.8393246599051705
77245337.72329782 0.8353876839134657
78594797.67478941 0.8327970205402172
79269527.65053521 0.8315074240824724
81282472.07817683 0.8276824957309422
81968447.55351838 0.8263865846123674
82643177.52926418 0.8251156170576315
83317907.50500998 0.8238482898333596
83823954.98681933 0.8229001666773197
84341247.96822444 0.8219330623548394
85015977.94397023 0.8206747745190897
85690707.91971603 0.8194200307787256
86365437.89546183 0.8181688044483719
87714897.8469534 0.8156767987460449
88400873.32229497 0.8144153159325835
90425063.24953236 0.8107133716454226
94484688.6036029 0.8033788137103185
95159418.57934868 0.8021711209628303
95834148.55509448 0.8009666006959278
96508878.53084028 0.799765230307998
97183608.50658607 0.7985669874442956
97858338.48233187 0.7973718499940571
98533068.45807767 0.7961797960876474
99219043.93341923 0.7949710133795311
99893773.90916502 0.7937851123976629
101243233.86065662 0.7914223465134786
102592693.8121482 0.7890714903414786
103267423.787894 0.7879004773423468
103942153.7636398 0.7867323809470204
104436955.74585338 0.7858776191029003
104920512.2284712 0.7850437813569243
105595242.204217 0.7838827473187986
106269972.17996278 0.7827245624102342
106944702.15570858 0.7815692075413545
107619432.13145438 0.7804166638281131
108058006.61568914 0.7796690090395827
108485335.60032815 0.7789416548644936
109160065.57607394 0.7777954602549718
109553658.06192566 0.7771281181224468
109958496.04737315 0.7764426817432808
110633226.02311893 0.7753024692717476
111307955.99886473 0.7741649682569021
112657415.95035632 0.7718980303466538
113332145.92610212 0.7707685587951342
114018121.40144368 0.7696229711819781
114692851.37718947 0.7684988106545939
115367581.35293527 0.767377258433248
116717041.30442686 0.7651419130524336
117391771.28017265 0.7640280874020687
118066501.25591844 0.7629168050718771
118741231.23166424 0.7618080502445127
119415961.20741004 0.7607018072702887
120101936.6827516 0.7595796859507881
120697948.16132705 0.7586068104507959
121293959.6399025 0.7576358602052977
121979935.11524406 0.7565207210682585
122654665.09098986 0.7554263223163535
123261922.06916107 0.7544434366258628
123880424.54692805 0.7534443569229277
125229884.49841964 0.7512715256473399
125904614.47416544 0.7501886713828407
126579344.44991124 0.7491081726702344
127265319.9252528 0.7480120661481235
127940049.90099859 0.7469362758508965
128614779.87674439 0.745862799794993
129289509.85249019 0.7447916245722548
129964239.82823597 0.7437227369141441
130638969.80398177 0.742656123690121
131313699.77972756 0.7415917719060394
131999675.25506912 0.7405119859603162
132674405.23081492 0.7394521557685266
133349135.20656072 0.7383945486280503
134023865.18230651 0.7373391520768113
134698595.1580523 0.7362859537813629
135373325.1337981 0.7352349415353945
135834390.6172244 0.7345180008963315
136284210.60105494 0.7338195212449965
136958940.57680073 0.7327735988826218
137633670.55254653 0.7317298225858869
138994376.00363386 0.729631354230231
139669105.97937965 0.7285939816794904
140343835.95512545 0.7275587090370167
141018565.93087125 0.7265255251040184
141693295.90661705 0.7254944187956782
142368025.88236284 0.7244653791398333
143054001.3577044 0.7234212962336762
143728731.3334502 0.7223963914039915
144403461.309196 0.7213735207968088
146427651.2364334 0.7183170095136872
147102381.21217918 0.7173021715263175
147788356.68752074 0.7162724519654633
148238176.67135128 0.7155983334274703
148699242.15477756 0.7149082686289945
149385217.63011912 0.7138832788760566
150059947.6058649 0.7128770576637224
151409407.5573565 0.7108704240169973
152084137.5331023 0.7098699925126821
152758867.5088481 0.708871471998802
153444842.98418966 0.7078582589205347
154119572.95993546 0.7068635640432008
154794302.93568125 0.7058707523798687
155469032.91142705 0.704879814904811
156143762.88717285 0.7038907426811432
156751019.86534405 0.7030021651542295
160731926.72224426 0.6972138393244578
161406656.69799003 0.6962390190028235
162756116.64948162 0.6942947410876045
163442092.12482318 0.6933091244245934
164116822.10056898 0.6923414462017494
164791552.07631478 0.6913755261225838
165466282.05206057 0.6904113563779214
166141012.02780637 0.6894489292334202
166815742.00355217 0.6884882370287111
167490471.97929797 0.687529272176548
168165201.95504376 0.6865720271619687
168851177.43038532 0.6856005834634831
169525907.40613112 0.6846467842191298
170200637.38187692 0.6836946825717903
170875367.3576227 0.682744271288576
171550097.3333685 0.6817955432048153
172224827.3091143 0.6808484912232711
172910802.78445587 0.6798873660325256
173585532.76020166 0.6789436728727356
174260262.73594746 0.6780016348059313
175609722.68743905 0.6761224966786477
176284452.66318482 0.6751853831402428
177645158.11427218 0.6733004831900782
178319888.09001797 0.6723682612302998
178994618.06576377 0.6714376477292128
179669348.04150957 0.6705086362842653
180344078.01725537 0.6695812205516202
181018807.99300116 0.6686553942454838
181693537.96874696 0.6677311511374436
182379513.44408852 0.6667931206137973
183054243.41983432 0.6658720515733221
183728973.3955801 0.664952547282948
184403703.3713259 0.6640346017382255
185078433.3470717 0.6631182089888784
185753163.3228175 0.6622033631381865
186427893.2985633 0.661290058342377
187102623.2743091 0.6603782888100208
188463328.72539645 0.6585442002366432
189138058.70114225 0.6576370275164323
189812788.67688805 0.6567313673128827
190487518.65263382 0.6558272140883118
191162248.6283796 0.6549245623539017
191836978.6041254 0.6540234066691452
192432990.08270088 0.653228625924316
193017756.06168056 0.6524499678965818
193703731.5370221 0.6515379600503522
194378461.5127679 0.6506423914630776
195053191.4885137 0.6497482936395431
195727921.4642595 0.6488556614073361
196402651.4400053 0.647964489638769
197077381.4157511 0.6470747732503735
197752111.3914969 0.6461865072024
198438086.86683846 0.6452849183702579
199112816.84258425 0.6443995620210643
199787546.81833005 0.6435156410689414
200462276.79407585 0.6426331506448246
201811736.74556744 0.6408724421103699
202486466.72131324 0.6399942144665325
203172442.1966548 0.6391027966112924
203847172.1724006 0.6382274106276886
204521902.1481464 0.637353426732032
205196632.12389216 0.636480840335389
205871362.09963796 0.6356096468869691
206546092.07538375 0.634739841873696
207220822.05112955 0.633871420819784
207906797.5264711 0.6329899402565746
208581527.5022169 0.6321242967226407
209256257.4779627 0.6312600238678207
209930987.4537085 0.6303971173619428
210414543.93632632 0.6297795391332621
210898100.41894415 0.6291626589000429
211572830.39468995 0.6283030593051613
212258805.8700315 0.6274305187557494
212933535.8457773 0.6265736409038305
213608265.8215231 0.6257181064106027
214282995.7972689 0.6248639111663687
215632455.74876046 0.6231595221495955
216307185.72450626 0.6223093203200702
216993161.19984782 0.6214463048339464
217667891.1755936 0.6205987672767147
218342621.1513394 0.6197525449208374
219017351.1270852 0.6189076338790078
219692081.102831 0.6180640302942143
220366811.0785768 0.6172217303394053
221041541.0543226 0.6163807302171556
221727516.52966416 0.6155270420509172
222402246.50540996 0.6146886518256154
223076976.48115575 0.6138515501534866
223864161.4528592 0.612876555213828
224550136.92820075 0.6120283382696232
225224866.90394655 0.611195314112584
225899596.87969232 0.6103635632919842
226574326.8554381 0.6095330822412757
226967919.34128985 0.6090492199397266
227372757.3267373 0.6085519817765487
228047487.3024831 0.6077242607916867
232219567.65251127 0.6026340058456547
232894297.62825707 0.6018152499561276
233569027.60400286 0.6009977283859012
234255003.07934442 0.6001678434245358
234929733.05509022 0.5993528011141017
235581972.0316445 0.5985660908681139
236222965.508603 0.5977940565869492
236908940.98394457 0.5969690624200512
237583670.95969036 0.5961588180412339
238258400.93543616 0.5953497856692618
238933130.91118196 0.5945419621834771
239607860.88692775 0.593735344485075
240282590.86267355 0.5929299294968656
240957320.83841935 0.5921257141630375
241643296.3137609 0.5913093219245273
242318026.28950667 0.5905075166844068
243667486.24099827 0.5889074749215344
244342216.21674407 0.5881092324745242
245016946.19248986 0.5873121717344749
245680430.6686399 0.5865295448444224
246355160.6443857 0.5857348192265721
247029890.6201315 0.5849412666854326
247704620.5958773 0.5841488843666487
248379350.5716231 0.5833576694348328
249054080.54736888 0.5825676190733616
249728810.52311468 0.5817787304841743
250414785.99845624 0.5809778818644526
251089515.97420204 0.5801913277461285
251764245.94994783 0.5794059270697214
252438975.92569363 0.5786216771097435
253113705.90143943 0.5778385751582918
253799681.376781 0.577043595602443
254474411.35252678 0.5762628006352644
254935476.83595306 0.5757299131945625
255407787.81897512 0.575184579540784
256082517.79472092 0.5744064970938905
256768493.27006248 0.5736166087726958
258117953.22155407 0.5720661395212716
258792683.19729987 0.571292595011967
259467413.17304567 0.5705201738399868
260142143.14879146 0.5697488734698254
260816873.12453726 0.5689786913815421
261502848.59987882 0.568196816737662
262177578.57562461 0.5674288822485455
262852308.55137038 0.566662058532125
263527038.52711618 0.5658963431293385
264201768.50286198 0.5651317335958821
264876498.47860777 0.5643682275020558
265551228.45435357 0.5636058224326094
266225958.43009937 0.5628445159865909
266911933.90544093 0.5620716448810681
267586663.88118672 0.5613125467465373
268261393.85693252 0.5605545400776826
268936123.8326783 0.5597976225294932
269610853.8084241 0.5590417917705239
270285583.7841699 0.5582870454827523
270960313.7599157 0.5575333813614407
272321019.21100307 0.556016774470716
272995749.18674886 0.5552663610541893
273670479.16249466 0.5545170206778333
274345209.13824046 0.5537687511015014
275019939.11398625 0.5530215500975255
275694669.08973205 0.5522754154505868
276369399.06547785 0.5515303449575886
277044129.04122365 0.5507863364275309
277730104.5165652 0.5500310141686497
278213660.999183 0.5494992308970506
278708462.9813966 0.5489556420245932
279394438.4567382 0.5482029680278871
280069168.432484 0.5474636940155504
280743898.40822977 0.5467254701617579
281418628.38397557 0.5459882943509881
282093358.3597213 0.5452521644789213
282768088.3354671 0.5445170784523262
283454063.81080866 0.5437708089321273
284128793.78655446 0.5430378216712808
284803523.76230025 0.542305872007368
285478253.73804605 0.5415749578905749
286152983.71379185 0.5408450772816237
287502443.66528344 0.5393884084821894
291562069.019354 0.5350309779044251
292248044.49469554 0.5342983234190402
292922774.47044134 0.5335787017278767
293597504.44618714 0.5328600917142922
294272234.42193294 0.5321424914578302
294946964.39767873 0.5314258990472809
295621694.37342453 0.5307103125805902
296296424.3491703 0.5299957301647686
299006589.7517493 0.527135568812602
299501391.73396283 0.5266151176247436
299996193.71617645 0.5260952006316532
300670923.69192225 0.5253870824988499
301345653.66766804 0.5246799545300316
302020383.64341384 0.5239738149056329
302695113.61915964 0.5232686618143494
303369843.59490544 0.5225644934530581
304055819.070247 0.5218495965870876
304730549.0459928 0.5211474086461139
305405279.0217386 0.520446200044481
306080008.9974844 0.5197459690111416
306754738.9732302 0.5190467137828417
307429468.948976 0.5183484326040483
308115444.42431754 0.5176395101398875
308790174.40006334 0.5169431879853391
309464904.3758091 0.5162478346304679
310139634.3515549 0.515553448350016
310814364.32730067 0.5148600274260855
311489094.30304646 0.5141675701480675
312163824.27879226 0.513476074812575
312849799.7541338 0.5127740389310105
313524529.7298796 0.5120844783606346
314199259.7056254 0.5113958746372986
314873989.6813712 0.5107082260859441
315548719.657117 0.5100215310384019
316223449.6328628 0.5093357878333271
316718251.6150764 0.5088335134733414
317201808.0976942 0.5083431475178943
317876538.07344 0.5076597293478483
318551268.0491858 0.5069772573401391
319225998.0249316 0.5062957298630328
319900728.0006774 0.5056151452912839
320586703.47601897 0.5049241825835851
321261433.45176476 0.5042454946200791
321936163.42751056 0.5035677446978146
322610893.40325636 0.5028909312170141
323285623.37900215 0.5022150525840965
323960353.35474795 0.5015401072116208
324635083.33049375 0.5008660935182312
325321058.8058353 0.5001817997398743
325995788.7815811 0.4995096601469664
326670518.7573269 0.498838447499033
327345248.7330727 0.4981681602386125
328019978.7088185 0.4974987968140592
328638481.1865855 0.49688602391863895
329268229.1639482 0.4962629047150401
329942959.139694 0.49559616576090443
330617689.1154398 0.49493034472216146
331134982.0968449 0.4944205026063767
331652275.07825 0.4939111984402475
332327005.0539958 0.4932476959783014
333001735.0297416 0.49258510607096845
333676465.0054874 0.4919234272133768
334351194.9812332 0.49126265790600665
335037170.45657474 0.4905918066518864
335711900.43232054 0.48993286706444245
336386630.40806633 0.48927483253562576
337061360.3838121 0.4886177015869508
337736090.3595579 0.4879614727450559
338410820.3353037 0.4873061445416591
339085550.3110495 0.48665171551351544
339771525.7863911 0.4859872996112279
340446255.7621369 0.48533467948922904
341120985.7378827 0.4846829541584401
346530071.0434448 0.47949045561910114
346923663.5292965 0.4791148440825032
347317256.0151482 0.47873953237450295
347991985.990894 0.4780968376354732
348666715.9666398 0.4774550218130081
349352691.4419814 0.4768034086371152
350027421.4177272 0.47616336106760804
350702151.39347297 0.475524188229676
351376881.36921877 0.47488588874476373
352051611.34496456 0.4742484612386057
352726341.32071036 0.4736119043411922
353401071.29645616 0.47297621668673456
354087046.7717977 0.4723308239292267
354761776.7475435 0.471696885110619
355436506.7232893 0.47106381144007153
356111236.6990351 0.4704316015684142
356785966.6747809 0.46980025415053195
357460696.6505267 0.46916976784533326
358135426.6262725 0.4685401413157186
358810156.6020183 0.46791137322854853
359496132.07735986 0.467273004325815
360170862.05310565 0.4666459633917302
360845592.02885145 0.46601977690213664
361520322.00459725 0.4653944435394953
362195051.98034304 0.4647699619900756
362869781.95608884 0.46414633094392693
363544511.93183464 0.4635235490948496
364230487.4071762 0.4628912567506069
364905217.382922 0.4622701834908799
365579947.35866773 0.46164995551029
366254677.3344135 0.4610305715174177
366929407.3101593 0.46041203022445454
367604137.2859051 0.4597943303471748
368290112.7612467 0.45916719671973755
368964842.7369925 0.45855118980551346
369605836.213951 0.4579667590493916
370246829.6909095 0.45738308310486736
370932805.16625106 0.4567592823376433
371438852.64806044 0.4562996539557591
371956145.6294655 0.45583029585777274
372630875.6052113 0.45521882445320694
373305605.5809571 0.45460818375205064
373980335.5567029 0.45399837250266173
374655065.5324487 0.45338938945671653
375341041.00779027 0.45277110443349244
376015770.98353606 0.45216378781405975
376690500.95928186 0.45155729565215713
377365230.93502766 0.45095162671255135
378039960.91077346 0.4503467797632105
378714690.88651925 0.44974275357528104
379400666.3618608 0.44912950041518424
380075396.3376066 0.4485271257043339
380750126.3133524 0.44792556806688755
381424856.2890982 0.4473248262865373
382099586.264844 0.44672489915004465
382774316.2405898 0.4461257854472191
383449046.2163356 0.4455274839708976
384135021.69167715 0.44492004220700687
384809751.66742295 0.4443233750610695
385484481.64316875 0.4437275165181595
386159211.61891454 0.4431324653830673
386743977.5978942 0.4426174065808966
387317498.07727814 0.44211284020970587
387722336.0627256 0.44175702557170066
388115928.5485773 0.4414113719827167
388790658.5243231 0.4408194583726024
389465388.5000689 0.44022834635570757
390140118.4758147 0.43963803475380664
390814848.4515605 0.43904852239148723
391489578.4273063 0.43845980809613216
392029362.40790296 0.437989410481837
392569146.38849956 0.4375195222839623
393153912.36747926 0.4370110509066683
393738678.346459 0.4365031759290383
394413408.32220477 0.43591790644100037
395088138.29795057 0.43533342881243425
395762868.27369636 0.4347497418880116
396448843.7490379 0.4341571362415573
397123573.7247837 0.43357504040038186
397798303.7005295 0.4329937317941957
398473033.6762753 0.43241320927827964
399147763.6520211 0.4318334717105148
399822493.6277669 0.4312545179513659
400497223.6035127 0.4306763468638661
401183199.07885426 0.4300893407693372
401857929.05460006 0.42951274462160977
402532659.0303458 0.4289369277310816
403207389.0060916 0.4283618889709441
403882118.9818374 0.4277876272168798
404556848.9575832 0.42721414134704677
405231578.933329 0.42664143024206436
405906308.9090748 0.42606949278499845
406592284.38441634 0.4254888149846907
407267014.36016214 0.42491843432998366
407941744.33590794 0.42434882396845175
408616474.31165373 0.4237799827928437
409291204.28739953 0.42321190969828354
409965934.2631453 0.4226446035822574
410640664.2388911 0.42207806334459924
411326639.7142327 0.4215028647696743
412001369.6899785 0.42093786571639624
412676099.6657243 0.4203736292367438
413350829.6414701 0.4198101542398492
414025559.6172159 0.4192474396371271
417163054.0044338 0.4166407738901085
417590382.9890728 0.41628700852227896
418265112.9648186 0.4157290469631435
418951088.44016016 0.415162557489756
419625818.41590595 0.41460611244241985
420300548.39165175 0.41405041777246576
420975278.36739755 0.4134954724140964
421650008.34314334 0.4129412753036598
422324738.31888914 0.4123878253796383
422999468.29463494 0.41183512158263713
423674198.27038074 0.4112831628553732
424360173.7457223 0.41072276752824227
425034903.7214681 0.4101723081507776
425709633.6972139 0.4096225906662636
426384363.6729597 0.4090736140257902
427059093.6487055 0.4085253771825048
427733823.6244513 0.4079778790916024
428408553.6001971 0.4074311187103145
429083283.5759429 0.40688509499789954
429769259.05128443 0.4063307250074429
430443989.0270302 0.40578618375305664
431118719.002776 0.4052423760401489
431793448.9785218 0.40469930083601696
432468178.9542676 0.40415695710993516
433154154.4296092 0.4036063231278764
433828884.405355 0.40306545142192957
434503614.3811008 0.40252530809655535
435178344.3568466 0.40198589212887165
435853074.33259237 0.4014472024979254
436527804.30833817 0.40090923818468394
437202534.28408396 0.4003719981720252
437877264.25982976 0.3998354814447293
438563239.7351713 0.399290763195368
439237969.7109171 0.39875570201315297
439912699.6866629 0.3982213610651539
440587429.6624087 0.3976877393437014
441262159.6381545 0.39715483584298433
441936889.6139003 0.39662264955904114
442611619.5896461 0.39609117948975137
443218876.5678173 0.39561346796414393
443814888.04639274 0.3951451655754101
444500863.5217343 0.39460686505023324
445175593.4974801 0.3940781074895045
445850323.4732259 0.3935500613586206
446525053.4489717 0.3930227256659783
447199783.4247175 0.3924960994217608
447885758.90005904 0.3919614223381464
448560488.87580484 0.39143622381132237
449235218.85155064 0.39091173175771776
449909948.82729644 0.390387945194612
450584678.80304223 0.38986486314103247
451259408.77878803 0.38934248461774645
451934138.7545338 0.3888208086472547
452620114.2298754 0.38829115728559205
453294844.2056212 0.38777089516355895
453969574.181367 0.38725133265595535
454644304.1571128 0.3867324687921697
455319034.1328586 0.3862143026032872
455993764.1086044 0.38569683312208347
456668494.08435017 0.38518005938301714
457354469.5596917 0.38465538498704355
458029199.5354375 0.3841400113977853
458703929.5111833 0.38362533064807663
459378659.4869291 0.38311134177906864
460053389.4626749 0.38259804383356233
460728119.4384207 0.3820854358560012
461402849.4141665 0.3815735168924657
462088824.88950807 0.38105377129963175
462763554.86525387 0.3805432389527089
463438284.8409996 0.38003339275200443
464113014.8167454 0.3795242317501082
464787744.7924912 0.37901575500121515
465462474.768237 0.378507961561119
466137204.7439828 0.37800085048720644
466823180.21932435 0.3774859861121379
467497910.19507015 0.376980248282572
468172640.17081594 0.3764751899852289
468847370.14656174 0.37597081028383317
469522100.12230754 0.3754671082436725
470196830.09805334 0.37496408293159206
470871560.07379913 0.374461733415989
471557535.5491407 0.37395170323498134
472232265.5248865 0.3734507137481435
472828277.00346196 0.37300873286610386
473435533.9816332 0.3725589521407978
474110263.957379 0.3720598335289896
474784993.9331248 0.37156138534067645
475459723.9088706 0.3710636066546605
476134453.8846164 0.3705664965512528
476809183.8603622 0.37007005411226823
477495159.33570373 0.3695660211364536
478147398.31225795 0.3690874149421188
478810882.788408 0.3686011944175034
479485612.7641538 0.3681073913653821
480160342.7398996 0.3676142514394685
480835072.7156454 0.3671217737304431
481509802.69139117 0.36662995733045467
482195778.1667327 0.3661306209897485
482870508.1424785 0.3656401354740992
483545238.1182243 0.3651503085376483
484219968.0939701 0.36466113927839316
484894698.0697159 0.3641726267957752
485580673.5450575 0.3636766447988822
486255403.5208033 0.3631894540823482
486930133.49654907 0.3627029174344669
487604863.47229487 0.3622170339604326
488279593.44804066 0.3617318027668604
488954323.42378646 0.3612472229617817
489629053.39953226 0.36076329365463927
490315028.8748738 0.3602719647932164
490989758.8506196 0.3597893446204045
491664488.8263654 0.35930737226752335
492339218.8021112 0.35882604684964176
493013948.777857 0.35834536748321844
493699924.25319856 0.3578573381771451
494374654.22894436 0.35737795899923974
495049384.20469016 0.35689922321581946
495724114.18043596 0.35642112994888236
496398844.15618175 0.355943678321795
497073574.13192755 0.3554668674592886
497748304.10767335 0.3549906964874549
498434279.5830149 0.35450724441011994
499109009.5587607 0.3540323612317368
499783739.5345065 0.3535581153159375
500458469.5102523 0.3530845057942377
501133199.4859981 0.35261153179949367
501819174.96133965 0.3521313255157366
502493904.93708545 0.3516596305347765
503168634.91283125 0.3511885684729702
503843364.88857704 0.3507181384685192
504518094.86432284 0.35024833966094654
505192824.84006864 0.34977917119109236
505867554.81581444 0.34931063220111086
506542284.7915602 0.3488427218344663
507228260.26690173 0.34836765650634643
507902990.2426475 0.3479010112633334
508577720.2183933 0.34743499206767503
509252450.1941391 0.34696959806806144
509927180.1698849 0.3465048284144747
510601910.1456307 0.3460406822581855
511276640.1213765 0.34557715875174944
511962615.5967181 0.3451065472838702
512637345.57246387 0.34464427688209287
513312075.54820967 0.34418262658146204
513896841.5271894 0.3437830305960837
514481607.5061691 0.34338389919532564
515156337.4819149 0.3429239395438728
515831067.4576607 0.3424645968553734
516505797.4334065 0.34200587029222634
517180527.40915227 0.3415477590180857
517866502.8844938 0.3410826424518938
518541232.8602396 0.34062576947167866
519215962.8359854 0.34016950926506734
519823219.8141566 0.3397593983134242
520441722.2919236 0.3393422016155068
521116452.2676694 0.3388876629233684
521791182.2434152 0.33843373383855535
522465912.219161 0.33798041353444547
523140642.1949068 0.33752770118564435
523826617.6702483 0.33706806602008216
524445120.1480153 0.3366541781393675
525063622.6257823 0.33624079908145615
525738352.6015281 0.33579041967675555
526413082.5772739 0.3353406442415147
527087812.5530197 0.33489147195745905
527762542.5287655 0.3344429020075209
528437272.50451124 0.3339949335758366
531158683.40668595 0.33219421670058735
531833413.38243175 0.33174926356544765
532508143.35817754 0.33130490705156473
533182873.33392334 0.3308611463514617
533857603.30966914 0.33041798065884276
534532333.28541493 0.3299754091685904
535207063.26116073 0.3295334310767631
535893038.7365023 0.3290846941716907
536567768.7122481 0.32864391032602625
537242498.6879939 0.3282037174606574
537917228.6637397 0.3277641147763373
538591958.6394855 0.32732510147498106
539266688.6152313 0.3268866767596635
539941418.5909771 0.32644883983461614
540616148.5667229 0.326011589905225
541302124.0420644 0.32556765341116223
541976854.0178102 0.32513158484397053
542651583.993556 0.3246961008823161
543326313.9693018 0.32426120073619524
544675773.9207934 0.32339314873624403
545350503.8965392 0.3229599953081035
546025233.872285 0.322527422546871
546711209.3476266 0.3220882346953464
547385939.3233724 0.32165683056112215
548060669.2991182 0.32122600473120105
548735399.274864 0.3207957564246602
549410129.2506098 0.3203660848616982
550084859.2263556 0.319936989263633
550489697.211803 0.3196798080444309
550905780.6968462 0.31941569850115364
551580510.672592 0.31898787685476
552255240.6483378 0.31856062867606555
552929970.6240836 0.3181339531910818
553604700.5998294 0.3177078496269275
554290676.075171 0.31727522983941864
554965406.0509168 0.3168502773024789
555640136.0266626 0.3164258943615265
556314866.0024084 0.3160020802481037
556989595.9781542 0.31557883419484783
557664325.9539 0.3151561554354897
558339055.9296458 0.31473404320485127
559025031.4049873 0.31430547575334633
559699761.3807331 0.3138845036992015
560374491.3564789 0.3134640958720765
561049221.3322247 0.3130442515111533
561723951.3079705 0.3126249698566938
562398681.2837163 0.3122062501500377
563073411.2594621 0.31178809163360055
563759386.7348037 0.3113635383266408
564434116.7105495 0.3109465092437568
565108846.6862953 0.31053003907220694
565783576.6620411 0.3101141270587057
566458306.6377869 0.30969877245103283
567133036.6135327 0.3092839744980308
567807766.5892785 0.30886973244960314
568493742.06462 0.3084491554743034
569168472.0403658 0.3080360322227625
569843202.0161116 0.3076234626194109
570517931.9918574 0.30721144591839233
571192661.9676032 0.3067999813749013
571867391.943349 0.30638906824518064
572542121.9190948 0.30597870578652
573228097.3944364 0.3055620677033369
573902827.3701822 0.3051528135097185
574577557.345928 0.30474410775297067
575252287.3216738 0.3043359496945666
575927017.2974195 0.30392833859701623
576612992.7727611 0.30351449393285607
577287722.7485069 0.3031079836339374
577962452.7242527 0.3027020180773712
578637182.6999985 0.3022965965298116
579311912.6757443 0.3018917182589398
579997888.1510859 0.3014806481971087
580672618.1268317 0.30107686331082484
581347348.1025774 0.3006736194982694
582022078.0783232 0.3002709160312291
582696808.054069 0.2998687521825084
583371538.0298148 0.2994671272259276
584046268.0055606 0.2990660404363203
584732243.4809022 0.298658819816301
585406973.4566479 0.2982588161283953
586081703.4323937 0.2978593484260017
586756433.4081395 0.29746041598800776
587431163.3838853 0.29706201809430527
588105893.3596311 0.29666415402578905
588780623.3353769 0.2962668230643547
589466598.8107184 0.29586341568981944
590141328.7864642 0.2954671576474012
590816058.76221 0.2950714305518301
591490788.7379558 0.29467623368900475
592165518.7137016 0.2942815663458157
592559111.1995534 0.29405158798083886
592963949.1850009 0.2938152263833754
593638679.1607467 0.29342171268470146
594313409.1364925 0.2930287262421847
599396374.9537774 0.2900851033078905
600071104.9295232 0.2896965873799738
600745834.905269 0.28930859198910575
601420564.8810148 0.2889211164356118
602095294.8567606 0.28853416002078436
