1.0 0.9935141815333896
674730.9757457955 0.9927376984844537
3103758.888430659 0.9899543969926288
3261195.882771345 0.9897746445191138
3711015.866601875 0.989261497673326
10480806.623251356 0.9816149458441024
11324219.0929336 0.9806721960201634
11605356.582827682 0.9803584269491659
12729906.542404009 0.9791057462072612
13134744.527851485 0.9786557166587331
13370900.019362515 0.9783934274847355
13674528.508448122 0.9780564450917056
15496299.44296177 0.9760403530011406
16789531.896474544 0.9746151797016536
17160633.38313473 0.9742071321253374
17599207.8673695 0.9737254184653671
19342260.304712806 0.9718165076961474
19522188.298245016 0.9716199657190845
19983253.781671308 0.971116758186451
20556774.261055235 0.9704916812937484
21692569.720227323 0.9692566015544408
22108653.205270566 0.9688050805086861
23210712.165655363 0.9676115693385289
23885442.14140116 0.9668825685850957
24560172.117146958 0.9661548692677461
25234902.09289275 0.9654284671322232
27270337.5197259 0.9632449701065343
27866348.998301353 0.9626078139496215
28462360.476876806 0.9619716538686259
31172525.879455753 0.9590914097058209
32521985.830947343 0.9576648387750001
33196715.806693137 0.9569534276041591
33871445.782438934 0.9562432605525354
35220905.73393053 0.9548266426668339
36581611.18501788 0.9534032095238663
37425023.65470012 0.9525234173511434
37931071.13650947 0.9519964568354146
39010639.09770274 0.9508745585697058
39179321.59163919 0.9506995421426465
39471704.58112904 0.9503963592745971
39988997.562534146 0.9498605138993453
40382590.04838586 0.9494532796880502
40776182.53423757 0.9490464544484631
41450912.50998337 0.9483499890178193
43306419.94328431 0.9464408630240585
44475951.90124369 0.9452421452177654
45105699.87860643 0.944598149698431
45578010.86162849 0.9441158249464718
46084058.343437836 0.9435996858693887
46770033.818779394 0.9429010806905018
47444763.794525184 0.9422151035132906
48119493.77027098 0.9415302883138958
48794223.74601678 0.9408466313618059
49468953.721762575 0.9401641289404981
50143683.697508365 0.9394827773473845
50829659.17284992 0.9387912458507373
51504389.14859572 0.9381122038884095
56913474.45415785 0.932709436610892
57588204.42990365 0.9320405406618899
58262934.40564944 0.9313727520599544
58937664.381395236 0.9307060672793036
59612394.35714103 0.9300404828073587
60287124.33288683 0.9293759951446944
60973099.80822839 0.9287015534757345
61647829.78397418 0.928039267120522
62198859.26416658 0.927499205933876
62479996.75406066 0.9272239430332881
62873589.239912376 0.9268388905238679
63548319.21565817 0.9261796551930521
64223049.19140397 0.9255214965177274
64897779.16714976 0.924864411087005
65572509.14289556 0.9242083955027587
66258484.618237115 0.9235425395769248
66933214.59398291 0.9228886712316929
67607944.5697287 0.9222358625587501
68282674.5454745 0.9215841102107416
68957404.5212203 0.9209334108528324
69632134.4969661 0.9202837611626585
70306864.47271189 0.9196351578302787
70981594.44845769 0.9189875975581274
71667569.92379925 0.9183303105098953
72342299.89954504 0.9176848437621441
73017029.87529084 0.9170404102014624
73691759.85103664 0.9163970065795166
74366489.82678242 0.9157546296601127
75041219.80252822 0.9151132762191492
75715949.77827401 0.9144729430445706
76390679.75401981 0.9138336269363225
76941709.23421222 0.9133122710259006
77312810.7208724 0.9129615339599402
77661421.20834106 0.9126323318798227
78178714.18974617 0.9121443341747068
79539419.64083353 0.910863506286553
80214149.61657932 0.9102298936831642
81563609.56807092 0.9089656534745834
82249585.04341248 0.9083245174667663
82924315.01915826 0.9076948868156502
83599044.99490406 0.9070662397804926
84273774.97064985 0.9064385732980773
84948504.94639565 0.9058118843166179
85623234.92214145 0.9051861697957126
86297964.89788724 0.9045614267063029
86691557.38373896 0.9041974406494149
86860239.8776754 0.90404154735335
87321305.3611017 0.9036157468894493
88445855.32067803 0.9025790948078499
88693256.31178482 0.9023513892810406
88873184.30531703 0.9021858661499932
89266776.79116875 0.9018240214789583
89941506.76691453 0.9012044722570441
90616236.74266033 0.9005858753463575
91302212.21800189 0.8999579417011593
91707050.20344937 0.8995878171023246
91875732.69738582 0.8994336989219972
92235588.68445024 0.899105110581841
92719145.16706806 0.8986639920086125
93258929.1476647 0.8981721509482745
93933659.1234105 0.8975581935856171
94608389.09915629 0.8969451712598494
95283119.07490209 0.8963330810888702
95957849.05064788 0.8957219202013129
96643824.52598944 0.8951015229947042
97993284.47748104 0.8938838526342227
99342744.42897262 0.8926698537139864
100017474.40471841 0.8920642240051775
100703449.88005997 0.8914494327486444
101378179.85580577 0.8908456342092383
102491484.31578633 0.8898513412962261
103852189.76687369 0.8886394179552428
104369482.7482788 0.8881796415489894
104886775.7296839 0.8877203892292778
106236235.6811755 0.8865247977132057
112320050.96248342 0.8811782743302314
112994780.93822922 0.8805896577173326
113680756.41357078 0.8799921099865065
114355486.38931657 0.8794052202364131
115007725.36587085 0.8788387037517391
115390072.35212679 0.8785069772660592
115806155.83717003 0.8781462903464431
116480885.81291583 0.8775620769266739
117155615.78866163 0.876978707821321
117830345.76440743 0.8763961804856018
118505075.74015321 0.875814492384176
119179805.715899 0.8752336409911101
119865781.19124056 0.8746439638896524
120540511.16698636 0.8740647922131713
121215241.14273216 0.8734864496817741
121889971.11847796 0.8729089338069478
122564701.09422375 0.8723322421094059
123003275.57845852 0.8719578333006398
123273167.56875683 0.8717276001451685
123790460.55016194 0.871286686126291
124465190.52590774 0.8707123026141139
125139920.50165354 0.8701387339007974
125814650.47739933 0.8695659775510057
126343188.9584002 0.8691178842510605
126624326.44829428 0.8688797388354945
127051655.43293329 0.8685180260857333
127726385.40867908 0.8679475582861793
128401115.38442488 0.8673778935979864
129075845.36017068 0.8668090296291128
129750575.33591647 0.8662409639963738
130425305.31166227 0.8656736943254086
131111280.78700383 0.865097783692822
131786010.76274963 0.8645321120248524
132460740.73849542 0.8639672292091165
133135470.7142412 0.8634031329063554
133810200.689987 0.862839820785966
134484930.6657328 0.8622772905259665
135159660.6414786 0.861715539812965
135834390.6172244 0.8611545663421255
136520366.09256595 0.8605850377275244
137195096.06831175 0.8600256247188615
137869826.04405755 0.8594669820509458
138544556.01980335 0.8589091074529798
138938148.50565505 0.8585840344031086
139163058.4975703 0.8583983952005595
139657860.4797839 0.8579902875450259
140343835.95512545 0.8574251796880863
141018565.93087125 0.8568701020539647
141693295.90661705 0.8563157820031984
142368025.88236284 0.8557622173121283
143042755.85810864 0.8552094057653088
143717485.83385444 0.8546573451554749
144392215.80960023 0.8541060332835116
145066945.78534603 0.853555467958423
145752921.2606876 0.8529964896086343
146427651.2364334 0.8524474231880641
146989926.21622154 0.8519904331965673
147327291.20409444 0.8517164853436757
147777111.18792498 0.851351508146952
148451841.16367078 0.8508046552169783
149126571.13941658 0.8502585358210144
149801301.11516237 0.8497131478241629
150476031.09090817 0.8491684890993992
151150761.06665397 0.848624557527542
151836736.54199553 0.8480723036857718
152511466.5177413 0.8475298321245912
153186196.4934871 0.8469880813706636
153860926.4692329 0.8464470493360078
154535656.44497868 0.8459067339403358
155210386.42072448 0.8453671331110237
155885116.39647028 0.8448282447830819
156559846.37221608 0.8442900668991259
157234576.34796187 0.843752597409348
157920551.82330343 0.843206894191961
158595281.79904923 0.8426708470926981
159270011.77479503 0.842135502249633
159944741.75054082 0.841600857643097
160619471.72628662 0.8410669112608545
161294201.70203242 0.8405336610980729
163329637.12886557 0.8389292209343101
164004367.10461137 0.8383987472026558
164679097.08035716 0.8378689597436204
166028557.03184876 0.8368114358070821
166703287.00759453 0.8362836954294066
168063992.45868188 0.8352214807898916
168738722.43442768 0.8346957812666218
170088182.38591927 0.8336463983039368
170762912.36166507 0.8331227110497526
171437642.33741087 0.832599690748827
172123617.81275243 0.8320686352144384
172798347.78849822 0.8315469541942803
174147807.73998982 0.8305055741040346
174822537.7157356 0.829985871302634
175497267.6914814 0.8294668241875731
176171997.6672272 0.8289484309102563
176846727.642973 0.8284306896288652
178207433.09406036 0.8273885538229522
178882163.06980616 0.8268727683056009
179556893.04555196 0.8263576274539667
180231623.02129775 0.8258431294598416
180906352.99704352 0.8253292725216415
181581082.97278932 0.8248160548443793
182255812.9485351 0.8243034746396404
182941788.42387667 0.8237830030925818
183616518.39962247 0.8232717030440607
184291248.37536827 0.8227610351125767
184965978.35111406 0.822250997535862
185640708.32685986 0.821741588558096
186315438.30260566 0.8212328064298808
186990168.27835146 0.8207246494082167
187664898.25409725 0.8202171157564772
188350873.7294388 0.8197017604676925
191724523.6081678 0.8171765161857364
192399253.5839136 0.8166733082037487
193085229.05925515 0.8161623384144485
193759959.03500095 0.8156603582220716
194434689.01074675 0.8151589843228875
196458878.9379841 0.813658483735886
197133608.9137299 0.8131595183912073
197819584.38907146 0.8126528499958492
198494314.36481726 0.8121550889678761
199169044.34056306 0.8116579226576467
199843774.31630886 0.8111613494394782
200518504.29205465 0.8106653676936133
201193234.26780045 0.8101699758061977
201811736.74556744 0.8097163833769015
202272802.2289937 0.8093785716805953
202790095.21039882 0.8089998889571587
203476070.68574038 0.8084982524533557
204150800.66148618 0.8080054272182589
204825530.63723198 0.8075131832541589
206174990.58872357 0.806530432837868
206849720.56446937 0.8060399232494592
208210426.01555672 0.8050524763447464
208885155.99130252 0.8045636966144094
209559885.96704832 0.8040754872122053
210234615.9427941 0.8035878466012308
210909345.9185399 0.8031007732501687
211584075.8942857 0.8026142656332661
212258805.8700315 0.8021283222303138
212933535.8457773 0.8016429415266243
213563283.82314003 0.8011904258848499
214058085.8053536 0.8008352200334053
214620360.7851418 0.8004319416861223
215295090.76088756 0.7999485185809231
215969820.73663336 0.799465651426667
216644550.71237916 0.798983338738664
217060634.19742242 0.798686188323694
217195580.19257158 0.7985898603191417
217600418.17801905 0.7983010086861759
218275148.15376484 0.7978200298614765
218949878.12951064 0.7973396004708552
219624608.10525644 0.7968597190532573
220299338.08100224 0.796380384152924
220974068.05674803 0.7959015943193734
221648798.03249383 0.7954233481073786
222323528.00823963 0.7949456440769485
223009503.4835812 0.7944605326450925
223684233.45932698 0.7939839176552012
224358963.43507275 0.7935078405344211
225033693.41081855 0.7930322998635914
225708423.38656434 0.7925572942286869
226383153.36231014 0.7920828222207996
227057883.33805594 0.7916088824361186
227732613.31380174 0.7911354734759103
228407343.28954753 0.7906625939464995
229093318.7648891 0.7901823744002665
229768048.7406349 0.789710558337511
230442778.7163807 0.7892392675317499
231117508.69212648 0.7887685006094319
231792238.66787228 0.7882982562019676
232466968.64361808 0.7878285329457108
233141698.61936387 0.7873593294819397
233816428.59510967 0.786890644456838
234491158.57085547 0.7864224765214762
235165888.54660127 0.7859548243317933
235570726.53204873 0.785674480018596
235986810.01709196 0.7853865410337972
236672785.49243352 0.7849122564210386
237347515.46817932 0.7844462626682194
238022245.4439251 0.7839807790247193
238696975.4196709 0.7835158041716523
239371705.3954167 0.7830513367948863
240046435.3711625 0.782587375585024
240721165.3469083 0.7821239192373861
241407140.82224986 0.7816532548311435
242081870.79799566 0.781190812672863
242756600.77374145 0.7807288714694213
243431330.74948725 0.7802674299349058
244106060.72523305 0.7798064867880321
244780790.70097885 0.7793460407521255
246130250.65247044 0.7784266349294607
246804980.62821624 0.777967672612246
247490956.1035578 0.7775015653355399
248165686.0793036 0.7770435940338146
248840416.0550494 0.776586112258056
249515146.0307952 0.7761291187634457
250189876.00654095 0.775672612309637
250864605.98228675 0.7752165916607366
251539335.95803255 0.7747610555852885
252214065.93377835 0.7743060028562565
252888795.90952414 0.7738514322510076
253563525.88526994 0.7733973425512953
253990854.86990896 0.7731100005918855
254418183.85454795 0.7728228507345771
257634396.73893625 0.7706678028531585
257893043.2296388 0.7704949628810012
258230408.21751168 0.7702696236633706
258826419.69608715 0.7698718123073621
259501149.67183295 0.7694219027188708
260187125.1471745 0.7689649756210034
260861855.1229203 0.7685160110418617
261536585.0986661 0.7680675132990284
262211315.0744119 0.7676194812290171
262886045.0501577 0.7671719136725019
263560775.0259035 0.7667248094743023
264235505.0016493 0.7662781674833667
264719061.4842671 0.7659583577391376
265191372.46728915 0.7656462136366494
265866102.44303495 0.7652006839194863
266259694.92888665 0.764941003305238
266405886.42363158 0.7648445901801195
266552077.9183765 0.7647481985273148
266945670.4042282 0.7644887891758567
267631645.87956977 0.7640370468843641
268306375.85531557 0.7635931693543977
268981105.83106136 0.7631497460512888
269655835.80680716 0.7627067758565915
270330565.78255296 0.7622642576558494
270735403.7680004 0.7619989632303766
271128996.2538521 0.7617411934846623
271803726.2295979 0.761299658283733
272478456.2053437 0.7608585715554599
273029485.68553615 0.7604986826420725
273580515.16572857 0.7601390915066227
274255245.14147437 0.7596991805141377
274929975.11722016 0.7592597140238255
275436022.5990295 0.7589304052085282
275942070.08083886 0.7586013453601897
276616800.0565846 0.7581629853921492
277291530.0323304 0.7577250661498489
277966260.0080762 0.7572875865629319
278640989.983822 0.7568505455648475
279315719.9595678 0.756413942092836
280001695.43490934 0.7559705093296645
280676425.41065514 0.7555347849845611
281351155.38640094 0.7550994949823652
282025885.36214674 0.754664638275402
282543178.3435519 0.7543315409184206
283060471.32495695 0.7539986971600983
283735201.30070275 0.7535649334705843
284409931.27644855 0.7531315994042138
285084661.25219434 0.7526986939300614
285759391.22794014 0.7522662160208577
286434121.20368594 0.7518341646529758
287120096.6790275 0.7513953486416245
287727353.6571987 0.7510072547209367
288334610.63536996 0.7506195038970987
289009340.61111575 0.7501890711507647
289684070.58686155 0.7497590600658599
290347555.0630116 0.749336626038458
290786129.54724634 0.7490576128233388
291235949.53107685 0.7487716293277
292596654.9821642 0.7479076600166161
293226402.95952696 0.7475083801459231
293608749.9457829 0.747266136842677
294024833.4308261 0.7470026705037675
294699563.4065719 0.7465757625770842
295374293.3823177 0.746149267965913
296049023.3580635 0.745723185697044
296734998.8334051 0.7452904237654957
297409728.8091509 0.7448651701072687
298084458.7848967 0.7444403258762595
298759188.76064247 0.7440158901129815
299433918.73638827 0.7435918618613324
300108648.71213406 0.7431682401685807
300783378.68787986 0.7427450240853539
301458108.66362566 0.7423222126656244
302144084.1389672 0.7418927682534402
302818814.114713 0.7414707700410265
303493544.0904588 0.7410491736584017
304168274.0662046 0.740627978172849
304843004.0419504 0.7402071826549339
305517734.0176962 0.7397867861784913
305978799.5011225 0.739499744282288
306271182.4906123 0.7393178139028961
307463205.44776326 0.7385768686307432
308137935.42350906 0.7381580130440419
308812665.39925486 0.7377395520226042
309487395.37500066 0.7373214846592521
310173370.8503422 0.7368968521288702
310848100.826088 0.7364795758961582
311522830.80183375 0.7360626906041264
312197560.77757955 0.7356461953583175
312872290.75332534 0.735230089267411
313547020.72907114 0.7348143714432112
314221750.70481694 0.7343990410006352
314907726.1801585 0.7339771845948208
315582456.1559043 0.7335626326922216
316257186.1316501 0.7331484655199875
316931916.1073959 0.7327346822054207
317606646.0831417 0.7323212818788779
318281376.0588875 0.7319082636737583
318956106.0346333 0.7314956267264917
319630836.0103791 0.7310833701765277
320316811.48572063 0.730664631760161
320991541.46146643 0.730253139739368
321666271.4372122 0.7298420255380604
322341001.412958 0.7294312883077007
323015731.3887038 0.7290209272027133
323690461.3644496 0.728610941380474
324365191.3401954 0.7282013300012984
325039921.3159412 0.7277920922284308
325714651.291687 0.7273832272280332
326400626.76702857 0.7269679290979775
327075356.74277437 0.7265598133308461
327750086.71852016 0.7261520678383369
328424816.69426596 0.7257446917982192
329099546.67001176 0.7253376843911254
329774276.64575756 0.7249310448005387
330449006.62150335 0.7245247722127836
331123736.59724915 0.7241188658170142
331809712.0725907 0.7237065688793647
332484442.0483365 0.7233013985158017
333159172.0240823 0.7228965919152094
333833901.9998281 0.7224921482780012
334508631.9755739 0.7220880668073669
335183361.9513197 0.721684346709262
335858091.9270655 0.7212809871923977
336532821.9028113 0.7208779874682303
337218797.37815285 0.7204686391094516
338568257.32964444 0.7196644434804992
339242987.30539024 0.7192628810340715
339917717.281136 0.7188616744655393
340592447.2568818 0.7184608230026552
341267177.2326276 0.7180603258758457
341941907.20837337 0.717660182318199
342616637.18411916 0.7172603915654558
343302612.6594607 0.7168542985224385
343977342.6352065 0.7164552169456089
344652072.6109523 0.7160564858841366
345326802.5866981 0.715658104584316
346001532.5624439 0.7152600722950435
346676262.5381897 0.7148623882678083
347350992.5139355 0.714465051756682
348025722.4896813 0.7140680620183095
348700452.4654271 0.7136714183118986
349386427.94076866 0.7132685178468774
350061157.91651446 0.7128725697286326
350735887.89226025 0.7124769654230567
351410617.86800605 0.7120817041995559
352085347.84375185 0.7116867853300499
352760077.81949764 0.7112922080889651
353434807.79524344 0.7108979717532223
354120783.270585 0.7104975135444073
355470243.2220766 0.7097107502181855
356144973.1978224 0.7093178759505456
356819703.1735682 0.7089253389981365
358169163.1250598 0.7081412742083973
358855138.60040134 0.7077432223102578
359529868.57614714 0.7073520331294386
360204598.55189294 0.7069611777351326
364264223.9059635 0.704616537736136
364938953.8817093 0.7042280049647278
365613683.8574551 0.7038398004654853
366288413.8332009 0.7034519235611087
366963143.80894667 0.703064373576611
367637873.78469247 0.7026771498393092
368312603.7604382 0.7022902516788159
368998579.23577976 0.701897238288404
369673309.21152556 0.7015109946779234
370348039.18727136 0.7011250746357344
371022769.16301715 0.7007394775005822
371697499.13876295 0.7003542026134641
372372229.11450875 0.6999692493176213
373046959.09025455 0.6995846169585295
373732934.5655961 0.6991939023924634
374407664.5413419 0.698809915273945
374913712.0231513 0.6985221342982223
375183604.0134496 0.698368724381454
375633423.9972801 0.698113154316105
376308153.9730259 0.6977300639955821
376982883.9487717 0.6973472908378636
377657613.9245175 0.6969648342034741
378332343.9002633 0.6965826934551086
379018319.37560487 0.6961945068665988
379693049.35135067 0.6958130012252833
380367779.32709646 0.6954318095605158
381042509.30284226 0.6950509312436237
381717239.27858806 0.6946703656480632
382391969.25433385 0.6942901121494116
383066699.23007965 0.6939101701253586
383741429.20582545 0.6935305389556989
384427404.681167 0.6931448986316477
385102134.6569128 0.6927658924736695
385776864.6326586 0.6923871953118037
386451594.60840434 0.69200880653422
387126324.58415014 0.6916307255311526
387801054.55989593 0.6912529516948938
388475784.53564173 0.6908754844197849
389150514.5113875 0.6904983231022096
389836489.9867291 0.6901151887915178
390511219.9624749 0.6897386426604944
391185949.9382207 0.6893624006783875
391860679.9139665 0.6889864622497051
392535409.8897123 0.6886108267809582
393210139.8654581 0.6882354936806538
393884869.84120387 0.6878604623592879
394570845.3165454 0.6874794892755934
395121874.79673785 0.6871736867753137
395684149.776526 0.686861849737512
396358879.7522718 0.6864879199273122
397033609.72801757 0.6861142891711007
397708339.70376337 0.6857409568904996
398394315.1791049 0.6853617077899723
399069045.1548507 0.6849889756837606
399743775.1305965 0.6846165403201022
400418505.1063423 0.6842444011283628
401093235.0820881 0.6838725575398177
401767965.0578339 0.6835010089876442
402442695.0335797 0.6831297549069154
403117425.0093255 0.6827587947345921
403803400.48466706 0.6823819526112134
404478130.46041286 0.6820115834491723
405152860.43615866 0.6816415065084026
405827590.41190445 0.6812717212333771
406502320.38765025 0.6809022270704221
407177050.36339605 0.6805330234677089
407851780.33914185 0.6801641098752477
408526510.31488764 0.6797954857448804
409212485.7902292 0.6794210140546852
409887215.765975 0.6790529720129084
410561945.7417208 0.678685217790643
411236675.7174666 0.678317750847019
411911405.6932124 0.6779505706429636
412529908.1709794 0.6776142402230841
412901009.65763956 0.6774125572344057
413328338.64227855 0.6771804231638269
414003068.61802435 0.6768141284459346
414677798.59377015 0.6764481182760609
415352528.56951594 0.6760823921241951
416027258.54526174 0.6757169494620822
416701988.52100754 0.6753517897632175
417376718.49675333 0.6749869125028397
418051448.47249913 0.6746223171579234
418737423.9478407 0.6742519336890674
419412153.9235865 0.6738879052897647
420086883.8993323 0.6735241572385868
420761613.8750781 0.6731606890194185
421436343.8508239 0.672797500117849
422111073.8265697 0.6724345900211646
422785803.8023155 0.6720719582183428
423471779.27765703 0.6717035673169668
424146509.2534028 0.6713414951925267
424821239.2291486 0.6709796998305478
425495969.2048944 0.6706181807267368
425900807.1903419 0.6704014016592067
426046998.6850868 0.6703231447050115
426328136.1749809 0.6701726868883225
426474327.6697258 0.6700944677034388
426654255.663258 0.6699982156610166
427092830.14749277 0.6697636831848482
427767560.12323856 0.6694030904651425
428453535.5985801 0.669036768829355
429128265.5743259 0.6686767283205712
429802995.5500717 0.6683169608897294
430477725.5258175 0.6679574660446431
431152455.5015633 0.6675982432947402
431827185.4773091 0.667239292151056
433187890.92839646 0.6665162315347316
435212080.85563385 0.6654426357953018
439271706.2097044 0.6632967554001805
439946436.1854502 0.6629410348229706
440621166.161196 0.6625855796234463
441295896.1369418 0.6622303893345801
441970626.1126876 0.6618754634908633
442656601.58802915 0.6615148928311294
443331331.56377494 0.6611604988753035
444006061.53952074 0.6608063679694907
444680791.51526654 0.660452499654228
445355521.49101233 0.6600988934715436
446030251.46675813 0.6597455489649513
446704981.4425039 0.6593924656794433
447379711.4182497 0.6590396431614879
448065686.8935913 0.6586812071251951
448740416.8693371 0.6583289091148873
449415146.8450829 0.6579768705128506
449808739.3309346 0.6577716342797615
450044894.8224456 0.6576485347999155
450550942.30425495 0.6573848568251455
451236917.7795965 0.6570276585332571
451911647.7553423 0.6566765758606629
452597623.23068386 0.6563199055931099
453272353.20642966 0.6559693413906847
453947083.18217546 0.6556190336173121
454621813.15792125 0.6552689818349381
455296543.13366705 0.65491918560692
455971273.10941285 0.6545696444980197
456646003.08515865 0.6542203580743993
457331978.5605002 0.6538655108523992
458006708.536246 0.653516736730118
458681438.5119918 0.6531682159928014
459356168.4877376 0.6528199482121824
460030898.4634834 0.6524719329613674
460705628.4392292 0.6521241698148319
461380358.4149749 0.651776658348415
462055088.3907207 0.6514293981393141
462741063.8660623 0.6510766073992689
463415793.8418081 0.6507298526118456
464090523.8175539 0.6503833478144626
464765253.7932997 0.6500370925897231
465439983.7690455 0.649691086521563
466114713.74479127 0.6493453291952465
466789443.72053707 0.6489998201973609
467464173.69628286 0.6486545591158119
468138903.67202866 0.6483095455398179
468824879.1473702 0.6479590350430344
469499609.123116 0.6476145193590505
470174339.0988618 0.6472702499493383
470849069.0746076 0.6469262264083424
471523799.0503534 0.6465824483317957
472198529.0260992 0.6462389153167155
472873259.001845 0.6458956269613979
473559234.47718656 0.6455468675309581
474233964.45293236 0.6452040713561089
474908694.42867815 0.6448615186369172
475583424.40442395 0.6445192089767692
476258154.38016975 0.6441771419803058
476910393.356724 0.6438467075119032
477393949.8393418 0.6436018761598856
477911242.82074696 0.6433401009285618
478585972.79649276 0.6429988681043405
479260702.77223855 0.6426578761995583
479946678.2475801 0.6423114476716735
480621408.2233259 0.6419709404403138
481296138.1990717 0.6416306729598414
481970868.1748175 0.6412906448453398
482645598.1505633 0.6409508557131037
483320328.1263091 0.6406113051806351
483995058.1020549 0.6402719928666383
484669788.0778007 0.6399329183910156
485355763.55314225 0.6395884361009173
486030493.52888805 0.6392498401146893
486705223.50463384 0.6389114808274211
487379953.4803796 0.6385733578637819
488054683.4561254 0.6382354708496172
488729413.4318712 0.6378978194119438
489404143.407617 0.6375604031789452
490090118.88295853 0.6372176040774448
490764848.8587043 0.6368806610476114
491439578.8344501 0.6365439521078331
492114308.8101959 0.6362074768909372
492789038.7859417 0.6358712350308964
493463768.7616875 0.6355352261628242
494138498.7374333 0.6351994499229712
494813228.7131791 0.63486390594872
498704171.57331324 0.632933449136569
499378901.54905903 0.6325994673838296
500053631.52480483 0.632265715118456
500728361.50055057 0.6319321919875802
501403091.47629637 0.6315988976394268
502077821.45204216 0.6312658317233074
502752551.42778796 0.6309329938896179
503438526.9031295 0.6305948422156028
504113256.8788753 0.6302624632891122
504787986.8546211 0.6299303113969376
505462716.8303669 0.6295983861937875
506137446.8061127 0.6292666873354339
506812176.7818585 0.6289352144787094
507486906.7576043 0.628603967281501
508161636.7333501 0.628272945402749
508847612.20869166 0.6279366371249043
509522342.18443745 0.6276060686051969
510107108.16341716 0.6273197573307191
510421982.15209854 0.6271656594254358
510838065.63714176 0.6269621048160771
511524041.1124833 0.6266267004305899
512198771.0882291 0.6262970196398925
512873501.0639749 0.6259675618149091
513548231.0397207 0.6256383266228374
514222961.0154665 0.6253093137318928
514897690.9912123 0.6249805228113032
515572420.9669581 0.6246519535313072
516258396.44229966 0.6243181349701479
516933126.41804546 0.6239900116663702
517607856.39379126 0.6236621090144836
518282586.36953706 0.623334426688744
518957316.34528285 0.6230069643643981
519632046.32102865 0.6226797217176803
520306776.29677445 0.6223526984258085
520981506.27252024 0.6220258941669806
521667481.7478618 0.6216938673790826
522342211.7236076 0.6213675038620055
523016941.6993534 0.6210413584131026
523691671.6750992 0.6207154307144712
524366401.650845 0.6203897204491707
525041131.6265908 0.6200642273012187
525715861.6023366 0.6197389509555874
526390591.5780823 0.6194138910982002
527076567.0534239 0.6190836351842615
527751297.0291697 0.618759010959996
528426027.0049155 0.6184346022822373
529100756.9806613 0.6181104088406942
529775486.95640707 0.6177864303260086
530450216.93215287 0.6174626664297528
531124946.90789866 0.6171391168444258
531810922.3832402 0.6168103941484504
532485652.358986 0.616487275825228
533160382.3347318 0.6161643708908855
533835112.3104776 0.6158416790416098
534509842.2862234 0.6155191999744971
535184572.2619692 0.6151969333875498
535859302.237715 0.614874878979673
536534032.2134608 0.6145530364506716
537141289.191632 0.6142635590836195
537737300.6702075 0.6139796088465803
538412030.6459533 0.6136583544740565
539086760.6216991 0.6133373108527502
539761490.5974449 0.6130164776867231
540436220.5731907 0.612695854680917
541122196.0485322 0.6123701030985151
541796926.024278 0.6120499030218809
542471656.0000238 0.6117299122206769
543146385.9757696 0.6114101304033478
543821115.9515154 0.6110905572792039
544495845.9272612 0.6107711925584155
545170575.903007 0.6104520359520108
545766587.3815825 0.6101702871633637
546362598.8601578 0.6098887003388915
547712058.8116494 0.6092517427286323
548386788.7873952 0.6089335741889313
549061518.763141 0.608615612113788
549736248.7388868 0.6082978562199519
550410978.7146326 0.6079803062250064
551096954.1899742 0.6076576745148402
551771684.16572 0.6073405388936471
552446414.1414658 0.6070236083244066
553121144.1172116 0.606706882528019
553795874.0929574 0.6063903612262029
554470604.0687032 0.6060740441414916
555145334.044449 0.6057579309972313
555831309.5197905 0.6054367580835062
556506039.4955363 0.605121055380918
557180769.4712821 0.6048055557890963
557855499.4470279 0.6044902590346191
558530229.4227737 0.6041751648448606
559204959.3985195 0.6038602729479899
559879689.3742653 0.6035455830729675
560554419.3500111 0.603231094949542
561240394.8253527 0.6029115719030292
561915124.8010985 0.6025974898264679
562589854.7768443 0.6022836086909924
563264584.7525901 0.6019699282294889
563939314.7283359 0.6016564481756175
564614044.7040817 0.6013431682638093
565963504.6555732 0.6007172078079464
566638234.631319 0.6004045267365836
567324210.1066606 0.6000868384048189
567965203.5836191 0.5997901678324927
568606197.0605776 0.5994936764726296
569280927.0363234 0.599181773668067
569955657.0120692 0.5988700689300338
570630386.987815 0.5985585619997124
571316362.4631566 0.598242065801568
571991092.4389024 0.5979309569992166
572665822.4146482 0.5976200452283027
573340552.390394 0.5973093302329777
574015282.3661398 0.5969988117581259
574510084.3483534 0.5967712229622463
574881185.8350135 0.5966006005706913
575432215.3152059 0.5963473615043294
576106945.2909517 0.596037450629551
576781675.2666975 0.5957277352368713
577456405.2424433 0.5954182150748678
578131135.2181891 0.5951088898928348
578805865.1939349 0.5947997594407799
579480595.1696807 0.5944908234694216
580166570.6450223 0.5941769376786981
580841300.6207681 0.5938683931546946
581516030.5965139 0.5935600423636695
582190760.5722597 0.5932518850591709
582865490.5480055 0.5929439209954446
583540220.5237513 0.5926361499274321
583933813.0096029 0.5924567058337128
584102495.5035394 0.592379821288384
584552315.4873699 0.5921748546580146
585227045.4631157 0.5918675650116944
585913020.9384573 0.59155535084361
586587750.914203 0.5912484484385359
587262480.8899488 0.590941737689653
587937210.8656946 0.5906352183563722
588611940.8414404 0.5903288901987808
589286670.8171862 0.59002275297764
589961400.792932 0.5897168064543824
590647376.2682736 0.5894059560689889
591209651.2480618 0.5891513073092747
591502034.2375516 0.5890189421132445
591895626.7234033 0.5888408145083414
592570356.6991491 0.5885356031178559
593256332.1744907 0.5882254991808711
597304712.0289655 0.5863993543545454
597990687.504307 0.5860905958808249
598665417.4800528 0.5857870882661953
600014877.4315444 0.5851806351580866
600689607.4072902 0.5848776892075442
601364337.383036 0.5845749300223542
602039067.3587818 0.5842723573755617
602713797.3345276 0.5839699710408385
603399772.8098692 0.5836627356969565
604074502.785615 0.5833607244056659
604749232.7613608 0.5830588987474598
605423962.7371066 0.5827572584985039
606773422.6885982 0.5821545333360771
607448152.664344 0.5818534479780039
608122882.6400898 0.5815525471399712
609483588.0911771 0.5809462908254863
610158318.0669229 0.5806459452877705
610833048.0426687 0.5803457833869413
611507778.0184145 0.5800458049046308
612182507.9941603 0.5797460096230653
612857237.9699061 0.5794463973250653
613531967.9456519 0.5791469677940415
614217943.4209934 0.5788427349097109
614892673.3967392 0.5785436733023295
615567403.372485 0.5782447938121053
616242133.3482308 0.5779460962248014
616916863.3239766 0.5776475803267606
617591593.2997224 0.577349245904904
618266323.2754682 0.5770510927467284
618952298.7508098 0.5767481559712377
619627028.7265555 0.5764503677174287
620301758.7023013 0.5761527600897187
620976488.6780471 0.5758553328778973
621651218.6537929 0.5755580858723197
622325948.6295387 0.5752610188639043
623000678.6052845 0.5749641316441315
623675408.5810302 0.5746674240050407
624361384.0563718 0.5743659551199767
625036114.0321176 0.5740696090049534
625710844.0078634 0.5737734418466333
626385573.9836092 0.5734774534392821
627060303.959355 0.5731816435777156
627735033.9351008 0.5728860120572961
628409763.9108466 0.5725905586739317
629084493.8865924 0.572295283224074
629770469.361934 0.5719952687140112
630445199.3376797 0.5717003514797723
631119929.3134255 0.5714056115682733
631794659.2891713 0.5711110487781282
632469389.2649171 0.5708166629084849
633144119.2406629 0.570522453759022
633818849.2164087 0.570228421129949
634493579.1921545 0.5699345648220018
635168309.1679003 0.5696408846364434
635854284.6432419 0.5693424901267121
636529014.6189877 0.5690491645189149
637203744.5947335 0.568756014437148
637878474.5704793 0.5684630396847667
638553204.5462251 0.5681702400656432
639227934.5219709 0.5678776153841637
639902664.4977167 0.5675851654452272
640577394.4734625 0.5672928900542439
641263369.948804 0.5669959221425752
641938099.9245498 0.5667039981667957
642612829.9002956 0.5664122481550316
643287559.8760414 0.5661206719147257
643962289.8517872 0.5658292692538227
644637019.827533 0.5655380399807672
645311749.8032788 0.5652469839045016
645997725.2786204 0.564951254247961
646672455.2543662 0.564660546872747
647347185.230112 0.5643700121209648
648021915.2058578 0.5640796498035389
648696645.1816036 0.5637894597318829
649371375.1573493 0.563499441717898
650046105.1330951 0.5632095955739707
650732080.6084367 0.5629150946587601
651406810.5841825 0.5626255945507336
652081540.5599283 0.5623362657497211
652756270.5356741 0.5620471080700418
653431000.5114199 0.5617581213264917
654105730.4871657 0.5614693053343419
654780460.4629115 0.561180659909337
655455190.4386573 0.5608921848676931
656141165.9139988 0.5605990763863337
656815895.8897446 0.560310944394012
657490625.8654904 0.5600229822334774
658165355.8412362 0.5597351897228234
658840085.816982 0.5594475666806076
659514815.7927278 0.5591601129258478
660189545.7684736 0.558872828278023
660864275.7442194 0.5585857125570699
661539005.7199652 0.558298765583382
662224981.1953068 0.5580072089648428
662899711.1710526 0.5577206017536624
663574441.1467984 0.5574341627506839
664249171.1225442 0.5571478917781183
664923901.09829 0.556861788658625
665598631.0740358 0.5565758532153107
666273361.0497816 0.5562900852717269
666959336.5251231 0.555999726058141
667634066.5008689 0.5557142953707638
668308796.4766147 0.5554290316535129
668983526.4523605 0.555143934731712
669658256.4281063 0.5548590044311226
670332986.4038521 0.5545742405779419
671007716.3795979 0.5542896429988012
671682446.3553437 0.5540052115207647
672368421.8306853 0.553716209616973
673043151.806431 0.5534321125852124
673717881.7821769 0.5531481811354707
674392611.7579226 0.5528644150965343
675067341.7336684 0.5525808142976141
675742071.7094142 0.5522973785683449
676416801.6851599 0.5520141077387829
677102777.1605015 0.5517262845990824
677777507.1362473 0.5514433458020382
679126967.0877389 0.5508779612084409
679801697.0634847 0.5505955150757738
680476427.0392305 0.5503132328291408
681151157.0149763 0.5500311143015167
681825886.9907221 0.5497491593262864
682511862.4660636 0.549462672594058
683186592.4418094 0.5491810469443389
683861322.4175552 0.5488995843468593
684536052.393301 0.5486182846366363
685210782.3690468 0.5483371476490891
685885512.3447926 0.5480561732200385
686560242.3205384 0.5477753611857049
687246217.79588 0.5474900352595222
687920947.7716258 0.5472095502246374
688595677.7473716 0.5469292270928098
689270407.7231174 0.5466490657018516
689945137.6988631 0.5463690658899677
690619867.674609 0.5460892274957548
691294597.6503547 0.5458095503581994
691980573.1256963 0.5455253770799126
692655303.1014421 0.5452460246550916
693330033.0771879 0.5449668330035524
694544547.0335304 0.5444646926706963
695005612.5169567 0.5442742014058816
695590378.4959364 0.5440327103361328
696276353.971278 0.5437495759841887
696951083.9470236 0.5434712444345424
697625813.9227694 0.5431930726494524
698300543.8985152 0.5429150604718739
698975273.874261 0.5426372077451359
699650003.8500068 0.5423595143129412
700324733.8257526 0.5420819800193635
701010709.3010942 0.5417999831330618
701685439.27684 0.5415227692962412
702360169.2525858 0.5412457141299021
703034899.2283316 0.5409688174795986
703450982.7133749 0.5407981434940795
703788347.7012477 0.5406598033660641
704384359.1798232 0.5404154991111437
705655100.6341444 0.5398950356455925
705992465.6220174 0.5397569535490945
706419794.6066563 0.5395821061512542
707094524.5824021 0.539306159999512
707769254.5581479 0.539030371290317
708443984.5338937 0.5387547398721163
709118714.5096395 0.5384792655937126
709793444.4853853 0.538203948304262
710355719.4651735 0.5379746370432545
710805539.449004 0.5377912663952703
711491514.9243456 0.5375117601553381
712840974.8758372 0.5369623836584243
713515704.851583 0.536687929729079
714190434.8273288 0.5364136318142687
714865164.8030746 0.5361394897657698
715539894.7788204 0.535865503435702
716214624.7545662 0.5355916726765275
716889354.730312 0.5353179973410489
717575330.2056535 0.53503991992947
718250060.1813993 0.5347665575854162
718924790.1571451 0.5344933502230674
719487065.1369332 0.5342657957046866
719846921.1239977 0.5341202172030891
720296741.1078283 0.5339383059283409
720971471.083574 0.5336655677864188
721657446.5589156 0.533388442284837
722332176.5346614 0.5331160153591074
723006906.5104072 0.5328437425378468
723681636.486153 0.5325716236772245
724356366.4618988 0.5322996586337378
725705826.4133904 0.5317561894257925
726391801.888732 0.5314801612005258
726864112.8717539 0.5312902010629668
727055286.3648819 0.531213333772504
727167741.3608396 0.5311681234609151
727572579.346287 0.531005401543088
728247309.3220328 0.5307343207283682
728922039.2977786 0.5304633927682786
729596769.2735244 0.5301926175218241
730271499.2492702 0.5299219948483286
730946229.225016 0.5296515246074324
731620959.2007618 0.5293812066590915
732295689.1765076 0.5291110408635772
732981664.6518492 0.5288365281388709
733656394.627595 0.5285666687611373
734331124.6033407 0.5282969611166097
735005854.5790865 0.5280274050668121
735680584.5548323 0.5277580004735776
736355314.5305781 0.5274887471990474
737030044.5063239 0.52721964510567
737716019.9816655 0.5269462128176058
738390749.9574113 0.52667741518906
739065479.9331571 0.5264087683285694
739740209.9089029 0.5261402720998049
740414939.8846487 0.5258719263667395
741089669.8603945 0.5256037309936469
