1.0 0.9877893686441266
1754298.9369390684 0.9859211921894975
2159136.9223865457 0.9854907769366436
2305328.4171314677 0.9853354138502279
3193722.8851967654 0.9843920212707954
6421181.26918082 0.9809753838686834
9446220.660441136 0.9777880944656685
10795680.611932728 0.9763709360275473
11279237.094550548 0.9758638217277611
11504147.086465813 0.9756280804429676
11841512.074338712 0.9752746182232302
12257595.55938195 0.9748389287602139
12932325.535127748 0.9741329853527589
14810323.96762021 0.9721718811407918
15327616.949025322 0.9716326698076797
16688322.400112676 0.9702163119499816
18037782.351604268 0.9688145199072686
18431374.83745598 0.9684061994879276
18779985.32492464 0.9680447460070614
19398487.80269162 0.967403923607578
20084463.27803318 0.9666938898146158
21321468.233567137 0.9654153497589056
21658833.221440036 0.9650670692695571
22569718.688696858 0.9641275931807147
22907083.676569756 0.9637799651531537
23514340.654740974 0.963154678394166
24863800.606232565 0.9617671919069868
25538530.58197836 0.9610745020273044
26899236.033065714 0.9596797092928392
27326565.017704718 0.9592422624953723
27495247.511641167 0.9590696633137364
27630193.506790325 0.9589316154118184
27877594.49789712 0.9586786001597556
28035031.492237803 0.9585176393346166
29283281.947367523 0.9572427943085857
29856802.42675145 0.9566578542950499
30531532.402497247 0.9559703331841783
31015088.885115065 0.9554780372987418
31408681.37096678 0.9550775946614702
31521136.366924413 0.9549632258579982
31914728.852776125 0.9545630867910601
32589458.828521922 0.9538776828987607
34197565.27071607 0.9522469274841727
35513288.72342037 0.9509155911487294
36188018.699166164 0.9502338711669318
37053922.16803993 0.9493600053084295
37728652.14378573 0.9486798554026331
38122244.62963744 0.9482834182752048
38515837.11548916 0.9478872145155327
39201812.59083072 0.9471972452792169
39876542.56657651 0.9465192772407014
41226002.518068105 0.9451653914793918
41900732.4938139 0.9444894721401924
42575462.46955969 0.9438142340860374
43936167.92064705 0.9424545730665534
44610897.896392845 0.9417813853451302
45285627.87213864 0.9411088756786464
46635087.82363023 0.9397658873048365
47984547.77512182 0.9384256015437809
52044173.12919236 0.9344098056176742
52718903.10493816 0.9337447130128518
53393633.08068395 0.9330802888954448
54023381.05804669 0.9324607621466903
54653129.035409436 0.9318418163954596
55327859.01115523 0.9311793042350679
55833906.49296457 0.9306828568522241
56182516.98043324 0.9303410773398126
56699809.96183835 0.929834247481195
57374539.93758415 0.9291737513968463
57891832.918989256 0.9286678201444644
58409125.900394365 0.9281622782700025
58926418.881799474 0.927657125420908
59263783.86967237 0.9273278873311948
59781076.85107748 0.926823376448145
60298369.83248259 0.9263192536570618
60646980.31995125 0.9259797374538097
61153027.8017606 0.9254872044766371
61557865.78720807 0.9250934448784345
61704057.281953 0.9249513121553227
61850248.77669792 0.924809210324039
62547469.75163524 0.9241319186437313
63267181.72576409 0.9234335147647225
63874438.7039353 0.922844817313679
64549168.6796811 0.92219133178817
65898628.631172694 0.9208863243107268
66483394.61015238 0.9203216328989938
66820759.59802528 0.9199960723856739
66978196.592365965 0.9198441999499853
67090651.5883236 0.919735741372844
67338052.57943039 0.9194971962371592
67574208.07094142 0.9192695757835303
68057764.55355924 0.91880374472215
68732494.52930504 0.918154306411572
69407224.50505082 0.9175055181079075
70081954.48079662 0.9168573790444146
70756684.45654242 0.9162098884553058
71206504.44037294 0.9157785879483784
71656324.42420349 0.91534757508596
72331054.39994928 0.9147015946310375
72724646.88580099 0.9143250710413069
72904574.8793332 0.9141530191356977
73196957.86882305 0.9138735326503002
73489340.85831289 0.9135941672724197
73939160.84214342 0.9131646107229526
74613890.81788921 0.9125208125907911
75288620.79363501 0.9118776578141162
75963350.76938081 0.9112351456344648
76649326.24472237 0.9105825828888114
77121637.22774443 0.910133662616168
77605193.71036224 0.9096743789271241
78291169.1857038 0.9090234007943643
78965899.1614496 0.9083837389987308
79640629.1371954 0.9077447156830535
80225395.11617509 0.9071914113538957
80641478.60121833 0.9067980054452747
81158771.58262344 0.9063092437694573
81833501.55836923 0.9056722903222483
82350794.53977434 0.9051843896171378
82631932.02966842 0.9049193826867981
83070506.51390319 0.9045061917817288
83745236.48964898 0.9038710363761029
84419966.46539478 0.9032365141410869
84836049.95043802 0.9028455407231624
85252133.43548127 0.9024548076276093
85926863.41122706 0.9018216967822822
86601593.38697284 0.901189216699525
87096395.36918643 0.9007257984266657
87456251.35625085 0.9003889795950665
87804861.84371953 0.9000628569910689
88310909.32552886 0.8995897518149614
88715747.31097634 0.8992115220866197
88884429.80491279 0.8990539930685852
89345495.2883391 0.8986236138256418
89739087.7741908 0.8982564485648517
90143925.75963828 0.8978790153017209
90818655.73538408 0.8972504606926794
91493385.71112987 0.8966225314818388
92168115.68687567 0.8959952269330776
92842845.66262145 0.8953685463111906
93517575.63836725 0.8947424888818866
94192305.61411305 0.8941170539117879
94878281.0894546 0.8934818323776126
95271873.57530633 0.8931176508468845
95665466.06115803 0.8927536804777907
96351441.53649959 0.8921198364074092
97026171.51224539 0.8914970077780544
97700901.48799118 0.8908747978090197
98251930.96818359 0.890367118086423
98814205.94797175 0.8898495019708834
99488935.92371754 0.8892289279345676
100163665.89946334 0.8886089699066926
100838395.87520914 0.8879896271628154
101513125.85095493 0.8873708989793945
102199101.3262965 0.8867424879244861
102873831.30204229 0.8861249969074413
103548561.27778809 0.8855081182736146
104223291.25353387 0.8848918513030715
104898021.22927967 0.8842761952767726
105572751.20502546 0.8836611494765723
106247481.18077126 0.8830467131852183
106933456.65611282 0.8824226603817846
109632376.55909601 0.8799734644579926
110307106.5348418 0.879362680288318
110993082.01018336 0.8787423360760673
111667811.98592915 0.8781327702557177
112342541.96167494 0.877523807505312
113017271.93742074 0.8769154471164945
113692001.91316654 0.8763076883817906
114366731.88891234 0.8757005305946046
115052707.3642539 0.8750838688381631
116402167.31574549 0.8738725716152197
116840741.79998025 0.8734794154195099
117279316.28421502 0.8730865117358373
117954046.25996082 0.8724825371571979
118628776.23570661 0.8718791590830006
119303506.21145241 0.871276376813051
119978236.1871982 0.8706741896480248
121338941.63828556 0.869461586215027
122013671.61403134 0.8688611900551502
122564701.09422375 0.8683713059310306
122879575.08290513 0.8680915493624624
123048257.57684158 0.8679417327573915
123441850.06269328 0.8675923043641665
124116580.03843908 0.8669937519293631
126826745.44101803 0.8645955050651697
127501475.41676383 0.8639999062076809
128176205.39250961 0.8634048940274359
128850935.3682554 0.862810467836453
129525665.3440012 0.8622166269476049
130200395.319747 0.8616233706746181
130875125.2954928 0.8610306983320721
131561100.77083436 0.86042874602128
132235830.74658015 0.8598372491903403
132910560.72232595 0.8592463342273103
133585290.69807175 0.8586560004501838
134260020.67381755 0.8580662471778011
134934750.64956334 0.8574770737298494
135609480.62530914 0.8568884794268607
136295456.1006507 0.8562906682233009
136970186.0763965 0.8557032397992812
137644916.0521423 0.8551163884756054
138319646.0278881 0.8545301135761899
138994376.00363386 0.8539444144257902
139669105.97937965 0.8533592903500008
140343835.95512545 0.8527747406752539
141029811.430467 0.8521810366533042
141704541.4062128 0.8515976433085373
142379271.3819586 0.8510148223379481
143054001.3577044 0.8504325730713227
143537557.84032223 0.8500156457346755
144009868.8233443 0.8496086972847969
144695844.29868585 0.84901815052678
145370574.27443165 0.8484378590211962
146045304.25017744 0.8478581362583064
146720034.22592324 0.8472789815724067
147394764.20166904 0.84670039429862
148069494.17741483 0.8461223737728953
148744224.1531606 0.8455449193320059
150104929.60424796 0.8443821054326638
150779659.57999375 0.8438063546712244
151454389.55573955 0.8432311673389469
152129119.53148535 0.8426565427767252
152803849.50723115 0.8420824803262721
153478579.48297694 0.8415089793301178
154153309.45872274 0.8409360391316085
154828039.43446854 0.8403636590749064
155514014.9098101 0.839782312898524
156188744.8855559 0.8392110604695143
156863474.8613017 0.8386403662087947
157538204.8370475 0.838070229463791
158212934.81279328 0.8375006495827392
158887664.78853908 0.8369316259146846
159562394.76428488 0.8363631578094806
160237124.74003068 0.8357952446177871
160923100.21537223 0.8352184344011246
161597830.19111803 0.8346516383131275
162272560.16686383 0.8340853951846788
162699889.15150282 0.8337270602462573
163127218.13614184 0.8333689466829082
163801948.1118876 0.8328039545386529
164487923.5872292 0.8322301105546939
165162653.56297496 0.8316662286354297
165837383.53872076 0.8311028962711698
166512113.51446655 0.8305401128200318
167186843.49021235 0.8299778776409292
167861573.46595815 0.8294161900935717
168536303.44170395 0.8288550495384632
169211033.41744974 0.8282944553369014
169638362.40208876 0.8279396946391264
169818290.39562097 0.8277903871605294
170234373.8806642 0.8274452620715601
170807894.36004812 0.8269698886408379
171212732.3454956 0.8266345676790088
171730025.32690072 0.8262063868924114
172404755.30264652 0.8256483701219326
173079485.27839231 0.8250908960583756
173754215.2541381 0.8245339640683556
174428945.2298839 0.8239775735192735
174957483.71088478 0.823542112027821
175486022.19188565 0.8231069820794876
176160752.16763145 0.8225519783387336
176835482.14337724 0.8219975137890333
177319038.62599507 0.8216004788553775
177813840.60820863 0.8211944966453599
178488570.58395442 0.8206413504569285
179163300.55970022 0.8200887412927189
179838030.53544602 0.8195366685263966
180524006.01078758 0.8189759437847939
181198735.98653337 0.8184249508521867
181873465.96227917 0.8178744924327279
182536950.4384292 0.817333728940465
182998015.9218555 0.8169582478482809
183166698.41579196 0.8168209388936406
183560290.90164366 0.8165006807911286
184246266.37698522 0.815942949562663
184920996.35273102 0.8153948976078416
185595726.32847682 0.8148473767376908
186101773.81028616 0.8144370842370166
186607821.2920955 0.8140270898624418
187282551.2678413 0.8134808939976661
187957281.2435871 0.8129352270545329
188429592.22660914 0.8125535745726662
188632011.2193329 0.8123900884167581
188845675.7116524 0.8122175712193431
189239268.1975041 0.8118999148350989
189835279.67607957 0.8114192337378925
190510009.65182537 0.8108755623116213
191106021.1304008 0.8103957567518718
191713278.10857204 0.8099073199194546
192388008.08431783 0.8093651109527238
193062738.06006363 0.8088234262633607
193737468.0358094 0.8082822652408403
194412198.0115552 0.8077416272753948
195086927.987301 0.8072015117580118
195761657.9630468 0.8066619180804345
196436387.9387926 0.8061228456351603
196998662.91858077 0.805674016323234
197560937.89836892 0.8052255482060886
198235667.87411472 0.8046878627493339
198910397.84986052 0.8041506963038089
199585127.82560632 0.8036140482655179
200259857.8013521 0.8030779180312135
200934587.7770979 0.8025423049983966
201609317.75284368 0.8020072085653149
202284047.72858948 0.8014726281309619
202970023.20393103 0.8009296663742993
203521052.68412346 0.8004939021731221
203667244.17886838 0.8003783488490216
203914645.16997516 0.8001828520542216
204162046.16108194 0.7999874243572582
207783097.03091773 0.7971349616920347
208457827.00666353 0.7966050748658122
209132556.9824093 0.7960756979800983
209807286.9581551 0.7955468304421403
210482016.9339009 0.79501847165992
211156746.9096467 0.7944906210421534
211831476.8853925 0.7939632779982886
212506206.86113828 0.7934364419385058
213180936.83688408 0.7929101122737163
213866912.31222564 0.79237552896655
214294241.29686466 0.7920427738681841
214462923.7908011 0.7919114789222019
214890252.7754401 0.7915790062112892
215564982.7511859 0.791054461101635
216250958.22652745 0.7905216899670551
216925688.20227325 0.7899981601203929
217600418.17801905 0.7894751328281985
218275148.15376484 0.7889526075068714
218949878.12951064 0.7884305835735343
219455925.61132 0.7880393943091701
219961973.09312934 0.7876484865027427
220636703.06887513 0.7871277134940287
221311433.04462093 0.7866074398389147
221986163.02036673 0.7860876649577655
222660892.99611253 0.7855683882716642
223346868.47145408 0.7850409670972207
224021598.44719988 0.784522693346433
224662591.92415836 0.7840307931316615
225033693.41081855 0.7837462133895654
225427285.89667028 0.7834445502080076
226102015.87241608 0.7829278053379631
226608063.35422543 0.7825405713500166
227125356.33563054 0.782145019511173
227800086.31137633 0.781629518488724
228474816.28712213 0.7811145107026052
229093318.7648891 0.7806428530378209
229723066.74225184 0.7801630446576908
230397796.71799764 0.7796494394590563
231072526.69374344 0.7791363252982126
231747256.66948923 0.7786237016058246
232421986.64523503 0.7781115678132617
233096716.62098083 0.7775999233525982
233771446.5967266 0.777088767656611
234446176.5724724 0.7765781001587797
234997206.05266482 0.7761614167895552
235548235.5328572 0.7757450583361569
236222965.508603 0.7752356737218122
236897695.4843488 0.7747267752531638
237572425.4600946 0.7742183623669339
238247155.4358404 0.7737104345005421
238921885.4115862 0.7732029910921046
239607860.88692775 0.7726875863517266
240282590.86267355 0.7721811182271878
240957320.83841935 0.7716751328697984
241632050.81416512 0.7711696297204629
242306780.7899109 0.7706646082207786
242981510.7656567 0.7701600678130338
244330970.7171483 0.769152428045967
245005700.6928941 0.76864932757467
245691676.16823566 0.7681383329985574
246366406.14398146 0.7676361976761709
247041136.11972725 0.7671345401047005
247715866.09547305 0.7666333597312605
248390596.07121885 0.7661326560036491
249065326.04696465 0.7656324283703481
249740056.02271044 0.7651326762805217
250426031.498052 0.7646250819201927
250898342.48107406 0.7642758758122767
251370653.4640961 0.7639269019890804
252045383.4398419 0.76342877052594
252720113.4155877 0.7629311121815594
253394843.3913335 0.7624339264087848
254069573.3670793 0.7619372126611397
254755548.84242085 0.7614327036797242
255430278.81816664 0.7609369401899015
256105008.79391244 0.7604416470807647
256779738.76965824 0.7599468238085475
257454468.74540403 0.7594524698301575
258129198.72114983 0.7589585846031737
258803928.69689563 0.7584651675858465
259489904.1722372 0.7579640063737303
260164634.14798298 0.7574715319340412
260839364.12372878 0.756979524073787
261514094.09947458 0.7564879822539049
262188824.07522038 0.7559969059359988
262863554.05096617 0.7555062945823388
263538284.02671194 0.7550161476558599
264224259.50205353 0.754518307163367
264898989.4777993 0.7540290952007611
265573719.4535451 0.753540346049212
266248449.4292909 0.753052059174318
266923179.4050367 0.7525642340423386
267597909.38078249 0.7520768701201932
268947369.3322741 0.7511035237763776
269633344.80761564 0.7506094444580319
270308074.78336143 0.7501239277045015
270971559.2595115 0.7496469500452604
271398888.24415046 0.7493399786102573
271533834.23929965 0.749243078409584
271769989.73081064 0.7490735470983884
272231055.214237 0.748742718862415
272557174.7025141 0.7485088472723925
272950767.1883658 0.7482267305620298
273445569.1705794 0.7478722899188398
273929125.6531972 0.7475261417233876
274603855.628943 0.7470435353527956
275278585.6046888 0.7465613841700696
275953315.5804346 0.746079687650235
276358153.5658821 0.7457908877583759
276751746.0517338 0.7455102667191352
277426476.0274796 0.7450295610587313
278101206.0032254 0.7445493083943673
278775935.9789712 0.744069508203778
279461911.45431274 0.7435821746541087
280136641.43005854 0.7431032853662994
280811371.40580434 0.7426248469806744
281486101.38155013 0.7421468589775571
282160831.35729593 0.7416693208379133
282835561.3330417 0.7411922320433506
283510291.3087875 0.7407155920761173
284196266.7841291 0.7402314676867259
284870996.7598749 0.7397557312823119
285545726.7356207 0.7392804421472166
286220456.7113665 0.7388055997662537
286895186.6871123 0.7383312036248738
287367497.6701343 0.7379993915632337
288030982.14628434 0.7375336431818562
288379592.633753 0.7372891003455435
288896885.6151581 0.7369264490265268
289571615.5909039 0.7364538179126754
290257591.06624544 0.7359737644580363
290932321.04199123 0.7355020276022595
291607051.01773703 0.7350307334104771
292281780.9934828 0.7345598813731941
292956510.9692286 0.7340894709815446
293631240.9449744 0.7336195017272924
294305970.9207202 0.7331499731028284
295666676.3718076 0.7322044286228584
296341406.3475534 0.7317362261626048
297016136.32329917 0.7312684622995548
297690866.29904497 0.7308011365292377
298365596.27479076 0.7303342483478065
299040326.25053656 0.7298677972520362
299715056.22628236 0.7294017827393233
300389786.20202816 0.7289362043076858
304449411.5560987 0.7261441508462514
305124141.5318445 0.7256816181841488
305798871.5075903 0.7252195176012399
306484846.98293185 0.7247501577714103
307159576.95867765 0.7242889270388289
307834306.93442345 0.7238281268897724
308509036.91016924 0.7233677568296685
309183766.88591504 0.722907816364555
309858496.86166084 0.72244830500108
310533226.83740664 0.7219892222465009
311207956.81315243 0.7215305676086828
311893932.288494 0.7210647070993623
312568662.2642398 0.7206069143358432
313243392.2399856 0.7201495482081584
313895631.2165398 0.7197078326988071
314390433.1987534 0.7193730035345417
314896480.68056273 0.7190308011965099
315301318.66601026 0.71875721144027
315470001.1599467 0.7186432608342738
315931066.64337295 0.7183319312013979
316617042.1187145 0.717869099988949
317291772.0944603 0.7174142834137379
317966502.0702061 0.7169598900591422
318641232.0459519 0.7165059194396793
319091052.0297825 0.7162035069734163
319327207.52129346 0.7160448155056189
319777027.50512403 0.7157426889548897
320463002.9804656 0.715282306536658
320901577.46470034 0.7149881917224311
321182714.95459443 0.7147997500668283
321700007.9359995 0.7144532081063482
322093600.4218512 0.7141897002856041
322228546.4170004 0.7140993876345384
322644629.90204364 0.7138210292885805
323319359.87778944 0.7133699763298507
323994089.85353523 0.7129193422759346
324668819.82928103 0.7124691266466765
325343549.8050268 0.7120193289625135
325770878.7896658 0.7117346730488872
326198207.7743048 0.7114501844639961
326715500.75570995 0.7111060272490454
327232793.737115 0.7107621148400226
327907523.7128608 0.7103139009840309
328582253.6886066 0.7098661027794562
329256983.6643524 0.7094187197501577
329931713.6400982 0.7089717514205814
330606443.615844 0.7085251973157609
331292419.09118557 0.7080716247914272
331967149.06693137 0.7076259045974931
332641879.04267716 0.7071805971990455
333069208.02731615 0.706898782472432
333496537.0119552 0.7066171330131497
334171266.987701 0.7061727595356477
334564859.4735527 0.7059137316232476
334744787.4670849 0.7057953654465516
334992188.4581917 0.7056326596564383
335228343.94970274 0.7054774010906385
335678163.93353325 0.7051818095917902
336364139.4088748 0.704731383517827
337038869.3846206 0.7042887546209321
337713599.3603664 0.7038465349812622
338388329.3361122 0.7034047241305639
339063059.311858 0.7029633216011626
339737789.2876038 0.7025223269259592
340412519.2633496 0.7020817396384312
341087249.2390954 0.7016415592726317
341773224.71443695 0.7011944592389712
342447954.69018275 0.7007550980836761
342886529.1744175 0.7004697308216382
343156421.1647158 0.700294205302766
343673714.1461209 0.6999579625059208
344359689.62146246 0.6995124421354348
344876982.6028676 0.699176752301433
345338048.0862939 0.698877750574796
345956550.56406087 0.6984769465988967
346361388.54950833 0.6982147856177139
346586298.5414236 0.6980692032982847
347092346.02323294 0.6977418066443212
347767075.99897873 0.6973056297860925
348453051.4743203 0.6968625952937786
349127781.4500661 0.6964272284228897
349802511.4258119 0.6959922625066343
350319804.407217 0.6956590598868193
350825851.88902634 0.695333328386607
351511827.3643679 0.6948921402507375
352186557.3401137 0.6944585873764793
352861287.3158595 0.6940254333850369
356167464.1970139 0.691908729553776
356842194.1727597 0.6914779197186813
357235786.6586114 0.6912267967707805
357629379.1444631 0.6909758083986597
358304109.1202089 0.6905458554544979
358978839.0959547 0.6901162972841084
359664814.5712963 0.6896799840445436
360339544.5470421 0.6892512206318144
361014274.52278787 0.6888228506358484
361689004.49853367 0.6883948736079211
362363734.47427946 0.6879672890998612
363038464.45002526 0.6875400966640489
363713194.42577106 0.6871132958534167
364387924.40151685 0.6866868862214477
365073899.8768584 0.686253770315024
365748629.8526042 0.6858281482040477
366423359.82835 0.685402915928072
367098089.8040958 0.6849780730427855
367772819.7798416 0.684553619104424
368447549.7555874 0.6841295536697702
369122279.7313332 0.6837058762961529
369797009.707079 0.6832825865414457
370471739.6828248 0.6828596839640674
371157715.15816635 0.6824301294663015
371551307.64401805 0.6821838440684792
371944900.12986976 0.6819376900286765
372619630.10561556 0.6815160170317897
373294360.08136135 0.6810947293708383
373969090.05710715 0.6806738266070527
374643820.03285295 0.6802533083022035
375318550.00859874 0.6798331740186017
375993279.98434454 0.6794134233190964
376668009.96009034 0.6789940557670755
378017469.91158193 0.6781564683617263
379366929.8630735 0.6773204083203976
380041659.8388193 0.6769029499754112
380716389.8145651 0.6764858721695035
381391119.7903109 0.6760691744698117
382065849.7660567 0.6756528564440063
382740579.7418025 0.6752369176602894
383415309.7175483 0.6748213576873953
384101285.19288987 0.6743992596046448
384776015.16863567 0.6739844622572442
385450745.14438146 0.6735700424228948
386125475.12012726 0.6731559996724588
386800205.09587306 0.6727423335773273
387474935.0716188 0.6723290437094184
388149665.0473646 0.6719161296411776
388835640.52270615 0.6714967184784604
389510370.49845195 0.6710845609744878
390185100.47419775 0.6706727779835786
390859830.44994354 0.670261369080288
391534560.42568934 0.6698503338396946
392209290.40143514 0.6694396718374
392884020.37718093 0.669029382649528
393558750.35292673 0.668619465852724
394244725.8282683 0.6682030984260033
394919455.8040141 0.667793931332212
395594185.7797599 0.6673851353555226
396268915.7555057 0.6669767100746692
396943645.7312515 0.6665686550689041
397618375.7069973 0.6661609699179971
398293105.6827431 0.6657536542022354
398967835.65848887 0.6653467075024224
399653811.1338304 0.6649333562186237
400328541.1095762 0.6645271524279585
401003271.085322 0.6641213163917874
401678001.0610678 0.6637158476929811
402352731.0368136 0.6633107459149236
403027461.0125594 0.6629060106415113
403702190.9883052 0.6625016414571527
404309447.96647644 0.6621380218542963
404927950.4442434 0.661767972716851
405602680.41998917 0.6613646324538727
406277410.39573497 0.6609616566984661
406952140.37148076 0.660559045037496
407626870.34722656 0.6601567970583346
408301600.32297236 0.6597549123488625
408976330.29871815 0.6593533904974663
409662305.7740597 0.6589455481713575
410337035.7498055 0.6585447568337617
411011765.7255513 0.6581443271156062
411686495.7012971 0.6577442586073075
412361225.6770429 0.6573445508997848
413035955.6527887 0.6569452035844616
413710685.6285345 0.6565462162532623
414396661.10387605 0.6561409477467965
415071391.07962185 0.6557426851443391
415746121.05536765 0.6553447812980167
416420851.03111345 0.654947235801766
417095581.00685924 0.6545500482500224
417770310.98260504 0.6541532182377203
418445040.95835084 0.6537567453602916
419119770.93409663 0.6533606292136658
419805746.4094382 0.6529582764138662
420480476.385184 0.6525628784472772
421155206.3609298 0.6521678359955515
421829936.3366756 0.6517731486566093
422504666.3124214 0.6513788160288654
423179396.2881672 0.650984837711228
423606725.27280617 0.6507355011852233
424034054.25744516 0.6504863065145798
424708784.23319095 0.6500931298175141
425383514.20893675 0.6497003061237534
425923298.1895334 0.649386301062985
426474327.6697258 0.6490659867859863
426924147.65355635 0.6488046797781879
427373967.63738686 0.6485435290793198
427902506.11838776 0.6482368765823961
428194889.10787755 0.6480673316019949
428363571.60181403 0.6479695471690251
428622218.0925166 0.6478196536253703
429488121.56139034 0.6473182110323366
430162851.53713614 0.6469278763845113
430837581.51288193 0.646537891528798
431512311.48862773 0.6461482560701493
432187041.4643735 0.6457589696140025
432873016.9397151 0.6453635524200642
433547746.9154609 0.6449749685874219
434222476.8912067 0.644586732569953
434897206.8669525 0.6441988439750382
435571936.8426983 0.643811302410541
436077984.32450765 0.6435208737402561
436595277.30591273 0.6432241924595778
436988869.79176444 0.6429985929674153
437168797.7852967 0.6428955009683549
437629863.26872295 0.6426314399160848
438304593.24446875 0.6422452998246116
439159251.2137468 0.6417566843415696
439676544.19515187 0.6414612120107354
440070136.6810036 0.6412365316711279
440250064.6745358 0.6411338596545759
440711130.1579621 0.6408708742307072
441385860.1337079 0.6404863067351517
442510410.0932842 0.639846123571104
442915248.0787317 0.6396158907200715
443432541.0601368 0.6393218836713973
444107271.0358826 0.6389386983883744
444782001.0116284 0.6385558548310032
445456730.9873742 0.6381733526141427
446142706.46271574 0.637784824885239
446817436.43846154 0.6374030098688089
447840776.901676 0.6368245728615732
450483469.3066804 0.6353344171532401
450944534.79010665 0.635074964574483
451619264.76585245 0.6346955621926587
452293994.74159825 0.6343164972751513
452979970.2169398 0.6339314601651909
453429790.2007703 0.6336791657645657
453879610.1846009 0.6334270208954613
454554340.1603467 0.6330490837179529
455229070.1360925 0.6326714823555447
455903800.1118382 0.6322942164303504
456589775.5871798 0.6319110062204105
457264505.5629256 0.6315344156126946
457939235.5386714 0.6311581593050417
458613965.5144172 0.6307822369214244
459288695.49016297 0.6304066480862764
459963425.46590877 0.6300313924244925
460638155.44165456 0.6296564695614272
461324130.9169961 0.6292756387631651
461998860.8927419 0.628901385906456
462673590.8684877 0.6285274647210684
463348320.8442335 0.6281538748341995
464023050.8199793 0.6277806158735041
464697780.7957251 0.6274076874670936
465372510.7714709 0.6270350892435358
466058486.24681246 0.6266566191504543
466733216.22255826 0.6262846856676788
467407946.19830406 0.6259130812500259
468082676.17404985 0.6255418055278896
468757406.14979565 0.6251708581321174
469432136.12554145 0.624800238694009
470106866.10128725 0.6244299468453167
470781596.07703304 0.6240599822182443
471456326.05277884 0.6236903444454464
472142301.5281204 0.6233148807359238
472817031.5038662 0.6229459010036871
473491761.479612 0.6225772470202932
474166491.4553578 0.6222089184202027
474841221.4311036 0.6218409148383243
475515951.4068494 0.6214732359100141
476190681.3825952 0.6211058812710755
476876656.85793674 0.6207327361215031
477551386.83368254 0.6203660343601328
478226116.80942833 0.6199996557921765
478900846.78517413 0.6196336000552277
479575576.7609199 0.6192678667873237
480250306.7366657 0.6189024556269456
480925036.7124115 0.6185373662130174
481599766.6881573 0.618172598184906
482274496.6639031 0.61780815118242
482926735.64045733 0.6174561572278762
483578974.6170116 0.6171044625932067
484253704.5927574 0.6167409551921703
484928434.5685032 0.6163777674042847
485603164.544249 0.6160148988715307
486277894.5199948 0.6156523492363281
486952624.4957406 0.6152901181415346
487638599.97108215 0.6149221760422878
488313329.94682795 0.6145605862527443
488988059.92257375 0.6141993139288802
489662789.89831954 0.6138383587153076
490337519.87406534 0.6134777202570743
491012249.84981114 0.6131173981996624
491686979.82555693 0.6127573921889887
492361709.80130273 0.6123977018714039
493047685.2766443 0.6120323399803491
493722415.2523901 0.6116732852365236
494397145.2281359 0.6113145451215664
495071875.2038817 0.6109561192835644
495746605.1796275 0.6105980073710358
496421335.1553733 0.6102402090329294
497096065.1311191 0.6098827239186237
497782040.60646063 0.6095196014559905
498456770.5822064 0.6091627469449088
499131500.5579522 0.6088062046025189
499806230.533698 0.608449974079921
500480960.5094438 0.6080940550286422
501155690.4851896 0.6077384471006364
501830420.4609354 0.6073831499482837
502505150.4366812 0.6070281632243897
503179880.412427 0.6066734865821852
503865855.88776857 0.6063132161823871
504540585.86351436 0.6059591638185134
505215315.83926016 0.6056054204928117
505890045.81500596 0.605251985860215
506564775.79075176 0.6048988595760781
507239505.76649755 0.6045460412961783
507914235.7422433 0.6041935306767137
509949671.16907644 0.6031319841168463
511299131.12056804 0.6024297334480755
511973861.09631383 0.6020790666854677
512648591.07205963 0.6017287051827593
513323321.0478054 0.601378648599507
514009296.523147 0.6010230699741504
514684026.4988928 0.6006736272779358
515358756.4746386 0.600324488476696
516033486.4503844 0.5999756532316578
516708216.4261302 0.599627121204463
517382946.401876 0.5992788920571671
518057676.37762177 0.598930965452239
518732406.35336757 0.5985833410525606
519418381.8287091 0.5982302323681555
520093111.8044549 0.597883216391962
520767841.7802007 0.5975365016065415
522117301.7316923 0.596843974266571
522645840.2126932 0.5965730617836917
523174378.69369406 0.5963023333373538
523849108.66943985 0.595956989732049
524523838.64518565 0.5956119454553042
525198568.62093145 0.5952672001739323
525873298.59667724 0.5949227535551534
526548028.57242304 0.594578605266595
527222758.54816884 0.5942347549762905
527908734.0235104 0.5938854789956312
528583463.9992562 0.5935422286603476
529258193.975002 0.5931992753243432
529932923.9507478 0.5928566186572791
530607653.9264936 0.5925142583292202
531282383.9022394 0.5921721940106345
531957113.8779852 0.5918304253723933
532631843.853731 0.5914889520857699
533317819.32907254 0.5911420900156856
533992549.30481833 0.5908012113565387
534667279.2805641 0.5904606270597837
535342009.2563099 0.5901203367983053
536016739.2320557 0.5897803402453876
536691469.2078015 0.5894406370747143
537366199.1835473 0.5891012269603677
538040929.159293 0.5887621095768286
538715659.1350389 0.5884232845989757
539401634.6103804 0.5880791119598638
540076364.5861262 0.5877408756794726
540751094.561872 0.5874029308263896
541425824.5376178 0.5870652770770863
542100554.5133636 0.5867279141084294
542775284.4891094 0.5863908415976804
543450014.4648552 0.5860540592224952
544124744.440601 0.5857175666609233
544799474.4163468 0.5853813635914082
545485449.8916883 0.5850398535759009
546160179.8674341 0.5847042333388518
546834909.84318 0.5843689016262071
547509639.8189257 0.5840338581179844
548184369.7946715 0.5836991024945927
548859099.7704173 0.583364634436831
549533829.7461631 0.5830304536258883
550219805.2215047 0.5826909972744101
550894535.1972505 0.5823573947763768
551569265.1729963 0.5820240785657731
552243995.1487421 0.5816910483253489
552918725.1244879 0.5813583037382419
553593455.1002337 0.5810258444879765
554268185.0759795 0.5806936702584633
554942915.0517253 0.5803617807339994
555628890.5270668 0.5800246512546401
556303620.5028126 0.5796933349266202
556978350.4785584 0.5793623023536116
557653080.4543042 0.5790315532214565
558327810.43005 0.5787010872163805
559002540.4057958 0.5783709040249925
559677270.3815416 0.5780410033342837
560352000.3572874 0.5777113848316275
560936766.3362671 0.5774259434800835
561262885.8245442 0.5772668469208163
561678969.3095875 0.5770639571109546
562353699.2853333 0.5767351739304433
563028429.2610791 0.5764066717016536
563714404.7364206 0.5760729821299377
564389134.7121664 0.5757450455423127
565063864.6879122 0.5754173889701755
565626139.6677004 0.57514455550408
566177169.1478927 0.5748773669866738
566851899.1236385 0.5745504509593129
567526629.0993843 0.57422381381925
568212604.5747259 0.5738920183073486
568887334.5504717 0.573565942652855
569562064.5262175 0.5732401449570154
570236794.5019633 0.5729146249127461
570911524.477709 0.5725893822133379
571586254.4534549 0.572264416552456
572260984.4292006 0.5719397276241391
572946959.9045422 0.5716099105879889
573621689.880288 0.5712857788078565
574296419.8560338 0.5709619228395654
574971149.8317796 0.5706383423786505
575645879.8075254 0.5703150371210185
576320609.7832712 0.5699920067629466
576714202.269123 0.5698036992169003
577119040.2545704 0.5696101088735437
577793770.2303162 0.5692876776591604
578468500.206062 0.5689655203799509
579143230.1818078 0.5686436367337387
579694259.6620002 0.5683809678615972
580234043.6425968 0.5681238361747165
580908773.6183426 0.5678026671076906
581583503.5940884 0.5674817705838642
582269479.06943 0.5671558048695311
582944209.0451758 0.5668354570608698
583618939.0209216 0.5665153808900771
584293668.9966674 0.5661955760577779
584765979.9796895 0.5659718739614374
585069608.468775 0.5658281355547301
585586901.4501802 0.5655833741338
586261631.425926 0.5652643589988812
586936361.4016718 0.5649456140334126
587453654.3830768 0.5647014256721055
587791019.3709497 0.5645422577886049
588308312.3523549 0.5642983312094234
588983042.3281007 0.5639804039390615
589657772.3038465 0.563662745640106
590343747.779188 0.5633400684639621
591018477.7549338 0.5630229516902929
591693207.7306796 0.5627061029958165
592367937.7064254 0.5623895220854949
593042667.6821712 0.5620732086646496
593717397.657917 0.5617571624389613
594392127.6336628 0.5614413831144694
595066857.6094086 0.5611258703975712
595572905.0912179 0.5608894106447123
596427563.060496 0.5604903961930416
597788268.5115833 0.5598560026738633
598462998.4873291 0.5595418274365411
599643775.9448842 0.5589926578764108
599992386.4323529 0.5588306769540895
600340996.9198215 0.5586687665543352
601206900.3886954 0.5582669068870976
601881630.3644412 0.5579540705296435
603231090.3159328 0.5573291876430054
603905820.2916785 0.5570171405355651
604580550.2674243 0.5567053559337926
605255280.24317 0.5563938335494394
605941255.7185116 0.5560773876378471
606615985.6942574 0.5557663931832543
607965445.645749 0.5551451880372056
608640175.6214948 0.5548349767724154
609314905.5972406 0.55452502599814
609989635.5729864 0.5542153354285836
610664365.5487322 0.553905904778299
611339095.524478 0.5535967337621858
612025070.9998195 0.5532826757633584
612699800.9755653 0.5529740274770181
613374530.9513111 0.5526656379668978
614723990.9028027 0.552049634140827
616073450.8542943 0.5514346620196154
617366683.3078071 0.5508462797643414
617782766.7928504 0.5506571748701888
617985185.7855741 0.5505652131877558
618378778.2714258 0.5503864648990191
619053508.2471716 0.5500802422128922
619728238.2229174 0.5497742756450335
620402968.1986632 0.5494685649149682
621077698.174409 0.5491631097425628
621752428.1501548 0.5488579098480246
622427158.1259006 0.5485529649519012
622955696.6069014 0.5483142693783631
623315552.5939659 0.5481518426094314
623832845.575371 0.5479184808705304
624350138.556776 0.5476852685088254
624687503.544649 0.5475332539079446
625204796.5260541 0.5473002880688278
625879526.5018 0.5469966435541938
626419310.4823965 0.5467539103292556
626666711.4735034 0.5466427117396038
627060303.959355 0.54646587498157
627735033.9351008 0.5461629263658271
628409763.9108466 0.5458602302855086
629084493.8865924 0.5455577864644974
629759223.8623382 0.5452555946270122
630445199.3376797 0.5449486242930766
631119929.3134255 0.5446469397848612
631794659.2891713 0.5443455064302616
632469389.2649171 0.5440443239548408
633144119.2406629 0.5437433920844954
633818849.2164087 0.5434427105454555
634493579.1921545 0.5431422790642835
635168309.1679003 0.5428420973678746
635854284.6432419 0.5425371684260845
636529014.6189877 0.5422374896329006
637203744.5947335 0.5419380598026228
637878474.5704793 0.5416388786634769
638553204.5462251 0.5413399459440192
639227934.5219709 0.5410412613731356
639902664.4977167 0.5407428246800418
640577394.4734625 0.5404446355942824
641263369.948804 0.5401417302438799
641938099.9245498 0.5398440396782431
642612829.9002956 0.539546595906056
643287559.8760414 0.539249398658181
643962289.8517872 0.5389524476658067
644637019.827533 0.5386557426604491
645311749.8032788 0.5383592833739499
645986479.7790246 0.5380630695384765
646672455.2543662 0.5377621701513831
647347185.230112 0.5374664504954423
648021915.2058578 0.5371709754845355
648696645.1816036 0.5368757448521346
649371375.1573493 0.5365807583320353
650046105.1330951 0.5362860156583563
650720835.108841 0.5359915165655392
651395565.0845867 0.5356972607883485
652081540.5599283 0.5353983499074346
652756270.5356741 0.5351045840112726
653431000.5114199 0.5348110606325585
654105730.4871657 0.534517779507348
654780460.4629115 0.534224740372017
655455190.4386573 0.5339319429632613
656129920.4144031 0.5336393870180967
656815895.8897446 0.5333422024034673
657490625.8654904 0.5330501326112307
658165355.8412362 0.5327583034911815
658840085.816982 0.5324667147816153
659514815.7927278 0.5321753662211455
660189545.7684736 0.5318842575487024
660864275.7442194 0.5315933885035334
661539005.7199652 0.5313027588252021
662224981.1953068 0.5310075304350135
662899711.1710526 0.5307173826888957
663574441.1467984 0.5304274735258795
664249171.1225442 0.530137802686796
664923901.09829 0.5298483699127904
665598631.0740358 0.5295591749453221
666273361.0497816 0.5292702175261642
666948091.0255274 0.5289814973974032
667622821.0012732 0.5286930143014381
668308796.4766147 0.5283999658801907
668983526.4523605 0.5281119600180653
669658256.4281063 0.5278241904135319
670332986.4038521 0.5275366568102429
671007716.3795979 0.5272493589521612
671682446.3553437 0.5269622965835601
672357176.3310895 0.5266754694490237
673313043.7967293 0.5262695331861271
673999019.2720709 0.5259785044725234
674673749.2478167 0.5256924830353481
675348479.2235625 0.5254066957036172
676023209.1993083 0.5251211422235925
676697939.1750541 0.5248358223418439
677372669.1507999 0.5245507358052482
678047399.1265457 0.5242658823609895
678733374.6018872 0.5239765200510513
679408104.577633 0.5236921359085689
680082834.5533788 0.5234079840976166
680757564.5291246 0.5231240643666071
681432294.5048704 0.5228403764642577
682107024.4806162 0.522556920139591
682781754.456362 0.522273695141933
683467729.9317036 0.5219859866118717
684142459.9074494 0.5217032273624178
684817189.8831952 0.5214206986856129
685491919.858941 0.5211384003320013
686166649.8346868 0.5208563320524298
686841379.8104326 0.5205744935980465
687516109.7861784 0.5202928847203017
688190839.7619241 0.5200115051709465
688876815.2372657 0.519725670800294
689551545.2130115 0.5194447529759578
690226275.1887573 0.519164063732948
690901005.1645031 0.5188836028242214
691575735.1402489 0.5186033700030344
692250465.1159947 0.5183233650229421
692925195.0917405 0.5180435876377979
693599925.0674863 0.5177640376017538
694274655.0432321 0.5174847146692593
694960630.5185736 0.5172009689144227
695635360.4943194 0.5169221032283802
696984820.445811 0.5163650507057536
697659550.4215568 0.5160868633807489
699009010.3730484 0.5155311653845225
699526303.3544534 0.5153183867049149
700043596.3358586 0.5151057402515157
701393056.2873502 0.5145516319705782
702067786.263096 0.514274914384528
702742516.2388418 0.5139984208455322
703394755.215396 0.5137313564999482
703777102.2016519 0.5135748986824425
704170694.6875037 0.5134139141080215
704845424.6632495 0.5131381173007417
706194884.6147411 0.5125871926094416
706869614.5904869 0.5123120642450099
708219074.5419785 0.5117624742797329
710254509.9688116 0.5109351875423955
710929239.9445574 0.510661393281336
711603969.9203032 0.5103878199181275
712278699.896049 0.5101144672150285
712953429.8717948 0.5098413349345846
714302889.8232864 0.5092957306932808
716338325.2501196 0.5084744395421679
717013055.2258654 0.5082026284752457
717833976.696356 0.5078722199855366
719025999.653507 0.507393024392015
723074379.5079818 0.5057706408535103
723760354.9833233 0.5054965111496992
724435084.9590691 0.5052270936060215
725784544.9105607 0.5046889068667475
726459274.8863065 0.5044201372073253
727134004.8620523 0.5041515830459622
727808734.8377981 0.5038832441514457
728483464.8135439 0.503615120292842
729169440.2888855 0.5033427479071728
729844170.2646313 0.5030750570030077
730518900.2403771 0.502807580439795
731193630.2161229 0.5025403179877198
731868360.1918687 0.5022732694172451
732543090.1676145 0.502006434499111
733217820.1433601 0.5017398130043347
733903795.6187017 0.5014689663708053
734578525.5944475 0.5012027745844049
735253255.5701933 0.5009367955322714
735927985.5459391 0.500671028986531
736602715.5216849 0.5004054747195851
737277445.4974307 0.5001401325041095
737952175.4731765 0.49987500211305524
738626905.4489223 0.49961008331964707
739312880.9242638 0.4993409658965071
739987610.9000096 0.4990764731363275
740662340.8757554 0.4988121912913468
741337070.8515012 0.49854812013588756
742011800.827247 0.49828425944454513
742686530.8029928 0.4980206089921867
743361260.7787386 0.4977571685539516
744047236.2540802 0.49748955250387744
744721966.229826 0.4972265349112462
745272995.7100184 0.49701189250841826
745824025.1902108 0.4967973896001293
746498755.1659566 0.4965349227816336
746937329.6501914 0.4963644313050889
747724514.6218948 0.4960586419838763
748399244.5976406 0.49579676257051236
749073974.5733864 0.49553509127829404
749748704.5491322 0.4952736278849167
750434680.0244738 0.49500801966462143
751784139.9759654 0.4944861372828051
752458869.9517112 0.4942255067154356
753133599.927457 0.49396508293571945
753808329.9032028 0.49370486572296074
754483059.8789486 0.49344485485672995
755157789.8546944 0.49318505011686326
755843765.3300359 0.4929211263794731
756518495.3057817 0.49266173665915974
759824672.186936 0.4913936928954071
760431929.1651073 0.49116132112259137
762456119.0923446 0.49038794220657167
763142094.5676862 0.49012626857696956
763816824.543432 0.4898690896989692
764491554.5191778 0.4896121139288343
765166284.4949236 0.48935534105030637
765841014.4706694 0.48909877084738745
766515744.4464152 0.4888424031043399
767190474.422161 0.4885862376056863
768539934.3736526 0.48807451248094885
769225909.8489941 0.487814694797719
770575369.8004857 0.48730418533292297
771250099.7762315 0.4870492321375964
772599559.7277231 0.48653992775277444
773274289.7034689 0.4862855761367266
773960265.1788105 0.4860271904564679
774634995.1545563 0.48577324215805057
775096060.6379826 0.4855998256726707
776400538.5910912 0.4851096883776451
777075268.566837 0.48485646122234494
777749998.5425828 0.4846034329728435
779099458.4940743 0.48409797234670726
779785433.9694159 0.4838413340137532
780460163.9451617 0.4835891025772906
781134893.9209075 0.483337068989687
782484353.872399 0.48283359452161667
783833813.8238906 0.4823309089331881
784508543.7996364 0.48207986144608206
785183273.7753822 0.48182901055208094
785869249.2507237 0.48157418013024716
787218709.2022153 0.481073465965551
787893439.1779611 0.48082340262328693
788568169.1537069 0.4805735348311211
789242899.1294527 0.4803238623818974
789917629.1051985 0.480074385068709
790592359.0809443 0.4798251026848978
791953064.5320317 0.47932297530776724
792627794.5077775 0.47907427971139666
793977254.459269 0.47857747061865097
794651984.4350148 0.4783293567116955
796001444.3865064 0.47783370915202006
796687419.861848 0.4775820511571321
797317167.8392107 0.47735119638325463
797946915.8165735 0.4771205094544332
799296375.7680651 0.4766267447438486
799971105.7438109 0.4763801506138343
800645835.7195567 0.4761337483632771
801320565.6953025 0.4758875377894357
802006541.170644 0.47563741999254566
802681271.1463898 0.47539159535104136
803356001.1221356 0.475145961776126
804030731.0978814 0.4749005190660358
804705461.0736272 0.4746552670192492
805380191.049373 0.4744102054344871
806054921.0251188 0.4741653341107124
806729651.0008646 0.4739206528471292
807415626.4762062 0.47367208819384266
808765086.4276978 0.4731836804791034
809439816.4034436 0.4729397606057838
810114546.3791894 0.47269602978896663
810789276.3549352 0.4724524878293036
812138736.3064268 0.4719659696852441
812824711.7817683 0.4717189450875039
814174171.7332599 0.471233562174094
814848901.7090057 0.4709911523105251
815523631.6847515 0.4707489299120687
816198361.6604973 0.47050689478128815
816873091.6362431 0.47026504672098385
817559067.1115847 0.4700193594298596
818233797.0873305 0.4697778880294703
818908527.0630763 0.46953660310610507
819583257.038822 0.4692955044635138
820257987.0145679 0.46905459190568194
820932716.9903136 0.46881386523683016
821607446.9660594 0.46857332426141424
822293422.441401 0.4683289644299732
822968152.4171468 0.46808879734246767
823642882.3928926 0.4678488153599272
824317612.3686384 0.46760901828774853
824992342.3443842 0.4673694059315622
825667072.32013 0.4671299780972318
826341802.2958758 0.46689073459085406
827016532.2716216 0.4666516752187583
827702507.7469631 0.4664088200876058
828377237.722709 0.46617013146481645
829051967.6984547 0.4659316263934761
829726697.6742005 0.46569330468084574
830401427.6499463 0.46545516613441773
831076157.6256921 0.46521721056191523
831919570.0953743 0.46492002311082153
832436863.0767794 0.4647378892799089
833111593.0525252 0.46450048451618026
833786323.028271 0.46426326195638634
834461053.0040168 0.46402622140940464
835147028.4793583 0.46378541657827355
835821758.4551041 0.4635487425100386
836496488.4308499 0.4633122498794502
837171218.4065957 0.4630759384963047
837845948.3823415 0.46283980817062653
838520678.3580873 0.462603858712668
839195408.3338331 0.4623680899329086
839870138.3095789 0.4621325016420554
840556113.7849205 0.46189317171098954
841230843.7606663 0.46165794683122785
842400375.7186257 0.4612506498059148
842917668.7000308 0.46107067136649577
843592398.6757766 0.4608360753804099
844267128.6515224 0.46060165865521485
844953104.126864 0.46036351855853275
845627834.1026098 0.46012946277240696
846302564.0783556 0.4598955856819461
846977294.0541013 0.4596618871002328
847652024.0298471 0.4594283668405741
848326754.005593 0.45919502471650037
849687459.4566803 0.45872499252848176
850362189.4324261 0.4584921866526313
851036919.4081719 0.45825955816562813
851430511.8940235 0.45812394006031426
851576703.3887684 0.4580735829714319
851992786.8738117 0.4579303044362796
852667516.8495575 0.4576981038742044
854691706.7767949 0.4570025619886945
855377682.2521365 0.4567672105935908
856052412.2278823 0.45653589490227514
856727142.2036281 0.45630475504361445
858076602.1551197 0.45584300209052525
858751332.1308655 0.4556123886297791
860100792.082357 0.4551516868257338
860786767.5576986 0.454917764784982
861461497.5334444 0.45468785353719243
862136227.5091902 0.45445811665725727
862810957.484936 0.45422855396344175
863485687.4606818 0.45399916527422834
864160417.4364276 0.4537699504083169
865509877.3879192 0.45331204142228376
866870582.8390065 0.452851018335102
867545312.8147523 0.45262267275425594
868220042.7904981 0.4523944999104585
871604938.1688229 0.45125243338628973
872796961.1259737 0.4508512735762632
873314254.1073788 0.45067735180800683
873988984.0831246 0.45045064854812633
874663714.0588704 0.45022411631711073
875338444.0346162 0.4499977549372189
876013174.010362 0.4497715642309223
876687903.9861078 0.44954554402090424
877362633.9618536 0.44931969413006045
878048609.4371952 0.449090254492832
878723339.412941 0.4488647475411338
879398069.3886868 0.448639410375626
880072799.3644326 0.4484142428200526
880747529.3401784 0.4481892446983686
881422259.3159242 0.44796441583473895
882771719.2674158 0.44751526517935375
883457694.7427573 0.44728720576314157
884132424.7185031 0.44706305498537796
884807154.6942489 0.44683907258672956
885481884.6699947 0.4466152583926214
886156614.6457405 0.4463916122286875
886831344.6214863 0.4461681339207699
887269919.1057211 0.44602296295100563
887416110.600466 0.44597458836298326
887809703.0863177 0.4458443881732608
888484433.0620635 0.4456213203778514
889159163.0378093 0.4453984198392087
889833893.013555 0.4451756863840982
890519868.4888966 0.44494941181020065
891194598.4646424 0.44472701478077725
891869328.4403882 0.4445047843135482
892544058.416134 0.44428272023610826
893218788.3918798 0.44406082237625844
893893518.3676256 0.4438390905620051
894568248.3433714 0.4436175246215599
895254223.818713 0.44339243578225873
895928953.7944587 0.4431712038322812
896603683.7702045 0.4429501372391249
897278413.7459503 0.4427292358318234
897953143.7216961 0.44250849943961457
898470436.7031013 0.44233937985094585
898976484.1849107 0.44217403045664483
899651214.1606565 0.44195370859812916
900325944.1364022 0.4417335511558087
901011919.6117438 0.4415098927971384
901686649.5874896 0.4412900664110549
902361379.5632354 0.4410704039294199
903036109.5389812 0.44085090518299985
903710839.514727 0.44063157000276354
904385569.4904728 0.44041239821988054
905060299.4662186 0.4401933896657222
905577592.4476236 0.4400255935444553
906083639.929433 0.43986153783266224
906600932.9108381 0.43969393109099086
906949543.3983067 0.43958103265800813
907455590.8801161 0.4394172250598736
908141566.3554577 0.43919532064849454
908816296.3312035 0.4389772176614304
909502271.806545 0.43875564582568755
910008319.2883544 0.4385922984987664
910525612.2697595 0.43842541531761337
911200342.2455053 0.4382078844296255
911886317.7208469 0.4379868936235504
912279910.2066985 0.437860170936164
912673502.6925503 0.4377335031255899
913359478.1678919 0.43751287029561514
914034208.1436377 0.43729601674490604
914484028.1274681 0.4371515370764429
914776411.116958 0.4370576636020396
915293704.0983632 0.4368916536565092
915687296.5842148 0.43676540495420807
915867224.577747 0.4367077094462104
916227080.5648115 0.43659235264358165
916800601.0441954 0.43640859697324613
917475331.0199412 0.43619256197351886
918150060.995687 0.4359766869706098
918824790.9714328 0.43576097179994355
919499520.9471786 0.4355454162971404
920174250.9229244 0.4353300202980166
920860226.398266 0.435111197709955
921534956.3740118 0.4348961228779659
922209686.3497576 0.43468120705555213
922884416.3255033 0.4344664500793142
923559146.3012491 0.4342518517860467
924233876.276995 0.4340374120127388
924908606.2527407 0.43382313059657374
925583336.2284865 0.4336090073749285
926269311.7038281 0.43339147743684003
926944041.6795739 0.43317767274693075
930992421.5340487 0.43189815075693927
931667151.5097945 0.43168544661076946
932353126.985136 0.4314693579069568
933027856.9608817 0.4312569693582976
933702586.9366275 0.4310447370623743
934377316.9123733 0.43083266085906835
935052046.8881191 0.4306207405884518
935726776.8638649 0.4304089760907868
936401506.8396107 0.43019736720652546
937087482.3149523 0.42998239086860734
937762212.290698 0.4297710953201693
938436942.2664438 0.42955995490498106
939111672.2421896 0.42934896946425566
939786402.2179354 0.42913813883939483
940461132.1936812 0.4289274628719889
941135862.169427 0.4287169414038166
941810592.1451728 0.4285065742768448
942485322.1209186 0.4282963613332282
943171297.5962602 0.4280828027373864
943846027.572006 0.42787290025083174
944520757.5477518 0.4276631514726015
945195487.5234976 0.42745355624560244
945870217.4992434 0.42724411441292826
946544947.4749892 0.42703482581785923
947219677.450735 0.4268256903038615
947905652.9260765 0.42661322596615564
948580382.9018223 0.4264043986902644
949255112.8775681 0.4261957240243608
949929842.8533139 0.42598720181265676
950604572.8290597 0.4257788318995495
951279302.8048055 0.4255706141296211
951954032.7805513 0.42536254834763804
952628762.7562971 0.4251546343985513
953314738.2316387 0.4249434107071474
953989468.2073845 0.4247358024835226
954664198.1831303 0.4245283456261777
955338928.1588761 0.42432103998080195
956013658.1346219 0.424113885393268
956688388.1103677 0.42390688170963126
957363118.0861135 0.4237000287761301
958049093.561455 0.4234898826752497
958723823.5372008 0.42328333328755163
959398553.5129466 0.4230769341872464
960073283.4886924 0.42287068522130394
960748013.4644382 0.422664586236876
961422743.440184 0.42245863708129594
962097473.4159298 0.422252837602078
962524802.4005688 0.42212257527869246
962659748.395718 0.42208145226228716
963053340.8815696 0.4219615442597909
963536897.3641875 0.4218142982636404
963750561.856507 0.4217492604933415
964144154.3423587 0.4216294932231399
964717674.8217427 0.421455065996945
965291195.3011266 0.42128074637579266
965965925.2768724 0.4210758021067297
966640655.2526182 0.42087100649199216
967315385.228364 0.42066635938048813
967990115.2041098 0.42046186062130464
968664845.1798556 0.4202575100637078
969339575.1556014 0.42005330755714254
970025550.630943 0.41984585329332513
970700280.6066887 0.4196419488991076
971375010.5824345 0.4194381921028277
972049740.5581803 0.4192345827546462
972724470.533926 0.41903112070490145
973399200.5096718 0.4188278058041092
974073930.4854176 0.41862463790296256
974759905.9607592 0.41841823441145587
975434635.936505 0.41821536250615204
976109365.9122508 0.4180126371511557
976784095.8879966 0.4178100581978696
977458825.8637424 0.4176076254978721
978133555.8394881 0.417405338902918
978808285.815234 0.4172031982649375
979494261.2905755 0.41699783809004004
980168991.2663213 0.41679599134893797
980843721.2420671 0.4165942901191945
981518451.2178129 0.41639273425344325
982193181.1935587 0.4161913236044925
982867911.1693045 0.4159900580253249
983542641.1450503 0.4157889373690971
984217371.1207961 0.41558796148913973
984903346.5961376 0.4153837842759562
985578076.5718834 0.4151830999160451
989637701.925954 0.41397869055938913
990987161.8774456 0.41357948450282256
991661891.8531914 0.4133800963011745
992336621.8289372 0.41318085112443503
993011351.804683 0.4129817488281817
993686081.7804288 0.4127827892681633
994360811.7561746 0.4125839723002991
995046787.2315161 0.41238198774471935
995721517.2072619 0.41218345790012806
996396247.1830077 0.4119850702140794
997070977.1587535 0.4117868245431763
997745707.1344993 0.4115887207441911
998420437.1102451 0.41139075867406577
999095167.0859909 0.41119293818991115
999769897.0617367 0.4109952591490075
1000455872.5370783 0.4107944303094532
1001130602.512824 0.41059703607899956
1001805332.4885699 0.4103997828622798
1002480062.4643157 0.41020267051725096
1003829522.4158072 0.40980886787493165
1004504252.391553 0.40961217729439353
1005178982.3672988 0.4094156270190505
1005864957.8426404 0.4092159445925377
1006539687.8183862 0.4090196768366562
1007214417.794132 0.40882354896050666
1007889147.7698778 0.4086275608233863
1008563877.7456236 0.40843171228475855
1009238607.7213694 0.4082360032042529
1009913337.6971152 0.40804043344166485
1011274043.1482025 0.40764645762830387
1011948773.1239483 0.407451307293685
1012623503.0996941 0.40725629571549526
1013298233.0754399 0.407061422754359
1013972963.0511857 0.40686668827106526
1014647693.0269315 0.40667209212656724
1015333668.5022731 0.40647439438630967
1016008398.4780189 0.4062800768027656
1016683128.4537647 0.406085897139554
1017357858.4295105 0.40589185525828664
1018032588.4052563 0.40569795102073847
1018707318.3810021 0.40550418428884794
1019382048.3567479 0.4053105549247161
1020056778.3324937 0.4051170627906073
1020742753.8078352 0.40492048632561506
1021417483.783581 0.40472727052041485
1022766943.7350726 0.40434124921944087
1023441673.7108184 0.4041484434496606
1024791133.66231 0.40376324098770916
1025465863.6380558 0.4035708440225002
1026826569.0891432 0.40318325700731006
1027501299.064889 0.4029912698810801
1028176029.0406348 0.4027994183401411
1028850759.0163805 0.40260770224886033
1029525488.9921263 0.4024161214717648
1030200218.967872 0.40222467587354155
1030874948.9436178 0.40203336531903694
1031560924.4189594 0.40183900455470245
1032235654.3947052 0.4016479659279019
1032910384.370451 0.4014570619380717
1033585114.3461968 0.401266292450697
1034181125.8247722 0.4010978911759902
1034608454.8094113 0.4009772151218498
1035125747.7908164 0.4008312055811105
1035800477.7665622 0.40064087676621346
1036475207.742308 0.4004506818793929
1037161183.2176496 0.4002574542348712
1037667230.6994588 0.4001149978079212
1038015841.1869276 0.4000169048649823
1038521888.6687369 0.39987457528600395
1039196618.6444827 0.3996849192204573
1042581514.0228075 0.3987354863615596
1043256243.9985533 0.39854663005553065
1043930973.9742991 0.39835790620913863
1044616949.4496406 0.3981661726188147
1045291679.4253864 0.39797771549815353
1045966409.4011322 0.39778939043955486
1046641139.376878 0.39760119731153765
1047315869.3526238 0.39741313598277567
1047720707.3380712 0.3973003623945872
1047844407.8336246 0.3972659132483559
1048238000.3194764 0.39715633174411646
1048912730.2952222 0.39696858181796524
1051622895.6978011 0.39621577507775313
1052016488.1836528 0.3961066220342179
1052230152.6759723 0.3960473861596061
1052556272.1642494 0.3959569987795082
1052904882.6517181 0.39586041153904195
1053422175.6331232 0.39571715277351166
1054096905.608869 0.39553040876959183
1054771635.5846148 0.39534379512402174
1055446365.5603606 0.39515731170732527
1056121095.5361063 0.3949709583901786
1056807071.0114479 0.39478163242136693
1057313118.4932573 0.3946420517491312
1057830411.4746624 0.3944994447146346
1058685069.4439404 0.39426400001723505
1059202362.4253455 0.394121594956051
1059877092.4010913 0.3939359635030544
1060563067.8764329 0.3937473706951759
1061237797.8521787 0.3935619997732032
1061912527.8279245 0.39337675784698767
1062587257.8036703 0.3931916447886555
1063261987.7794161 0.3930066604704831
1063936717.7551619 0.39282180476489714
1064611447.7309077 0.39263707754447413
1065297423.2062492 0.3924494031209839
1065972153.181995 0.3922649346253187
1066646883.1577408 0.39208059423132885
1067321613.1334866 0.39189638181219133
1067996343.1092324 0.391712297241232
1068671073.0849782 0.39152834039192574
1069345803.060724 0.3913445111378958
1069840605.0429375 0.39120978403906104
1070357898.0243427 0.3910690062219106
1071043873.4996842 0.39088243796814537
1071561166.4810894 0.390741834083535
1071909776.968558 0.39064712141767627
1072258387.4560267 0.39055244265128536
1072775680.4374318 0.3904120140139001
1073450410.4131776 0.39022895825026993
1074136385.888519 0.39004298144608696
1074811115.864265 0.3898601810745631
1075317163.3460743 0.3897231637869089
1075834456.3274794 0.3895831751335862
1076509186.3032253 0.38940069276142364
1077183916.278971 0.389218336527293
1077858646.2547169 0.3890361063066769
1078544621.7300584 0.38885096796886637
1079219351.705804 0.38866899149734285
1079894081.68155 0.3884871406645916
1080568811.6572957 0.38830541534668156
1081243541.6330416 0.3881238154198266
1081918271.6087873 0.38794234076038625
1082593001.5845332 0.3877609912448647
1083278977.0598748 0.3875767474001621
1083953707.0356205 0.38739564988315045
1084628437.0113664 0.3872146771383893
1085291921.4875164 0.3870368421571211
1085797968.9693255 0.3869012862567993
1086146579.4567943 0.386807944024791
1087012482.925668 0.3865762375796478
1087529775.9070733 0.3864379131772657
1088339451.877968 0.3862215518606665
1089014181.853714 0.38604138714591746
1089407774.3395658 0.3859363482665485
1089610193.3322895 0.3858823446741895
1090093749.8149073 0.3857533811677298
1091443209.7663987 0.3853938188091699
1092117939.7421446 0.3852142228145416
1093309962.6992955 0.38489723780002877
1093827255.6807005 0.3847597978295783
1095008033.1382558 0.38444634690027646
1095356643.6257243 0.384353876166504
1096222547.094598 0.3841243324948789
1096638630.5796413 0.3840141041042173
1096818558.5731735 0.38396645220083103
1097245887.5578127 0.38385331382529503
1097920617.5335584 0.3836747742143452
1098595347.5093043 0.3834963568604725
1099944807.4607959 0.38313988844423025
1101305512.911883 0.3827809431575012
1101980242.887629 0.38260313731894546
1103329702.8391206 0.3822478901348815
1104004432.8148663 0.3820704485512632
1104679162.7906122 0.38189312814807946
1105353892.766358 0.38171592880662375
1106714598.2174454 0.38135894456484964
1107389328.193191 0.38118210970849686
1108064058.168937 0.3810053954384637
1108738788.1446826 0.3808288016367385
1110088248.0961742 0.3804759749668548
1110762978.0719202 0.38029974186336263
1111448953.5472617 0.38012069455505765
1112123683.5230074 0.3799447033265341
1112798413.4987533 0.3797688318591891
1113473143.474499 0.37959308003597625
1113967945.4567125 0.3794642713384098
1115148722.9142678 0.3791571463971463
1115823452.8900135 0.3789818104223231
1119703150.250552 0.37797593669048263
1120209197.7323613 0.3778450249713768
1120726490.7137663 0.3777112729201535
1121075101.201235 0.377621174884215
1121592394.18264 0.37748753917710365
1122267124.158386 0.37731333607424666
1122941854.1341317 0.37713925098732537
1123616584.1098776 0.3769652838013329
1124291314.0856233 0.3767914344013964
1124966044.061369 0.3766177026727772
1125652019.5367105 0.3764411959266535
1126326749.5124564 0.37626770115339053
1127001479.488202 0.376094323706128
1127518772.4696074 0.3759614803810054
1128024819.9514167 0.37583159156907814
1128710795.4267583 0.37565562516675644
1129385525.402504 0.37548266135763664
1130060255.37825 0.3753098143578707
1130734985.3539956 0.37513708405386037
1131409715.3297415 0.37496447033213975
1131915762.8115509 0.374835086479795
1132421810.29336 0.374705768093472
1133107785.7687016 0.37453057427057523
1133782515.7444475 0.3743583696307165
1134457245.7201931 0.37418628106230806
1135143221.1955347 0.37401144322423713
1135817951.1712806 0.3738395883904635
1136492681.1470263 0.3736678492884488
1137009974.1284316 0.3735362609495225
1137516021.610241 0.3734075989366207
1138201997.0855825 0.373233294101165
1138876727.0613282 0.3730619630191903
1139551457.037074 0.3728907471607431
1140057504.5188835 0.3727624108151191
1140406115.006352 0.3726740389751513
1140754725.4938207 0.3725856978258956
1141103335.9812894 0.372497387351976
1141384473.4711833 0.3724261915615333
1141823047.955418 0.3723151659258407
1142486532.4315681 0.37214729619658404
1143003825.4129734 0.37201649161387684
1143678555.388719 0.3718459781119487
1144195848.3701243 0.37171532859491396
1144544458.8575928 0.3716273200932286
1145241679.8325303 0.37145139460092863
1145758972.8139353 0.3713209480228837
1146950995.7710862 0.37102060895954536
1147299606.258555 0.3709328411596695
1147648216.7460237 0.37084510374816826
1147996827.2334921 0.37075739670984764
1148345437.7209609 0.3706697200295227
1148694048.2084296 0.37058207369201757
1149211341.1898346 0.37045207372184263
1149728634.1712399 0.37032214047979506
1150110981.1574957 0.37022614572471735
1150380873.147794 0.3701584066424016
1150639519.6384966 0.3700935070380699
1151044357.623944 0.3699919584680518
1151437950.1097958 0.3698932697713103
1151943997.5916052 0.36976644088321
1152809901.060479 0.36954957007925693
1153327194.041884 0.3694200996661565
1154001924.0176299 0.36925132489847035
1154676653.9933755 0.3690826628802945
1155351383.9691215 0.3689141135027625
1156026113.9448671 0.36874567665713465
1156700843.920613 0.3685773522347976
1157218136.902018 0.36844837957879684
1157566747.3894868 0.36836150043458826
1158072794.8712962 0.3682354388273195
1158758770.3466377 0.3680646559737891
1159433500.3223834 0.36789678575767865
1160625523.2795343 0.3676004883894647
1161131570.7613437 0.3674748072092568
1161536408.7467911 0.3673743074675095
1161705091.2407277 0.367332444427678
1162166156.724154 0.3672180543411335
1162559749.2100055 0.36712044543972194
1163043305.6926234 0.36700057781366485
1163391916.180092 0.366914197082203
1163909209.161497 0.36678607394496354
1164583939.137243 0.3666190549966326
1165258669.1129887 0.36645214710493024
1165933399.0887346 0.36628535016295893
1166619374.5640762 0.3661158869007744
1167294104.5398219 0.36594931338277314
1167968834.5155678 0.365782850492782
1168643564.4913135 0.36561649812440183
1169318294.4670594 0.36545025617135735
1169993024.442805 0.3652841245274966
1170667754.418551 0.365118103086791
1171342484.3942966 0.3649521917433354
1172017214.3700426 0.364786390391347
1172703189.8453841 0.3646179383311063
1173377919.8211298 0.36445235847397517
1174052649.7968757 0.3642868882899453
1174727379.7726214 0.3641215276737272
1175402109.7483673 0.3639562765201533
1176076839.724113 0.3637911347241785
1176751569.699859 0.3636261021808792
1177437545.1752005 0.3634584309863259
1178112275.1509461 0.36329361845059577
1178787005.126692 0.36312891485176
1179461735.1024377 0.36296432008538404
1180136465.0781837 0.36279983404715394
1180811195.0539293 0.3626354566328772
1181485925.0296752 0.36247118773848197
1182171900.5050168 0.3623042921699754
1182846630.4807625 0.36214024180793397
1183521360.4565084 0.36197629965255546
1184870820.408 0.3616487395475576
1185545550.3837457 0.3614851213911235
1186220280.3594916 0.3613216110277226
1186895010.3352373 0.3611582083542473
1187569740.3109832 0.3609949132677092
1188255715.7863247 0.36082900678190877
1188930445.7620704 0.3606659283495772
1189605175.7378163 0.36050295719422476
1190954635.689308 0.36017733630453874
1191629365.6650536 0.3600146863655426
1192304095.6407995 0.35985214329420045
1192978825.6165452 0.3596897069884774
1193664801.0918868 0.3595246727555216
1194339531.0676327 0.35936245145057427
1195014261.0433784 0.35920033660415646
1195688991.0191243 0.35903832811470693
1196363720.99487 0.35887642588078267
1197038450.9706159 0.35871462980105767
1197713180.9463615 0.3585529397743239
1198387910.9221075 0.3583913556994899
1199073886.397449 0.35822718706806794
1199748616.3731947 0.3580658163558758
1200423346.3489406 0.35790455129133386
1201098076.3246863 0.3577433917738206
1201772806.3004322 0.3575823377028304
1202447536.276178 0.3574213889779745
1203796996.2276695 0.3570998071656906
1204482971.703011 0.35693649754600587
1205157701.678757 0.35677597095236935
1205832431.6545026 0.3566155492030001
1206507161.6302485 0.35645523219820613
1207181891.6059942 0.356295019838411
1207856621.5817401 0.35613491202415326
1208531351.5574858 0.3559749086560864
1209206081.5332317 0.35581500963497925
1209892057.0085733 0.3556525524981408
1210566786.984319 0.3554928636086934
1211916246.9358106 0.3551737978759461
1212590976.9115565 0.3550144208352178
1213265706.8873022 0.3548551475468243
1213940436.863048 0.35469597791233676
1214626412.3383896 0.35453426160891116
1215301142.3141353 0.35437530071086126
1216650602.265627 0.35405768888978906
1217325332.2413726 0.3538990377709341
1218000062.2171185 0.35374048971616656
1218674792.1928642 0.353582044627853
1219349522.16861 0.3534237024084723
1220035497.6439517 0.35326282650663426
1220710227.6196973 0.35310469144342077
1221384957.5954432 0.35294665895563393
1222059687.571189 0.3527887289462048
1222734417.5469348 0.3526309013181761
1223409147.5226805 0.35247317597470273
1224083877.4984264 0.3523155528190512
1224769852.973768 0.3521554072679153
1225444582.9495137 0.35199798989724856
1226119312.9252596 0.3518406744232675
1226794042.9010053 0.3516834607496865
1227243862.884836 0.35157870814224546
1227525000.3747299 0.3515132607040218
1228031047.8565392 0.35139549976062096
1228717023.3318808 0.3512359594298671
1229391753.3076267 0.3510791367909011
1229785345.7934785 0.35098770372136845
1230178938.27933 0.35089630511489045
1230640003.7627563 0.3507892819817402
1231101069.2461827 0.3506823060838221
1231775799.2219286 0.35052584106737167
1232461774.6972702 0.35036687183663434
1233327678.166144 0.3501663546586663
1233676288.6536124 0.3500856738370119
1234193581.6350176 0.3499660034575567
1234587174.1208694 0.34987498954385443
1234767102.1144016 0.34983339458593293
1235228167.597828 0.3497268401473187
1236082825.5671058 0.34952944871135744
1236600118.548511 0.3494100532093323
1237274848.5242567 0.349254408554397
1237949578.5000026 0.3490988641239443
1238635553.9753442 0.34894082993306613
1239310283.9510899 0.3487854873350833
1240491061.408645 0.34851387821307817
1240828426.396518 0.34843633175263006
1241345719.377923 0.348317475599742
1242031694.8532646 0.34815995234030817
1242537742.335074 0.34804381262218015
1242897598.3221383 0.3479612584286485
1243246208.809607 0.34788131102730757
1243752256.2914164 0.3477653055562523
1244157094.2768638 0.3476725414071649
1244786842.2542267 0.34752831264341916
1245472817.7295682 0.3473713046211757
1246147547.705314 0.3472169704125504
1246822277.6810598 0.34706273519626113
1247497007.6568055 0.3469085988793705
1248171737.6325514 0.34675456136904764
1248677785.1143606 0.3466390980223326
1249026395.6018293 0.3465595888866919
1249375006.089298 0.34648010607084995
1249892299.070703 0.3463622123047049
1250285891.5565548 0.3462725493040034
1250679484.0424066 0.3461829197948
1251140549.525833 0.34607796779795974
1251432932.5153227 0.3460114366598547
1251781543.0027914 0.3459321351878882
1252130153.49026 0.3458528599350916
1252647446.4716651 0.34573527398040527
1253041038.957517 0.34564584503585316
1253209721.4514532 0.3456075285597109
1253670786.9348795 0.3455028281130636
1254356762.410221 0.345347138924584
1254874055.3916261 0.3452298008722239
1255380102.8734355 0.34511506927030833
1256066078.348777 0.34495963196948626
1256740808.324523 0.34480684127215955
1257415538.3002687 0.3446541481203248
1258090268.2760146 0.34450155242270886
1258764998.2517602 0.34434905408814365
1259439728.2275062 0.34419665302556574
1260114458.2032518 0.3440443491440166
1260789188.1789978 0.34389214235264204
1261475163.6543393 0.3437374982187775
1262149893.630085 0.34358548694998636
1262824623.605831 0.3434335724979253
1263499353.5815766 0.3432817547721588
1264174083.5573225 0.34313003368235534
1264848813.5330682 0.3429784091382871
1265523543.508814 0.34282688104982995
1266209518.9841557 0.34267292628083384
1266884248.9599013 0.34252159243747343
1267558978.9356472 0.3423703547784762
1268233708.911393 0.34221921321413273
1268908438.8871388 0.34206816765483705
1269583168.8628845 0.3419172180110859
1270269144.338226 0.34176385077453686
1270943874.313972 0.34161309428863357
1272293334.2654636 0.3413118681662304
1272968064.2412093 0.3411613983516499
1275655738.6445968 0.34056297269954233
1276150540.6268103 0.3404529667948986
1276499151.114279 0.3403754933014606
1277365054.5831528 0.340183168741892
1278039784.5588984 0.340033413691021
1278714514.5346444 0.3398837533544693
1279400490.009986 0.3397316956835707
1280075219.9857316 0.3395822260865861
1280749949.9614775 0.33943285093869324
1281424679.9372232 0.3392835701521736
1282099409.912969 0.3391343836394094
1282774139.8887148 0.33898529131288335
1283448869.8644607 0.33883629308517826
1284123599.8402064 0.33868738886897726
1284809575.315548 0.3385360992007827
1285484305.2912939 0.3383873843092543
1286159035.2670395 0.33823876316642965
1286833765.2427855 0.33809023568539276
1287508495.2185311 0.33794180177932753
1288183225.194277 0.3377934613615169
1288857955.1700227 0.3376452143453435
1289532685.1457686 0.337497060644289
1290218660.6211102 0.33734653328675734
1290893390.5968559 0.33719856750842403
1291568120.5726018 0.3370506947848122
1292242850.5483475 0.3369029150298009
1292917580.5240934 0.33675522815736725
1293592310.499839 0.3366076340815875
1294267040.475585 0.33646013271663555
1294953015.9509265 0.33631026794870567
1295605254.9274807 0.3361678622885633
1296268739.4036307 0.33602308999954306
1296954714.8789723 0.33587350408521155
1297629444.8547182 0.335726463453091
1298304174.830464 0.3355795150203215
1298978904.8062098 0.3354326587017606
1299653634.7819555 0.3352858944123631
1300328364.7577014 0.33513922206718116
1301003094.733447 0.33499264158136405
1301677824.709193 0.33484615287015784
1302363800.1845345 0.33469731667488767
1303038530.1602802 0.33455101278507043
1304387990.1117718 0.33425867947964194
1305062720.0875177 0.33411264989539635
1305737450.0632634 0.33396671157786767
1306412180.0390093 0.3338208644429794
1307086910.014755 0.3336751084067513
1307772885.4900966 0.33352701640556126
1308447615.4658425 0.33338144382990276
1309122345.4415882 0.3332359621001442
1309797075.417334 0.33309057113268986
1310471805.3930798 0.3329452708440394
1311146535.3688257 0.3328000611507878
1311821265.3445714 0.3326549419696255
1312495995.3203173 0.3325099132173375
1313170725.296063 0.33236497481080457
1313856700.7714045 0.332217713295525
1314531430.7471504 0.3320729568338169
1315206160.722896 0.33192829046769357
1315880890.6986418 0.33178371411441604
1316555620.6743877 0.3316392276913392
1317230350.6501334 0.3314948311159126
1317905080.6258793 0.3313505243056797
1318557319.6024334 0.3312111129718374
1319052121.5846472 0.3311054085063234
1319569414.5660522 0.3309949507790929
1320244144.541798 0.3308509545177952
1320918874.5175438 0.3307070476545326
1321593604.4932897 0.33056323010736144
1322437016.962972 0.3303835836494664
1323111746.9387176 0.3302399667643784
1323786476.9144635 0.33009643892970947
1324461206.8902092 0.3299530000639125
1325135936.865955 0.32980965008553276
1325810666.8417008 0.3296663889132089
1326485396.8174467 0.32952321646567156
1326912725.8020856 0.32943258643580425
1327182617.792384 0.3293753647273071
1327879838.7673213 0.3292276075511567
1328385886.2491307 0.3291204236129639
1329071861.7244723 0.32897520922561896
1329746591.700218 0.32883246447185455
1330421321.6759639 0.32868980797064984
1331096051.6517096 0.32854723964136645
1331770781.6274555 0.32840475940345765
1332276829.1092646 0.3282979569865885
1332794122.0906699 0.3281888323159403
1333468852.0664155 0.32804657341883814
1334143582.0421615 0.32790440233058205
1334818312.0179071 0.327762318971039
1335493041.993653 0.32762032326016677
1336167771.9693987 0.32747841511801423
1336842501.9451447 0.32733659446472113
1337517231.9208903 0.3271948612205184
1338034524.9022956 0.32708625821224147
1338540572.384105 0.3269800657730714
1339215302.3598506 0.3268385521560267
1339890032.3355966 0.32669712566827025
1340564762.3113422 0.32655578623044185
1341239492.2870882 0.32641453376327134
1341925467.7624297 0.3262710161636974
1342600197.7381754 0.32612993884659663
1343274927.7139213 0.32598894826156816
1343949657.689667 0.32584804432970327
1344624387.6654127 0.3257072269721829
1345299117.6411586 0.3255664961102776
1345973847.6169043 0.32542585166534754
1346648577.5926502 0.325285293558842
1347323307.5683959 0.32514482171229964
1348009283.0437374 0.3250020970159693
1348684013.0194833 0.32486179888871813
1349358742.995229 0.3247215867852779
1350033472.970975 0.32458146062754467
1350708202.9467206 0.3244414203375031
1351382932.9224665 0.3243014658372266
1352057662.8982122 0.3241615970488768
1352743638.3735538 0.324019484900537
1353418368.3492997 0.3238797887281638
1354093098.3250453 0.3237401780334403
1354767828.3007913 0.3236006527388825
1355442558.276537 0.3234612127670945
1356117288.2522829 0.3233218580407679
1356792018.2280285 0.32318258848268244
1358152723.679116 0.322901986958395
1358827453.6548617 0.32276297385755237
1359502183.6306076 0.3226240456156635
1360176913.6063533 0.3224852021559462
1360851643.5820992 0.3223464434017057
1361526373.5578449 0.3222077692763339
1362201103.5335908 0.3220691797033096
1362875833.5093365 0.3219306746061985
1363561808.984678 0.32178994761164437
1364236538.960424 0.3216516126421454
1364911268.9361696 0.32151336191850705
1365585998.9119155 0.321375195364642
1366260728.8876612 0.3212371129045496
1367374033.347642 0.3210094604935161
1367542715.8415782 0.32097498763689813
1367666416.3371317 0.32094971087376745
1368071254.3225791 0.32086700662632667
1368745984.298325 0.320729233257518
1369420714.2740707 0.32059154362768894
1370095444.2498167 0.32045393766132657
1370770174.2255623 0.32031641528300375
1371444904.2013083 0.32017897641737825
1372119634.177054 0.3200416209891936
1372794364.1527998 0.31990434892327835
1373480339.6281414 0.3197648743701008
1374155069.603887 0.31962777018978494
1374829799.579633 0.31949074914548625
1375504529.5553787 0.3193538111623746
1376179259.5311246 0.3192169561657042
1376853989.5068703 0.319080184080814
1377528719.4826162 0.31894349483312745
1378203449.4583619 0.31880688834815235
1378889424.9337034 0.3186680898549996
1379564154.9094493 0.31853165004857775
1380238884.885195 0.31839529278065903
1380913614.860941 0.3182590179770889
1381588344.8366866 0.3181228255637969
1382263074.8124323 0.31798671546679597
1382937804.7881782 0.3178506876121829
1383623780.2635198 0.31771247686043425
1384298510.2392654 0.3175766146368443
1384973240.2150114 0.3174408344332063
1385647970.190757 0.3173051361759521
1386322700.166503 0.31716951979159624
1386997430.1422486 0.31703398520673676
1387672160.1179945 0.31689853234805415
1388346890.0937402 0.316763161142312
1389032865.5690818 0.3166256173800031
1389707595.5448277 0.31649041061858973
1390382325.5205734 0.3163552852896874
1391057055.4963193 0.31622024132039134
1391731785.472065 0.3160852786378788
1392406515.447811 0.31595039716940937
1393081245.4235566 0.31581559684232496
1393755975.3993025 0.3156808775840491
1394430705.3750482 0.31554623932208753
1395116680.8503897 0.31540944004691995
1395791410.8261356 0.31527496490734475
1396466140.8018813 0.3151405705458876
1397140870.7776272 0.31500625689038214
1397815600.753373 0.31487202386874324
1398490330.7291188 0.31473787140896725
1399165060.7048645 0.3146037994391316
1399851036.180206 0.31446757537577713
1400525766.155952 0.314333665508877
1401200496.1316977 0.3141998359154418
1401875226.1074436 0.3140660865238742
1402549956.0831892 0.3139324172626575
1403224686.0589352 0.31379882806035564
1403899416.0346808 0.3136653188456129
1404574146.0104268 0.31353188954715416
1405260121.4857683 0.31339631827895514
1405934851.461514 0.3132630499285242
1406609581.43726 0.3131298612798497
1407284311.4130056 0.31299675226197865
1407959041.3887515 0.3128637228040375
1408633771.3644972 0.31273077283523293
1409308501.340243 0.31259790228485096
1409983231.3159888 0.3124651110822575
1410657961.2917347 0.3123323991568978
1411343936.7670763 0.3121975565636429
1412018666.742822 0.3120650042997477
1412693396.7185678 0.31193253110072705
1413368126.6943135 0.3118001368963448
1414042856.6700594 0.3116678216164435
1414717586.6458051 0.311535585190945
1415392316.621551 0.3114034275498497
1416067046.5972967 0.31127134862323685
1416753022.0726383 0.3111371490024623
1417427752.0483842 0.3110052286043573
1418102482.0241299 0.31087338671028336
1418777211.9998758 0.3107416232506348
1419451941.9756215 0.3106099381558845
1420126671.9513674 0.3104783313565835
1420801401.927113 0.3103468027833607
1421487377.4024546 0.31021316218841644
1422162107.3782005 0.3100817911604224
1422836837.3539462 0.30995049814970943
1423511567.3296921 0.30981928308721907
1424186297.3054378 0.3096881459039706
1424861027.2811837 0.3095570865310605
1425535757.2569294 0.30942610489966305
1426210487.2326753 0.3092952009410294
1426896462.7080169 0.30916219480433427
1427571192.6837626 0.3090314472769689
1428245922.6595085 0.30890077721544296
1428920652.6352541 0.3087701845513174
1429595382.611 0.30863966921623
1430270112.5867457 0.308509231141895
1430944842.5624917 0.30837887026010363
1431619572.5382373 0.30824858650272347
1432305548.013579 0.30811621034246606
1432980277.9893248 0.3079860819123808
1433655007.9650705 0.3078560304016369
1434329737.9408164 0.30772605574240824
1435004467.916562 0.30759615786694516
1435679197.892308 0.3074663367075737
1436353927.8680537 0.30733659219669607
1437028657.8437996 0.3072069242667898
1437703387.8195453 0.30707733285040867
1438389363.2948868 0.3069456599446301
1439064093.2706325 0.30681622262567326
1439738823.2463784 0.30668686161723563
1440413553.222124 0.30655757685217394
1441088283.19787 0.30642836826341996
1441763013.1736157 0.30629923578398077
1442437743.1493616 0.30617017934693846
1443112473.1251073 0.30604119888545006
1443798448.6004488 0.3059101465662719
1444473178.5761948 0.30578131911913203
1445147908.5519404 0.3056525674463563
1445822638.5276864 0.30552389148140197
1446497368.503432 0.3053952911578008
1447172098.479178 0.3052667664091586
1447846828.4549236 0.3051383171691562
1448521558.4306695 0.3050099433715479
1449196288.4064152 0.30488164495016273
1449882263.8817568 0.30475128542471697
1450556993.8575027 0.30462313881106956
1451231723.8332484 0.304495067374477
1451906453.8089943 0.30436707104906474
1452581183.78474 0.3042391497690322
1453255913.760486 0.3041113034686522
1453930643.7362316 0.3039835320822713
1454605373.7119775 0.3038558355443091
1455291349.187319 0.3037260873932128
1455966079.1630647 0.3035985416003783
1456640809.1388106 0.3034710704585729
1457315539.1145563 0.3033436739025105
1457990269.0903022 0.3032163518669776
1458664999.066048 0.303089104286834
1459339729.0417938 0.30296193109701197
1460014459.0175395 0.3028348322325167
1460689188.9932854 0.3027078076284258
1461375164.468627 0.30257874200797946
1462049894.4443727 0.3024518669651849
1462724624.4201186 0.30232506598738473
1463399354.3958642 0.30219833900994736
1464074084.3716102 0.30207168596831335
1464748814.3473558 0.3019451067979953
1465423544.3231018 0.30181860143457784
1466098274.2988474 0.3016921698137175
1466784249.774189 0.30156370652928616
1467458979.749935 0.3014374234271547
1468133709.7256806 0.3013112138739122
1468808439.7014265 0.301185077805503
1469483169.6771722 0.3010590151579431
1470157899.652918 0.3009330258673196
1470832629.6286638 0.3008071098697911
1471507359.6044097 0.30068126710158716
1472193335.0797513 0.3005534019584787
1472868065.055497 0.3004277066757255
1473542795.0312428 0.30030208443035344
1474217525.0069885 0.3001765351588776
1474892254.9827344 0.3000510587978833
1475566984.9584801 0.2999256552840268
1476241714.934226 0.2998003245540348
1476927690.4095676 0.2996729795269618
1477602420.3853133 0.2995477953855856
1478277150.3610592 0.2994226838376265
1478951880.3368049 0.29929764482009386
1479626610.3125508 0.2991726782700672
1480301340.2882965 0.29904778412469635
1480976070.2640424 0.29892296232120075
1481650800.239788 0.2987982127968699
1482336775.7151296 0.29867145814541113
1483011505.6908755 0.2985468541935937
1485035695.6181128 0.29817347463095273
1485710425.5938587 0.2980491586664722
1486385155.5696044 0.29792491454309633
1487059885.5453503 0.2978007421986719
1487734615.521096 0.2976766415711147
1488420590.9964375 0.2975505460555875
1489095320.9721835 0.2974265898684792
1489770050.9479291 0.29730270521136887
1490444780.923675 0.2971788920224493
1491119510.8994207 0.2970551502399818
1491794240.8751667 0.2969314798022963
1492468970.8509123 0.2968078806477915
1493154946.326254 0.2966822945191087
1493829676.3019998 0.2965588389319171
1494504406.2777455 0.2964354544424893
1495179136.2534912 0.2963121409894983
