1.0 1.0
528539.4810008731 0.9995436617770559
3238704.8835798185 0.9938525823708289
4588164.835071409 0.9936091527015742
7298330.237650354 0.9878506944979891
10458315.62405983 0.9887146850080798
13168481.026638776 0.9844871406816917
16553376.404963516 0.9809235626613418
17902836.356455106 0.9783436306011721
19927026.283692494 0.9751572893615349
21962461.710525643 0.9718136957217741
23311921.662017234 0.9692393609606734
24661381.613508824 0.9674740998221755
26010841.565000415 0.9658329297291535
26685571.540746212 0.9653670866606515
28046276.991833568 0.9638231828257681
29114599.453431077 0.9618128022665167
29227054.44938871 0.9616013722460643
29620646.93524042 0.96086052229711
30745196.89481675 0.9600713032429947
31419926.870562542 0.959283773939297
32488249.332160052 0.9568363816777723
34512439.25939744 0.9543879333227773
35187169.23514324 0.9537176304537547
35873144.710484795 0.9533219120275799
37222604.66197638 0.9512763635380342
37987298.634488285 0.9493277644792347
38414627.61912729 0.9486527091874332
39764087.57061888 0.9471267589501952
43148982.94894362 0.9436551667173882
43823712.92468942 0.9433119361643689
44498442.90043521 0.943166406409119
46522632.8276726 0.9381740388005387
47883338.27875996 0.9368541325061894
49592654.21731597 0.9354190063538935
50942114.16880756 0.9339971869877577
51628089.64414912 0.9333071351604599
52977549.59564071 0.93141060153613
57037174.94971125 0.9264045047048668
58386634.901202835 0.925720050176638
61760284.77993181 0.9211887732126995
63120990.23101917 0.9191421686296835
64751587.67240484 0.916810841100233
67124388.08711089 0.9138594807766811
67641681.068516 0.9137132117564345
68901177.02324149 0.9130167177570216
69665870.99575338 0.912333319322263
71690060.92299077 0.9104360464307738
72364790.89873657 0.909586946845967
74388980.82597396 0.9060567413963633
75063710.80171975 0.9052588623708175
77099146.2285529 0.903910335928501
77773876.20429869 0.9032175382573154
79798066.13153608 0.9012642923837864
81158771.58262344 0.8987297723666284
81833501.55836923 0.89807520529918
82913069.5195625 0.8975412441672417
83992637.48075578 0.8954348646626651
84667367.45650157 0.8950640700551489
86028072.90758893 0.8933390460971166
87377532.85908052 0.8918403430859018
88726992.8105721 0.8914343805491727
93157719.65130283 0.9015511275171614
93832449.62704863 0.901087502245812
94507179.60279442 0.9008087990371323
95867885.05388178 0.8993692372905311
96542615.02962758 0.8988121476994828
97217345.00537337 0.8980159584254359
98566804.95686495 0.8967502297524969
99241534.93261075 0.8960258548701133
99916264.90835655 0.895367697082487
100602240.3836981 0.8950670271183795
101951700.3351897 0.8935821589389786
103301160.2866813 0.892242609295485
103975890.26242709 0.8915242541486937
104650620.23817287 0.8910857639153458
105336595.71351443 0.890304993613318
106686055.66500603 0.8887858023788315
107360785.64075182 0.8882145611285772
108035515.61649762 0.887448892970095
108710245.59224342 0.8872951256821001
112095140.97056815 0.8842061563097322
113444600.92205974 0.8822016370723768
114119330.89780554 0.8814780542606366
114794060.87355134 0.8809765680196705
116154766.3246387 0.879136218595642
116829496.30038449 0.878704328950268
117504226.27613029 0.8784161736995144
118178956.25187609 0.8778673744468576
119528416.20336767 0.8762557221804955
120889121.65445502 0.8745948559348451
121563851.63020082 0.8739688034051518
122238581.60594662 0.8733964532557802
122913311.58169241 0.8729250656938559
123588041.55743821 0.8726830617511108
124937501.5089298 0.8708507386426468
125612231.4846756 0.8703208434719749
126894218.43859261 0.8685451798070635
127501475.41676383 0.8681147686927642
128176205.39250961 0.8678445670396562
129525665.3440012 0.8658401534114314
130200395.319747 0.8653782178915811
130593987.80559872 0.8651087555045511
131459891.27447249 0.864992057116611
133337889.70696495 0.863984279406253
134012619.68271075 0.8633525767740066
134687349.65845653 0.8627329136129444
135362079.63420233 0.8624410092283168
136048055.1095439 0.8622813278138606
136711539.58569393 0.862086267249767
137802353.04648298 0.860709279074261
139151812.99797454 0.8591245572054486
139837788.4733161 0.8585780813601566
141187248.4248077 0.8573176859623783
141861978.4005535 0.8569685412828978
142536708.3762993 0.8565347506677634
143211438.3520451 0.8559343084171598
143886168.3277909 0.8555158311659953
145246873.77887824 0.8543855993549321
145921603.75462404 0.8543619428490866
147271063.70611563 0.8528999919094531
147720883.68994614 0.8526763640030393
148170703.6737767 0.8522506525069534
148665505.65599027 0.8519647678579179
149059098.14184198 0.8517359650911207
149171553.13779962 0.8516706984807031
149373972.13052335 0.8512758249308185
149857528.61314118 0.850507094099975
150532258.58888698 0.8501673486569216
151206988.56463277 0.8499594565510006
152567694.01572013 0.8484386811752274
153242423.99146593 0.8480893780809692
153917153.96721172 0.8477968928439596
154591883.94295752 0.8470062480633351
155941343.8944491 0.8453508735054602
156616073.87019488 0.845335454533441
157302049.34553644 0.8452655411093752
157976779.32128224 0.8449231554315648
158572790.7998577 0.8442272950869363
159596131.26307216 0.8443153733279906
160203388.24124336 0.8428856860599862
160878118.21698916 0.842448779967925
161552848.19273496 0.8417246163048844
162227578.16848075 0.8409444796587227
162902308.14422655 0.8404800623178112
163487074.12320626 0.8396984471405748
164218031.59693086 0.8395356502481105
164611624.08278257 0.838865083356261
165005216.5686343 0.8385335754459522
165679946.54438007 0.8382686542634397
166219730.52497673 0.8377458877274769
170144409.8838981 0.8346664760063136
170830385.35923967 0.8339675001847584
171505115.33498546 0.8334509117991652
172179845.31073123 0.8327414806477126
172854575.28647703 0.8319034172451851
174204035.23796862 0.8314852040168474
174878765.21371442 0.8307541229373593
175418549.19431105 0.8304116844549835
175699686.68420514 0.8302067494122931
176037051.67207804 0.829733566489739
176610572.15146196 0.8290717651784508
177296547.62680352 0.8282507048892294
177971277.6025493 0.827769918090878
178646007.5782951 0.827540798495607
179320737.5540409 0.8269005415010608
180389060.0156384 0.8252931664163894
180827634.4998732 0.8260060826788892
181311190.98249102 0.825579948745199
181704783.46834272 0.8252327578389629
182098375.95419443 0.824885989370331
182773105.92994022 0.8243628532024107
184122565.88143182 0.8228718068726402
184808541.35677338 0.822420749121373
185483271.33251917 0.8217802809074839
186158001.30826497 0.8213369326422262
186832731.28401077 0.8207271967643262
187507461.25975657 0.820255386765879
188182191.23550236 0.8196536772024622
188856921.21124816 0.8190747264661982
189531651.18699396 0.8190241923673685
190217626.66233552 0.8182480688789889
190892356.6380813 0.8180361636152855
191567086.6138271 0.8172630499947021
192916546.5653187 0.8160490171242751
193591276.5410645 0.815597008887587
194266006.5168103 0.8149035247559702
194940736.4925561 0.8145510533791385
195626711.96789765 0.8140202605297739
196301441.94364342 0.8133148953395876
196976171.91938922 0.8129456848733582
197650901.89513502 0.81256316762205
198325631.8708808 0.811869049833486
199000361.8466266 0.8113232604486251
199675091.8223724 0.8106729705617859
200349821.7981182 0.8104498707021072
201035797.27345976 0.8098803192022702
201710527.24920556 0.8093867008610098
202385257.22495136 0.8087608595506594
203059987.20069715 0.8081208665800214
203734717.17644295 0.8077234584034292
204409447.15218875 0.8072962683762688
205758907.10368034 0.8058169974948556
206444882.5790219 0.8055953761662514
207119612.5547677 0.8050214418766746
207794342.5305135 0.8044457650310334
208469072.5062593 0.8038235144397795
209143802.4820051 0.8031423866078206
209818532.45775086 0.8025800165461766
210234615.9427941 0.8024550278198451
210526998.93228397 0.8022745941582088
211089273.91207212 0.8017600123515068
211764003.88781792 0.801371897802211
212438733.86356372 0.801244216036557
213113463.8393095 0.800414442972421
213788193.8150553 0.7996131316414749
214462923.7908011 0.79901638572018
215137653.7665469 0.7987233196329514
215823629.24188846 0.7981913650788229
216498359.21763426 0.797481141856727
217173089.19338003 0.79675444356806
218522549.14487162 0.7964082559507288
219197279.12061742 0.7955278431786325
219872009.09636322 0.7951214582032174
220501757.07372597 0.7949671100639221
221030295.55472684 0.7946287375428126
221322678.5442167 0.7944360531906492
221727516.52966416 0.7941819041665078
222795838.99126166 0.7927644675901119
223189431.4771134 0.7922395888661271
223875406.95245495 0.7916423148980971
224550136.92820075 0.7914411289892809
225224866.90394655 0.7908934386357409
225899596.87969232 0.790256719555726
226574326.8554381 0.7897685929044038
227249056.8311839 0.7890756368184406
227923786.8069297 0.7885051348342643
228609762.28227127 0.7881455348238049
229228264.76003826 0.787773684121737
229846767.23780525 0.7871032756446651
230532742.7131468 0.7866411817100372
231207472.6888926 0.7865082722783531
231882202.66463837 0.7860549439242863
232556932.64038417 0.7852478240760096
233231662.61612996 0.7846424709889309
234581122.56762156 0.7840271906186901
235255852.54336736 0.7832172193163133
235941828.0187089 0.7831417613999065
236616557.9944547 0.7826119718394468
240664937.8489295 0.7802048695651158
241058530.3347812 0.7799019818016928
242250553.2919321 0.7803980819640142
243408839.75029573 0.7799390507017476
244094815.2256373 0.7796891260547314
245444275.17712888 0.7780395072096218
246119005.15287468 0.7776272081077454
246793735.12862048 0.7771380253618717
247468465.10436627 0.776478336237524
248154440.57970783 0.7761492045391455
248829170.55545363 0.7753829555293629
249503900.5311994 0.774970075576186
250178630.5069452 0.7744858036667873
250853360.482691 0.773646578561659
251483108.46005374 0.7734940785864772
252101610.93782073 0.7732691833661688
252787586.4131623 0.7728520262323828
253462316.3889081 0.7721363113214299
254137046.3646539 0.7721049453284934
254811776.34039965 0.7712566378143302
255486506.31614545 0.7705572923608173
256161236.29189125 0.7701161090870655
256835966.26763704 0.7699303421513499
257499450.74378708 0.7692779928799727
258174180.71953288 0.7688791061723058
258848910.69527867 0.7685856704509568
259534886.17062023 0.7680179143106681
260884346.12211183 0.7671884580750058
261401639.10351694 0.766458380285504
261930177.5845178 0.7660725891424915
262604907.5602636 0.7659000233816424
263212164.53843483 0.7652304597786977
263819421.51660603 0.7647327754761711
264494151.49235183 0.7646284861924542
265168881.46809763 0.7642470250356977
265843611.44384342 0.7635707552356484
266529586.91918498 0.7631157371311641
267204316.89493078 0.7625438622239624
267879046.87067658 0.7622534363714909
268553776.8464224 0.7616106447513185
269228506.8221682 0.7612234278817968
269903236.79791397 0.7609990079047394
271252696.74940556 0.7594198833349961
271938672.2247471 0.7588069263710386
272613402.2004929 0.7586873765289986
273288132.1762387 0.7580794888162937
273715461.1608777 0.7576554670706255
273996598.6507718 0.7575533427794958
274502646.1325811 0.757448525449044
274907484.1180286 0.7573677342574764
275076166.61196506 0.7573317214519731
275537232.09539133 0.7566815371742648
276054525.0767965 0.756441064568241
276560572.5586058 0.7558577838457209
277235302.5343516 0.7555843611065554
277921278.00969315 0.754930005256287
278314870.49554485 0.7545470127638906
279158282.9652271 0.7543096028302282
279833012.9409729 0.7535351690922663
280395287.9207611 0.7529681522169741
280957562.90054923 0.7527208150001495
281643538.3758908 0.752503893289759
282318268.3516366 0.7519776944494772
282992998.3273824 0.7517002057479638
284342458.278874 0.750610211119529
285017188.2546198 0.7498103783196574
285691918.2303656 0.749354832168438
286377893.70570713 0.7493518751052073
287052623.68145293 0.748580292820264
287727353.6571987 0.7482064883449516
288402083.6329445 0.7475124233620344
289076813.6086903 0.7472154497250727
289751543.5844361 0.7464865864438186
290145136.0702878 0.7460616670183762
290696165.55048025 0.7462740475242494
291370895.52622604 0.7457914653663497
292045625.50197184 0.7450527276054172
292720355.47771764 0.7444966413032736
293406330.9530592 0.7440820187951139
294081060.928805 0.7437506164939359
294755790.90455073 0.7432519289025044
295430520.8802965 0.7427823895046937
296105250.8560423 0.7420357838440556
296779980.8317881 0.7416386396913716
297454710.8075339 0.7410368773233894
298129440.7832797 0.7405783213043741
298804170.7590255 0.7403488848806296
299490146.2343671 0.740066221318733
300164876.21011287 0.7394345186854052
300839606.18585867 0.7393816083757269
301514336.16160446 0.7386662102932475
302189066.13735026 0.7383642202106802
302863796.11309606 0.7378689121190021
303538526.08884186 0.7372058434949008
304213256.06458765 0.7366954860642426
304899231.5399292 0.7362927446124896
306248691.4914208 0.7359032043366844
306923421.4671666 0.7352531256681067
308272881.4186582 0.734948812179256
310308316.84549135 0.7333183614400397
311995141.78485584 0.7323326560953216
312579907.76383555 0.7319507196963954
314300469.2019873 0.730305166812552
315649929.1534789 0.7300891955875823
316999389.1049705 0.7287134747238081
317674119.08071625 0.7284689889610834
321059014.459041 0.7279000711171122
321733744.4347868 0.7274403533944145
322408474.4105326 0.7269118839513332
323094449.88587415 0.7264076518653979
323769179.86161995 0.725878495960804
324443909.83736575 0.725664214486252
325118639.81311154 0.725176985514704
325512232.29896325 0.724892790616086
325860842.7864319 0.724639697686496
326490590.76379466 0.7243627370317179
327165320.73954046 0.7240799150561253
327851296.214882 0.7232024593472597
328526026.1906278 0.7229738149930771
329200756.1663736 0.7228233215967866
329875486.1421194 0.7221564510331643
330550216.1178652 0.7216822648227869
331224946.093611 0.7213995484563249
331899676.0693568 0.7207831063824017
332574406.0451026 0.7204265690443037
333260381.52044415 0.7201742153797105
333935111.49618995 0.7195945781819336
334609841.47193575 0.7193856827871078
335284571.44768155 0.7187974912270313
335959301.42342734 0.7184760690146623
336634031.39917314 0.7179900017467967
337308761.37491894 0.717253640196713
337994736.8502605 0.7169257758111477
338669466.8260063 0.7165403014976903
339344196.8017521 0.7159757136388938
340018926.7774979 0.7158950808610223
340693656.7532437 0.7150526346687549
341368386.7289895 0.7148559371598907
342043116.7047353 0.714235851561224
342717846.6804811 0.7138147340742211
343403822.15582263 0.7133168913569169
344078552.13156843 0.7128827839143903
344753282.1073142 0.7123895352061689
345428012.08306 0.7119428602446415
346102742.0588058 0.7117144799143673
346777472.0345516 0.7110146064130379
348138177.485639 0.711144294757583
348812907.4613847 0.7105511923610314
349498882.9367263 0.7100351848278201
350173612.91247207 0.7093867431050945
350859588.3878136 0.7087569414415272
351545563.8631552 0.7084642449862563
352220293.838901 0.7079601713150984
352895023.8146468 0.7076388547118602
353580999.28998834 0.7072490504132284
354266974.7653299 0.7068459393284362
354941704.7410757 0.7063050607811318
355616434.7168215 0.706063320862295
356291164.6925673 0.7057731590326503
356965894.6683131 0.7054348921206715
357640624.6440589 0.7049589633542296
358315354.6198047 0.7045648818749886
359001330.09514624 0.7042404497948236
359676060.07089204 0.7038911467005654
360350790.04663783 0.703304433672645
361025520.02238363 0.7028905504294819
361700249.9981294 0.7024828981412538
362374979.9738752 0.7020488963078578
363049709.949621 0.7017022334483568
363724439.9253668 0.7014066327344205
364410415.4007084 0.7007959991778279
365085145.3764542 0.7006149846638097
365759875.3522 0.7002998990155065
366434605.32794577 0.6998270329225075
367109335.30369157 0.6992473957247307
367784065.27943736 0.6988503571811775
368458795.25518316 0.6983988769912245
369133525.23092896 0.6978422098388619
369819500.7062705 0.6976308326218936
370494230.6820163 0.6971993654141241
371168960.6577621 0.6967926636102354
371843690.6335079 0.6962690522001453
372518420.6092537 0.6961035094637932
373193150.5849995 0.6957521469860785
373867880.5607453 0.6952340272637639
374542610.5364911 0.69479928616429
375228586.01183265 0.6943946965484232
375903315.98757845 0.6940670961867662
376578045.96332425 0.6935490820746638
377252775.93907005 0.6932963059724662
377927505.91481584 0.6929785272848406
378602235.89056164 0.6926266367603908
379276965.86630744 0.6922266939581723
379962941.341649 0.6919327301900882
380637671.31739473 0.69157228530442
381312401.29314053 0.6910040011173962
381987131.2688863 0.6907250338848083
382661861.2446321 0.6901671522231165
383336591.2203779 0.6898903499831159
384011321.1961237 0.6895225652433958
384686051.1718695 0.6889456210849415
385360781.1476153 0.6885840144955909
386046756.6229569 0.6882978658237285
386721486.59870267 0.6879120218772322
387396216.57444847 0.6874760134638637
388070946.55019426 0.6868585152964702
388745676.52594006 0.6865184002203777
389397915.50249434 0.6861995654382005
390038908.97945285 0.6856191361697803
390713638.95519865 0.685464418397446
391399614.4305402 0.6852194573914702
392074344.406286 0.6845695899411539
392749074.3820318 0.6841396540701057
393423804.3577776 0.6839167654286884
394098534.3335234 0.6835707362261346
394773264.3092692 0.6833880847673458
395447994.285015 0.6827249633375976
396122724.2607608 0.6822006126603479
396808699.73610234 0.6819582390856452
397393465.715082 0.6817437991963156
397978231.6940617 0.6814229050317632
398664207.16940325 0.6809891672211942
399338937.14514905 0.680579033111905
400013667.12089485 0.680051672567941
400688397.09664065 0.6796143968417593
401363127.07238644 0.6791784412340377
402037857.04813224 0.678766828593674
402712587.02387804 0.6784567065874926
403387316.99962384 0.6782245771233443
404073292.4749654 0.6777396715580797
404748022.4507112 0.6770154022859085
405422752.426457 0.6769947028432938
406097482.4022028 0.6767118280620543
406772212.3779486 0.6762922419117728
407446942.3536944 0.6758954673921278
408121672.3294402 0.6756763806891499
408796402.305186 0.6750619979986832
409482377.78052753 0.6748921780817219
410089634.75869876 0.6744596547794006
410865574.2308064 0.6741387606137668
411382867.2122115 0.6738475954952172
411900160.1936166 0.6734410521061062
412349980.17744714 0.6730467066018753
412811045.6608735 0.672910840108042
413485775.63661927 0.6725487582754403
414160505.612365 0.6722026234637558
414835235.5881108 0.6717715786935906
418894860.94218135 0.6692703784426133
420244320.89367294 0.6691842539758849
420919050.86941874 0.6689956883906346
421593780.84516454 0.6688632542011204
422268510.82091033 0.6680434084201466
422954486.2962519 0.6676024891713845
423629216.2719977 0.6672948489851828
424303946.2477435 0.6668485964612598
424978676.2234893 0.6665594907261667
425653406.1992351 0.6661599175569872
426328136.1749809 0.6657921328172671
427002866.1507267 0.6655553037359867
427688841.62606823 0.6652783958857739
428363571.60181403 0.6649655280346233
429038301.5775598 0.664553598565786
429713031.5533056 0.6640498417231019
430387761.5290514 0.6638049863262567
431062491.5047972 0.6633510243163242
431737221.480543 0.6627465161033728
432411951.4562888 0.6624038664016542
433097926.9316304 0.6621243183177657
433772656.90737617 0.6616146473475388
434447386.88312197 0.6612479187023703
435122116.85886776 0.6608745366646626
435796846.83461356 0.6601494225172824
436471576.81035936 0.6600565390488838
437011360.79095596 0.6597173744571309
437326234.77963734 0.6596288737784723
437776054.76346785 0.6595994615609432
438462030.23880947 0.6592288781727699
439136760.2145552 0.658694230579319
439811490.190301 0.6582715817555946
440486220.1660468 0.6579473608947726
441160950.1417926 0.6576251994163256
441835680.1175384 0.6571848082142987
442510410.0932842 0.6569052601293289
443185140.06903 0.656684272457672
443871115.54437155 0.6560441738779034
444444636.0237555 0.6558856541660482
445029402.0027352 0.6552212126189214
445704131.978481 0.6549339022433767
446378861.9542268 0.6543353081579681
447053591.9299726 0.6541076142892066
447739567.40531415 0.6535083337433668
448414297.38105994 0.6529424785717571
449089027.35680574 0.6526634057300384
449763757.33255154 0.6526193666089707
450438487.30829734 0.6518626224458274
451113217.2840431 0.6515778466959089
451787947.2597889 0.6514471550613774
452473922.7351304 0.6509530614790286
453148652.7108762 0.6506709787684326
453823382.686622 0.6504531065737026
455847572.6138594 0.6496967848481636
457197032.565351 0.6493424653072183
457883008.04069257 0.6489640668228231
458557738.01643836 0.6483540669220964
459232467.99218416 0.6482295534390161
459907197.96792996 0.6479888168090839
460581927.94367576 0.6473344081553317
461256657.91942155 0.6470637840646194
461931387.89516735 0.646833713985009
462606117.87091315 0.6464458106539746
463292093.3462547 0.6461438733759726
463966823.3220005 0.6457058055813105
464641553.2977463 0.6450038726965245
465316283.2734921 0.6449314774513978
465991013.2492379 0.6447105425853877
466665743.2249837 0.644396037788385
467340473.2007295 0.6439572307265634
468015203.1764753 0.643326267360395
468701178.65181684 0.6431231804818183
469375908.62756264 0.6426323607900923
470050638.60330844 0.6423658554662931
470725368.57905424 0.6417796704861891
471400098.55480003 0.6416396324197959
472074828.53054583 0.6413250748182279
472749558.5062916 0.6410124709909856
473424288.4820374 0.6406371879845988
474110263.957379 0.6401834899974931
474784993.9331248 0.6398216193842342
475459723.9088706 0.6393090441564234
476100717.3858291 0.6391995272077579
476741710.86278754 0.6387981058744648
477135303.3486393 0.6385502934143888
477528895.834491 0.6383027449782214
478203625.8102368 0.6379586167443466
478878355.7859826 0.6377441768560983
479575576.7609199 0.6373698971386164
480261552.2362615 0.6370246600056246
480936282.2120073 0.6364265411634673
481611012.1877531 0.6361365377475187
482285742.1634989 0.6359815031467106
482971717.63884044 0.635440730208537
483646447.61458623 0.6350487081116709
484321177.59033203 0.6347598135948395
484995907.5660778 0.6343691644199173
485670637.54182357 0.6341708827697663
486345367.51756936 0.6338459226428662
487020097.49331516 0.6335936217828383
487694827.46906096 0.6328789629664371
488380802.9444025 0.6325553757614808
489055532.9201483 0.6322878671476952
489730262.8958941 0.6318038592632862
490404992.8716399 0.6316777088332722
491079722.8473857 0.6312368423879942
491754452.8231315 0.6309023774155361
492429182.7988773 0.6307409006404503
493103912.7746231 0.6304026337295529
493789888.24996465 0.6300144135711263
494464618.22571045 0.6294936008094894
495139348.20145625 0.6292994379251701
495814078.17720205 0.629000510514964
496488808.15294784 0.6284689783995214
497163538.12869364 0.628038197652183
497838268.10443944 0.6278173683953038
498512998.08018523 0.6275184409850978
499198973.5555268 0.6269461964459384
499873703.5312726 0.6265331052734187
500548433.5070184 0.626298282769948
501223163.4827642 0.6260797769182705
501897893.45851 0.6257486914466477
502572623.4342558 0.6253670718751138
503247353.4100016 0.6249476969441751
503933328.88534313 0.6245055631860837
504608058.86108893 0.624304588495529
505282788.8368347 0.6238172011092035
505957518.8125805 0.6233700509055065
506632248.7883263 0.6228953366473123
507306978.7640721 0.622679259813212
507801780.7462857 0.622446021451028
508307828.22809505 0.622296108906038
508982558.20384085 0.6220242703070777
509657288.17958665 0.6216905974041819
510332018.15533245 0.6214482238294791
511006748.13107824 0.6213478948978978
511681478.10682404 0.6208720189371028
512367453.5821656 0.6205974872988201
513042183.55791134 0.6200294671346233
513716913.53365713 0.6196655899435547
514391643.50940293 0.619513987648147
515066373.4851487 0.6192911518112951
515741103.4608945 0.6185528892936139
516415833.4366403 0.6185053650625802
517090563.4123861 0.6180559970606491
517776538.8877277 0.6174977985715651
518451268.8634735 0.6173838988331597
519125998.8392193 0.6168913893910162
519800728.81496507 0.616797449828066
520475458.79071087 0.616452265500721
521150188.76645666 0.6160160986747378
521824918.74220246 0.6156824257718418
522510894.217544 0.6154717350163862
523185624.1932898 0.6152102461392741
523860354.1690356 0.6145840351958847
524535084.1447814 0.6143799450273215
525209814.1205272 0.6137211535838294
525884544.096273 0.6134927204489897
526559274.0720188 0.613231654009482
527234004.0477646 0.6129649902719866
527807524.52714854 0.6127197124375371
528381045.00653243 0.6123454855246204
528774637.49238414 0.6120869009061737
529168229.9782359 0.6118287915298966
529842959.9539817 0.6114217728986157
530517689.9297275 0.6107673642448636
531203665.40506905 0.6105085156025084
531878395.38081485 0.6101412061049579
532553125.35656065 0.6098805092984892
533227855.3323064 0.6094288178902748
533902585.3080522 0.6090095485684668
534577315.283798 0.6088241512647088
535263290.75913954 0.6085616062930449
535938020.73488533 0.6080563181136394
536455313.7162905 0.6076913848280191
536691469.2078015 0.6075233602716875
537085061.6936532 0.6072459243747397
537759791.669399 0.6067771770475723
538445767.1447406 0.6066434227406794
539120497.1204864 0.606131639583512
539795227.0962322 0.6059017807221632
540469957.071978 0.6055202667608414
541144687.0477238 0.6053713575047561
541819417.0234696 0.6049281148486293
542494146.9992154 0.6046922890562537
543168876.9749612 0.6041659318011944
543843606.950707 0.6037085902893454
544529582.4260485 0.6034322104869491
545204312.4017943 0.6030636336765856
545879042.3775401 0.6026821197152638
546553772.3532859 0.6023412125685279
547228502.3290317 0.6021077101835172
547903232.3047775 0.6016768766316134
548577962.2805233 0.6012206440188814
549230201.2570776 0.6007432367213651
549871194.7340361 0.6003369573550807
550545924.7097819 0.5999762484455043
551220654.6855277 0.5995946288739703
551895384.6612735 0.5991945804637026
552581360.136615 0.5988584257397457
553256090.1123608 0.5985707457311619
553930820.0881065 0.5980104350529746
555280280.0395981 0.5979412608960681
555955010.0153439 0.5972026815488317
556629739.9910897 0.596807543975039
557304469.9668355 0.5965685499000899
557990445.442177 0.596184184484668
560014635.3694144 0.5962815035484533
560689365.3451602 0.5960474203110607
561364095.320906 0.5958999367814848
562038825.2966518 0.5954590703372881
562713555.2723976 0.5949990357861167
563399530.7477392 0.5949660856529748
564074260.723485 0.5947104580977587
564748990.6992308 0.5941707940576207
565423720.6749766 0.5937766069681674
566098450.6507224 0.5933759249009524
566773180.6264682 0.5930929973151474
567447910.602214 0.5927121698142568
568122640.5779598 0.5922651252196905
568808616.0533013 0.5920182632450356
569483346.0290471 0.5917435203874101
570158076.0047929 0.591338349920243
570551668.4906447 0.5912223907983809
570956506.4760921 0.590892467029359
571631236.4518379 0.5906453938353613
572305966.4275837 0.5902150883301926
572980696.4033295 0.5898026836191855
573655426.3790753 0.5894530636964538
574341401.8544168 0.5890966847731334
575016131.8301626 0.5889098089372192
575690861.8059084 0.5884165602300793
576365591.7816542 0.5882207603999078
577040321.7574 0.5881045372541375
577715051.7331458 0.5874159639589956
578389781.7088916 0.58710256806111
579064511.6846374 0.5868115085516912
579739241.6603832 0.5864011632241407
580425217.1357248 0.5859116108452279
581099947.1114706 0.5856583595008605
581774677.0872164 0.5851587742296548
582449407.0629622 0.5847901446147259
583124137.038708 0.5845327745045268
583798867.0144538 0.5842123027764974
584473596.9901996 0.583930167261336
585148326.9659454 0.5834433607273924
588533222.3442701 0.5831809741705061
589207952.3200159 0.5831103214814437
589882682.2957617 0.582614907780635
590557412.2715075 0.5821983314981495
591232142.2472533 0.5818357744244596
591918117.7225949 0.5813824988738767
592592847.6983407 0.5810461857362237
593267577.6740865 0.58102796811467
593942307.6498322 0.5807060706601312
594617037.625578 0.580423671122143
595291767.6013238 0.5798336313979529
595966497.5770696 0.5795128428425311
596652473.0524112 0.5794335301820381
597327203.028157 0.5788868959219685
598001933.0039028 0.5786099352671904
598676662.9796486 0.5781517488812141
599351392.9553944 0.5775721116823559
600026122.9311402 0.5771817793359074
600700852.906886 0.5769385608859959
601375582.8826318 0.5766012444583566
602050312.8583776 0.5763044820418194
602736288.3337191 0.575801358855001
603411018.3094649 0.5755837506841792
604085748.2852107 0.5752988693240485
604760478.2609565 0.5748019242875998
605435208.2367023 0.574505373089324
606109938.2124481 0.5742282540208498
606784668.1881939 0.5740203619149288
607470643.6635355 0.5734463220151397
608145373.6392813 0.5731052036490609
608820103.6150271 0.5727627651666851
609494833.5907729 0.5725908858662672
610169563.5665187 0.5721762633570261
610844293.5422645 0.572011459886752
611519023.5180103 0.5714011431575514
612193753.493756 0.5712053433284614
612868483.4695019 0.5708418885749973
613554458.9448434 0.5704271076520601
614229188.9205892 0.570121421240184
614735236.4023985 0.5697907054005186
615241283.8842078 0.5697543229619765
615927259.3595494 0.5694082409548573
616601989.3352952 0.5687563669267314
617276719.311041 0.5686227182289693
617951449.2867868 0.5682944314057995
618626179.2625326 0.5677708728002747
619300909.2382784 0.5674980837169751
619975639.2140242 0.5671305630011633
620650369.18977 0.5667607188790679
621336344.6651115 0.5663073377193545
622011074.6408573 0.5658617188523789
622685804.6166031 0.5656295893882305
623360534.5923489 0.5652837185993728
624035264.5680947 0.5648829309219455
624709994.5438405 0.5646671181117534
625384724.5195863 0.5642034400358387
626070699.9949279 0.5638325398191917
626745429.9706737 0.5634131120826064
627420159.9464195 0.5630799144218801
628094889.9221653 0.5626718925006129
628769619.8979111 0.5624823764310232
629444349.8736569 0.5620135234947251
630119079.8494027 0.5618385815219458
630793809.8251485 0.5614173584258122
631468539.8008943 0.5608931661633401
632154515.2762358 0.560692666714955
632829245.2519816 0.5604246828600811
633503975.2277274 0.5600817163298887
634178705.2034732 0.5595569960206815
635528165.1549648 0.5596413251267803
636202895.1307106 0.5593788857653287
636843888.6076691 0.5590446320111322
637473636.5850319 0.5585832773425823
638159612.0603734 0.5582571555119997
638834342.0361192 0.5578736877763523
639509072.011865 0.5573380896985618
639902664.4977167 0.557025538675885
640408711.979526 0.5569994531546254
641083441.9552718 0.5568469003748784
641758171.9310176 0.556588157341654
642432901.9067634 0.5562144584754726
643107631.8825092 0.5559660123595308
643793607.3578508 0.5554836414198926
644468337.3335966 0.5549099183485772
645143067.3093424 0.5544735931078165
645817797.2850882 0.5540761849323057
646492527.260834 0.5539928591140304
647167257.2365798 0.5537598847757547
647841987.2123256 0.5534380401257815
648516717.1880714 0.5531090140365337
649202692.6634129 0.5527029458895923
649877422.6391587 0.5524252459687361
650552152.6149045 0.5519719704203163
651226882.5906503 0.5517454910587211
651901612.5663961 0.5515873937855517
652576342.5421419 0.5511464745357081
653251072.5178877 0.5507830725868094
653937047.9932293 0.5504661915789578
654611777.9689751 0.5501946698084713
655286507.9447209 0.5499306463057329
655961237.9204667 0.5494513908441029
656635967.8962125 0.5491663510702761
657310697.8719583 0.5487822496787627
657985427.847704 0.5484909261454355
658660157.8234499 0.5481081976758659
659346133.2987914 0.5477687162567207
660020863.2745372 0.5474868447643861
660695593.250283 0.5471180039311958
661370323.2260287 0.5468058753461232
662045053.2017745 0.5464431070541718
662719783.1775203 0.5461191502161765
663394513.1532661 0.5459851846910222
664069243.1290119 0.5455837105520823
664743973.1047577 0.5451706193795626
665429948.5800992 0.5446940569572549
666104678.555845 0.5444387990350777
666779408.5315908 0.5442028148279247
667454138.5073366 0.5441007961470072
668128868.4830824 0.5435286044113318
668803598.4588282 0.5430233162319262
669478328.434574 0.5429251522940136
670153058.4103198 0.5424701341895294
670839033.8856614 0.5420544027811712
671513763.8614072 0.5419054935261675
672188493.837153 0.5415577217686308
672863223.8128988 0.541324641820143
673537953.7886446 0.5409974110904435
674212683.7643903 0.5405446635887586
674887413.7401361 0.5399969732341374
675562143.715882 0.5399329211319674
676248119.1912235 0.5394696654947386
676922849.1669693 0.5391017751458878
677597579.1427151 0.5386168695806232
678272309.1184609 0.5384258749788774
678947039.0942067 0.5382583784681993
679621769.0699525 0.5375164196212096
680296499.0456983 0.5374129224081361
680971229.0214441 0.537128569095822
681657204.4967856 0.5368893638026113
682331934.4725314 0.5366496304615841
682905454.9519154 0.536284433153137
683209083.4410009 0.5360962371998443
683602675.9268527 0.535846946208694
684277405.9025985 0.5354095120698976
684952135.8783443 0.5352382136207803
685626865.8540901 0.5348948246529834
686301595.8298359 0.534662008728404
686976325.8055817 0.5342248386124344
687662301.2809232 0.5339867950229062
689011761.2324148 0.5333932173841849
689686491.2081606 0.5330136571961075
690361221.1839064 0.5328029136360865
691035951.1596522 0.5324433136256271
691710681.135398 0.5322215338833268
692385411.1111438 0.5319979587814784
693060141.0868896 0.5316380947471107
693746116.5622312 0.5313991006721616
694420846.537977 0.531014629647609
695095576.5137228 0.5308941821257949
695770306.4894686 0.5304716389122827
696445036.4652144 0.5302573046320838
697119766.4409602 0.5299337174271276
697794496.416706 0.5295303423195087
698480471.8920475 0.5294046143281805
699155201.8677933 0.529235428067085
699829931.8435391 0.5288484752214716
700504661.8192849 0.5282371023988008
701179391.7950307 0.5279845903205115
701854121.7707765 0.5277593254682454
702382660.2517773 0.5274054283649044
702899953.2331824 0.527150117638162
703574683.2089282 0.5267590460256355
704249413.184674 0.5262907739417193
704924143.1604198 0.5259661306422115
705610118.6357614 0.52580201363345
706284848.6115072 0.5254537138280968
706959578.587253 0.5250941666222028
707634308.5629988 0.525029111231128
708309038.5387446 0.5247191476386428
708983768.5144904 0.5243793493910239
709669743.9898319 0.5240401319947057
710344473.9655777 0.5237744187415497
711019203.9413235 0.5234585410226031
711693933.9170693 0.5231807354926162
712368663.8928151 0.5229429559269962
713043393.8685609 0.5227983238515203
713718123.8443067 0.5222445609567415
714392853.8200525 0.5221464498233943
715078829.2953941 0.5217659919566242
715753559.2711399 0.5215395125950288
716428289.2468857 0.5214861270431808
717103019.2226315 0.5211165997484777
717777749.1983773 0.5207319703102291
718452479.174123 0.5204973590250198
719532047.1353163 0.518638211128137
722737014.5201088 0.520415142106943
723411744.4958546 0.5200974690284481
724086474.4716004 0.5197049716894123
724772449.946942 0.519511178438132
725447179.9226878 0.5191459811286036
726121909.8984336 0.5189307491697118
726796639.8741794 0.5186434387941671
727212723.3592227 0.5183904514737079
727640052.3438616 0.5183477324711001
728314782.3196074 0.5181814504686699
728989512.2953532 0.5175164808748081
729664242.271099 0.5171540822148142
730350217.7464405 0.5169596025031026
731024947.7221863 0.5165681612575371
731699677.6979321 0.5163356621614312
732216970.6793373 0.5161601921408353
732734263.6607424 0.5157803151253657
734196178.6081916 0.5155745352074665
734870908.5839374 0.5153279900602038
735545638.5596832 0.5150047724882866
736231614.0350248 0.5147828343322902
736906344.0107706 0.5145281044568483
737581073.9865164 0.5139329426768401
738255803.9622622 0.5137650237296393
738930533.938008 0.5134452384620409
739605263.9137537 0.5131843304373108
740190029.8927335 0.5130969914623347
740774795.8717132 0.5127278338006706
741449525.847459 0.5125345685972068
742124255.8232048 0.5123330130553514
742810231.2985463 0.5120324486992933
743484961.274292 0.511902232308013
744159691.2500378 0.5114857088300929
744834421.2257836 0.5112640346969235
745509151.2015294 0.5109622558336989
746183881.1772752 0.5106915789384212
746869856.6526167 0.5105288876561689
747544586.6283625 0.510362288825265
748219316.6041083 0.5100159427953191
748894046.5798541 0.5099117591207329
749568776.5555999 0.5096615704498084
750243506.5313457 0.5091302495526273
750918236.5070915 0.5088095666063364
751592966.4828373 0.508712458761894
752278941.9581789 0.5084738871245492
752953671.9339247 0.5081225774524813
753628401.9096705 0.5080216676695996
754303131.8854163 0.5076069395512277
754977861.8611621 0.5073242231847658
755416436.3453969 0.5070427213254702
755843765.3300359 0.5067996612892548
756518495.3057817 0.5067399919779062
757193225.2815275 0.5063671907914988
757867955.2572733 0.5061962091708551
758553930.7326149 0.5060066402967001
759228660.7083607 0.5056414957917369
759903390.6841063 0.5053985413646521
760578120.6598521 0.505086676803488
761252850.635598 0.5048625736549043
761927580.6113437 0.5045351845104271
762602310.5870895 0.5041853005648685
763277040.5628353 0.5038655152983518
763738106.0462617 0.5036919462475165
764187926.0300922 0.5035085555226495
764873901.5054338 0.5031125202690826
765548631.4811796 0.5029883236133945
766223361.4569254 0.5029202055499583
766898091.4326712 0.5024996689142558
767572821.408417 0.5024006601011345
768247551.3841628 0.5020374165659318
768922281.3599086 0.5018068712430702
769608256.8352501 0.5016217379632204
770282986.8109959 0.5013234970145272
770957716.7867417 0.5009938900739789
771632446.7624875 0.5006799133237112
772307176.7382333 0.5005145818067019
772981906.7139791 0.5003353626533135
773656636.6897249 0.5001063486660919
774331366.6654707 0.4996287829548794
775017342.1408123 0.4994213132865627
775692072.1165581 0.49917429289713033
776366802.0923039 0.498952354741134
777041532.0680497 0.4986690575222901
777716262.0437955 0.4983500115218513
778390992.0195413 0.49804068158631337
779065721.995287 0.49769301543790745
779740451.9710327 0.49744208750090485
780415181.9467785 0.49725257143023366
781101157.4221201 0.4970371810565645
781775887.3978659 0.49682258275353874
782450617.3736117 0.49662588524467455
783125347.3493575 0.4962628001231679
783800077.3251033 0.49601974008695243
784474807.3008491 0.49561214060328973
785149537.2765949 0.4953885655003597
785835512.7519364 0.49518225753572553
786510242.7276822 0.49490445200573857
787184972.703428 0.49476547003497856
787859702.6791738 0.49446025886527223
788534432.6549196 0.4942601818544915
789209162.6306654 0.49376709156104764
789883892.6064112 0.49346483745565334
790569868.0817528 0.49329808021105337
791244598.0574986 0.4930592973554471
791919328.0332444 0.4929957204954471
792594058.0089902 0.4926314736713394
793268787.984736 0.49245003671971693
793943517.9604818 0.49207670748765586
794618247.9362276 0.49189273591040705
795292977.9119734 0.491617993053863
795978953.3873149 0.4911621828787354
796653683.3630607 0.4910272668681602
797328413.3388065 0.49059875672362124
798677873.2902981 0.4901536130977339
799352603.2660439 0.4899440840459607
800027333.2417897 0.48952095998114803
800702063.2175355 0.4894087499920787
801376793.1932813 0.48903436466546596
802062768.6686229 0.4887934696207563
802737498.6443686 0.4887456813668959
803412228.6201144 0.48853013257953065
804086958.5958602 0.48837420029894846
804761688.571606 0.4882021625848345
805436418.5473518 0.48790064774443687
806111148.5230976 0.4875219324315681
806797123.9984392 0.4874086663490286
807471853.974185 0.4871524579425119
808146583.9499308 0.4869200116509713
808821313.9256766 0.48657942133162774
809496043.9014224 0.48653997622072415
810170773.8771682 0.486399146084769
810845503.852914 0.48603838437062724
811531479.3282555 0.4857209225103939
812206209.3040013 0.48547532784855213
812880939.2797471 0.48517207045317157
813555669.2554929 0.4849910559391534
814230399.2312387 0.4846940294987079
814905129.2069845 0.48465300024651753
815579859.1827303 0.4843069182393983
816254589.1584761 0.4840215088325326
816929319.1342219 0.48373979575497555
817615294.6095635 0.48352456379608383
818290024.5853093 0.48331154963434486
818964754.5610551 0.48297418040214024
819493293.042056 0.4827647041549324
819774430.53195 0.48266125974642426
820201759.516589 0.4824942384789975
820876489.4923348 0.4822370267824946
821551219.4680806 0.48212856592729925
822225949.4438264 0.48208901520726494
822900679.4195722 0.4817518571944032
823575409.395318 0.4813711881072087
824250139.3710638 0.481106847777078
824936114.8464054 0.4810040370244358
825610844.8221512 0.4807459276481587
826285574.797897 0.480509573809048
826960304.7736427 0.4802787116577128
827635034.7493885 0.48011021185813
828309764.7251343 0.4796767380714692
828984494.70088 0.4795309970979576
829659224.6766258 0.4794141931008869
830345200.1519674 0.4790673190231243
831019930.1277132 0.4788581596043902
831694660.103459 0.47859218232732587
832369390.0792048 0.4783462708370106
833044120.0549506 0.4782210708913361
833718850.0306964 0.477954090325367
834393580.0064422 0.4776458164843807
835068309.982188 0.4775840349839289
835743039.9579338 0.4771503499790066
836429015.4332753 0.4770349717084451
837103745.4090211 0.4767123349878284
838453205.3605127 0.4763941866671638
839060462.338684 0.47627152134711565
839397827.3265569 0.4761389287439052
839825156.3111959 0.4758553675022345
840499886.2869416 0.47566938934717595
841174616.2626874 0.4755877532803996
841849346.2384332 0.4755083350107759
842524076.214179 0.47521336795378694
843198806.1899248 0.4748255174273179
843873536.1656706 0.47467829792273164
844559511.6410122 0.47437562137865164
845234241.616758 0.4743219718028952
845908971.5925038 0.47388981813361297
846583701.5682496 0.4736596424448719
847258431.5439954 0.4736113789477602
847933161.5197412 0.47340860889765707
848607891.495487 0.4730888764357057
849282621.4712328 0.47262440629022895
849968596.9465743 0.4723306537414878
850643326.9223201 0.47216442454362295
851318056.8980659 0.4719536281790366
851992786.8738117 0.47184511451927597
852667516.8495575 0.471356935062307
856097394.2262653 0.4708615213625798
856772124.2020111 0.4706393719872405
857446854.1777569 0.47050202696125115
858121584.1535027 0.4702931315653438
858796314.1292485 0.46984445002492536
859471044.1049943 0.46970536244395306
859864636.5908461 0.4696242016193465
859999582.5859952 0.46959859133917536
860404420.5714426 0.4695650603547331
861079150.5471884 0.46928134069828487
861753880.5229342 0.4689964593392356
862428610.49868 0.4686789974790022
863103340.4744258 0.4684197792046895
863778070.4501716 0.46829901485440184
864385327.4283428 0.46824985367751604
864992584.406514 0.46813621796193744
865667314.3822598 0.4678157990395548
866342044.3580056 0.46756175562454394
867016774.3337514 0.46729572554399584
867691504.3094972 0.4670407316446456
868366234.285243 0.4667233753946243
869040964.2609888 0.46657119224791627
869726939.7363304 0.4662930698894557
870401669.7120762 0.4661964372871831
871076399.687822 0.4659643078241162
871751129.6635678 0.4656804825585373
872425859.6393136 0.4653810799061615
873100589.6150594 0.46537368724862554
873775319.5908052 0.4651771481534574
874450049.566551 0.4648385116084396
875136025.0418925 0.4645708445809579
875810755.0176383 0.46423611558459166
876485484.9933841 0.46405151035147696
877160214.9691299 0.4639518678814083
877834944.9448757 0.46360504660821117
878509674.9206215 0.4633340000798943
879184404.8963673 0.4632753868630975
879859134.8721131 0.4630089343438635
880533864.8478589 0.4628382695516934
881208594.8236047 0.462666179033014
881894570.2989463 0.4622799654523972
882569300.274692 0.4620461462389127
883244030.2504379 0.4620080740499531
883918760.2261837 0.4618940158967701
884593490.2019295 0.46160121383236835
885268220.1776752 0.4611614034816419
885942950.153421 0.4610094843577606
886617680.1291668 0.46083491201802035
887303655.6045084 0.46067876851809536
887978385.5802542 0.46037038906689687
888653115.556 0.46020848985528806
889327845.5317458 0.45979925342577316
890002575.5074916 0.4595283653122339
890677305.4832374 0.45948934263785324
891352035.4589832 0.45944060389965324
892026765.434729 0.45921132588960484
892712740.9100705 0.4589194215049773
893387470.8858163 0.4586836485171671
894062200.8615621 0.4583953348527174
894736930.8373079 0.4583295401955646
895411660.8130537 0.45804291628045113
896086390.7887995 0.4577920411490954
896761120.7645452 0.4576682141253648
897435850.740291 0.4574578401983828
898110580.7160368 0.45715014720869696
898785310.6917826 0.45689631501302913
899471286.1671242 0.4567434454048083
900146016.14287 0.4565824438729737
900820746.1186157 0.4562379988117067
901495476.0943615 0.45622247422947526
902170206.0701073 0.4558683659078729
902844936.0458531 0.45548289159333405
903519666.0215989 0.45539486615792657
904205641.4969405 0.4551585123177345
904880371.4726863 0.4548051960667755
905555101.4484321 0.45468775841275744
906229831.4241779 0.45439347781619965
906904561.3999237 0.4543027593414698
907579291.3756695 0.45413758623815664
908254021.3514153 0.45380734564066105
908928751.3271611 0.45361334117111923
909603481.3029069 0.45348835244478775
910289456.7782484 0.4532153521432266
910964186.7539942 0.45297656928653884
911638916.72974 0.45270240728129524
912313646.7054858 0.45254768950896096
912988376.6812316 0.45223091411024025
913663106.6569774 0.45201763592459293
914337836.6327232 0.45183461483276505
915012566.608469 0.45150601118112166
915687296.5842148 0.4513654450679933
916373272.0595564 0.4512983830991088
917048002.0353022 0.4509798651454052
917722732.011048 0.45072719465341976
918397461.9867938 0.4504160693572521
919072191.9625396 0.450415330091174
920421651.9140311 0.45009448873118707
921096381.889777 0.44984065653551913
922457087.3408643 0.44925431314063763
923131817.3166101 0.4489808375969068
923806547.2923559 0.4489210626753461
924481277.2681017 0.4487754273109652
925156007.2438475 0.4484007251558788
925830737.2195933 0.4482846604248862
926516712.6949348 0.44797459122327016
927191442.6706806 0.44779273183404317
927866172.6464264 0.44763621870107906
928540902.6221722 0.4472326323751988
929215632.597918 0.447130560889716
929631716.0829613 0.4469807539538566
929789153.077302 0.4469180747736306
930205236.5623451 0.4467404925660944
930879966.538091 0.4464681787260459
931554696.5138367 0.4462204718751008
932240671.9891783 0.4460048174786047
932915401.9649241 0.44579951280287533
933590131.9406699 0.4454847967876111
934264861.9164157 0.44544936483340847
934939591.8921615 0.4451385563657144
935614321.8679073 0.4448240515697932
936289051.8436531 0.44471031024400237
936963781.8193989 0.44429912004124306
937649757.2947404 0.4441510556603667
938324487.2704862 0.4440170901352124
938999217.246232 0.4438108349751435
939673947.2219778 0.4434797495024392
940348677.1977236 0.4431279117825548
941023407.1734694 0.4428273474275781
941698137.1492152 0.44267796292932315
942372867.124961 0.4425513372582209
943058842.6003026 0.44201671606705273
943733572.5760484 0.441902921937778
944408302.5517942 0.4415720740856179
945083032.52754 0.4415017382250291
945757762.5032858 0.44129561507637355
947107222.4547774 0.44107193436431286
947781952.4305232 0.4407183804917283
948467927.9058647 0.4405289700312693
949142657.8816105 0.44044786201122804
949817387.8573563 0.43996110828184987
950492117.8331021 0.4398039086884546
951166847.8088479 0.43961764010720505
951841577.7845937 0.43918012676047924
953191037.7360853 0.43895586519711804
953865767.7118311 0.4387630224312587
954551743.1871727 0.43832344970107634
955226473.1629184 0.43817844799364275
955901203.1386642 0.43806850860737284
957250663.0901558 0.43756432932600287
957925393.0659016 0.4372631049117962
958600123.0416474 0.43700982716622755
959286098.516989 0.4367052232501044
959960828.4927348 0.436532683891538
960635558.4684806 0.43648975366958714
961985018.4199722 0.43646717966057613
962659748.395718 0.4360579168287786
963334478.3714638 0.435933878587868
964009208.3472096 0.4356823962007661
964695183.8225511 0.4354866227739587
965369913.7982969 0.4352445660266481
966044643.7740427 0.43506231060209954
966719373.7497885 0.43492800184618885
967394103.7255343 0.43486342169836534
968068833.7012801 0.4345534845081628
968743563.6770259 0.4344801123764138
969418293.6527717 0.434215296803032
970104269.1281133 0.433954705605694
970778999.1038591 0.43378467447047114
971453729.0796049 0.43359814186531337
972128459.0553507 0.4335469741106178
972803189.0310965 0.43323093797797513
973477919.0068423 0.43289628818845693
974152648.982588 0.4327806194917045
974827378.9583338 0.43253610732561565
975513354.4336754 0.4323435813882299
976188084.4094212 0.4320277036692833
976862814.385167 0.4319437969997075
977537544.3609128 0.4318277850732801
978212274.3366586 0.43171084906371454
978887004.3124044 0.43161281713721533
979561734.2881501 0.4314617164862602
980236464.2638959 0.4311243208517728
981597169.7149832 0.4309903817289012
982271899.690729 0.4306478376363132
982946629.6664748 0.43049214297735666
983621359.6422206 0.43033383448484436
984296089.6179664 0.4300488739189471
984970819.5937122 0.42986255253205075
985645549.569458 0.4297767976983613
986331525.0447996 0.4295472028609207
987006255.0205454 0.42944954056746054
987680984.9962912 0.4292611597981891
988355714.972037 0.42900136067149447
989030444.9477828 0.42875608283704497
989424037.4336345 0.4286130085005731
989817629.9194862 0.42846988136061726
990492359.895232 0.4283126553649393
991178335.3705735 0.4280184539752296
991853065.3463193 0.42790685124082484
992527795.3220651 0.42759546192183034
993202525.2978109 0.42751609645677197
993877255.2735567 0.42726767674311295
994551985.2493025 0.4270035476312438
995226715.2250483 0.42686369438191085
995901445.2007941 0.4264527417996958
996587420.6761357 0.4264468804777998
997093468.157945 0.4263437000932
997610761.1393502 0.426205008546468
998296736.6146917 0.4260553336231035
998971466.5904375 0.4256823476207174
1000320926.5419291 0.4255475900249197
1000995656.5176749 0.42538782940361547
1001670386.4934207 0.4251168620821467
1002345116.4691665 0.4249133791693297
1003019846.4449123 0.42459837272787454
1003705821.9202539 0.4244111536622855
1004380551.8959997 0.42437474482146065
1005055281.8717455 0.42414068798635063
1005730011.8474913 0.4240636723298583
1006404741.8232371 0.4237870285035539
1007079471.7989829 0.4236027400989128
1007754201.7747287 0.4235677569845972
1008428931.7504745 0.42332736358542145
1009103661.7262203 0.4230970822864682
1009789637.2015618 0.4228699956723712
1010464367.1773076 0.422852147682775
1011139097.1530534 0.4226269092327916
1011813827.1287992 0.4225177355148824
1012488557.104545 0.42238340035668914
1013163287.0802908 0.42216222786797203
1016548182.4586155 0.42190902932925145
1017222912.4343613 0.42145538414671113
1017897642.4101071 0.4212470696031857
1018572372.3858529 0.421012616732754
1019247102.3615986 0.42085330495133677
1019921832.3373444 0.4206256110825752
1020607807.812686 0.4203927159500661
1021957267.7641776 0.42015327303522987
