1.0 1.0010336816825154
3497351.374282373 0.9965984259416764
5049230.3184977025 0.9946456124169957
5184176.313646862 0.994476241760947
5364104.307179074 0.9942505232178733
5577768.799498576 0.9939826441092448
5892642.788179947 0.9935881944629421
7152138.742905432 0.9920141928968406
8501598.694397023 0.9903344736956923
9176328.670142818 0.9894972042487187
16812022.89566607 0.9801406577039612
17497998.37100763 0.9793106013178694
18588811.831796665 0.9779941944580786
19690870.792181466 0.976668584548582
20759193.253778975 0.9753877244245033
20894139.248928133 0.9752262225432948
21310222.733971376 0.9747286682378787
22659682.685462967 0.973119224877256
24009142.636954557 0.9715162414520926
24683872.61270035 0.9707171596079729
25369848.08804191 0.969906399813453
27394038.015279297 0.9675235827814898
28068767.991025094 0.9667324768869582
28743497.966770887 0.9659429459899049
30092957.918262478 0.9643685895602825
31453663.369349834 0.9627874328897933
32735650.323266845 0.9613035180617759
33095506.31033127 0.9608879821651563
33410380.29901264 0.9605247473355049
34636139.75495084 0.9591139084623937
36637838.6829967 0.9568207977333899
37514987.65146623 0.955820157154646
37931071.13650947 0.9553463859806095
39280531.08800106 0.9538137628765512
39966506.563342616 0.9530369751479242
40641236.53908841 0.9522744248979251
41136038.521302 0.951716166191504
41810768.4970478 0.9509561890555871
42485498.47279359 0.9501976901199382
44509688.40003098 0.9479310167727075
45859148.351522565 0.9464272086207223
47219853.80260992 0.9449167451611898
49244043.729847305 0.9426806140881933
51268233.657084696 0.9404573402602321
51954209.132426254 0.9397067933111933
52628939.10817205 0.9389699731293324
53303669.08391784 0.9382345595306533
53978399.05966364 0.9375005481765469
56677318.96264682 0.9345784389484146
57363294.43798838 0.9338392681811073
60062214.34097156 0.9309448235112202
60736944.31671736 0.9302246218221406
62097649.76780471 0.9287763336888204
62772379.74355051 0.9280602081716607
63447109.71929631 0.9273454255454578
64121839.695042096 0.9266319816878797
68181465.04911263 0.922367456418342
68856195.02485843 0.9216632914894893
72454754.89550267 0.9179297086025895
73129484.87124847 0.9172337492289098
73804214.84699427 0.9165390709861128
74478944.82274006 0.9158456699614259
74973746.80495365 0.9153379853611587
75479794.28676298 0.914819469159729
76154524.26250878 0.9141292230557384
76829254.23825458 0.9134402406437012
77503984.21400037 0.9127525180699884
78178714.18974617 0.9120660514940383
78853444.16549197 0.9113808370883117
79528174.14123777 0.9106968710382474
80214149.61657932 0.9100027813731587
81496136.57049634 0.9087090648943731
82103393.54866755 0.9080978076656832
82778123.52441335 0.907419801502857
83329153.00460574 0.9068670064061283
83621535.9940956 0.9065740180190578
84037619.47913882 0.9061574684794722
84712349.45488462 0.9054829680986964
85398324.93022618 0.904798472358525
86073054.90597197 0.9041264199997278
86747784.88171777 0.90345557598138
87422514.85746357 0.9027859366374795
88097244.83320937 0.9021174983144463
88614537.81461447 0.9016058400169147
89120585.29642382 0.9011059841637813
89784069.77257386 0.9004516331081202
90458799.74831966 0.8997873697645121
90942356.23093747 0.8993120433517504
91425912.71355529 0.8988373241098181
92100642.68930109 0.898175937364316
92775372.66504689 0.897515726646328
93450102.64079268 0.8968566883993146
94136078.11613424 0.8961878644733764
94810808.09188002 0.8955311799402068
95204400.57773174 0.8951486507203922
95597993.06358346 0.8947665161432475
96272723.03932926 0.8941123444422597
96947453.01507504 0.8934593269696149
97622182.99082084 0.8928074602425897
98308158.4661624 0.8921459051662948
98982888.4419082 0.8914963485638123
99657618.417654 0.8908479322720024
100332348.39339979 0.8902006528552561
101681808.34489138 0.8889094909626187
103042513.79597874 0.8876121323626911
103717243.77172454 0.8869705048286811
104391973.74747032 0.8863299937428714
105066703.72321612 0.8856905957504064
105662715.20179157 0.8851267173943693
106258726.68036702 0.8845637026541573
106933456.65611282 0.8839273668331136
107540713.63428403 0.8833556056656862
108136725.11285949 0.8827952971843508
108811455.08860528 0.8821620163984448
109486185.06435108 0.8815298270104577
114794060.87355134 0.8765942940139785
115468790.84929714 0.8759716399063248
116143520.82504293 0.8753500454108294
116818250.80078873 0.8747295073648398
117504226.27613029 0.8740997067764505
118178956.25187609 0.8734812896602852
118853686.22762188 0.8728639195175675
119528416.20336767 0.8722475932283577
120203146.17911346 0.871632307683258
120877876.15485926 0.8710180597833765
121552606.13060506 0.8704048464402913
122227336.10635085 0.8697926645760142
123588041.55743821 0.868561222891893
124116580.03843908 0.8680840167516363
124645118.51943995 0.867607436419022
125117429.50246201 0.8671820844193134
125600985.98507982 0.8667471204330095
126275715.96082562 0.8661410633836095
126961691.43616718 0.865525940984205
127636421.41191298 0.8649219181448559
128311151.38765877 0.8643188994963805
129660611.33915037 0.8631158628803476
130335341.31489617 0.862515838992016
131010071.29064196 0.8619168074529411
131684801.26638776 0.861318765327659
132370776.74172932 0.8607117671044574
133045506.7174751 0.8601157114081942
133720236.6932209 0.8595206363302925
134394966.6689667 0.8589265389748774
135069696.6447125 0.8583334164558447
135744426.62045828 0.8577412658968289
136419156.59620407 0.8571500844311677
137105132.07154563 0.8565500404513209
137779862.04729143 0.8559608046434476
138454592.02303723 0.8553725293396202
139129321.99878302 0.8547852117118195
139804051.97452882 0.8541988489415652
140478781.95027462 0.8536134382198808
141153511.9260204 0.8530289767472631
141828241.9017662 0.8524454617336481
142514217.37710777 0.8518531888553811
143188947.35285357 0.8512715740855356
143582539.83870527 0.8509327321992889
143694994.8346629 0.8508359787864178
144088587.32051462 0.8504975465151168
144763317.29626042 0.8499181163633186
145438047.2720062 0.8493396179026812
146112777.247752 0.8487620484023299
146787507.2234978 0.8481854051405938
147473482.69883937 0.8476000978849565
148148212.67458516 0.8470253142962891
148822942.65033096 0.8464514487913029
149497672.62607676 0.8458784986849772
150172402.60182256 0.8453064613013371
153557297.9801473 0.8424504212393126
155581487.90738466 0.8407532957841971
156256217.88313046 0.8401893687585319
156930947.85887626 0.839626328143493
157616923.33421782 0.8390548095543894
158291653.3099636 0.8384935487002066
158966383.2857094 0.8379331665049831
159359975.77156115 0.8376066816453871
159753568.25741285 0.8372804944000084
160327088.73679677 0.8368057247354274
160900609.2161807 0.8363315843578922
161575339.19192648 0.8357745757071152
162250069.16767228 0.835218433374833
162924799.14341807 0.8346631548503067
167096879.49344626 0.8312487155614428
170481774.871771 0.8285023049241766
171156504.84751678 0.8279573658780043
171831234.82326257 0.8274132582784788
172505964.79900837 0.8268699797321176
173090730.77798808 0.8263998070931603
173675496.75696775 0.8259302538254304
174653855.22179917 0.8251460358610081
175328585.19754496 0.8246061997499587
176003315.17329076 0.824067180414135
176689290.64863232 0.8235200123143253
178038750.6001239 0.8224460634520314
178713480.5758697 0.8219103012916333
179388210.5516155 0.821375344225502
180062940.5273613 0.8208411899486773
180737670.50310707 0.8203078361639379
181423645.97844866 0.8197664114049484
182098375.95419443 0.8192346649895953
182773105.92994022 0.8187037121829932
183447835.90568602 0.8181735507187388
184122565.88143182 0.8176441783380344
184797295.85717762 0.8171155927896633
185472025.8329234 0.8165877918299623
186158001.30826497 0.8160519961949062
186832731.28401077 0.815525770694871
187507461.25975657 0.8150003230606278
188182191.23550236 0.8144756510785955
188856921.21124816 0.8139517525426185
189531651.18699396 0.8134286252539401
190206381.16273975 0.8129062670211772
190881111.13848555 0.8123846756602958
191567086.6138271 0.8118551750164581
192241816.5895729 0.8113351235669288
192916546.5653187 0.810815832445043
193591276.5410645 0.810297299496029
194266006.5168103 0.8097795225723383
194940736.4925561 0.8092624995336202
195615466.46830186 0.8087462282466968
196301441.94364342 0.8082221208967717
196976171.91938922 0.8077073591830104
197650901.89513502 0.8071933428291667
198325631.8708808 0.806680069730627
198719224.35673255 0.8063810028281536
199112816.84258425 0.8060821877098063
199798792.3179258 0.8055619962264096
200473522.2936716 0.8050510752247029
201159497.76901317 0.8045323918535402
201834227.74475896 0.8040229500279954
202520203.22010052 0.8035057662172961
203194933.19584632 0.8029977951847356
203880908.67118788 0.8024821024403749
204555638.64693367 0.8019755938741249
205241614.12227523 0.8014613837592249
205916344.09802103 0.800956329388725
206602319.5733626 0.8004435935232587
207288295.04870415 0.7999315977151216
207963025.02444994 0.799428715194071
208649000.4997915 0.7989181811368996
210684435.92662466 0.7974076286586723
211370411.4019662 0.7968999934407621
212045141.37771198 0.7964013879296057
212731116.85305357 0.7958951899105762
213394601.32920358 0.7954062749483156
214058085.8053536 0.7949180330749773
214732815.7810994 0.7944222043114325
215407545.7568452 0.7939270678058902
216093521.23218676 0.7934243866995431
216768251.20793256 0.7929306403929477
217442981.18367836 0.7924375805510315
218117711.15942416 0.7919452052662291
218792441.13516995 0.7914535126373483
219467171.11091575 0.7909625007695484
220141901.08666155 0.7904721677743175
220760403.5644285 0.7900232906250708
221378906.0421955 0.7895749808905784
222053636.0179413 0.7890865611670611
222447228.503793 0.7888019599718782
222840820.98964474 0.7885175869691708
223493059.96619898 0.7880468416865819
226889200.8441195 0.78560576482302
227563930.8198653 0.7851227765728911
227957523.30571702 0.7848413368090891
228351115.79156873 0.7845601201451619
228980863.76893145 0.7841106366361481
229329474.25640014 0.7838620600691821
229520647.7495281 0.7837258177938767
229981713.23295438 0.7833974485695359
230442778.7163807 0.7830693829732861
230915089.69940275 0.7827336300076505
232118358.15614942 0.7818796923057308
232646896.6371503 0.7815052467786424
233321626.61289608 0.781027804638088
234671086.56438768 0.7800748429763293
235323325.54094195 0.7796151604542798
235975564.5174962 0.7791560724841038
236661539.99283776 0.778673878335565
241395895.3226541 0.7753636862678769
242070625.2983999 0.7748944270145255
242745355.2741457 0.774425786881606
243420085.2498915 0.7739577641861545
244094815.2256373 0.7734903572508091
244769545.20138308 0.7730235644037898
245286838.1827882 0.7726661047211663
245804131.1641933 0.7723090042578988
246478861.1399391 0.7718437596567387
247153591.1156849 0.7713791232813766
247828321.0914307 0.7709150934851005
248503051.0671765 0.7704516686266754
249177781.0429223 0.7699888470703246
249863756.51826385 0.7695189286092028
250538486.49400964 0.769057318758456
251213216.4697554 0.7685963073080709
251887946.4455012 0.7681358926440077
252562676.421247 0.7676760731575908
253237406.3969928 0.7672168472454919
253912136.3727386 0.7667582133097105
254586866.3484844 0.7663001697575562
255272841.82382596 0.7658350957350929
255947571.79957175 0.7653782379667978
256622301.77531755 0.7649219658094996
257297031.75106335 0.7644662776916529
257971761.72680914 0.7640111720469318
258646491.70255494 0.7635566473142112
259321221.67830074 0.7631027019375499
259995951.65404654 0.7626493343661717
260681927.1293881 0.7621890014060057
261356657.1051339 0.7617367943790698
262031387.0808797 0.7612851605103589
262706117.0566255 0.7608340982696674
263380847.03237128 0.7603836061318668
264055577.00811708 0.7599336825768885
264449169.49396878 0.7596714891418412
264831516.48022473 0.7594169714328233
265495000.95637476 0.7589757390198475
266169730.93212056 0.7585275872368593
266844460.90786636 0.7580799978070455
267530436.38320792 0.757625523503087
268879896.3346995 0.7567331615805477
269554626.3104453 0.7562878159301331
270229356.2861911 0.7558430251858932
270904086.2619369 0.7553987878781437
271578816.2376827 0.7549551025420697
272253546.2134285 0.7545119677177093
272939521.68877006 0.7540620101639364
273614251.66451585 0.753619981116956
274288981.64026165 0.7531784982067025
274963711.61600745 0.7527375599925382
275638441.59175324 0.7522971650385959
276313171.56749904 0.7518573119137615
276987901.54324484 0.7514179991916583
277662631.51899064 0.7509792254506303
278337361.49473643 0.7505409892737259
279023336.970078 0.7500959987826401
279518138.95229155 0.7497753652326306
280024186.43410087 0.7494477414180276
280698916.40984666 0.7490113756246114
281373646.38559246 0.748575541076827
282059621.860934 0.7481329857862256
282734351.8366798 0.7476982183562872
283409081.8124256 0.747263977988682
284083811.7881714 0.7468302633058782
284758541.7639172 0.7463970729348978
285433271.739663 0.7459644055072999
286119247.21500456 0.7455250616395523
286793977.19075036 0.7450934446703128
288143437.14224195 0.7442317659092249
288818167.11798775 0.7438017014210953
289492897.09373355 0.7433721517378058
290167627.06947935 0.7429431155223205
290842357.04522514 0.7425145914420177
291517087.02097094 0.7420865781686747
292203062.4963125 0.7416519536242164
292844055.973271 0.7412463037662573
293496294.9498253 0.7408340068167368
294171024.9255711 0.7404079899146417
294654581.4081889 0.7401029881030019
295138137.89080673 0.7397982448351077
295812867.86655253 0.7393734528372659
296498843.3418941 0.7389420947204629
297173573.3176399 0.738518312063804
297679620.7994492 0.7382008023185153
298174422.78166276 0.7378906189840985
298860398.2570043 0.7374610337954567
299535128.2327501 0.7370389904767688
300209858.2084959 0.7366174412399124
300884588.1842417 0.7361963848162046
301559318.1599875 0.7357758199411428
302234048.1357333 0.7353557453543903
302908778.1114791 0.7349361597997611
303583508.0872249 0.7345170620252068
304269483.56256646 0.7340914780436804
304944213.53831226 0.7336733601672317
305618943.51405805 0.7332557263187656
306293673.48980385 0.7328385752627083
306968403.46554965 0.7324219057675527
307643133.44129544 0.732005716605844
308317863.41704124 0.7315900065541657
308992593.39278704 0.7311747743931267
309678568.8681286 0.7307531103475108
310353298.8438744 0.7303388382397632
311016783.32002443 0.7299319331200118
311691513.2957702 0.7295186004076278
312366243.271516 0.7291057395488153
313445811.2327093 0.7284461406475705
313839403.718561 0.7282059606426604
314514133.6943068 0.7277945939096613
315188863.6700526 0.7273836940550256
315762384.14943653 0.7270347953808132
317010634.6045663 0.726276587290107
317685364.5803121 0.7258674046626785
318360094.5560578 0.725458683405023
319034824.5318036 0.7250504223560451
320384284.4832952 0.7242352762587851
321070259.95863676 0.7238216113145988
321744989.93438256 0.7234151871490918
322419719.91012836 0.7230092174246884
323769179.86161995 0.7221986367494817
324443909.83736575 0.7217940235331427
325118639.81311154 0.7213898602268107
325793369.78885734 0.7209861457069808
326479345.2641989 0.7205761615259808
327154075.2399447 0.7201733486564298
327828805.2156905 0.7197709812063986
328503535.1914363 0.7193690580670962
329178265.1671821 0.7189675781333639
329852995.1429279 0.7185665403036621
330527725.1186737 0.7181659434800584
331888430.56976104 0.7173594102207882
332563160.54550683 0.7169601371501423
333237890.52125263 0.7165613007116581
333912620.4969984 0.7161628998253127
334587350.4727442 0.7157649334146164
335262080.44849 0.7153674004066012
335948055.9238316 0.714963685043975
336622785.8995774 0.7145670228152174
337297515.8753232 0.7141707907735639
337972245.851069 0.7137749878600683
338646975.8268148 0.7133796130192461
339321705.80256057 0.7129846651990617
339996435.77830637 0.7125901433509165
342706601.1808853 0.7110097512545952
343381331.1566311 0.7106173506614455
344056061.1323769 0.7102253698031673
344730791.1081227 0.709833807654953
345405521.0838685 0.7094426631953388
346091496.55921006 0.7090454268007157
346766226.53495586 0.7086551215862466
347440956.5107016 0.7082652309991074
348115686.4864474 0.7078757540311523
348790416.4621932 0.7074866896775225
349465146.437939 0.7070980369366348
350139876.4136848 0.7067097948101706
350814606.3894306 0.7063219623030655
351489336.3651764 0.7059345384234965
352175311.84051794 0.7055410753601867
352850041.81626374 0.7051544725423662
353524771.79200953 0.7047682753796148
354199501.7677553 0.7043824828930226
354593094.25360703 0.7041576237693983
354728040.24875623 0.7040805608011744
354952950.24067146 0.7039521583336821
355436506.7232893 0.7036762444656046
356088745.6998436 0.7033044085145289
356740984.67639786 0.7029329472618963
357415714.65214366 0.7025490703761025
358090444.62788945 0.7021655925832596
358765174.60363525 0.7017825129258111
359439904.57938105 0.7013998304493141
360114634.55512685 0.7010175442024289
360800610.0304684 0.7006292917310075
361475340.00621414 0.7002478016659672
362150069.98195994 0.699866704979358
362824799.95770574 0.6994860007321984
363499529.93345153 0.6991056879885575
364174259.90919733 0.6987257658155442
364848989.8849431 0.6983462332832967
365523719.8606889 0.6979670894649723
366209695.3360305 0.6975820241164626
366884425.3117763 0.6972036613975191
367559155.2875221 0.696825684614711
368233885.2632679 0.6964480928532188
368908615.2390137 0.6960708852011911
369583345.21475947 0.6956940607497337
370258075.19050527 0.6953176185928999
370932805.16625106 0.69494155782768
371618780.6415926 0.6945596194345924
372293510.6173384 0.6941843250742598
372968240.5930842 0.6938094093991567
373642970.56883 0.6934348715179708
374317700.5445758 0.6930607105422777
374992430.5203216 0.6926869255865293
375667160.4960674 0.6923135157680458
376341890.4718132 0.6919404802070049
376814201.45483524 0.6916795775277208
377174057.44189966 0.6914809171492395
377488931.43058103 0.6913071761931965
378084942.9091565 0.6909785310544387
378478535.3950082 0.690761660043266
378872127.8808599 0.690544915146492
379558103.35620147 0.6901674606818146
380232833.33194727 0.6897965663161368
380907563.30769306 0.6894260403287832
381582293.28343886 0.689055881861796
382257023.25918466 0.6886860900599907
382931753.23493046 0.6883166640709467
383606483.21067625 0.6879476030449971
384292458.6860178 0.6875727642667854
384967188.6617636 0.6872044366763915
385450745.14438146 0.6869406915552166
385934301.62699926 0.6866771322662832
386620277.1023408 0.6863035640301873
387295007.0780866 0.6859364832377824
387969737.0538324 0.6855697619798157
388644467.0295782 0.6852033994268895
389319197.005324 0.6848373947522822
389993926.9810698 0.6844717471319383
390668656.9568156 0.6841064557444596
391343386.9325614 0.683741519771096
392018116.9083072 0.6833769383957362
392704092.38364875 0.6830066433377718
393378822.35939455 0.682642774596638
394053552.33514035 0.6822792580074707
394728282.31088614 0.6819160927646691
396077742.26237774 0.6811908131087189
396752472.23812354 0.680828697097303
397438447.7134651 0.6804609027164248
398113177.6892109 0.6800994879944998
398787907.6649567 0.6797384198263525
399462637.6407025 0.6793776974243977
400137367.6164482 0.6790173200035826
401486827.5679398 0.6782975969777726
402161557.5436856 0.6779382498152575
402836287.5194314 0.6775792445188249
403522262.994773 0.6772146054646728
404196992.97051877 0.6768562872508782
404871722.94626456 0.6764983085802722
405546452.92201036 0.676140668687794
406221182.89775616 0.6757833668108397
407570642.84924775 0.6750697740653114
408256618.3245893 0.674707546317564
408931348.3003351 0.6743515945022711
409606078.2760809 0.6739959769135331
410280808.2518267 0.6736406928033439
410955538.2275725 0.6732857414260949
411630268.2033183 0.672931122038566
412304998.1790641 0.6725768338999188
413665703.63015145 0.6718633574099446
414340433.60589725 0.6715100640744047
415015163.58164304 0.6711570990358693
415689893.55738884 0.670804461565322
416364623.53313464 0.670452150936079
417039353.50888044 0.6701001664237812
417714083.48462623 0.6697485073063859
418388813.46037203 0.6693971728641591
419074788.9357136 0.6690403149454915
419749518.9114594 0.6686896330849252
420424248.8872052 0.668339273742237
421098978.862951 0.6679892362068865
421773708.8386968 0.6676395197706033
422448438.8144426 0.6672901237273783
423123168.7901884 0.666941047373456
423809144.26552993 0.6665864800831092
424483874.2412757 0.666238046304402
425158604.2170215 0.6658899301055807
425833334.1927673 0.665542130791866
426508064.1685131 0.6651946476706945
427182794.1442589 0.6648474800517106
427857524.1200047 0.664500627246759
428532254.09575045 0.6641540885698779
429206984.07149625 0.6638078633372905
429892959.5468378 0.6634561883054892
430567689.5225836 0.663110593114508
431242419.4983294 0.6627653093182596
431917149.4740752 0.662420336241671
432591879.449821 0.6620756732118174
433266609.4255668 0.6617313195579148
433941339.4013126 0.6613872746113131
434627314.87665415 0.6610378113630615
435302044.85239995 0.6606943869509324
435976774.82814574 0.6603512692418632
436651504.80389154 0.6600084575757006
437326234.77963734 0.6596659512943892
438000964.75538313 0.659323749741964
438675694.73112893 0.6589818522645428
440036400.1822163 0.6582932813030165
440711130.1579621 0.6579522971779934
441385860.1337079 0.6576116145223927
442060590.1094537 0.6572712326926755
442735320.0851995 0.6569311510473442
443410050.0609453 0.6565913689469349
444084780.03669107 0.6562518857540105
444770755.5120326 0.6559070502745563
445445485.4877784 0.6555681679476526
446120215.4635242 0.6552295826175081
446794945.43927 0.6548912936547575
447469675.4150158 0.654553300432028
448144405.3907616 0.654215602323932
448819135.3665074 0.6538781987070613
449505110.84184897 0.6535354729503942
450179840.81759477 0.6531986613358982
450854570.79334056 0.6528621423439325
451529300.76908636 0.6525259153589691
452204030.74483216 0.6521899797674254
452878760.72057796 0.6518543349576572
453553490.69632375 0.6515189803199528
454228220.67206955 0.6511839152465255
454902950.64781535 0.6508491391315072
455588926.1231569 0.650509079014505
458962576.00188583 0.6488409683774566
459569832.98005706 0.648541466657553
460177089.9582283 0.6482421951630534
460863065.43356985 0.6479044056024807
462212525.38506144 0.6472407549929873
462887255.36080724 0.6469093528786724
463561985.33655304 0.6465782321149461
464236715.31229883 0.6462473921218234
464911445.28804463 0.6459168323211433
465305037.77389634 0.6457241349359062
465709875.7593438 0.645526031054585
466384605.7350896 0.6451960810070156
467059335.7108354 0.6448664093234847
467734065.6865812 0.6445370154333949
468408795.662327 0.644207898767941
469083525.6380728 0.6438790587601041
469758255.6138186 0.6435504948446451
470444231.08916014 0.6432167373161304
471118961.06490594 0.6428887284748377
471793691.04065174 0.6425609940315073
472468421.01639754 0.642233533427989
473143150.99214333 0.6419063461078819
473817880.96788913 0.6415794315165291
474492610.9436349 0.6412527891010112
475167340.9193807 0.6409264183101413
475853316.3947223 0.6405948858926843
476528046.3704681 0.6402690612086068
477607614.33166134 0.6397483030300406
478023697.8167046 0.6395477781942648
478698427.79245037 0.6392228199831848
479373157.76819617 0.6388981299997006
480047887.74394196 0.6385737077049783
480722617.71968776 0.638249552561868
481408593.1950293 0.6379202681485705
482083323.1707751 0.6375966501341345
482758053.1465209 0.6372732976610528
483432783.1222667 0.6369502101988817
484107513.0980125 0.6366273872188335
484782243.0737583 0.6363048281937698
485456973.0495041 0.6359825325981966
486131703.0252499 0.6356604999082587
486817678.50059146 0.6353333689832947
487492408.47633725 0.6350118648995663
488167138.45208305 0.6346906221510468
488841868.42782885 0.6343696402204065
489516598.40357465 0.6340489185919265
490191328.37932044 0.6337284567514934
490866058.35506624 0.6334082541865931
491540788.33081204 0.6330883103863066
492226763.8061536 0.6327632989339892
492901493.7818994 0.6324438754280228
493576223.7576452 0.6321247091550021
494250953.733391 0.6318057996103577
495600413.6848826 0.631168748695752
496275143.6606283 0.6308506063244678
496949873.6363741 0.6305327186789033
497635849.1117157 0.6302097935230573
498310579.0874615 0.6298924180648248
498985309.06320727 0.6295752958383578
499660039.03895307 0.6292584263515038
500334769.01469886 0.628941809113635
501009498.99044466 0.6286254436356438
501684228.96619046 0.6283093294299376
502370204.441532 0.6279882037420629
503044934.4172778 0.6276725947917792
503719664.3930236 0.6273572356520013
504394394.3687694 0.6270421258411696
505069124.3445152 0.6267272648792136
505743854.320261 0.6264126522875466
506418584.2960068 0.6260982875890618
507093314.2717526 0.6257841703081256
507779289.74709415 0.6254650708877465
508454019.72283995 0.6251514511247275
509128749.69858575 0.6248380773533104
509792234.1747358 0.6245301658985158
510466964.1504816 0.6242172786220676
511152939.62582314 0.6238994272982834
511827669.60156894 0.6235870328101132
512502399.57731473 0.6232748819791736
513177129.55306053 0.6229629743428984
513851859.5288063 0.6226513094401462
514526589.5045521 0.6223398868111955
515201319.4802979 0.6220287059977394
515876049.4560437 0.621717766542882
516562024.9313853 0.6214018917203327
517236754.9071311 0.6210914376212443
517911484.8828769 0.6207812235109458
518586214.85862267 0.6204712489381567
519249699.3347727 0.6201666737543114
519913183.81092274 0.6198623293284352
520306776.29677445 0.6196818948994358
520700368.78262615 0.6195015414383611
521375098.75837195 0.6191925521963543
522049828.73411775 0.6188838001970085
522724558.70986354 0.6185752849974729
523399288.68560934 0.6182670061562546
524074018.66135514 0.6179589632332135
524759994.1366967 0.6176460276580376
525434724.1124425 0.6173384591699878
526109454.0881883 0.617031125280511
526784184.0639341 0.6167240255548564
527458914.0396799 0.6164171595596033
527931225.0227019 0.6162024922010751
528403536.00572395 0.6159879390108663
529078265.98146975 0.6156816322081444
529752995.95721555 0.6153755576720832
530427725.93296134 0.6150697149750619
531102455.90870714 0.6147641036907656
531777185.88445294 0.6144587233941811
532451915.86019874 0.6141535736615923
533137891.3355403 0.6138435740248027
533812621.3112861 0.6135388879793375
534487351.2870319 0.6132344312274729
535162081.2627777 0.6129302033506591
535836811.2385235 0.6126262039316216
536511541.2142693 0.6123224325543575
537186271.1900151 0.6120188888041297
537872246.6653566 0.6117105189145073
538546976.6411024 0.6114074329557249
539221706.6168482 0.6111045733804872
539896436.592594 0.6108019397791022
540571166.5683398 0.6104995317431235
541245896.5440856 0.6101973488653454
541920626.5198314 0.6098953907397989
542595356.4955772 0.609593656961748
543281331.9709188 0.6092871238587946
543956061.9466646 0.6089858412887302
544630791.9224104 0.6086847818526334
545024384.408262 0.6085092667337016
545417976.8941138 0.6083338273270524
546092706.8698596 0.6080332499778734
546767436.8456054 0.6077328945006955
547453412.3209469 0.6074277601403056
548128142.2966927 0.6071278509016669
548802872.2724385 0.6068281623440616
549477602.2481843 0.6065286940750906
550152332.2239301 0.6062294457035415
550827062.1996759 0.605930416839385
551501792.1754217 0.6056316070937698
552187767.6507633 0.6053280414130408
553537227.6022549 0.6047315212964769
554211957.5780007 0.6044335877829503
555561417.5294923 0.6038383719304141
556236147.505238 0.6035410888288693
556910877.4809839 0.6032440217706975
557596852.9563254 0.6029422246792879
558271582.9320712 0.6026455921587341
558946312.907817 0.6023491745435026
559621042.8835628 0.6020529714586162
560295772.8593086 0.6017569825302264
560970502.8350544 0.6014612073856075
561645232.8108002 0.6011656456531547
562319962.786546 0.6008702969623794
563005938.2618876 0.6005702438099719
563646931.7388461 0.6002900646033729
564299170.7154003 0.6000051663174868
564973900.6911461 0.5997106520173736
565648630.6668919 0.5994163489474037
566323360.6426377 0.5991222567436345
566998090.6183835 0.5988283750432138
567672820.5941293 0.5985347034843764
568336305.0702794 0.5982461310189835
569011035.0460252 0.5979528751749301
569685765.021771 0.5976598283996135
570360494.9975168 0.5973669903355605
571035224.9732624 0.5970743606263663
571721200.448604 0.5967770669817293
572395930.4243498 0.5964848563750536
573070660.4000956 0.5961928530545199
573745390.3758414 0.5959010566679789
574420120.3515872 0.5956094668643322
575094850.327333 0.5953180832935284
575769580.3030788 0.595026905606559
576444310.2788246 0.594735933455456
577130285.7541661 0.5944403221136858
577805015.7299119 0.5941497634056784
578479745.7056577 0.5938594091900976
579042020.6854459 0.5936176033051881
579615541.1648299 0.5933711071480886
580290271.1405756 0.5930812999575618
580965001.1163214 0.5927916959980764
581639731.0920672 0.5925022949295546
582989191.0435588 0.5919241001101361
583663921.0193046 0.5916353056841186
584349896.4946462 0.5913419046229831
585024626.470392 0.5910535162939283
586374086.4218836 0.590477341900822
587048816.3976294 0.5901895551716279
587723546.3733752 0.5899019683122179
588398276.349121 0.5896145809924757
589073006.3248668 0.5893273928832613
589758981.8002083 0.589035622185737
590433711.7759541 0.5887488348205315
591108441.7516999 0.5884622456788282
591783171.7274457 0.588175854435374
592457901.7031915 0.5878896607658765
593132631.6789373 0.5876036643469988
593807361.6546831 0.5873178648563582
594493337.1300247 0.5870275035883273
595168067.1057705 0.5867421002595363
595842797.0815163 0.586456892892202
596517527.0572621 0.5861718811677379
597192257.0330079 0.5858870647684945
597866987.0087537 0.585602443377756
598541716.9844995 0.5853180166797382
599216446.9602453 0.585033784359584
599891176.935991 0.5847497461033615
600577152.4113326 0.5844611724960269
601251882.3870784 0.5841775246508957
602601342.33857 0.5836108080178027
603276072.3143158 0.5833277386102513
603950802.2900616 0.5830448613971486
604625532.2658074 0.5827621760709633
605277771.2423617 0.5824890956999205
605705100.2270006 0.5823102779088383
606379830.2027464 0.5820280900558399
607054560.1784922 0.5817460929900755
607729290.154238 0.5814642864081282
608404020.1299838 0.5811826700074674
609078750.1057296 0.5809012434864453
609764725.5810711 0.5806153208663707
610439455.5568169 0.580334276355315
611114185.5325627 0.580053420819248
611788915.5083085 0.5797727539600397
612463645.4840543 0.5794922754804275
613138375.4598001 0.5792119850840146
613813105.4355459 0.5789318824752672
614487835.4112917 0.5786519673595104
615162565.3870375 0.5783722394429257
615848540.8623791 0.5780880409975555
616523270.8381249 0.5778086897090382
617198000.8138707 0.5775295247385026
617872730.7896165 0.5772505457955426
618547460.7653623 0.576971752590594
619222190.7411081 0.5766931448349324
619896920.7168539 0.57641472224067
620571650.6925997 0.5761364845207526
621257626.1679412 0.5758537987323388
621932356.143687 0.5755759329725693
622607086.1194328 0.5752982512262212
623686654.080626 0.5748543424720906
623821600.0757753 0.5747988868914645
624046510.0676905 0.5747064772089497
624293911.0587972 0.5746048500590889
624485084.5519253 0.57452633684291
624912413.5365642 0.5743508898077531
625587143.51231 0.5740740174045359
626261873.4880558 0.5737973274876215
626936603.4638016 0.5735208197776847
628297308.914889 0.5729637490006936
628972038.8906348 0.5726877892643302
629646768.8663806 0.5724120106210713
630321498.8421264 0.5721364127956025
630940001.3198934 0.5718839400645203
631918359.7847247 0.571484883376316
632593089.7604705 0.5712098922907518
633267819.7362163 0.5709350808300134
633942549.7119621 0.5706604487230036
634617279.6877079 0.5703859956994027
635292009.6634537 0.5701117214896656
636652715.114541 0.5695591446565484
638002175.0660326 0.5690118495692214
638474486.0490547 0.5688204641096481
638946797.0320768 0.5686291655210375
639621527.0078226 0.5683560323377131
640296256.9835684 0.5680830759930551
640970986.9593142 0.5678102962239371
641656962.4346558 0.5675331508693238
642331692.4104016 0.5672607263968862
643006422.3861474 0.5669884777107612
643681152.3618932 0.5667164045508221
644355882.337639 0.5664445066576828
645030612.3133848 0.566172783772695
645705342.2891306 0.5659012356379461
647054802.2406222 0.5653586625911793
647740777.7159637 0.5650831215491402
648415507.6917095 0.5648122727441237
649090237.6674553 0.5645415974064997
650439697.6189469 0.5640007661199935
651114427.5946927 0.5637306096661872
652463887.5461842 0.5631908138805136
653149863.0215257 0.5629166815062246
653824592.9972715 0.56264721624102
654499322.9730173 0.5623779224307452
655174052.9487631 0.562108799827554
655848782.9245089 0.5618398481842993
656523512.9002547 0.5615710672545315
657198242.8760005 0.5613024567924955
657872972.8517463 0.5610340165531282
658547702.8274921 0.5607657462920574
659233678.3028337 0.5604931788601346
659908408.2785795 0.560225250648092
660583138.2543253 0.559957491681312
661257868.2300711 0.5596899017181702
661932598.2058169 0.5594224805177213
662607328.1815627 0.5591552278396955
663282058.1573085 0.5588881434444977
663956788.1330543 0.558621227093204
664631518.1088 0.5583544785475607
665317493.5841416 0.5580834559720113
665992223.5598874 0.5578170451124214
666666953.5356332 0.5575508013437821
667341683.511379 0.5572847244305057
668016413.4871248 0.5570188141376631
668691143.4628706 0.5567530702309814
669377118.9382122 0.5564830675872929
670051848.913958 0.5562176585160841
670726578.8897038 0.5559524151282657
671401308.8654495 0.5556873371921782
672076038.8411953 0.5554224244768077
672750768.8169411 0.5551576767517827
673425498.7926869 0.554893093787373
674100228.7684327 0.5546286753544869
674786204.2437743 0.5543600183798865
675460934.2195201 0.5540959310579787
676135664.1952659 0.55383200758035
676810394.1710117 0.5535682477204534
677485124.1467575 0.5533046512523697
678159854.1225033 0.5530412179508056
678845829.5978448 0.5527735611309663
679520559.5735906 0.5525104561991249
680195289.5493364 0.5522475137579406
680870019.5250822 0.5519847335846141
681544749.500828 0.5517221154569613
682219479.4765738 0.551459659153412
682894209.4523196 0.5511973644530072
683580184.9276612 0.5509308636127893
684254914.903407 0.5506688941424256
684929644.8791528 0.5504070856123315
686279104.8306444 0.5498839504994615
686953834.8063902 0.5496226234814413
687639810.2817317 0.5493571051056428
688314540.2574775 0.5490961006734475
688989270.2332233 0.5488352558757763
689664000.2089691 0.5485745704976941
690338730.1847149 0.5483140443248552
691013460.1604607 0.5480536771435015
691688190.1362065 0.5477934687404599
692362920.1119523 0.5475334189031411
693048895.5872939 0.5472691972352136
693723625.5630397 0.5470094665278137
694398355.5387855 0.546749893748341
697783250.9171102 0.5454500796539055
698435489.8936645 0.5452000710339078
700448434.3213061 0.544429413833206
701123164.2970519 0.5441714036707491
701797894.2727977 0.543913549161362
702472624.2485435 0.543655850100969
703147354.2242893 0.5433983062860476
703822084.2000351 0.543140917513627
704485568.6761851 0.5428879695457575
704980370.6583986 0.5426994277321219
705486418.140208 0.5425066868138468
706172393.6155496 0.5422455543839483
706847123.5912954 0.5419888582384155
707521853.5670412 0.5417323160321459
708196583.542787 0.5414759275656987
708871313.5185328 0.5412196926401716
709546043.4942786 0.5409636110571978
710220773.4700243 0.540707682618945
710895503.4457701 0.5404519071281131
711581478.9211117 0.5401920253019492
712256208.8968575 0.5399365576570945
712930938.8726033 0.5396812423676807
713605668.8483491 0.5394260792385288
714280398.8240949 0.5391710680749834
714955128.7998407 0.5389162086829112
715629858.7755865 0.5386615008686989
716304588.7513323 0.5384069444392514
716990564.2266738 0.5381483003945425
717665294.2024196 0.5378940486724504
718340024.1781654 0.537639947755744
719014754.1539112 0.537385997453394
719689484.129657 0.5371321975748802
721038944.0811486 0.5366250483298216
721713674.0568944 0.5363716985847714
722388404.0326402 0.5361184985065433
723074379.5079818 0.5358612316625007
723749109.4837276 0.5356083328410324
724423839.4594734 0.5353555831207842
725098569.4352192 0.5351029823152634
726448029.3867108 0.5345982267049035
727122759.3624566 0.5343460715295463
728483464.8135439 0.533838009118412
729158194.7892897 0.5335863003743795
729832924.7650355 0.5333347392503396
730316481.2476532 0.53315454448319
730811283.2298669 0.5329702374576671
731486013.2056127 0.5327190372319985
732160743.1813585 0.5324679839984825
732846718.6567 0.5322128970452872
733521448.6324458 0.5319621396961239
734196178.6081916 0.5317115287947961
734870908.5839374 0.5314610641618196
735545638.5596832 0.5312107456181818
736220368.535429 0.5309605729853403
736895098.5111748 0.5307105460852208
737581073.9865164 0.5304565012832989
738930533.938008 0.5299571793905283
740279993.8894995 0.5294584375868072
740954723.8652453 0.5292092837792591
741629453.8409911 0.5289602744679935
742978913.7924827 0.5284626886372693
744339619.2435701 0.5279615393713376
745014349.2193159 0.5277132523273056
745689079.1950617 0.5274651087372393
746363809.1708075 0.5272171084294781
747038539.1465533 0.5269692512328075
749748704.5491322 0.525975129913069
750423434.524878 0.5257279880887268
751098164.5006238 0.5254809883546595
751784139.9759654 0.5252300174473141
752458869.9517112 0.5249833037510028
753133599.927457 0.5247367316390987
753808329.9032028 0.5244903009447793
754483059.8789486 0.5242440115016512
755157789.8546944 0.5239978631437499
755832519.8304402 0.5237518557055371
756507249.806186 0.5235059890219009
757181979.7819318 0.5232602629281531
757867955.2572733 0.523010585354343
758542685.2330191 0.5227651422843077
759217415.2087648 0.5225198393099073
759892145.1845106 0.5222746762681434
760566875.1602564 0.5220296529964346
761241605.1360022 0.5217847693326152
761916335.111748 0.5215400251149347
762591065.0874938 0.5212954201820548
763277040.5628353 0.5210468811206729
763951770.5385811 0.5208025565897246
764626500.5143269 0.5205583708593633
765301230.4900727 0.5203143237698964
765975960.4658185 0.5200704151620381
766650690.4415643 0.5198266448769073
767325420.4173101 0.5195830127560264
768000150.3930559 0.5193395186413203
768686125.8683975 0.519092107604332
769360855.8441433 0.5188488913228767
770035585.8198891 0.5186058125731605
770710315.7956349 0.5183628711987108
771385045.7713807 0.5181200670434511
772059775.7471265 0.517877399951699
772734505.7228723 0.5176348697681654
773206816.7058944 0.5174651800171186
773679127.6889164 0.5172955572221752
774353857.6646622 0.5170533549871282
775028587.640408 0.5168112891352399
775703317.6161538 0.5165693595129355
776378047.5918996 0.5163275659670266
777064023.0672412 0.5160818818683773
777738753.042987 0.5158403622787963
778413483.0187328 0.5155989783058191
779088212.9944786 0.5153577297977963
779762942.9702244 0.5151166166034572
780437672.94597 0.5148756385719112
781112402.9217159 0.5146347955526438
781787132.8974617 0.5143940873955174
782473108.3728032 0.5141495055338184
783147838.348549 0.513909068893512
783822568.3242948 0.5136687666646974
784497298.3000406 0.5134285986987354
785172028.2757864 0.5131885648473568
785846758.2515322 0.5129486649626611
786521488.227278 0.5127088988971158
787196218.2030238 0.5124692665035542
787882193.6783653 0.5122257771177896
788388241.1601747 0.5120462421708353
789580264.1173257 0.5116236337785652
790254994.0930715 0.5113846055288167
790929724.0688173 0.5111457101433001
791604454.044563 0.5109069474772133
792279184.0203089 0.5106683173861122
792965159.4956504 0.51042584588607
793639889.4713962 0.5101874827166011
794314619.447142 0.5099492516885309
794989349.4228878 0.509711152658839
795664079.3986336 0.5094731854848569
796338809.3743794 0.5092353500242661
797013539.3501252 0.508997646135098
797688269.325871 0.5087600736757318
798374244.8012125 0.5085186762635491
799048974.7769583 0.5082813684249132
799465058.2620015 0.5081350939022201
799881141.7470448 0.5079888691647871
800555871.7227906 0.5077518537101688
801230601.6985364 0.5075149689475118
801905331.6742822 0.5072782147373459
802580061.650028 0.5070415909405416
803254791.6257738 0.5068050974183074
803940767.1011153 0.5065647957441768
804615497.0768611 0.5063285645215256
805290227.0526069 0.5060924631568007
805964957.0283527 0.5058564915125616
807314416.9798443 0.5053849368374437
807775482.4632705 0.5052239409306061
808236547.9466969 0.5050630053609748
808911277.9224427 0.5048275985607018
809586007.8981885 0.5045923207489853
810260737.8739343 0.504357171790489
810946713.3492758 0.5041182356359603
811621443.3250216 0.5038833461211204
812296173.3007674 0.5036485850532102
812970903.2765132 0.503413952298199
813645633.252259 0.5031794477223777
814320363.2280048 0.5029450711923592
814995093.2037506 0.5027108225750764
815681068.6790922 0.5024728008056517
816355798.654838 0.5022388097422532
817030528.6305838 0.5020049461921003
817705258.6063296 0.5017712100234021
818379988.5820754 0.5015376011046816
819054718.5578212 0.5013041193047771
819729448.533567 0.501070764492839
820404178.5093127 0.5008375365383301
821090153.9846543 0.5006005513634894
821764883.9604001 0.5003675788423253
822349649.9393798 0.5001657716251897
822945661.4179553 0.499960181160159
823620391.3937011 0.4997275561082491
824295121.3694469 0.49949505716703885
824981096.8447884 0.4992588123920458
825655826.8205342 0.4990265673836657
826330556.79628 0.49879444809941087
827005286.7720258 0.4985624544117433
827680016.7477716 0.49833058619342596
828186064.2295809 0.4981567672925778
828534674.7170496 0.4980370663700563
828883285.2045182 0.4979173988641845
829231895.6919869 0.49779776475753884
829749188.673392 0.49762030469319657
830423918.6491379 0.4973889454123226
831098648.6248837 0.49715771096072725
831784624.1002252 0.4969227504396567
832369390.0792048 0.49672255789844366
832954156.0581845 0.4965224588468394
833628886.0339303 0.496291691390327
834314861.5092719 0.49605720516808993
834989591.4850177 0.49582668812722247
835664321.4607635 0.49559629507260444
836339051.4365093 0.4953660258807797
837013781.412255 0.49513588042857964
837688511.3880008 0.49490585859312325
838363241.3637466 0.494675960251815
839049216.8390882 0.49444235674405906
839723946.814834 0.4942127070775335
840398676.7905798 0.493983180537052
841073406.7663256 0.49375377700115947
841748136.7420714 0.4935244963486825
842422866.7178172 0.4932953384587282
843097596.693563 0.49306630321068357
843772326.6693088 0.49283739048421443
844458302.1446503 0.4926047880235123
845133032.1203961 0.4923761220173179
845807762.0961419 0.4921475781713709
846482492.0718877 0.491919156366448
847157222.0476335 0.4916908564836002
847831952.0233793 0.49146267840415214
848506681.9991251 0.4912346220097009
849181411.9748709 0.49100668718211526
849867387.4502125 0.49077507794216485
850542117.4259583 0.4905473879161952
851216847.4017041 0.4903198191023659
851891577.3774499 0.4900923713836287
852566307.3531957 0.48986504464320224
853241037.3289415 0.48963783876457173
853814557.8083254 0.48944480870848456
854388078.2877094 0.48925186581980945
855074053.7630509 0.4890212053732399
855748783.7387967 0.48879444768077646
856423513.7145425 0.4885678103041146
857098243.6902883 0.4883412931282464
857772973.6660341 0.48811489603842523
858447703.6417799 0.4878886189201637
859122433.6175256 0.4876624616592343
859808409.0928671 0.4874326578635519
860483139.0686129 0.4872067419685002
861157869.0443587 0.4869809455877543
861832599.0201045 0.4867552686081187
862507328.9958503 0.4865297109166526
863182058.9715961 0.48630427240066987
863856788.9473419 0.4860789529477372
864542764.4226835 0.48585000011111334
865217494.3984293 0.4856249204276931
865892224.3741751 0.4853999594696763
866566954.3499209 0.4851751171256393
867241684.3256667 0.48495039328440764
867916414.3014125 0.48472578783505527
868591144.2771583 0.484501300666904
869277119.7524998 0.4842731931867737
869951849.7282456 0.4840489442167207
870626579.7039914 0.4838248131954817
871301309.6797372 0.48360080001336536
871976039.655483 0.48337690456092397
872369632.1413348 0.48324635320511405
872763224.6271864 0.4831158418512933
873449200.102528 0.48288847475455204
874123930.0782738 0.4826649533489451
874798660.0540196 0.48244154921778204
875473390.0297654 0.4822182622528661
876148120.0055112 0.4819950923462395
876822849.981257 0.4817720393901824
877497579.9570028 0.4815491032772128
878104836.935174 0.4813485605877364
878554656.9190046 0.4812000713634733
878903267.4064732 0.48108502785057844
879420560.3878783 0.4809143754353967
880095290.3636241 0.4806918881691313
880488882.8494759 0.48056215765688437
880837493.3369445 0.4804472865276914
881478486.813903 0.48023615281866366
882153216.7896488 0.4800140200126147
882827946.7653946 0.47979200320880266
883513922.2407361 0.4795664049346799
884019969.7225455 0.47940005669536057
884537262.7039506 0.47923007910135507
884930855.1898023 0.4791007938554675
885954195.6530168 0.4787648362092839
886583943.6303796 0.4785582250193603
887258673.6061254 0.47833696735553366
887944649.0814669 0.4781121401700207
888619379.0572127 0.4778911147408303
889294109.0329585 0.47767020431315654
889968839.0087043 0.4774494087837718
890643568.9844501 0.47722872804967137
891318298.9601959 0.477008162008073
891993028.9359417 0.47678771055641633
892667758.9116875 0.4765673735923616
893353734.387029 0.4763434816059987
894028464.3627747 0.47612337521487424
894703194.3385205 0.4759033830039592
895377924.3142663 0.47568350487179445
896052654.2900121 0.4754637407171387
896727384.2657579 0.4752440904389673
897402114.2415037 0.4750245539364714
898088089.7168453 0.474801475024443
898594137.1986547 0.4746369838619673
899100184.680464 0.47447255654205156
899774914.6562098 0.47425341935321913
900449644.6319556 0.47403439548741744
901124374.6077014 0.47381548484501773
901799104.5834472 0.47359668732660304
902473834.559193 0.4733780028329672
903159810.0345346 0.4731557893618201
903834540.0102804 0.4729373325005794
904509269.9860262 0.472718988366118
905183999.961772 0.4725007568600706
905858729.9375178 0.47228263788427977
906533459.9132636 0.47206463134079546
907208189.8890094 0.47184673713187314
907714237.3708186 0.4716833901360548
908220284.852628 0.47152010623248475
908906260.3279696 0.4712988664861472
909412307.8097789 0.47113573103791917
909929600.7911841 0.47096903542613366
910604330.7669299 0.47075170515767234
911290306.2422714 0.4705308672759529
911683898.7281231 0.47040420912635783
912077491.2139748 0.47027758895011895
912763466.6893164 0.47005699877877205
913438196.6650622 0.46984013721065343
914112926.640808 0.4696233869885593
914787656.6165538 0.46940674801701937
915462386.5922996 0.46919022020076184
916137116.5680454 0.46897380344471334
916811846.5437912 0.46875749765399716
917205439.0296428 0.4686313704828274
917531558.51792 0.468526893679015
918127569.9964955 0.46833602016775616
920151759.9237329 0.4676884148696942
920826489.8994787 0.46747276737175114
921501219.8752245 0.46725723018514875
922187195.350566 0.4670382137003413
922861925.3263118 0.46682289869124866
