1.0 0.9984927276740433
4205817.848815459 0.9937723474295559
4779338.328199385 0.9931324298068256
5915133.787371473 0.9918677903915658
6376199.270797768 0.991355423221874
7062174.746139326 0.9905941875120152
8636544.689546183 0.9888518948862359
8827718.182674158 0.988640785021379
9266292.666908925 0.9881568447011672
9952268.142250484 0.9874009454439251
11301728.093742074 0.9859175960456491
11976458.06948787 0.9851777370636794
14000647.996725256 0.9829653818517183
14675377.972471053 0.9822303259981096
15350107.948216848 0.9814964624337558
17385543.375049997 0.9792898299973082
18060273.350795794 0.9785607215703754
18735003.326541588 0.9778327886127398
20635492.75822558 0.9757887338177168
21074067.242460344 0.9753183416946191
22333563.19718583 0.9739701953019775
23008293.172931626 0.9732496303345973
23683023.148677424 0.9725302167412949
24357753.124423217 0.9718119512809655
26393188.551256366 0.9696521070659286
27742648.502747957 0.9682258666306551
30441568.40573114 0.9653869067489398
31802273.856818493 0.9639623824764489
36525383.68703906 0.9590526189487114
37638688.147019625 0.9579031237353948
38796974.60538324 0.9567103148651354
39168076.09204343 0.9563288256346649
39527932.07910785 0.9559592077037475
39955261.063746855 0.9555206835233163
40607500.04030112 0.9548521867461468
41282230.01604692 0.9541616906960396
41956959.991792716 0.9534722618793423
42631689.96753851 0.9527838973296827
43306419.94328431 0.9520965940903622
43992395.41862587 0.9513989207496689
44667125.39437166 0.9507137488650622
45094454.37901066 0.950280351206296
45533028.863245435 0.9498359865267655
46219004.33858699 0.9491418427775978
46893734.31433278 0.9484601329166906
47568464.29007858 0.9477794659111203
48243194.26582438 0.9470998388739881
48794223.74601678 0.9465455795769673
49232798.23025154 0.9461049277277626
49806318.709635474 0.945529349038305
50481048.68538126 0.9448531506831577
51155778.66112706 0.944177979942222
51830508.63687286 0.9435038339782553
55890133.990943395 0.9394691950366242
57250839.44203075 0.9381250364089
57644431.92788246 0.9377369891934199
57891832.918989256 0.9374932476465268
58420371.39999013 0.9369729759418047
59095101.37573592 0.9363096861586923
59769831.35148172 0.9356473884534876
60444561.32722751 0.934986080104629
61119291.30297331 0.9343257583994082
61794021.278719105 0.9336664206339412
62479996.75406066 0.9329970998024695
63154726.72980646 0.9323397381266022
63829456.70555225 0.9316833522869323
64504186.68129805 0.9310279396147223
65178916.657043844 0.9303734974499109
65853646.63278964 0.9297200231410849
66539622.1081312 0.9290566470563417
67214352.083877 0.9284051165604066
67889082.0596228 0.9277545459741252
68563812.03536859 0.9271049326805287
68957404.5212203 0.9267264326380281
69350997.00707202 0.9263482569367578
70025726.98281781 0.9257007088401292
70711702.45815937 0.9250433411804406
71386432.43390517 0.9243977043780827
71791270.41935264 0.9240107755155783
72196108.40480012 0.923624185889477
72870838.38054591 0.9229806222023864
73545568.35629171 0.9223379967473251
74220298.33203751 0.921696306977736
74895028.3077833 0.9210555503553293
75569758.28352909 0.9204157243500553
75985841.76857233 0.9200216277701445
76390679.75401981 0.9196385206427381
77751385.20510717 0.9183532925867685
78257432.68691652 0.9178762708005732
78774725.66832162 0.9173891823131756
79449455.64406742 0.9167546586677169
80124185.61981322 0.9161210487749883
80798915.59555902 0.9154883501678717
81473645.5713048 0.9148565603872506
82148375.5470506 0.9142256769819836
82834351.02239215 0.9135852054954259
83509080.99813795 0.9129561425235697
84183810.97388375 0.9123279785808368
84858540.94962955 0.9117007112478499
86208000.90112114 0.9104488567727904
86882730.87686694 0.9098242648310686
87557460.85261273 0.9092005598997422
88243436.32795429 0.9085673667412847
88918166.30370009 0.9079454433814037
89592896.27944587 0.9073243998743881
90267626.25519167 0.9067042338629939
90942356.23093747 0.9060849429976108
91617086.20668326 0.9054665249362371
92291816.18242906 0.904848977344454
92977791.65777062 0.9042220272464612
93652521.63351642 0.9036062280315905
94327251.60926221 0.9029912922898315
95001981.58500801 0.9023772177169687
96351441.53649959 0.9011516428983273
97700901.48799118 0.8999294852906243
99061606.93907854 0.8987005846354233
99736336.91482434 0.8980924884184186
100411066.89057013 0.8974852351655758
101085796.86631593 0.896878822639018
101760526.84206173 0.8962732486081023
102221592.32548802 0.8958599207943356
102412765.81861599 0.8956886553248388
102761376.30608465 0.8953765200551322
103368633.28425586 0.8948333314023907
103795962.26889487 0.8944514911282334
103975890.26242709 0.8942908158611435
105730188.19936615 0.8927273151420545
106404918.17511195 0.8921274528112146
107079648.15085775 0.8915284116416585
109519921.56313837 0.8893687010480749
109688604.05707482 0.8892198055469882
110104687.54211806 0.8888527465391168
110790663.01745962 0.888248266961091
111465392.99320541 0.887654510820381
112477487.95682411 0.8867653854638037
114501677.8840615 0.8849925405107184
118561303.23813203 0.8814585259052866
119236033.21387783 0.8808739147364909
119910763.18962362 0.8802900846882188
120585493.16536942 0.8797070337222007
121260223.14111522 0.8791247598067343
121934953.11686102 0.878543260916662
122609683.0926068 0.8779625350333493
123284413.0683526 0.8773825801446629
123970388.54369415 0.8767937476502705
124645118.51943995 0.8762153415065945
125319848.49518575 0.8756377003267769
125994578.47093154 0.8750608221245791
126669308.44667734 0.8744847049201557
127344038.42242314 0.8739093467400325
128018768.39816894 0.8733347456170865
128704743.8735105 0.8727513418762836
129379473.84925629 0.8721782615274561
130054203.82500207 0.8716059323399069
130728933.80074787 0.8710343523718054
131403663.77649367 0.8704635196875661
131875974.75951573 0.8700643804090739
132224585.24698439 0.8697700114908333
132786860.22677255 0.8692956407451685
133461590.20251834 0.8687270753866408
134136320.17826414 0.8681592495362809
134811050.15400994 0.8675921612897196
135497025.6293515 0.8670163757619669
136126773.60671425 0.8664884535585472
136520366.09256595 0.8661588260963702
136857731.08043885 0.8658764862442494
137352533.06265244 0.8654627178436536
137926053.54203635 0.8649836128967843
138612029.0173779 0.8644112555668646
139286758.9931237 0.8638490123225776
139961488.9688695 0.8632874923455557
140636218.9446153 0.8627266937835903
141310948.9203611 0.8621666147904178
141985678.8961069 0.8616072535256991
142660408.8718527 0.8610486081550008
143335138.8475985 0.8604906768497751
144021114.32294005 0.8599241768268894
144695844.29868585 0.859367680015481
145370574.27443165 0.8588118917888832
146045304.25017744 0.8582568103419903
146720034.22592324 0.8577024338754842
147394764.20166904 0.857148760595815
148069494.17741483 0.8565957887151815
148744224.1531606 0.8560435164515122
149430199.62850216 0.8554827550235639
150104929.60424796 0.854931888256628
150779659.57999375 0.8543817157652605
151454389.55573955 0.8538322357902113
152129119.53148535 0.853283446577865
152803849.50723115 0.8527353463802221
153478579.48297694 0.8521879334548791
154153309.45872274 0.8516412060650107
154828039.43446854 0.851095162479351
155514014.9098101 0.850540717382638
156188744.8855559 0.849996047558505
156863474.8613017 0.8494520563494219
157538204.8370475 0.8489087420462662
158212934.81279328 0.8483661029453827
158887664.78853908 0.8478241373485643
159562394.76428488 0.8472828435630342
160248370.23962644 0.84673321517492
160923100.21537223 0.8461932710817471
161597830.19111803 0.8456539937260361
162272560.16686383 0.8451153814366396
162947290.1426096 0.8445774325477511
163622020.1183554 0.8440401453988856
164296750.0941012 0.8435035183348628
164971480.069847 0.8429675497057889
165646210.04559278 0.842432237867039
166332185.52093434 0.8418886757757137
167006915.49668014 0.8413546834828577
167681645.47242594 0.8408213430507853
168356375.44817173 0.8402886528558587
169031105.42391753 0.8397566112796218
169705835.39966333 0.8392252167087819
170290601.378643 0.838765196859735
170875367.3576227 0.8383056607319289
171268959.84347442 0.8379966294082135
171392660.33902782 0.8378995503894601
172483473.79981685 0.8370444220808985
173158203.77556264 0.8365163129658502
173832933.75130844 0.8359888410996126
174507663.72705424 0.8354620049051493
175182393.70280004 0.8349358028104501
175857123.67854583 0.8344102332485133
176543099.1538874 0.8338765510176596
177217829.1296332 0.8333522523172603
177892559.105379 0.8328285814526797
178567289.08112478 0.8323055368768673
179242019.05687058 0.8317831170476989
179916749.03261638 0.8312613204279589
180591479.00836217 0.8307401454853252
181277454.48370373 0.8302109200245028
181952184.45944953 0.8296909941561826
183121716.41740888 0.8287912502451664
183627763.89921823 0.8284025106568507
184302493.87496403 0.8278847277651379
184977223.85070983 0.827367556708575
185651953.82645562 0.8268509959910187
186326683.80220142 0.8263350441210819
187001413.77794722 0.8258196996121171
187676143.753693 0.8253049609822006
188215927.73428965 0.8248936053183361
188497065.22418374 0.8246795105247213
188924394.20882273 0.8243542867711751
189599124.18456852 0.8238412668080402
190273854.16031432 0.8233288470623674
190948584.13606012 0.8228170260749224
191623314.11180592 0.8223058023911033
192298044.0875517 0.8217951745609258
192972774.0632975 0.8212851411390065
193647504.0390433 0.8207757006845495
194333479.51438487 0.820258375949366
195008209.49013066 0.819750126948602
195682939.46587646 0.819242466596529
196357669.44162226 0.818735393470619
197032399.41736805 0.8182289061528538
197707129.39311385 0.8177230032297109
198381859.36885965 0.8172176832921473
199056589.34460545 0.8167129449355854
199742564.819947 0.816200389031103
200417294.7956928 0.8156968192752186
201092024.77143857 0.8151938268900952
201766754.74718437 0.8146914104889407
202441484.72293016 0.8141895686893541
203116214.69867596 0.8136883001133106
203790944.67442176 0.8131876033871471
204465674.65016755 0.812687477141548
205151650.1255091 0.8121795988732815
205826380.1012549 0.8116806189492585
206501110.0770007 0.811182205401221
207175840.0527465 0.810684356877169
209200029.9799839 0.8091941879929618
210549489.9314755 0.808203542595132
212584925.35830864 0.8067135304599812
213259655.33405444 0.8062207162188091
213934385.30980024 0.8057284536926103
214384205.29363075 0.8054005845385114
214834025.2774613 0.805072959624828
215508755.2532071 0.8045819793630306
218893650.63153183 0.8021271299380569
219568380.6072776 0.8016394236549226
220243110.5830234 0.8011522570381694
220917840.5587692 0.8006656288201097
221603816.03411075 0.8001714407625461
222278546.00985655 0.7996858944753779
222953275.98560235 0.7992008827868549
223628005.96134815 0.7987164044452515
224224017.4399236 0.7982888912201229
224561382.4277965 0.7980470862945449
224988711.4124355 0.7977409903829271
225663441.3881813 0.7972581134275084
226338171.3639271 0.7967757648308144
226731763.8497788 0.7964946383249504
226844218.84573644 0.796414349377383
227249056.8311839 0.7961254301524919
227822577.31056786 0.7957164516747955
228396097.78995177 0.795307852097468
229070827.76569757 0.7948276307941874
229745557.74144337 0.7943479316670813
230420287.71718916 0.7938687535035003
231095017.69293496 0.7933900950946052
231691029.1715104 0.7929677115381157
232129603.65574518 0.7926571589246832
232646896.6371503 0.7922911466750491
233321626.61289608 0.7918141949274182
233996356.58864188 0.791337757779584
234671086.56438768 0.7908618340426926
235345816.54013348 0.7903864225316213
236031792.01547503 0.7899036113801583
236706521.99122083 0.7894292292680447
237381251.96696663 0.7889553558291116
238055981.94271243 0.788481989893099
238730711.9184582 0.7880091302934168
239405441.894204 0.787536775867131
240080171.8699498 0.7870649254549535
240754901.84569559 0.7865935779012287
241429631.82144138 0.7861227320539219
242104361.79718718 0.785652386764607
242779091.77293298 0.7851825408884547
243465067.24827453 0.7847053750391355
243993605.7292754 0.7843380731919781
244285988.71876526 0.7841350157817728
244510898.7106805 0.7839788811227569
244848263.6985534 0.7837447823209029
245388047.67915004 0.7833704814722243
246062777.65489584 0.7829030498471429
246737507.63064164 0.7824361109907075
247423483.1059832 0.7819618938213139
248098213.081729 0.7814959453103916
248772943.0574748 0.7810304861987263
249447673.0332206 0.7805655153763985
250122403.0089664 0.7801010317369571
250797132.98471218 0.779637034177408
251471862.96045798 0.7791735215982029
252146592.93620378 0.7787104929032268
252832568.41154534 0.7782402419855061
253507298.38729113 0.7777781858034856
254182028.36303693 0.7773166102197716
254856758.33878273 0.7768555141519277
255531488.31452852 0.7763948965208954
256206218.29027432 0.7759347562509816
256880948.26602012 0.7754750922698479
257555678.24176592 0.7750159035084991
258230408.21751168 0.7745571889012732
258916383.69285324 0.7740913140293404
259591113.66859904 0.7736335524049051
260265843.64434484 0.7731762617399205
260940573.62009063 0.772719440981998
261615303.59583643 0.7722630890820259
262301279.071178 0.7717996108834931
262976009.0469238 0.7713442013358178
263650739.02266958 0.7708892575010167
264325468.99841538 0.7704347783430318
265000198.97416118 0.7699807628290276
265674928.94990698 0.7695272099293813
266349658.92565277 0.7690741186176712
267024388.90139857 0.7686214878706663
269059824.3282317 0.7672588317842722
269734554.3039775 0.7668080407270718
270409284.2797233 0.7663577051491496
271084014.2554691 0.7659078240462498
271758744.2312149 0.765458396417234
272433474.2069607 0.7650094212640699
273108204.1827065 0.7645608975918222
273794179.65804803 0.764105360333263
274468909.63379383 0.7636577441336874
275143639.6095396 0.7632105764322945
275818369.5852854 0.7627638562464826
276493099.5610312 0.762317582596695
277167829.536777 0.7618717545064103
277842559.5125228 0.7614263710021316
278528534.9878644 0.7609740192014598
279203264.9636102 0.7605295293300401
279877994.93935597 0.7600854811261363
280552724.91510177 0.7596418736283003
281227454.89084756 0.7591987058780594
281902184.86659336 0.7587559769199057
282520687.34436035 0.7583505266946589
283296626.816468 0.7578423901346747
283971356.7922138 0.7574010008785332
284657332.26755536 0.7569527009999495
285332062.24330115 0.7565121879018787
286006792.21904695 0.7560721078465326
286681522.19479275 0.7556324598991248
287356252.17053854 0.7551932431277553
288030982.14628434 0.7547544566034008
288705712.12203014 0.7543160993999045
289380442.09777594 0.7538781705939682
290066417.5731175 0.7534333811927781
290741147.5488633 0.7529963135250144
291415877.5246091 0.7525596714867425
292090607.5003549 0.7521234541660462
292765337.4761007 0.7516876606538198
293440067.4518465 0.7512522900437583
294114797.4275923 0.7508173414323486
294800772.90293384 0.7503755753561524
295475502.87867963 0.7499414750383678
296150232.85442543 0.7495077940104569
296824962.8301712 0.749074531380026
297499692.805917 0.7486416862574281
298174422.78166276 0.7482092577557515
298849152.75740856 0.7477772449908128
299523882.73315436 0.747345647081146
300198612.70890015 0.7469144631479949
300884588.1842417 0.746476516296326
301559318.1599875 0.7460461645537964
304932968.0387165 0.743900558650614
305607698.0144623 0.7434726619933084
306282427.9902081 0.7430451715099274
306968403.46554965 0.7426109716914696
307643133.44129544 0.7421842977362421
308272881.4186582 0.7417864328754129
308902629.39602095 0.7413889189183887
309588604.8713625 0.7409563111402587
310263334.8471083 0.7405311998248825
310938064.8228541 0.7401064888567463
311612794.7985999 0.7396821774015863
312287524.7743457 0.7392582646276906
312962254.7500915 0.7388347497058919
313636984.7258373 0.7384116318095586
314311714.7015831 0.7379889101145861
314997690.17692465 0.7375595483725462
315672420.15267044 0.7371376231871364
316347150.12841624 0.7367160917322658
317021880.10416204 0.7362949531938978
317696610.07990783 0.7358742067604804
318292621.55848324 0.7355028729191597
318888633.0370587 0.7351318438412325
319563363.0128045 0.7347121780233563
320238092.9885503 0.7342929012757576
320912822.9642961 0.7338740127986196
321587552.9400419 0.7334555117945643
322273528.41538346 0.7330304321680507
322948258.39112926 0.7326127101524648
323622988.36687505 0.7321953732192282
324297718.34262085 0.7317784205806759
324972448.31836665 0.7313618514515405
325647178.29411244 0.7309456650489456
326321908.26985824 0.7305298605923964
326962901.74681675 0.7301351994274509
327603895.2237752 0.7297408816013785
328289870.69911677 0.7293192719222877
328964600.67486256 0.7289049559510935
329639330.65060836 0.7284910181229
330314060.62635416 0.7280774576711468
330988790.60209996 0.7276642738316025
331663520.57784575 0.7272514658423554
332338250.55359155 0.7268390329438071
333012980.52933735 0.7264269743786641
333631483.00710434 0.726049582223921
334238739.98527557 0.725679356584325
334913469.96102136 0.7252683483408474
335599445.4363629 0.7248508707580419
336274175.4121087 0.724440610868831
336948905.3878545 0.7240307209410277
337623635.3636003 0.7236212002328877
338298365.3393461 0.7232120480049121
338973095.3150919 0.7228032635198411
339647825.2908377 0.7223948460426461
340333800.76617926 0.7219799970861533
341008530.74192506 0.7215723175147429
341683260.71767086 0.7211650027473147
342357990.69341666 0.7207580520577277
343032720.66916245 0.7203514647220355
343707450.64490825 0.7199452400184786
344382180.62065405 0.7195393772274772
345056910.59639984 0.7191338756316248
345742886.0717414 0.7187219852137492
346417616.04748714 0.7183172098547131
347092346.02323294 0.7179127935397388
347767075.99897873 0.717508735560074
348441805.97472453 0.7171050352091036
349116535.9504703 0.7167016917823417
349791265.9262161 0.7162987045774255
350465995.9019619 0.7158960728941083
351151971.3773035 0.7154870944220965
351826701.3530493 0.7150851775859016
352501431.3287951 0.7146836141716406
353176161.3045409 0.7142824034874939
353850891.28028667 0.7138815448437232
354525621.25603247 0.7134810375526641
355200351.23177826 0.7130808809287188
355886326.7071198 0.712674413805599
356561056.6828656 0.7122749622832635
357235786.6586114 0.7118758593722773
357910516.6343572 0.7114771043952777
358585246.610103 0.7110786966769341
359259976.5858488 0.7106806355439429
359934706.5615946 0.7102829203250196
360609436.5373404 0.7098855503508934
361295412.01268196 0.7094819107799015
361970141.98842776 0.7090852350218197
362644871.96417356 0.7086889025016947
363319601.93991935 0.7082929125582733
363994331.91566515 0.7078972645322829
364669061.89141095 0.7075019577664237
365343791.86715674 0.7071069916053625
366018521.84290254 0.7067123653957268
366704497.3182441 0.7063115099085272
368053957.2697357 0.7055239626599348
368728687.2454815 0.7051306953784168
369403417.2212273 0.7047377647999264
370078147.1969731 0.7043451702827495
370752877.1727189 0.703952911187086
371427607.1484647 0.7035609868750461
372113582.62380624 0.7031628730352608
372788312.59955204 0.7027716219375981
373463042.57529783 0.7023807037107573
374137772.55104357 0.7019901177244524
374812502.52678937 0.7015998633502741
375487232.50253516 0.7012099399616856
376173207.9778767 0.7008138565122277
376847937.9536225 0.7004245987130293
377522667.9293683 0.7000356700206406
378872127.8808599 0.6992587974818009
379546857.8566057 0.6988708524026995
380221587.8323515 0.6984832339650947
380907563.30769306 0.6980894894424847
381582293.28343886 0.6977025278729235
382257023.25918466 0.69731589110491
382931753.23493046 0.6969295785321478
383606483.21067625 0.6965435895501393
384281213.18642205 0.6961579235561789
384955943.16216785 0.6957725799493478
385630673.13791364 0.6953875581305076
386316648.6132552 0.6949964485429618
386991378.589001 0.6946120738479961
387666108.5647468 0.6942280191443488
388340838.5404926 0.6938442838399748
389015568.5162384 0.6934608673445801
389690298.4919842 0.6930777690696163
390365028.46773 0.6926949884282749
391039758.4434758 0.6923125248354816
391714488.4192216 0.6919303777078896
392400463.89456314 0.6915421852827396
393075193.87030894 0.6911606745925551
393749923.84605473 0.690779478618225
394424653.82180053 0.6903985967832876
395099383.7975463 0.690018028512982
395774113.7732921 0.6896377732342412
396448843.7490379 0.689257830375687
397123573.7247837 0.6888781993676244
397809549.2001253 0.6884925602806363
398484279.1758711 0.6881135564449907
399159009.1516169 0.6877348627513986
399833739.12736267 0.6873564786368702
400508469.10310847 0.686978403540071
401183199.07885426 0.6866006369013172
401857929.05460006 0.6862231781625692
402532659.0303458 0.6858460267674269
403218634.50568736 0.6854629040137161
403893364.48143315 0.6850863707423657
404568094.45717895 0.6847101431460237
405242824.43292475 0.6843342206748203
405917554.40867054 0.6839586027804975
406592284.38441634 0.6835832889164049
407267014.36016214 0.6832082785374932
407952989.8355037 0.6828273285398586
408627719.8112495 0.6824529285379592
409302449.7869953 0.6820788303866607
409977179.7627411 0.6817050335472953
410651909.7384869 0.6813315374827701
411191693.71908355 0.6810329568291111
411742723.1992759 0.6807283536607598
412417453.1750217 0.6803556420937341
413092183.1507675 0.6799832293721355
413766913.1265133 0.6796111149660775
414441643.1022591 0.679239298347221
415127618.57760066 0.6788615895149223
417826538.48058385 0.677378493915228
418501268.45632964 0.6770084579168488
420536703.8831628 0.6758939624911989
421211433.8589086 0.6755251047664117
421886163.8346544 0.6751565391006916
422560893.8104002 0.6747882649839151
423235623.786146 0.6744202819074409
423910353.7618918 0.6740525893641037
424596329.23723334 0.673679065927249
425271059.21297914 0.6733119577556976
425945789.18872494 0.6729451385962333
426620519.16447073 0.672578607947574
427295249.1402165 0.6722123653098901
427969979.1159623 0.6718464101847998
428644709.0917081 0.6714807420753641
429319439.0674539 0.6711153604860824
430005414.5427955 0.6707441824173033
430680144.5185413 0.6703793771422824
431354874.4942871 0.6700148569013211
432029604.4700329 0.6696506212046484
432704334.44577867 0.6692866695639079
433379064.42152447 0.6689230014921532
434053794.39727026 0.668559616503844
434728524.37301606 0.6681965141148397
435403254.34876186 0.667833693842397
436089229.8241034 0.6674651152778834
436763959.7998492 0.6671028624777564
437438689.775595 0.6667408903463261
438113419.75134075 0.6663791984064114
438788149.72708654 0.6660177861822036
439237969.7109171 0.6657769998626664
439440388.7036408 0.6656686864714749
439867717.68827987 0.6654401072484525
440553693.1636214 0.6650734109718083
441026004.14664346 0.6648210986334548
441509560.62926126 0.6645629198169956
442116817.6074325 0.6642388970018861
442712829.08600795 0.6639210927247248
443387559.06175375 0.6635615746595332
444062289.03749955 0.6632023326376341
444737019.01324534 0.6628433661951342
445411748.98899114 0.6624846748694706
446097724.4643327 0.66212028691256
446772454.4400785 0.6617621490042159
447447184.4158243 0.6614042848253219
448121914.3915701 0.6610466939186121
448796644.3673159 0.6606893758281294
449471374.3430617 0.6603323300992195
450146104.3188075 0.6599755562785287
450820834.2945533 0.6596190539139978
451405600.2735329 0.6593103044274935
451731719.76181006 0.6591382055209631
452159048.7464491 0.6589127922170585
452743814.72542876 0.6586045074586584
453081179.71330166 0.6584267430428832
453249862.20723814 0.6583378861045334
453665945.69228137 0.6581187776298963
454351921.1676229 0.6577577681333486
455026651.1433687 0.6574029477339122
455701381.1191145 0.6570483955589238
456376111.0948603 0.6566941111668285
457050841.0706061 0.6563400941173276
457725571.0463519 0.6559863439713757
458400301.0220977 0.6556328602911747
459075030.9978435 0.6552796426401718
459761006.47318506 0.654920810296465
460435736.44893086 0.6545681278148143
461110466.42467666 0.6542157100529231
461785196.40042245 0.653863556579195
462459926.37616825 0.6535116669632575
463134656.35191405 0.6531600407759584
463809386.32765985 0.652808677589361
464484116.30340564 0.6524575769767409
465147600.7795556 0.6521125836744571
465698630.25974804 0.6518262562029682
466260905.2395362 0.6515342650146316
466935635.215282 0.6511841148480141
467610365.1910278 0.6508342252939202
468285095.1667736 0.6504845959323796
468959825.1425194 0.6501352263446076
469634555.1182652 0.6497861161130014
470309285.094011 0.6494372648211366
470939033.0713737 0.6491119035369123
471557535.5491407 0.6487925711570529
472243511.02448225 0.6484386558242261
472918241.00022805 0.6480908018694936
473592970.97597384 0.6477432048445976
474267700.95171964 0.6473958643399481
474942430.92746544 0.6470487799471076
475617160.90321124 0.6467019512587869
476291890.87895703 0.6463553778688411
476977866.3542986 0.6460032895545346
477652596.3300444 0.6456572297855394
478327326.3057902 0.645311424096611
479002056.281536 0.6449658720861641
479676786.2572818 0.6446205733537391
480351516.2330276 0.6442755274999983
481026246.2087734 0.643930734126723
481700976.1845192 0.6435861928368087
482386951.65986073 0.6432361672043209
483061681.6356065 0.6428921330791264
483736411.6113523 0.6425483498460796
484411141.5870981 0.6422048171125178
485085871.5628439 0.6418615344868748
485760601.5385897 0.6415185015786778
486165439.5240372 0.641312801536105
486559032.0098889 0.6411129013566834
487233761.9856347 0.6407704123132373
487919737.46097624 0.6404224698450988
488594467.43672204 0.6400804815107355
489269197.41246784 0.6397387408808425
489943927.38821363 0.6393972475716451
490618657.36395943 0.6390560012004362
491293387.3397052 0.6387150013855729
491968117.315451 0.6383742477464734
492642847.2911968 0.6380337399036128
493317577.2669426 0.6376934774785201
493992307.2426884 0.6373534600937747
494678282.71803 0.6370080265650322
495353012.6937758 0.636668502201208
496027742.6695216 0.6363292217455084
496702472.64526737 0.6359901848246976
497377202.62101316 0.6356513910665732
497905741.102014 0.6353861722245252
498434279.5830149 0.635121102184059
499109009.5587607 0.6347829308470101
499783739.5345065 0.6344450013534901
500458469.5102523 0.6341073133359729
501133199.4859981 0.6337698664279467
501819174.96133965 0.6334270421987374
502493904.93708545 0.6330900804174449
503168634.91283125 0.6327533586461149
503843364.88857704 0.632416876522279
504518094.86432284 0.6320806336844667
505192824.84006864 0.6317446297722024
505867554.81581444 0.6314088644260025
506553530.291156 0.6310677471845045
507228260.26690173 0.6307324618570777
507902990.2426475 0.6303974140172485
508577720.2183933 0.630062603309485
509252450.1941391 0.62972802937923
509927180.1698849 0.6293936918728995
510601910.1456307 0.6290595904378785
511276640.1213765 0.6287257247225183
511962615.5967181 0.6283865358624655
512637345.57246387 0.6280531444493601
513312075.54820967 0.6277199877009305
513986805.52395546 0.6273870652693775
514661535.49970126 0.6270543768078523
515336265.47544706 0.6267219219704535
516010995.45119286 0.6263897004122242
516696970.9265344 0.6260521806169538
517371700.9022802 0.6257204284595879
518046430.878026 0.6253889085464618
518721160.8537718 0.6250576205363807
519395890.8295176 0.6247265640890795
519901938.311327 0.624478423512509
520419231.29273206 0.6242249029829176
521093961.26847786 0.6238944278023851
521768691.24422365 0.6235641829953669
522443421.21996945 0.6232341682257558
523118151.19571525 0.6229043831583582
523792881.17146105 0.6225748274588896
524467611.14720684 0.622245500793972
525153586.6225484 0.6219109198008093
525828316.5982942 0.6215820540118433
526503046.57404 0.6212534162572019
527177776.5497858 0.6209250062071191
527852506.5255316 0.6205968235327214
528527236.5012774 0.6202688679060241
529201966.4770232 0.6199411389999288
529876696.452769 0.61961363648822
530562671.92811054 0.6192809073516439
531912131.87960213 0.6186270388904797
532586861.85534793 0.6183004424606422
533261591.8310937 0.6179740708019091
533936321.8068395 0.6176479235933193
534611051.7825853 0.6173220005147759
535285781.75833106 0.6169963012470425
535960511.73407686 0.6166708254717399
537321217.1851642 0.6160151278531203
537995947.16091 0.615690324359744
538670677.1366558 0.615365743088564
539345407.1124016 0.6150413837254631
540020137.0881474 0.6147172459571658
540694867.0638932 0.6143933294712344
541099705.0493407 0.6141990856655501
541493297.5351924 0.6140103137229301
542168027.5109382 0.6136868792884479
542842757.486684 0.6133636651472915
543517487.4624298 0.6130406709905021
544192217.4381756 0.6127178965099458
544866947.4139214 0.6123953413983098
545541677.3896672 0.612073005349101
546227652.8650087 0.6117455212867203
546902382.8407545 0.6114236260844363
547577112.8165003 0.6111019490249284
548251842.7922461 0.610780489804967
548926572.7679919 0.6104592481221288
549601302.7437377 0.610138223674794
550264787.2198877 0.6098227611779882
550928271.6960378 0.6095075081596931
551603001.6717836 0.6091871264107755
555314016.5383855 0.6074288806680369
555988746.5141312 0.6071098979244914
556663476.489877 0.6067911293070636
557349451.9652185 0.6064672670867458
558024181.9409643 0.606148929401112
558698911.9167101 0.6058308049612907
559373641.8924559 0.605512893477011
560048371.8682017 0.6051951946587666
560723101.8439475 0.6048777082178121
561397831.8196933 0.6045604338661622
562072561.7954391 0.6042433713165875
562758537.2707807 0.6039212412224261
563433267.2465265 0.6036046049364117
564107997.2222723 0.6032881795905584
564782727.1980181 0.6029719649006529
565457457.1737639 0.6026559605832259
566132187.1495097 0.6023401663555503
566806917.1252555 0.6020245819356389
567481647.1010013 0.601709207042242
568167622.5763428 0.6013887904052391
568842352.5520886 0.6010738372044637
569517082.5278344 0.6007590926862096
570191812.5035802 0.6004445565721654
570866542.479326 0.6001302285847449
572216002.4308176 0.5995021958830443
572890732.4065634 0.5991884906171994
573576707.881905 0.5988697691565247
574251437.8576508 0.5985564811071716
574926167.8333966 0.5982433995294842
575600897.8091424 0.5979305241509023
575994490.2949941 0.5977481086291527
576388082.7808458 0.5975657631260071
577062812.7565916 0.5972533335804865
577737542.7323374 0.5969411093756182
578423518.2076789 0.5966238916587501
579098248.1834247 0.5963120807380901
579772978.1591705 0.5960004743468208
580447708.1349163 0.5956890722174112
581122438.1106621 0.5953778740830208
581797168.0864079 0.5950668796774976
582471898.0621537 0.5947560887353763
583146628.0378995 0.594445500991876
583821358.0136453 0.5941351161828975
584507333.4889868 0.5938197660583011
585508182.9530098 0.5933600402719633
585935511.9376488 0.5931638883137488
586610241.9133946 0.5928543395137053
587284971.8891404 0.5925449923031303
587959701.8648862 0.5922358464220605
588634431.840632 0.5919269016111991
589309161.8163778 0.5916181576119133
589983891.7921236 0.5913096141662332
590658621.7678694 0.5910012710168485
591344597.2432109 0.5906879938819334
592019327.2189567 0.5903800538834024
592694057.1947025 0.5900723134089265
593368787.1704483 0.5897647722038264
594043517.1461941 0.5894574300140721
594718247.1219399 0.5891502865862808
595392977.0976857 0.5888433416677159
596067707.0734315 0.5885365950062837
596753682.548773 0.5882249388823881
597428412.5245188 0.5879185912752968
598103142.5002646 0.587612441168733
598789117.9756062 0.5873013907686429
599463847.951352 0.5869956381964401
600149823.4266936 0.5866849914423936
600824553.4024394 0.5863796353949091
601510528.8777809 0.586069391263059
602185258.8535267 0.5857644307358005
602871234.3288683 0.5854545882075184
603557209.8042098 0.5851449477559781
604231939.7799556 0.5848405802629553
604917915.2552972 0.5845313398925878
605592645.231043 0.58422736542679
606278620.7063845 0.5839185241318907
606953350.6821303 0.5836149417066137
607639326.1574719 0.5833064984865808
608314056.1332177 0.5830033071201237
609000031.6085593 0.582695260979425
609674761.584305 0.5823924596950574
610360737.0596466 0.5820848096431981
611046712.5349882 0.5817773588985374
611721442.510734 0.5814751425206179
612407417.9860755 0.5811680863843768
613082147.9618213 0.5808662576642823
613768123.4371629 0.5805595951584377
614442853.4129087 0.5802581531366044
615128828.8882502 0.5799518832880582
615803558.863996 0.5796508270097508
616489534.3393376 0.5793449488502976
617164264.3150834 0.5790442773655774
617850239.790425 0.5787387899318736
618536215.2657665 0.5784334991119003
619210945.2415123 0.5781334046291
619896920.7168539 0.5778285030949663
620571650.6925997 0.5775287910478266
621257626.1679412 0.5772242778482253
621932356.143687 0.576924947303376
622618331.6190286 0.5766208214917532
623293061.5947744 0.5763218715204838
623979037.0701159 0.5760181321550081
624653767.0458617 0.575719561833238
625339742.5212033 0.5754162079767701
626014472.4969491 0.5751180163850194
626700447.9722906 0.5748150471050816
627375177.9480364 0.5745172333284412
628049907.9237822 0.5742196065602206
628724637.899528 0.5739221665771261
629399367.8752738 0.5736249131564124
630074097.8510196 0.5733278460758827
630748827.8267654 0.5730309651138852
631423557.8025112 0.572734270049313
632109533.2778528 0.5724328204103143
632660562.7580452 0.5721908111829118
633211592.2382375 0.5719489255228939
633886322.2139833 0.5716529071162016
634561052.1897291 0.5713570735858826
635247027.6650707 0.5710564987958975
635921757.6408165 0.570761037436834
636596487.6165622 0.5704657602979312
637574846.0813937 0.5700379352255361
637990929.5664369 0.5698561037215142
638665659.5421827 0.5695613901769303
639351635.0175242 0.5692619526909164
639891418.9981209 0.5690264628333549
640442448.4783133 0.5687861877114702
641117178.4540591 0.5684921392897235
641510770.9399108 0.5683206953677592
641904363.4257625 0.5681493135270597
642579093.4015083 0.567855660398498
643253823.3772541 0.5675621893772084
643928553.3529999 0.5672689002518604
644603283.3287457 0.5669757928116342
645289258.8040873 0.5666779862830962
645963988.7798331 0.5663852446020015
646638718.7555789 0.566092683973138
647313448.7313247 0.5658003041877236
647988178.7070705 0.5655081050374796
648662908.6828163 0.5652160863146288
649337638.6585621 0.5649242478118938
650012368.6343079 0.5646325893224962
650698344.1096494 0.5643362541843078
651373074.0853952 0.5640449580948484
652047804.061141 0.563753841397948
652722534.0368868 0.5634629038888141
653397264.0126326 0.5631721453631449
654071993.9883784 0.5628815656171274
654746723.9641242 0.5625911644474366
655421453.93987 0.562300941651233
656096183.9156158 0.5620108970261618
656782159.3909574 0.5617162007660681
657456889.3667032 0.561426514839221
658131619.342449 0.5611370064759881
658806349.3181947 0.5608476754759448
659481079.2939405 0.5605585216391435
660155809.2696863 0.5602695447661116
660830539.2454321 0.5599807446578499
661505269.2211779 0.5596921211158324
662191244.6965195 0.5593988679822104
662865974.6722653 0.5591105999134884
663540704.6480111 0.5588225078149682
664215434.6237569 0.5585345914900054
664890164.5995027 0.5582468507424204
665564894.5752485 0.5579592853764966
666914354.5267401 0.5573846800090765
667589084.5024859 0.5570976396184509
668275059.9778274 0.5568059942129493
668949789.9535732 0.5565193057409011
669624519.929319 0.5562327914826537
670299249.9050648 0.5559464512457011
670973979.8808106 0.5556602848379895
671648709.8565564 0.5553742920679151
672323439.8323022 0.5550884727443235
672998169.8080479 0.5548028266765072
673684145.2833894 0.5545125972560015
674358875.2591352 0.554227300009054
675033605.234881 0.5539421754452792
675708335.2106268 0.5536572233757535
676383065.1863726 0.5533724436119938
677057795.1621184 0.5530878359659559
677732525.1378642 0.5528034002500336
678418500.6132058 0.5525143999981543
679093230.5889516 0.5522303104390794
679767960.5646974 0.5519463922468126
680442690.5404432 0.5516626452354921
681117420.516189 0.5513790692196872
681792150.4919348 0.5510956640143966
682466880.4676806 0.5508124294350467
683152855.9430221 0.5505246490048394
683827585.9187679 0.5502417579614385
684502315.8945137 0.5499590369897633
685177045.8702595 0.5496764859069473
685851775.8460053 0.5493941045305448
686526505.8217511 0.549111892678531
687201235.7974969 0.5488298501692994
687875965.7732427 0.5485479768216615
688561941.2485843 0.5482615788126796
689236671.2243301 0.5479800460581414
689911401.2000759 0.5476986819211273
690586131.1758217 0.547417486222112
691260861.1515675 0.5471364587819824
691935591.1273133 0.5468555994220339
692610321.103059 0.5465749079639712
693285051.0788049 0.5462943842299058
693971026.5541464 0.5460093568577116
694645756.5298922 0.5457291708275902
695320486.505638 0.54544915198729
695995216.4813838 0.5451693001605452
696669946.4571296 0.5448896151714906
697344676.4328754 0.5446100968446608
698019406.4086212 0.5443307450049889
698694136.384367 0.5440515594778046
699380111.8597085 0.5437678911722534
700054841.8354543 0.5434890405122179
701404301.7869459 0.5429318363829376
702079031.7626917 0.5426534825679086
702753761.7384375 0.5423752940227476
703428491.7141833 0.542097270575536
704103221.6899291 0.5418194120547424
704777951.6656749 0.5415417182892215
705463927.1410165 0.5412595650152882
706138657.1167623 0.5409822029872089
706813387.0925081 0.5407050052004403
707488117.0682539 0.5404279714853752
708162847.0439997 0.540151101672787
708837577.0197455 0.5398743955938275
709512306.9954913 0.5395978530800265
710187036.9712371 0.5393214739632899
710873012.4465786 0.5390406558597376
711547742.4223244 0.5387646057506325
712222472.3980702 0.5384887185337776
712897202.373816 0.5382129940425793
713571932.3495618 0.5379374321108148
714246662.3253076 0.5376620325726309
714921392.3010534 0.5373867952625424
715596122.2767992 0.5371117200154316
716270852.252545 0.5368368066665468
716956827.7278866 0.5365574772272272
717631557.7036324 0.5362828898734402
718306287.6793782 0.536008463923084
718981017.655124 0.5357341992128659
719655747.6308697 0.5354600955798534
720330477.6066155 0.5351861528614732
721005207.5823613 0.5349123708955106
721691183.0577029 0.5346341905234889
722365913.0334487 0.5343607322495938
723040643.0091945 0.5340874342409259
723715372.9849403 0.5338142963366972
724390102.9606861 0.533541318376473
725064832.9364319 0.5332685002001696
725739562.9121777 0.5329958416480539
726425538.3875192 0.5327188022594019
727100268.363265 0.5324464651316092
727774998.3390108 0.5321742871482547
728449728.3147566 0.5319022681510021
729124458.2905024 0.5316304079818596
729765451.7674608 0.5313722877921203
730406445.2444193 0.5311143106675947
731081175.2201651 0.5308429102097029
731755905.1959109 0.5305716679670311
732430635.1716567 0.5303005837832637
733105365.1474025 0.5300296575024228
733780095.1231483 0.5297588889688687
734454825.0988941 0.5294882780272985
735140800.5742357 0.5292133182972957
735815530.5499815 0.5289430246951905
736490260.5257273 0.5286728882186005
737164990.5014731 0.5284029087135652
737839720.4772189 0.5281330860264544
738514450.4529647 0.5278634200039691
739189180.4287105 0.5275939104931394
739863910.4044563 0.5273245573413241
740549885.8797978 0.5270508751030094
741224615.8555436 0.5267818368122338
741899345.8312894 0.5265129544219842
743248805.782781 0.5259756567380571
743822326.262165 0.5257474935781272
744148445.750442 0.5256178037954505
744564529.2354853 0.5254523901733678
745239259.2112311 0.5251842772684212
745913989.1869769 0.5249163193683167
746588719.1627227 0.5246485163236317
747274694.6380643 0.5243764084894799
750648344.5167933 0.5230404950445942
751323074.492539 0.5227737743929507
751997804.4682848 0.5225072074102481
752672534.4440306 0.5222407939498914
753358509.9193722 0.5219700974961274
754033239.895118 0.5217039931945125
754707969.8708638 0.5214380419748832
755382699.8466096 0.5211722436918791
756057429.8223554 0.5209065982004456
756732159.7981012 0.5206411053558313
757406889.773847 0.5203757650135888
758092865.2491885 0.5201061585198319
758767595.2249343 0.5198411252858868
759442325.2006801 0.5195762441203899
760117055.1764259 0.5193115148801021
760791785.1521717 0.5190469374220821
761466515.1279175 0.5187825116036868
762141245.1036633 0.5185182372825702
762815975.0794091 0.5182541143166811
763490705.0551549 0.517990142564264
764165435.0309007 0.5177263218838571
764851410.5062423 0.5174582589163825
765526140.4819881 0.5171947424687564
766200870.4577339 0.5169313766681697
766875600.4334797 0.5166681613743324
767550330.4092255 0.5164050964472442
768225060.3849713 0.5161421817471935
768899790.360717 0.5158794171347563
769574520.3364629 0.5156168024707958
770249250.3122087 0.5153543376164605
770935225.7875502 0.5150876517807222
771609955.763296 0.5148254886212676
772284685.7390418 0.5145634748542952
772959415.7147876 0.5143016103420938
773634145.6905334 0.5140398949472342
774308875.6662792 0.5137783285325681
774983605.642025 0.5135169109612269
775658335.6177708 0.5132556420966209
776051928.1036224 0.5131033038783129
776456766.08907 0.5129466658535263
777131496.0648158 0.5126857211919725
777806226.0405616 0.5124249248041928
778480956.0163074 0.5121642765547564
779155685.9920532 0.5119037763085067
779830415.967799 0.5116434239305615
780505145.9435447 0.5113832192863113
781191121.4188863 0.5111188292070682
781865851.3946321 0.5108589220840888
782540581.3703779 0.5105991622903789
783215311.3461237 0.5103395496924176
783890041.3218695 0.5100800841569527
784564771.2976153 0.5098207655510009
785239501.2733611 0.5095615937418452
785925476.7487026 0.5092982527531088
786600206.7244484 0.5090393765815456
787274936.7001941 0.5087806468080286
787949666.6759399 0.5085220633009065
788624396.6516857 0.5082636259287917
789299126.6274315 0.5080053345605591
789973856.6031773 0.5077471890653448
790648586.5789231 0.5074891893125465
791323316.5546689 0.5072313351718213
792009292.0300105 0.50696933260059
792684022.0057563 0.5067117717154577
793358751.981502 0.5064543560507665
794033481.9572479 0.5061970854772103
794708211.9329937 0.5059399598657399
795416678.4075267 0.5056701338482191
795844007.3921658 0.5055074587889286
796518737.3679116 0.5052507215232847
797193467.3436574 0.5049941287465906
797868197.3194032 0.5047376803309863
798542927.295149 0.5044813761488641
799217657.2708948 0.5042252160728662
799892387.2466406 0.5039691999758862
800578362.7219821 0.5037090644116787
801253092.6977279 0.5034533382867656
801927822.6734737 0.50319775575894
802602552.6492195 0.5029423167020929
803277282.6249653 0.5026870209903616
803952012.6007111 0.5024318684981296
804626742.5764569 0.5021768591000254
805312718.0517985 0.5019177461076567
805987448.0275443 0.5016630249023482
806662178.00329 0.5014084464144403
807336907.9790359 0.5011540105195383
808011637.9547817 0.500899717093489
808686367.9305274 0.5006455660123799
809361097.9062732 0.5003915571525381
810035827.882019 0.5001376903905305
810710557.8577648 0.499883965603162
811396533.3331064 0.49962615748631406
812071263.3088522 0.4993727186407009
812745993.284598 0.499119421399527
813420723.2603438 0.49886626564054803
814095453.2360896 0.4986132512417552
814770183.2118354 0.4983603780813735
815444913.1875812 0.49810764603786195
816130888.6629227 0.4978508463329686
816805618.6386685 0.4975983985063875
817480348.6144143 0.4973460914314347
818155078.5901601 0.4970939249875002
818829808.5659059 0.49684189905420373
819504538.5416517 0.49659001351139465
820179268.5173975 0.4963382682391509
820853998.4931433 0.49608666311777855
821539973.9684849 0.4958310081286757
822214703.9442307 0.4955796852817331
822889433.9199765 0.4953285022259594
823564163.8957223 0.49507745884256965
824115193.3759146 0.4948725436066372
824666222.856107 0.49466772138088233
825340952.8318528 0.4944170452348405
825734545.3177046 0.4942708817935854
826038173.8067901 0.4941581594980644
826611694.286174 0.49394531646221446
827286424.2619199 0.4936950414797159
827972399.7372614 0.4934407376425015
828624638.7138157 0.4931990735938143
829276877.69037 0.4929575391261386
830626337.6418616 0.4924582235804115
831301067.6176074 0.4922087733549816
831975797.5933532 0.4919594613397259
832650527.569099 0.491710287418829
833336503.0444405 0.4914571020459848
833876287.0250372 0.49125797439698626
834427316.5052295 0.49105478920174883
835102046.4809753 0.4908061160522487
835788021.9563168 0.4905534393682768
836462751.9320626 0.4903050435150715
837137481.9078084 0.49005678499151095
837812211.8835542 0.48980866368341447
838486941.8593 0.4895606794768122
839161671.8350458 0.489312832257945
839836401.8107916 0.48906512191326285
840511131.7865374 0.48881754832942514
841197107.261879 0.48856598860143097
841871837.2376248 0.4883186904747182
842546567.2133706 0.4880715287681998
843221297.1891164 0.48782450336936867
843896027.1648622 0.48757761416592404
844570757.140608 0.48733086104577045
845245487.1163538 0.487084243897017
845920217.0920995 0.4868377626079772
846606192.5674411 0.48658731245761006
847955652.5189327 0.48609503269326654
848630382.4946785 0.48584909598625825
849305112.4704243 0.48560329458173046
849979842.4461701 0.48535762836921253
850654572.4219159 0.4851120972384342
851329302.3976617 0.48486670107932417
852004032.3734075 0.48462143978201044
852678762.3491533 0.48437631323681896
853364737.8244948 0.48412723927599755
854039467.8002406 0.48388238414811713
854714197.7759864 0.48363766344270454
855388927.7517322 0.4833930770508764
856063657.727478 0.4831486248639448
856738387.7032238 0.48290430677341645
857413117.6789696 0.4826601226709923
858087847.6547154 0.482416072448567
858773823.130057 0.482168091856789
859448553.1058028 0.481924311297645
860123283.0815486 0.48168066429354944
860798013.0572944 0.48143715073716914
861472743.0330402 0.48119377052136186
862147473.008786 0.48095052353917533
862822202.9845318 0.4807074096838473
863496932.9602776 0.48046442884880425
864182908.4356191 0.4802175345877805
864857638.4113649 0.4799748216869053
865532368.3871107 0.4797322414859597
866207098.3628565 0.47948979387912494
866881828.3386023 0.47924747876076834
867556558.3143481 0.4790052960254433
868231288.2900939 0.4787632455678884
868917263.7654355 0.47851729643081153
869591993.7411813 0.4782755124139939
870941453.6926728 0.47779234015988364
871616183.6684186 0.47755095171372886
872290913.6441644 0.4773096949159034
872965643.6199102 0.47706856966243133
873640373.595656 0.47682757584951746
875001079.0467434 0.47634197105496395
877025268.9739808 0.4756205702457288
877699998.9497266 0.47538036508603343
878374728.9254724 0.47514029064364965
879049458.9012182 0.474900346816215
879724188.876964 0.47466053350154336
880410164.3523055 0.47441685698684805
881084894.3280513 0.47417730656280127
881759624.3037971 0.47393788634431977
882434354.2795429 0.47369859622992105
883109084.2552887 0.47345943611829633
883783814.2310345 0.4732204059083101
884458544.2067803 0.47298150549899964
885133274.182526 0.4727427347895747
885819249.6578677 0.4725001174250022
886493979.6336133 0.47226160797112776
887168709.6093591 0.4720232279141271
887843439.585105 0.4717849771538971
888518169.5608507 0.4715468555905045
889192899.5365965 0.4713088631241856
889878875.0119381 0.47106703635652675
890553604.9876839 0.4708293039331981
891228334.9634297 0.47059170030701003
891903064.9391755 0.47035422537887406
892577794.9149213 0.47011687904986893
893252524.8906671 0.4698796612212393
893927254.8664129 0.4696425717943965
894601984.8421587 0.46940561067091674
895276714.8179045 0.46916877775254173
895962690.293246 0.46892812894578145
896637420.2689918 0.4686915542761543
897312150.2447376 0.46845510751621394
897986880.2204834 0.46821878856836013
898661610.1962292 0.4679825973351553
899336340.171975 0.467746533719324
900011070.1477208 0.46751059762375263
900685800.1234666 0.46727478895148894
901371775.5988082 0.46703518066150007
902046505.574554 0.46679962866531755
902721235.5502998 0.4665642038009424
903395965.5260456 0.4663289059720653
