1.0 1.0
3497351.374282373 0.9885861552240146
4858056.825369728 0.9839683298320523
6713564.258670665 0.9789728941130165
7005947.248160509 0.9782999223426919
7185875.241692722 0.9782001798657827
7444521.732395277 0.9780500829022316
10019741.139825063 0.9701572828689743
10694471.115570858 0.9688892389764839
12043931.067062449 0.9648529547515073
14068120.994299836 0.958904359820486
16778286.396878783 0.9526827295241419
20534283.26186371 0.9640373280432778
21209013.237609506 0.9633420301960154
21782533.716993432 0.9622187675340477
22086162.20607904 0.9616035922770007
22502245.69112228 0.9609847443313558
23188221.166463837 0.9602213084540672
23862951.142209634 0.9599049740290004
24537681.117955428 0.9595195350775331
25212411.093701225 0.9584304864052327
25887141.069447022 0.9572480741348652
26561871.045192815 0.9564943032272589
27045427.527810637 0.955878161472848
27528984.010428455 0.9548079594897458
28203713.986174252 0.9541028033739218
28878443.961920045 0.9532908493533007
29440718.94170821 0.9519191969964239
30002993.921496373 0.9510378485020732
30688969.39683793 0.950225894481452
31363699.37258373 0.9487466710232723
32038429.34832952 0.947816804385589
32713159.32407532 0.9471993095360558
33387889.299821112 0.9457442484991131
34062619.275566906 0.9449895110941426
34737349.2513127 0.9441937942219151
35412079.2270585 0.9429742684717675
36772784.678145856 0.9407119892496053
38122244.62963744 0.938594877857703
38796974.60538324 0.9380595352415636
39471704.58112904 0.9371394302220126
40146434.556874834 0.9356843691850698
40821164.53262062 0.9347013452200712
41315966.51483421 0.9340449971958984
41709559.00068592 0.9339801452557226
42294324.979665615 0.9325931255983767
42969054.95541141 0.9313992120160074
43643784.9311572 0.9309088115050314
44172323.41215808 0.9305332308211359
44689616.39356319 0.9292700194134866
45094454.37901066 0.9283755265607241
45488046.86486238 0.9279009765984044
46162776.84060817 0.9277079671728676
46837506.81635397 0.9268273918750226
47512236.79209977 0.9254109907138406
48186966.76784556 0.9243658209989105
48861696.74359135 0.9237872759734566
49536426.71933715 0.9223612098425921
50222402.19467871 0.9216794429505097
50897132.170424506 0.9203274104803268
51571862.1461703 0.9193209006411572
52246592.1219161 0.917818674556994
53596052.07340769 0.9173698334109021
54270782.049153484 0.9161399661449954
54945512.02489928 0.915504784402507
55620242.00064507 0.9152591008978423
56182516.98043324 0.9144603878850724
56463654.47032732 0.9140635442710424
56857246.95617903 0.9134985302007688
57531976.93192483 0.9123075161085122
57925569.41777654 0.9119291325849328
58319161.90362826 0.9115291961799316
58993891.87937405 0.9102721703522456
59668621.85511985 0.9095371494824188
60905626.810653806 0.9090048030078113
61467901.79044197 0.9077610181859975
61861494.27629368 0.9068789931435908
62041422.2698259 0.9064880451602161
62502487.753252186 0.9064586636553901
63177217.72899798 0.9057135912181228
63851947.70474378 0.9049216436839326
64526677.68048958 0.9039399728130665
65201407.656235375 0.9028281148146511
65876137.631981164 0.9017359733533588
66562113.10732272 0.9010815583229244
67236843.08306852 0.9003863571241117
67911573.05881432 0.8996246609416827
68586303.03456011 0.8984576159727738
69261033.01030591 0.8977791351695522
69935762.98605171 0.8968507182774204
72645928.38863064 0.8956088664503347
73320658.36437644 0.8948892128809769
73995388.34012224 0.893880963346948
74580154.31910193 0.8935501314693369
74917519.30697483 0.8932005495509775
75344848.29161383 0.892614659149317
76019578.26735963 0.8915830203905568
76694308.24310543 0.8909584701141253
77369038.21885122 0.8903225151741415
78043768.194597 0.889420580295733
78718498.1703428 0.8885774084269764
79393228.1460886 0.8878439339531302
80079203.62143016 0.8871551116341495
80753933.59717596 0.886092448326133
81428663.57292175 0.8850393533373696
81822256.05877347 0.8844247579779495
82182112.0458379 0.8838630299975262
82823105.52279639 0.8832273650068506
83497835.49854219 0.882651139573883
84172565.47428799 0.8820959837721707
84858540.94962955 0.8813732374128311
85342097.43224737 0.8810780692684592
85713198.91890755 0.8805536480676849
86275473.89869572 0.8796722029229049
86950203.87444152 0.8786095396148884
87624933.8501873 0.8778037711752201
88310909.32552886 0.876811468839287
88985639.30127466 0.8760580845304283
89660369.27702045 0.8754709376820955
90335099.25276625 0.8748966452418769
91009829.22851205 0.8737382020948572
91684559.20425785 0.873117904403661
92359289.18000364 0.8726476070275658
93034019.15574944 0.8719339457392923
93719994.631091 0.8707384857619321
94394724.6068368 0.8701090063502303
95069454.58258258 0.8690808469811889
95744184.55832838 0.8684483714299346
96418914.53407417 0.8676769136283836
97093644.50981997 0.8667113832564713
97768374.48556577 0.8660372516899039
98454349.96090733 0.8650312250989216
99129079.93665312 0.8636323175298365
99803809.91239892 0.8635499719965741
100478539.88814472 0.8628110851402598
101153269.86389051 0.8621506778297308
101827999.8396363 0.8613610498870374
102502729.8153821 0.8602439728060227
103188705.29072365 0.8593905560699571
103863435.26646945 0.8588813088697828
104538165.24221525 0.8578046313574091
105021721.72483307 0.8571484766331048
105505278.20745088 0.8565641326254457
106180008.18319668 0.8558537574270224
106854738.15894248 0.8553854896931159
107473240.63670945 0.8546866158076845
107821851.12417813 0.8543048495438257
108215443.61002983 0.8538611308318832
108890173.58577563 0.8533924764992289
109564903.56152143 0.8524774939128376
110239633.53726722 0.8518742065675302
110914363.51301302 0.8511419885393666
111589093.48875882 0.8503136040724626
112263823.4645046 0.8500062580680328
112949798.93984616 0.8490273900388298
113602037.91640043 0.8481364732252257
114040612.4006352 0.847797039524736
114501677.8840615 0.8472282561164246
115176407.8598073 0.8465113087392904
115862383.33514886 0.8465056064075144
116537113.31089464 0.8453546052861406
117211843.28664044 0.844604120467395
118415111.7433871 0.8432425196779587
118943650.22438799 0.8427366552160848
119337242.7102397 0.8423608812333102
119449697.70619732 0.8422536000813152
119843290.19204904 0.8420176781947827
120529265.6673906 0.8411979922001971
121203995.6431364 0.8398209274608524
121878725.6188822 0.8392851015965256
122553455.59462799 0.8388773365681202
123228185.57037379 0.8378881270221685
123902915.54611959 0.8372133189075451
124577645.52186537 0.8369087757447784
125252375.49761117 0.8363979821486237
125938350.97295272 0.8350683724058078
126613080.94869852 0.8344333839621985
127287810.92444432 0.8337263915030652
130672706.30276906 0.8309814437448813
131167508.28498264 0.8302989036553036
131414909.27608943 0.8300768993246781
131651064.76760046 0.8299539609229062
132145866.74981405 0.8296376264978397
132831842.2251556 0.8289971290223227
133506572.2009014 0.8283239639531194
134181302.1766472 0.8274681309751277
134721086.15724385 0.8269873954318551
134979732.6479464 0.8267567892793405
135092187.64390403 0.8266555004074403
135204642.63986164 0.8263939663541194
135362079.63420233 0.8262767302841236
135542007.62773454 0.8259860080258453
135958091.1127778 0.8256672573588529
136497875.09337443 0.8251499882344163
136756521.58407697 0.824903531532256
136868976.5800346 0.8247881318065593
136992677.07558802 0.824535392874996
137386269.56143972 0.8242410945775592
138060999.53718552 0.8234591986108096
138870675.50808048 0.8223646409066017
139545405.48382628 0.8222613223915236
140220135.45957208 0.8212618679782628
140894865.43531787 0.8206821631565656
141569595.41106367 0.8199785534357326
142244325.38680944 0.8194441773159675
142761618.36821458 0.8190333194975804
143267665.8500239 0.8183195615598675
143942395.8257697 0.8177617962163607
144617125.8015155 0.8167211690369636
145303101.27685705 0.8162064128048819
145977831.25260285 0.8156774490675849
146652561.22834864 0.8145926529815092
147327291.20409444 0.8139735150875456
148002021.17984024 0.8131880430816375
148676751.15558603 0.8126091114564461
149351481.13133183 0.8121135885123104
149913756.11112 0.811497543407339
150183648.10141832 0.8111919370977687
150577240.58727002 0.8107539690413325
151263216.06261158 0.8099147598094926
151937946.03835738 0.8090341361869278
152612676.01410317 0.8082111641024916
153287405.98984897 0.8074886593687303
153962135.96559477 0.8069062000300898
154636865.94134057 0.8063645268598276
155311595.91708636 0.8058496739773169
155783906.90010843 0.8049387990029911
156244972.3835347 0.8043834982271196
156919702.3592805 0.8039045990281458
157605677.83462206 0.8033964632985052
158280407.81036785 0.8027677087605688
158696491.2954111 0.8023484907438914
159112574.78045434 0.8019549815434418
159798550.2557959 0.8010580724487535
160259615.7392222 0.8006315573805893
160731926.72224426 0.8002427356898321
161406656.69799003 0.799542170434261
162081386.67373583 0.799180507305283
162756116.64948162 0.7981667487393466
163430846.62522742 0.7975388157236253
164105576.60097322 0.7974104166146656
164791552.07631478 0.7966869453825504
165466282.05206057 0.7955166143237912
166613323.01082844 0.7950125378814965
167288052.98657423 0.7942636961071813
167962782.96232003 0.7934527569096337
168637512.93806583 0.792987871915017
169233524.41664127 0.7924764500965158
169570889.40451416 0.7922515462747878
169998218.38915318 0.7916823762687184
170672948.36489898 0.7908862244730233
171347678.34064478 0.7900434392030143
172022408.31639057 0.7892429381706653
172539701.29779568 0.7889753635125298
173056994.2792008 0.7886065966319338
173518059.76262707 0.7881458675741024
173979125.24605337 0.7879576906343966
174665100.72139493 0.787327824623947
175339830.69714072 0.7866857324297093
176014560.67288652 0.7859580086113692
176689290.64863232 0.785278754611642
177364020.62437811 0.7846978899937017
178038750.6001239 0.784145875306691
178724726.07546547 0.7836367730806759
179399456.05121127 0.7829044100773633
180074186.02695706 0.7823623503083535
180748916.00270286 0.7815259922428964
181423645.97844866 0.781055646541092
182098375.95419443 0.7805234933653634
182773105.92994022 0.7799666461945011
183222925.91377077 0.7796007304792982
183683991.39719707 0.7792126336613168
184358721.37294286 0.7786847330718129
185033451.34868866 0.7777060100167692
185708181.32443446 0.7773265633453964
186382911.30018023 0.776777979723385
187057641.27592602 0.7763531560243709
187721125.75207606 0.7757010605864229
188395855.72782186 0.7748860137768097
189070585.70356765 0.7743517343074737
189745315.67931345 0.7734081917384718
190420045.65505925 0.7728608162364334
191094775.63080505 0.7723448518823991
191769505.60655084 0.7719535173002766
192444235.58229664 0.7712428521525453
193130211.0576382 0.7703754695368422
193804941.033384 0.7698675754327798
197864566.38745454 0.7675259951426172
198539296.36320034 0.7669621408685866
199214026.3389461 0.7663875101553296
199888756.3146919 0.7658014264538004
200563486.2904377 0.7652950304190195
201170743.26860893 0.7648196589334949
201789245.74637592 0.7643402764863338
202463975.7221217 0.7634019530009207
203138705.69786748 0.763052032809523
203813435.67361328 0.7625463616475178
204364465.1538057 0.7619177037590207
204656848.14329553 0.761628721195602
205072931.62833878 0.7610372734363247
205747661.60408458 0.7607428784894483
206422391.57983038 0.7600823745294798
207097121.55557618 0.7594772025141638
207771851.53132197 0.7590564381024956
208457827.00666353 0.7586451936843712
208918892.4900898 0.7581557596697698
209391203.47311187 0.7573649719318227
210065933.44885767 0.7567861852817804
210751908.92419922 0.7565921127104298
211426638.89994502 0.755779530467462
212101368.87569082 0.7550708466371993
212776098.85143661 0.7548259846557394
213450828.8271824 0.7540937666275757
214125558.8029282 0.7532874666150006
214800288.778674 0.7526449394963057
215475018.7544198 0.7524333250061591
216149748.73016557 0.7517713229759195
216835724.20550713 0.7510055675061446
217510454.18125293 0.7507510888807115
218185184.15699872 0.7501698859877538
218859914.13274452 0.7493748456635819
219534644.10849032 0.7487963489618581
220209374.08423612 0.7483160483430424
220884104.0599819 0.7476677705678517
221558834.0357277 0.7469824276376005
222244809.51106927 0.7465580871877634
222919539.48681507 0.7460015782899393
223594269.46256086 0.7452778171095055
224268999.43830666 0.7448930547060941
224943729.41405246 0.7444697290773511
225618459.38979825 0.7442236589739385
226293189.36554405 0.7432500583530443
226979164.8408856 0.7428110271498044
227653894.8166314 0.7424144734850827
228328624.7923772 0.7416322392433154
229003354.768123 0.7408655656018858
229678084.7438688 0.7407272598996448
230352814.7196146 0.7403580580965711
231027544.69536036 0.739532911393808
231713520.17070192 0.7389721982354686
232388250.14644772 0.7384461339892741
233062980.12219352 0.737688835367229
233670237.10036474 0.737005812029464
234288739.57813174 0.7365345964817144
234963469.5538775 0.736161528689184
235357062.03972924 0.7359439219199325
235750654.52558094 0.7357252520028876
236436630.0009225 0.7350352215629442
237111359.9766683 0.7347235746475698
237786089.9524141 0.7340414694824492
238460819.9281599 0.7335390844093046
239135549.9039057 0.7324358765584879
239810279.8796515 0.7322703639687583
240485009.85539728 0.731890337399759
241159739.83114308 0.7313465379368792
241845715.30648464 0.7305834886583382
242520445.28223044 0.7302404789196795
243048983.7632313 0.7297232097952429
243588767.74382794 0.729360338545302
244263497.71957374 0.7287785557547174
244859509.19814917 0.7282221918320423
245444275.17712888 0.7276050352565371
246119005.15287468 0.727171271461606
246793735.12862048 0.7265335768267627
247479710.60396203 0.7255517126570175
248154440.57970783 0.7251193986076376
248829170.55545363 0.7244195582248423
249503900.5311994 0.7237866960748401
250178630.5069452 0.7235474397747271
250853360.482691 0.7232917530283313
251528090.4584368 0.7228288010274531
252101610.93782073 0.7222224692168837
252382748.4277148 0.7219168145816041
252495203.42367244 0.721796582371066
252652640.41801313 0.7215487725737837
252821322.91194957 0.721437577109592
253001250.9054818 0.7211703407244948
253451070.88931233 0.7211040390397573
254125800.8650581 0.7207945667417203
254800530.8408039 0.7200600291210704
255475260.8165497 0.7195289390921453
256149990.7922955 0.7188752489344866
256824720.76804128 0.7184327383425174
257499450.74378708 0.718241323637681
258174180.71953288 0.7174999722137315
258860156.19487444 0.716706719909139
259534886.17062023 0.7163691225519586
260209616.14636603 0.7157661251549697
260603208.63221774 0.715413982021515
260738154.6273669 0.7152898354977903
261165483.61200592 0.7148176534526767
261840213.58775172 0.7141190695155638
262514943.5634975 0.713933792065971
263189673.53924328 0.7134571641347637
263864403.51498908 0.7127040697742237
264539133.49073488 0.7118291968081548
265213863.46648067 0.7114864770178146
265899838.94182223 0.7109276968532138
266574568.91756803 0.7102876343021542
267249298.89331383 0.7100238289810666
267924028.86905962 0.7096109898432316
268598758.8448054 0.7089807855597438
269273488.8205512 0.7083627108115942
269948218.796297 0.7078834250148623
270634194.2716386 0.7073599703104624
271308924.24738437 0.7067990155275344
271983654.22313017 0.7061183117822558
272658384.19887596 0.7055929240841172
273333114.17462176 0.7053398952032459
274007844.15036756 0.7045180345913229
275357304.10185915 0.7029810146198655
276043279.5772007 0.7028044356416013
276718009.5529465 0.7024742803110565
277392739.5286923 0.7018296752244639
278067469.5044381 0.7017265983329845
278742199.4801839 0.7008514837423272
279416929.4559297 0.7004211510114057
280091659.4316755 0.7002910605332959
280766389.4074213 0.6994761103731223
281452364.88276285 0.699224241288494
282127094.85850865 0.6988421850763166
282801824.83425444 0.6978608041557484
283476554.81000024 0.6977480139708564
284151284.785746 0.6974898626568252
284826014.7614918 0.6969165850386904
285500744.7372376 0.6964344480755756
286063019.71702576 0.696059543939736
286479103.202069 0.6956835766580824
287165078.67741054 0.6951252314169489
287839808.65315634 0.6944626494880929
288514538.62890214 0.6942921111146431
289189268.60464793 0.6940610217139415
289863998.58039373 0.6935227796066993
290538728.5561395 0.6925095042899398
291213458.5318853 0.6921014493112365
291854452.00884384 0.6918997414143712
292506690.9853981 0.6917277532963597
293181420.9611439 0.691057149444231
293856150.9368897 0.690636530006722
294530880.9126355 0.6902322443660563
295205610.8883813 0.6896738991249229
295880340.8641271 0.6890134434886844
296566316.33946866 0.6884871376188912
297241046.31521446 0.687973541182063
297915776.29096025 0.6874658403768796
298590506.26670605 0.687234606001029
299265236.24245185 0.686601743851027
299939966.21819764 0.6858715554660414
300614696.19394344 0.685302530435121
301289426.16968924 0.6852136610478673
301975401.6450308 0.6846846973105701
302650131.6207766 0.6841501278929157
303324861.5965224 0.6836832132551209
303999591.5722682 0.6830774613421784
304674321.5480139 0.682698642894142
305349051.5237597 0.6825794738304075
306023781.4995055 0.6821450334874205
306709756.9748471 0.6814186144404725
307384486.9505929 0.6807007972154137
308059216.9263387 0.6804182901812664
308733946.90208447 0.6799457215364153
309408676.87783027 0.6793399696234728
310083406.85357606 0.6791262771664179
310758136.82932186 0.6786170782899738
311444112.3046634 0.6778873248294454
312118842.2804092 0.6774230197334451
312793572.256155 0.6768743877857242
313468302.2319008 0.6765484850414043
314143032.2076466 0.6760425239300907
314817762.1833924 0.6755645429037613
315492492.1591382 0.674874464139098
316178467.63447976 0.6745093699461104
316853197.61022556 0.6741982062789232
317527927.58597136 0.6738209342258775
318202657.56171715 0.6732767481642501
318877387.53746295 0.6727261832227907
319552117.51320875 0.6724617496793567
320226847.48895454 0.671925585541002
320901577.46470034 0.6713308033671546
321576307.44044614 0.6708100548539886
322104845.921447 0.6703967324679663
322341001.412958 0.6702050278138216
322453456.40891564 0.6701149503056051
322858294.39436316 0.6699578945645952
323533024.37010896 0.6696676072297844
324207754.34585476 0.668962837712708
324882484.32160056 0.6684490479770009
325557214.29734635 0.6680282352406128
326231944.2730921 0.6676131731597311
326816710.2520718 0.6672309236476849
327120338.7411574 0.6670286841779125
327525176.7266049 0.6667638157110112
330910072.1049296 0.6644460112443276
331584802.0806754 0.6638062869663062
332259532.0564212 0.6633570108967468
332934262.032167 0.6628781600224928
333620237.5075086 0.6623525307007555
334294967.4832544 0.6619101167582258
334969697.4590002 0.6613971968694534
335644427.43474597 0.6607512870124584
336319157.41049176 0.6604417180649819
336993887.38623756 0.6599066653981505
337668617.36198336 0.6594382043653648
338343347.33772916 0.6590241571065669
339029322.8130707 0.6587291339373441
339704052.7888165 0.6583211272843503
340378782.7645623 0.6579215774780967
341053512.7403081 0.6574452394961976
341728242.7160539 0.6567970100457267
342402972.6917997 0.6566708338798137
343077702.6675455 0.6562909522849736
343763678.14288706 0.6557723300654148
344438408.11863285 0.6554713146151075
345113138.09437865 0.6550449445211027
345787868.07012445 0.6543237445577436
346462598.04587024 0.6538620973282576
347137328.02161604 0.6534204565832232
347812057.99736184 0.652936724900398
348498033.4727034 0.6525364018976385
349172763.4484492 0.652214510114955
349690056.4298543 0.6519373671375663
349959948.4201526 0.6517204852401007
350387277.4047916 0.6514158454269049
351062007.3805374 0.6508138145272802
351736737.3562832 0.6505056953253548
352411467.332029 0.6500429849490652
353029969.809796 0.6496899236429661
353648472.28756297 0.6495415663732846
354064555.7726062 0.649151971485032
354491884.7572452 0.6487242966206247
355177860.23258674 0.6485795153901021
355852590.20833254 0.6480885349805097
356527320.18407834 0.6473773382588817
357202050.15982413 0.6470980689888755
357876780.13556993 0.6464430740598246
358337845.6189962 0.6459536400452232
358798911.10242254 0.6458163974897859
359484886.5777641 0.6454619830885647
360159616.5535099 0.6450144467128751
360834346.5292557 0.6446428769916056
361509076.5050015 0.6443716296448722
362183806.4807473 0.6439658459349251
362858536.4564931 0.6434568403583496
363533266.4322389 0.6429436305202691
364219241.90758044 0.642378954725013
364893971.8833262 0.6421398433990593
365568701.85907197 0.6415728963360366
366243431.83481777 0.641011554954361
366918161.81056356 0.6404227167368782
367592891.78630936 0.6401129061648132
368267621.76205516 0.6397407565459169
368953597.2373967 0.6394655948869865
369628327.2131425 0.6388702328155124
370303057.1888883 0.6385467463131183
370977787.1646341 0.6379342289225857
371652517.1403799 0.6373503681641033
372327247.1161257 0.6371973233847297
373001977.0918715 0.6369008021452357
373676707.0676173 0.6360908294440626
375037412.51870465 0.6355038275698891
375712142.49445045 0.6349763619038526
376386872.47019625 0.6345127816806281
377061602.44594204 0.6342239924160883
377736332.42168784 0.633672944225452
378411062.39743364 0.6330384390310195
379085792.37317944 0.6327308030772815
379771767.848521 0.6323624227954332
380446497.8242668 0.6318525956976322
381121227.8000126 0.6312259674523133
381795957.7757584 0.6306583438412348
382470687.7515042 0.6304302505800856
383145417.72725 0.6300332136651972
383820147.7029958 0.6295118369296847
384494877.6787416 0.6290510112224138
385180853.15408313 0.6284446794118446
385855583.12982893 0.6278070814264407
386530313.1055747 0.6274465297699758
387205043.0813205 0.6268418410038369
387879773.0570663 0.6265773108099737
388554503.0328121 0.6260257310464303
388948095.5186638 0.6257037909400167
389083041.51381296 0.6255955916153775
389217987.50896215 0.6255670316327667
389622825.4944096 0.6251030164860746
390297555.4701554 0.6244830570689063
390983530.945497 0.6242731822736192
391658260.9212428 0.623712614089439
392344236.39658433 0.6231986310548527
392737828.88243604 0.6228991619995364
393131421.36828774 0.6226014326390795
393525013.85413945 0.6225478887120268
393918606.33999115 0.622173806099392
394593336.31573695 0.6218532190881005
395268066.29148275 0.6212669420867027
395954041.7668243 0.6204038120572244
396628771.7425701 0.6201900229507303
397303501.7183159 0.6198480280331657
397978231.6940617 0.6191234453305168
398652961.6698075 0.6188501200158855
399327691.6455533 0.6186361376085329
400002421.6212991 0.6180153083444295
400677151.5970449 0.6178081880650962
401363127.07238644 0.6172244722817629
402037857.04813224 0.6164253726702453
402712587.02387804 0.6161636453180453
403387316.99962384 0.6153266590292521
404062046.97536963 0.6148793159524416
404736776.9511154 0.6145354846915678
405411506.9268612 0.6141062151074499
406086236.902607 0.6135533788982239
406772212.3779486 0.6131986745467046
407446942.3536944 0.612919308627259
408121672.3294402 0.6120929054788131
408796402.305186 0.6117963842393193
409471132.2809318 0.6115081265476865
410145862.25667757 0.61146361936698
410820592.23242337 0.6109825455506689
411495322.20816916 0.6097093309002991
412687345.16532004 0.6095840729060409
412934746.15642685 0.6093521619821343
413362075.14106584 0.608865579132926
414036805.11681163 0.6085176885847063
414711535.09255743 0.60782137591536
415386265.0683032 0.6075667523147781
416060995.044049 0.6072406079468594
416746970.5193906 0.6068926207492001
417421700.4951364 0.6067861127937111
418096430.4708822 0.6063475165149284
418771160.446628 0.6056400891313379
419445890.4223738 0.6051859322522176
420120620.39811957 0.6049807449666229
420795350.37386537 0.6046469169484697
422156055.8249527 0.6044457889492311
423505515.7764443 0.6038584004772997
424180245.7521901 0.6030084148052435
424854975.7279359 0.6026940133739154
425529705.7036817 0.6024879562413856
426204435.6794275 0.6018421430338302
426879165.6551733 0.6014820746245627
427272758.141025 0.6012719582056769
427407704.13617414 0.6012016938830331
427823787.62121737 0.6011771931877682
428307344.1038352 0.6007888064204784
428790900.586453 0.6004223108076489
429465630.5621988 0.5998107599134905
430140360.5379446 0.5991599209222148
431489820.4894362 0.5991385613406615
432164550.465182 0.5985355639446625
432850525.94052356 0.598157567018841
433525255.91626936 0.5977315835235839
434199985.89201516 0.5975021854920323
435549445.84350675 0.5965379115658028
436224175.81925255 0.5958958676952952
437584881.2703399 0.5947978789270777
438259611.2460857 0.5942819145730435
440283801.1733231 0.5936863592026903
440958531.1490689 0.5931298019801464
441633261.1248147 0.5928162703957532
442307991.1005605 0.592601031542718
442993966.57590204 0.5922872583337363
444343426.52739364 0.5920400284350703
445018156.50313944 0.5914780105053388
445692886.47888523 0.5906777994222978
446367616.45463103 0.5899986420729997
447042346.4303768 0.5897504940016893
447728321.9057184 0.5893495427755938
448403051.8814642 0.5892807765232211
449077781.85721 0.5891443071652793
449752511.8329558 0.5883023917422053
450427241.8087015 0.5879783736669042
451101971.7844473 0.587465453778132
451776701.7601931 0.5870903080186936
452451431.7359389 0.5870243446069943
453126161.7116847 0.5865856516777823
453812137.18702626 0.58653539384058
454486867.16277206 0.5861561887947855
455161597.13851786 0.5857578954342144
455836327.11426365 0.5852329426595434
456511057.09000945 0.5849483576565087
457185787.06575525 0.5843885143451042
457860517.04150105 0.5841986460352585
458535247.01724684 0.5836004811231109
459221222.4925884 0.5832549584920973
459895952.4683342 0.5827079695888067
460570682.44408 0.5821873660507897
461245412.4198258 0.5816750743843638
461920142.3955716 0.5814678574555909
462594872.3713174 0.5806929202663001
464855217.7900658 0.5806155521920383
465248810.27591753 0.5802286151702998
465923540.2516633 0.5798452541867303
466474569.7318557 0.5797889557447135
467036844.7116439 0.5792610068295002
467711574.6873897 0.5789468470217709
468386304.66313547 0.5786583960312591
469735764.61462706 0.5779751310698954
470410494.59037286 0.5774548658049167
473795389.9686976 0.5783938175136658
474470119.9444434 0.5779805434523634
476494309.8716808 0.5775874691753814
477169039.8474266 0.5772321849262354
477843769.8231724 0.5771016595236684
478518499.7989182 0.5764833914766399
479204475.27425975 0.576224032041646
479879205.25000554 0.5758934417876337
480553935.22575134 0.57544489059085
481228665.2014971 0.5750248510509677
481903395.1772429 0.5746706299486254
482578125.1529887 0.5740883639098537
483252855.12873447 0.5739650872340538
483927585.10448027 0.5737735758797778
484613560.5798218 0.5732517642198083
485288290.5555676 0.572784752932574
485963020.5313134 0.5725078999044935
486637750.5070592 0.5720582372361864
487312480.482805 0.5717233460712297
487919737.46097624 0.5715061258997362
488279593.44804066 0.5713298851954999
488706922.43267965 0.5710046106745161
489381652.40842545 0.5706497130241179
490056382.38417125 0.5702066708592417
490517447.8675976 0.5698628879220978
490978513.35102385 0.5698303169778507
491653243.32676965 0.5695301713754681
492339218.8021112 0.5689935239889262
493013948.777857 0.5686576663266053
493688678.7536028 0.5683325851045005
494363408.7293486 0.5678807478178665
495038138.7050944 0.5677606605814877
495712868.6808402 0.5674137848553519
496387598.656586 0.566978136391402
497062328.6323318 0.5665628810116412
497737058.6080776 0.5661402802556739
498411788.5838234 0.5657302922842217
499086518.5595692 0.5654009584758922
499491356.54501665 0.5652081423502241
499884949.03086835 0.5650150846009573
500559679.00661415 0.5647227676219787
501234408.98235995 0.5644320453637004
501909138.95810574 0.5640148086654814
502583868.93385154 0.5635089442045971
503258598.90959734 0.5632550454767907
503944574.3849389 0.5628248577200284
504619304.3606847 0.5626003888227576
505294034.3364305 0.5624367125773272
505968764.3121763 0.5619118081283656
506643494.2879221 0.5615578769743418
507318224.2636679 0.5611278825174482
507992954.2394137 0.5608398664504038
508678929.71475524 0.5605186512157762
509353659.69050103 0.5602385604225651
510028389.66624683 0.5597174736363608
510703119.6419926 0.5593846121135924
511377849.6177384 0.5591236096341681
512052579.5934842 0.5587964987688853
512727309.56923 0.5582843520776083
513413285.0445716 0.5578102370387561
514526589.5045521 0.5576239930917991
514706517.4980843 0.5575429040052091
515133846.48272336 0.5570679191184321
515673630.46331996 0.5567999095368293
516224659.9435124 0.5565437395412566
516618252.4293641 0.5563594285880381
516966862.91683275 0.5561955590447183
517596610.8941955 0.555961618476644
518248849.8707498 0.5555003095211859
518901088.84730405 0.5553243104415381
519384645.32992184 0.5551328474119819
519879447.3121354 0.5550482306109531
520554177.2878812 0.554608571184377
521228907.263627 0.5543518212911775
521903637.2393728 0.5540293012861476
522578367.2151186 0.5535898351594402
523253097.1908644 0.5532575052115581
523927827.1666102 0.5528207936008046
524411383.64922804 0.5524678772688646
524636293.64114326 0.5524055865457635
525063622.6257823 0.5522860308832814
525738352.6015281 0.5519815843689646
526413082.5772739 0.5515017669983361
527087812.5530197 0.5512622207499045
527762542.5287655 0.5509195492842841
528437272.50451124 0.550666085480935
529112002.48025703 0.5502061779453188
529505594.9661088 0.5499378784144077
529899187.4519605 0.5496693855836279
530585162.92730206 0.5493482669994294
531259892.90304786 0.5491915495314578
531934622.87879366 0.5488079469242895
532440670.360603 0.5485438033301637
532946717.84241235 0.5485037420345611
533441519.8246259 0.5483381327963817
533936321.8068395 0.5480460091172719
534611051.7825853 0.5475241974582918
535285781.75833106 0.5471639840748652
535960511.73407686 0.5467311384515887
536635241.70982265 0.5466302361784363
537321217.1851642 0.5461798969620734
537995947.16091 0.54587482222541
538670677.1366558 0.5454623696863227
539345407.1124016 0.5452958906012084
540020137.0881474 0.5449025263749181
540694867.0638932 0.5445703897259151
541380842.5392348 0.5443072126281637
542055572.5149806 0.543986142368685
542730302.4907264 0.5434421496059366
543405032.4664721 0.543074010947687
544079762.442218 0.5428466908840333
544754492.4179637 0.5425547605047921
545429222.3937095 0.5421767152552407
546115197.8690511 0.5420264249918209
546789927.8447969 0.5413847677200609
547464657.8205427 0.54114850756049
548139387.7962885 0.5409880207554705
548690417.2764809 0.5407111194016805
548982800.2659707 0.5406923210381916
549410129.2506098 0.5404653392485659
550084859.2263556 0.5400133086630529
550759589.2021013 0.5395952021169091
551434319.1778471 0.5393471506950382
552109049.153593 0.5391200239312531
552783779.1293387 0.5386605029943846
553458509.1050845 0.538394813005268
554144484.5804261 0.5381269000731047
554819214.5561719 0.5377291866111501
555493944.5319177 0.5372616437510088
556168674.5076635 0.5369966786336782
556843404.4834093 0.5366106597845841
557518134.4591551 0.5362515095479611
558192864.4349009 0.5359255101542016
558867594.4106467 0.5358153778358239
559542324.3863925 0.5354739144921561
560228299.861734 0.5349605113551965
560903029.8374798 0.5345569505873066
561577759.8132256 0.5343330132619529
562252489.7889714 0.5339569010061401
562927219.7647172 0.5336046128965467
563601949.740463 0.5333872960756136
564276679.7162088 0.5329785645498442
564962655.1915504 0.5327792728958943
565637385.1672962 0.5324766627258765
566312115.143042 0.5320645967855367
566986845.1187878 0.5318377599700703
567661575.0945336 0.5316082652880895
568336305.0702794 0.5313669310200786
569011035.0460252 0.5308126933910108
569697010.5213667 0.5307737435669314
570371740.4971125 0.5306206504628381
571046470.4728583 0.5300086646452125
571721200.448604 0.5297279939543746
572395930.4243498 0.5295127067766197
573070660.4000956 0.5291044101743176
573745390.3758414 0.5288472736823704
574420120.3515872 0.5286420863967757
575106095.8269287 0.5281441472097246
575780825.8026745 0.5278785538700475
576455555.7784203 0.5276161499697914
577130285.7541661 0.5273860270654642
577805015.7299119 0.5268605427178863
578479745.7056577 0.5266707710574801
579154475.6814035 0.5265506838211014
579840451.1567451 0.5262024066741341
580515181.1324909 0.5258226700544428
580908773.6183426 0.5255998442016023
581054965.1130875 0.525520204859574
581471048.5981308 0.5251363123030974
582145778.5738766 0.5249587185027494
582820508.5496224 0.52459555730449
583495238.5253682 0.5244093616822528
584169968.501114 0.5241094577044586
584833452.977264 0.5237287545874033
585215799.9635199 0.5235106645689749
585328254.9594775 0.5234456193289303
585440709.9554353 0.5234144498055147
585834302.4412869 0.5231954899401514
586509032.4170327 0.5229255473638201
587183762.3927785 0.5227765135470727
587858492.3685243 0.5224797023582705
588533222.3442701 0.5221658324998494
589219197.8196117 0.5217375777368256
589893927.7953575 0.5214877866210849
590568657.7711033 0.5211081466508332
591243387.7468491 0.5209755916050883
591918117.7225949 0.5206641379895826
592592847.6983407 0.520293438115248
593267577.6740865 0.5200565014076212
593942307.6498322 0.51965989941719
594628283.1251738 0.5193442415401792
595303013.1009196 0.5191078847301791
595977743.0766654 0.518776424629232
596652473.0524112 0.5185644235403377
597327203.028157 0.5180620384681828
598001933.0039028 0.5177754721466898
598676662.9796486 0.5174132774448048
599070255.4655002 0.517202049553406
599227692.459841 0.5171182059508622
599385129.4541817 0.517032815952338
599789967.4396292 0.5169116172444359
600464697.4153749 0.5166540458290212
601139427.3911207 0.5162803014894246
601814157.3668665 0.5159984710023438
602488887.3426123 0.5156843111956041
603163617.3183581 0.5153136596459892
603838347.2941039 0.5150326023564037
604513077.2698497 0.5148118061467413
605187807.2455955 0.5144417828204626
605873782.720937 0.5141115791642084
606548512.6966828 0.5139489660665711
607223242.6724286 0.5136400736671505
607897972.6481744 0.5132948893101648
608572702.6239202 0.5130032488802319
609247432.599666 0.5125357543438207
609922162.5754118 0.5121495421948579
610315755.0612636 0.5119243001000917
610720593.046711 0.5116980431832415
611395323.0224568 0.5116630559960789
612070052.9982026 0.5111298879982663
612744782.9739484 0.5109899392515951
613419512.9496942 0.5106166298354661
614094242.92544 0.5101989098890598
614780218.4007815 0.5098809807432928
615454948.3765273 0.5095803035680032
616129678.3522731 0.5093591207595931
616804408.3280189 0.5091077832478719
617479138.3037647 0.5087679146239146
618153868.2795105 0.5084322502614623
618828598.2552563 0.5080791889553632
619503328.2310021 0.5078468914327089
620189303.7063437 0.5073960206434389
620864033.6820894 0.5071841645296936
621538763.6578352 0.5071481141957274
622213493.633581 0.5067301043000129
622888223.6093268 0.5063019461874183
623562953.5850726 0.5061046841756568
624237683.5608184 0.5056992387397377
624912413.5365642 0.5052564381984602
625598389.0119058 0.5051525397847656
626273118.9876516 0.5047655544392972
626947848.9633974 0.5044691298492426
627622578.9391432 0.5042321931416158
628297308.914889 0.5037375883681452
628972038.8906348 0.5034930646607132
629646768.8663806 0.5033427743972932
630321498.8421264 0.5029082374048667
631007474.3174679 0.5024921121781709
631682204.2932137 0.5021479909679889
632356934.2689595 0.5020483451405191
633031664.2447053 0.5017048038279638
633706394.2204511 0.5012991167674562
635055854.1719427 0.5011240358594631
635741829.6472843 0.5008226821361176
636416559.6230301 0.5004854230529651
637091289.5987759 0.5002882093669131
640476184.9771006 0.4990463575398274
641150914.9528464 0.4986061182156247
641825644.9285922 0.49840677823695506
642500374.904338 0.49811117516911574
643175104.8800838 0.49774989863888547
643849834.8558296 0.49742090310458387
644524564.8315754 0.4971887505570785
645210540.306917 0.4969511856261156
645885270.2826627 0.49645827222278477
646560000.2584085 0.49632832671883426
647234730.2341543 0.49594820350039537
647909460.2099001 0.49567569970797926
648584190.1856459 0.49537453928351277
649258920.1613917 0.49494512472424596
649944895.6367333 0.4947668543768316
650619625.6124791 0.4943942698334782
651294355.5882249 0.4941771946371336
651969085.5639707 0.4937458470841282
652643815.5397165 0.493539693302159
653318545.5154623 0.4932970059380363
653993275.4912081 0.49312380969906205
654668005.4669539 0.4928111479625935
655353980.9422954 0.49244088301172634
656028710.9180412 0.4921288494976042
656703440.893787 0.4917437488191751
657378170.8695328 0.4914475175289894
658052900.8452786 0.4910903002861049
658727630.8210244 0.4908869493448092
659413606.296366 0.4905784435441362
660088336.2721118 0.49024147441128163
660763066.2478576 0.4898313414646806
661437796.2236034 0.48942111186863996
662112526.1993492 0.48923056701073847
662787256.175095 0.48919011911638816
663461986.1508408 0.4886522636088833
664136716.1265866 0.48843340039295946
664811446.1023324 0.48810822252141517
665497421.5776739 0.48802065790456395
666172151.5534197 0.48783165944165324
666846881.5291655 0.4876153091180843
667521611.5049112 0.4871805305010693
668196341.480657 0.4867322209278844
668871071.4564028 0.4864734413915068
669557046.9317443 0.48614318941152257
670231776.9074901 0.48591509615037337
670906506.8832359 0.4858515006558801
671581236.8589817 0.48545059775450433
672255966.8347275 0.4852275302770754
672930696.8104733 0.4849096011322981
673605426.7862191 0.48438856266982394
674291402.2615607 0.4840788004234683
674966132.2373065 0.48380919612116513
675640862.2130523 0.48331546119561913
676315592.1887981 0.48312844405215644
676990322.1645439 0.48282090474785794
677665052.1402897 0.4827044902000773
678339782.1160355 0.48233784961308845
679014512.0917813 0.4820263959965931
679700487.5671228 0.48179414679865856
680375217.5428686 0.481665216116792
681049947.5186144 0.4810945963651713
681724677.4943602 0.4810184847365921
682399407.470106 0.4805865089602505
683074137.4458518 0.48020541924543725
683748867.4215976 0.4798837690873421
684423597.3973434 0.47975019921951323
685098327.3730892 0.47941371333484584
685784302.8484308 0.4789802878139427
686459032.8241765 0.47888905050948305
687133762.7999223 0.47872232979879054
687808492.7756681 0.4783821712265148
688483222.751414 0.47803853326451995
689157952.7271597 0.4778186069017924
689832682.7029055 0.4775040121705956
690518658.1782471 0.47733328049925655
691193388.1539929 0.47684805074517045
691868118.1297387 0.4766969872852448
692542848.1054845 0.4763502565332683
693217578.0812303 0.47624321700487215
693892308.0569761 0.47572560960640764
694567038.0327219 0.47558860867555885
695253013.5080634 0.4753595005923258
695927743.4838092 0.4750976282659665
696602473.459555 0.47456702148423907
697277203.4353008 0.47451937318883114
697951933.4110466 0.474516038774261
698626663.3867924 0.47392570248650706
699301393.3625382 0.4737195487045379
699976123.338284 0.4733867838321987
700662098.8136256 0.4728269405207942
701336828.7893714 0.4723602191828681
702011558.7651172 0.47226854695494097
702686288.740863 0.471992128850328
703361018.7166088 0.47157121946351077
704035748.6923546 0.47150095514086693
704710478.6681004 0.4712377297183959
705385208.6438462 0.47120535207401737
706745914.0949335 0.4710499877021575
707420644.0706793 0.47076917203617075
708095374.0464251 0.47052310193374786
708770104.0221709 0.4702060909606252
709444833.9979167 0.4701816869147998
710119563.9736625 0.4699439286849578
710805539.449004 0.46968311950441255
711480269.4247499 0.46925935895220205
712154999.4004956 0.4691135145748757
712829729.3762414 0.46882917119543976
713504459.3519872 0.4684352270715228
714179189.327733 0.4682191666962724
714853919.3034788 0.46798218166392586
715528649.2792246 0.467635644211818
716214624.7545662 0.46739450324268617
716889354.730312 0.4666747530248785
717564084.7060578 0.4665737057765771
718238814.6818036 0.46643366038046635
718913544.6575494 0.46613979700748664
719588274.6332952 0.46590000913446666
720263004.609041 0.4655954176459905
720937734.5847868 0.4654772150786306
721612464.5605326 0.46500575790530285
722298440.0358741 0.4648749425544174
722905697.0140452 0.4646541946694748
723535444.991408 0.46429688077715076
724210174.9671538 0.4639711713317098
724884904.9428996 0.46378405753781793
725559634.9186454 0.46345916961558187
725953227.4044971 0.46326968790448403
726065682.4004548 0.46321561240452425
726459274.8863065 0.4630885663906868
727134004.8620523 0.46286342094536
727819980.3373939 0.4625378081503483
728494710.3131397 0.46224723086622926
729169440.2888855 0.4620173979102205
729844170.2646313 0.46166346675718645
731182384.7165271 0.46162760972308886
731823378.1934855 0.46101997314112747
732475617.1700398 0.4608784779994654
733161592.6453813 0.4606181520680971
733836322.6211271 0.4601911054260362
737884702.4756019 0.4591716928540331
738570677.9509435 0.45906272033189854
739245407.9266893 0.4589151362597126
739920137.9024351 0.45852887578603
740594867.8781809 0.45821142988944
741269597.8539267 0.4579749764300005
741831872.8337148 0.4577962711591187
742101764.8240131 0.457707740045893
742495357.3098649 0.45758093565664393
743181332.7852064 0.45741324844957715
743856062.7609522 0.45705472643629025
744530792.736698 0.4568521003677702
745205522.7124438 0.4566231855844059
745880252.6881896 0.456149892066779
746554982.6639354 0.4559213638821624
747229712.6396812 0.45572550329222217
747904442.615427 0.45545821858240526
748590418.0907686 0.4551380181698614
749265148.0665144 0.45486652919952913
749939878.0422602 0.4546098759557692
750614608.018006 0.45441203404638086
751255601.4949645 0.45415281958653586
751862858.4731357 0.45386069590742595
752515097.44969 0.45371789599437184
753201072.9250315 0.4534256756668122
753875802.9007773 0.4529892540053668
754483059.8789486 0.45268901175255505
755101562.3567154 0.45257375700101754
755495154.8425672 0.4524995300414571
755888747.328419 0.45242525475717693
756338567.3122494 0.4521471936081336
756777141.7964842 0.4519912976623771
757451871.77223 0.45180442549307365
758126601.7479758 0.45151979216531923
758812577.2233174 0.45132562294353934
759487307.1990632 0.45088248412922366
760162037.174809 0.45076756765171416
760836767.1505548 0.4505640234105497
761511497.1263006 0.4503605758198145
762186227.1020464 0.45004791408334593
762860957.0777922 0.4497303715363267
763535687.053538 0.44943041923282306
764221662.5288795 0.44924881447083864
764896392.5046253 0.4489806599150765
765571122.4803711 0.44870665805238935
766245852.4561169 0.44840448280583894
766920582.4318627 0.44805707550679613
767595312.4076085 0.4477171102324097
768270042.3833543 0.44750684883936465
768956017.8586959 0.4473748736912464
769630747.8344417 0.4470523053614966
770305477.8101875 0.44667686965275
770980207.7859333 0.44632429159483805
771654937.761679 0.44615810245804227
772329667.7374249 0.4459960209333121
773004397.7131706 0.44592005427889214
773679127.6889164 0.4455446185701455
774365103.164258 0.44525674747726046
775039833.1400038 0.4450427650708975
775714563.1157496 0.4447096619245303
776389293.0914954 0.4445130764618144
777064023.0672412 0.44432132348295006
777738753.042987 0.4440123344340899
778413483.0187328 0.4437385258702816
779099458.4940743 0.44347172440964167
779774188.4698201 0.4431936632605982
780448918.4455659 0.4430834342927811
781123648.4213117 0.4427083368570726
781798378.3970574 0.44251247626713236
782473108.3728032 0.44216941820276423
783147838.348549 0.44197814847307676
783822568.3242948 0.4417224617256912
784508543.7996364 0.44136427798643224
785183273.7753822 0.4412279536026497
785858003.751128 0.440954193364551
786532733.7268738 0.4405201396203116
787207463.7026196 0.4403334607508769
787882193.6783653 0.4400369395103932
788556923.6541111 0.4397516779602923
789231653.629857 0.4396464264504859
789917629.1051985 0.43941330740561646
790592359.0809443 0.43898891863105954
791267089.0566901 0.4388851168668045
791941819.0324359 0.43865161122318735
792616549.0081817 0.4382733726737672
793291278.9839275 0.4380387072339069
793966008.9596733 0.4376775756788256
794640738.9354191 0.43756227260157865
795326714.4107606 0.4373636574956847
796001444.3865064 0.43703011942585
796676174.3622522 0.4368927802209733
797350904.337998 0.43663545042915736
798025634.3137438 0.43636734419712525
798700364.2894896 0.4362936971361813
799375094.2652354 0.4360645407282285
800049824.2409812 0.4359103844773315
800735799.7163228 0.43549363102729954
801410529.6920686 0.4353645553712737
802085259.6678144 0.4352606086328594
802759989.6435602 0.43504193871581454
803434719.619306 0.4347423246863389
804109449.5950518 0.43456632560669106
804784179.5707976 0.4342607676218406
805470155.0461391 0.43392230041772517
806144885.0218849 0.4336749255439103
806819614.9976307 0.4334074958599341
807494344.9733765 0.43315823631809
808169074.9491223 0.4328162897252453
808843804.9248681 0.43261564497518357
809518534.9006139 0.43254489740435254
810204510.3759555 0.4322167717169858
810879240.3517013 0.4319758723724424
811553970.327447 0.43181359754883325
812228700.3031929 0.4314716992807082
812903430.2789387 0.43121122837419085
813578160.2546844 0.43103025183554255
814039225.7381108 0.4308809763942066
814331608.7276006 0.4308646425973632
814837656.20941 0.4306706183507323
815512386.1851557 0.43034379743475765
816198361.6604973 0.43007554622856636
816873091.6362431 0.4297761738226895
817446612.115627 0.4295851940413205
818031378.0946066 0.4294323425618156
818706108.0703524 0.42929287706333163
819380838.0460982 0.42914191025284554
820055568.021844 0.4288022349277673
820730297.9975898 0.4285692125323374
821405027.9733356 0.4283229491300458
822079757.9490814 0.42792190125451074
822754487.9248272 0.4277682282527907
823440463.4001688 0.42756333091650417
824115193.3759146 0.4272369449230073
824789923.3516604 0.4269733329017885
825464653.3274062 0.42679946011574793
826139383.303152 0.4263644881988642
826814113.2788978 0.4262936923033135
827488843.2546436 0.4259432405390087
828849548.7057309 0.4256348313877753
829524278.6814767 0.4253713643417054
832897928.5602057 0.4240909976140081
833583904.0355473 0.4238948953984896
834258634.011293 0.4236188638926243
834933363.9870389 0.4234059446330651
835608093.9627846 0.42326029355461775
836282823.9385304 0.42318118578549635
836957553.9142762 0.42290389783394844
837632283.890022 0.42277868816440994
838307013.8657678 0.4225192320799765
838992989.3411094 0.4221826978705893
839667719.3168552 0.42187390212060816
840342449.292601 0.42178880207139213
841017179.2683468 0.42121711917296784
841691909.2440926 0.4209478048199729
842366639.2198384 0.420657517485162
843041369.1955842 0.42019123107070344
843716099.17133 0.42006089896800525
844120937.1567775 0.419984594040547
844514529.6426291 0.41990795083906085
845189259.618375 0.41972653937595544
845863989.5941207 0.4194279884932835
846538719.5698665 0.4193096892764841
847899425.0209539 0.41895430837789854
848574154.9966997 0.4186775036745379
849248884.9724455 0.4183344939358792
849923614.9481913 0.4180978955022804
851273074.8996829 0.4177011485367002
852633780.3507702 0.4173522914921061
853308510.326516 0.4170085568806717
853983240.3022618 0.4167011142268024
854657970.2780076 0.4164782883729722
855332700.2537534 0.41638125208729687
856007430.2294992 0.41599383181737126
856682160.205245 0.41597595162553697
858042865.6563324 0.4155911408974059
858717595.6320782 0.4152930732619313
859392325.607824 0.41501897475079436
860067055.5835698 0.41476937693393257
860741785.5593156 0.41452103556374326
861416515.5350614 0.4144874981221319
862091245.5108072 0.41432802613820646
862777220.9861487 0.4141583576126813
863451950.9618945 0.4138782668204599
864126680.9376403 0.41341067563460926
864801410.9133861 0.4132348215291207
865476140.8891319 0.412835754972044
866150870.8648777 0.4126892823713815
866825600.8406235 0.4125613181858893
867511576.315965 0.41252797404414676
868186306.2917109 0.41237067667854826
868861036.2674567 0.4120673416367445
869535766.2432024 0.4117900536842069
870210496.2189482 0.4115114126375368
870885226.194694 0.4114025850895615
871559956.1704398 0.41109896009844954
872245931.6457814 0.4108181444324628
872920661.6215272 0.4106785822845393
873595391.597273 0.41045933246986765
874270121.5730188 0.41013313977722926
874944851.5487646 0.4098712191251605
875619581.5245104 0.4095983770587164
876294311.5002562 0.4094502130889038
876969041.476002 0.4092035147631447
877655016.9513435 0.40903447446095575
879679206.8785809 0.4091736983348513
880353936.8543267 0.4085895476270608
881028666.8300724 0.40848714728363716
882389372.2811598 0.4080837798146262
883064102.2569056 0.4078393527566337
883738832.2326514 0.40756955515545157
884413562.2083972 0.4073609368068368
885088292.184143 0.40727052102459227
885763022.1598887 0.40703015325295594
886437752.1356345 0.40676224032079256
887112482.1113803 0.40662378964439244
887798457.5867219 0.4062441979988605
888473187.5624677 0.40596212588719105
889147917.5382135 0.4054964193713489
889822647.5139593 0.40536398513740335
890497377.4897051 0.40518107560501654
891172107.4654509 0.4051327749239126
891846837.4411967 0.40482859419654404
892521567.4169425 0.40442375282061155
893207542.892284 0.404410825925418
