1.0 1.0
5307876.809200258 0.9880027779500031
7995551.212587677 0.9820751612273961
10469561.123655593 0.9774807398538141
20388091.767118786 0.9546348770896155
25122447.09693512 0.958954057514318
26471907.04842671 0.9579899941701989
29170826.95140989 0.9531363643692327
29856802.42675145 0.952514456150244
33905182.281226225 0.9465355737643285
36615347.68380517 0.9429058877559771
40000243.06212991 0.9381185961120425
42710408.46470886 0.9344021232820778
44161077.91256232 0.9320072294187972
45398082.86809627 0.9308142946345929
47006189.31029042 0.9284079763996371
49603899.71691173 0.9245461548445864
50289875.19225329 0.9241713586592127
52291574.12029915 0.9213450267695104
54045872.05723822 0.9190336556222116
58780227.38705455 0.9119995069284608
59454957.362800345 0.9112702672184363
60804417.31429194 0.9091590625796883
61479147.29003773 0.9085429145469921
62839852.741125084 0.9068822525560408
64189312.69261668 0.9047780561439157
67293070.58104734 0.899919818193129
67686663.06689905 0.8992750612307907
68361393.04264484 0.8988888406737423
69710852.99413644 0.8973232217723406
71071558.4452238 0.8955845092440561
72421018.39671539 0.8935167940180071
73770478.34820697 0.8917389122152682
74445208.32395276 0.8911109557993949
75805913.77504012 0.8891916613992954
76761781.24068 0.8877590068205841
77189110.225319 0.8873889147888891
77863840.2010648 0.8867004764061346
78538570.17681059 0.885912098774401
80562760.10404798 0.8832675007929858
80956352.58989969 0.8828648637019572
81349945.07575141 0.8824622266119116
82699405.027243 0.8808990077882956
85409570.42982195 0.8766405973391007
86084300.40556774 0.8761048039196307
86657820.88495167 0.8755233130134611
87130131.86797373 0.8750105603430922
87714897.8469534 0.8745999549937368
90413817.7499366 0.870546127196179
91088547.7256824 0.869993917242729
91763277.70142819 0.8696739388388538
92168115.68687567 0.8694874047740124
92280570.6828333 0.8694334510203596
92674163.168685 0.8687247559787749
93348893.1444308 0.8679695954274865
94698353.0959224 0.8660968625409492
96047813.04741399 0.86417497605633
96733788.52275555 0.8634479444193233
97262327.00375642 0.8630075781018877
98465595.46050309 0.8620308423467464
99826300.91159044 0.8602711051336785
100501030.88733624 0.8595336091567009
100894623.37318796 0.8591018831206697
101288215.85903966 0.8586680450154796
102648921.31012702 0.8563909469822226
103323651.28587282 0.8561916445025004
103998381.26161861 0.8555170305692064
104673111.23736441 0.8550506474066485
105347841.21311021 0.8543112313662626
106022571.18885599 0.8535889998858099
107383276.63994335 0.8522161552518852
110082196.54292654 0.8491165984786041
110756926.51867233 0.8483511655930958
111431656.49441813 0.8478144121419219
112454996.95763259 0.8463266517721024
113028517.4370165 0.8458577725279004
113703247.4127623 0.8453247631987011
115738682.83959545 0.8427258627030025
119787062.69407022 0.8371305127867401
122497228.09664917 0.8355694060322832
122947048.0804797 0.835563645845008
123385622.56471446 0.835012971941498
124060352.54046026 0.8343226134963184
124667609.51863147 0.8336427193920929
125004974.50650437 0.8333021003178855
125421057.99154761 0.8331309267524449
126095787.96729341 0.8324773375029512
128119977.8945308 0.8298021145265931
128794707.8702766 0.8295372419148092
129469437.8460224 0.828800609965677
130830143.29710975 0.8278881002974253
131932202.25749454 0.8264678301220929
132505722.73687847 0.8258068486325084
133191698.21222003 0.8253851069201046
133866428.18796583 0.8247261414958208
134518667.16452008 0.82405613571333
135564498.62692606 0.8227526053324589
135958091.1127778 0.8222618373766111
136632821.0885236 0.8215824232877459
137307551.0642694 0.8208301428296036
137982281.0400152 0.8206124077506007
138668256.51535675 0.820354447363547
139342986.49110255 0.8200664379997865
140692446.4425941 0.8183884954470096
143616276.33749256 0.8169343361691376
146056549.7497732 0.8133448754688369
146731279.725519 0.8126829339475485
148080739.6770106 0.8109951990759123
148755469.6527564 0.8104380929630327
149430199.62850216 0.8102818958845074
150790905.07958952 0.8086212338935563
151465635.0553353 0.8085949290388245
152815095.0068269 0.8070621432043998
155525260.40940586 0.8045687501392045
158224180.31238905 0.8018353492708755
158898910.28813484 0.8014721694629278
159573640.26388064 0.8008541493702271
159967232.74973235 0.8004936096482369
160360825.23558405 0.8001312938691179
160844381.71820188 0.7997645139435087
161316692.70122394 0.7993888057288518
162666152.65271553 0.7981828145201573
163340882.62846133 0.7974791116408777
164015612.60420713 0.7967582722050688
165376318.05529448 0.7951069705180712
166365922.01972163 0.7936107138711608
167040651.99546742 0.7930984412161523
167591681.47565985 0.7924056346917493
168142710.95585224 0.7917916467296499
169492170.90734383 0.7905088050225146
170639211.86611167 0.7891489208092218
171505115.33498546 0.7874373291620771
171898707.82083717 0.7869798262881122
173934143.24767032 0.7848925264253276
174608873.22341612 0.784655014703838
176633063.15065348 0.7823611641265367
177307793.12639928 0.7818474514244635
177982523.10214508 0.7813922526254089
178668498.57748663 0.7806114112380793
180017958.52897823 0.7787408864235765
180692688.50472403 0.7785801771990897
182042148.45621562 0.7770007818496653
182716878.43196142 0.7763139275182886
183402853.90730298 0.7759194026918661
184077583.88304877 0.775678098845981
186776503.78603196 0.7728486948563985
188811939.2128651 0.769918391587116
190161399.1643567 0.7696297582026986
192185589.09159407 0.7669900083792752
192860319.06733987 0.7663814925948415
193546294.54268143 0.765863219745369
194221024.51842722 0.7651433883417189
194895754.49417302 0.7645974665923423
195570484.46991882 0.7645420247901872
196245214.4456646 0.7641438038432277
197594674.3971562 0.7625193350287433
198955379.84824356 0.7610067098502735
199630109.82398936 0.7603365600624865
201654299.75122675 0.7579011048810905
202329029.72697255 0.7572249548978565
203003759.70271835 0.7568639351605058
205039195.1295515 0.7529778728164782
205556488.1109566 0.7528535967756468
206085026.59195748 0.7528126034436089
206759756.56770328 0.7525215699814061
208604018.50140843 0.7494481740585435
209110065.98321778 0.7489422856114669
209616113.46502712 0.7488844917329639
210122160.94683647 0.7481646603293138
210785645.4229865 0.7473811308555721
212821080.84981966 0.7442044355742408
214845270.77705705 0.742298725616413
222964521.4851981 0.751903261879096
223639251.4609439 0.7516269168941992
224313981.4366897 0.7511060039587694
224763801.42052025 0.750614179968342
224954974.91364822 0.7501838459769546
225371058.39869145 0.7498296424614586
226045788.37443724 0.7493075774875907
226720518.35018304 0.7487402950443497
227395248.32592884 0.748167876433507
228069978.30167463 0.7475147191989192
228755953.7770162 0.7470683526860368
229430683.752762 0.7464436123743569
230105413.7285078 0.745948428275423
230780143.70425358 0.7458099437726462
232129603.65574518 0.7441645942796579
232804333.63149098 0.7439946687545477
233479063.60723677 0.7434149059050522
234839769.05832413 0.7421119515433999
235514499.03406993 0.7416907858511982
236189229.00981572 0.7413044692912742
236863958.98556152 0.7408751433330286
237538688.96130732 0.7402722437315569
238213418.93705308 0.7396147183533545
238899394.41239464 0.7390804129823869
239574124.38814044 0.7385934851513892
241598314.31537783 0.7370005053606761
242273044.29112363 0.7363079868448997
242947774.26686943 0.7358601802859357
243622504.24261522 0.7352634728856619
244308479.71795678 0.7345886189451791
244983209.69370258 0.7342322553590862
245657939.66944838 0.7339814472049344
246332669.64519417 0.7335169361023808
247007399.62093997 0.7327717598757029
247682129.59668577 0.7323023046122817
248131949.58051628 0.7318445617301452
248536787.56596377 0.7314942943423748
249155290.04373074 0.7308140162256641
249830020.01947653 0.7305177505929844
250504749.99522233 0.7298285921876808
251865455.4463097 0.7287115958716508
252540185.42205548 0.7281873228267313
253214915.39780128 0.727589319383706
253889645.37354708 0.7270385014758828
254564375.34929287 0.7266431606220696
255239105.32503867 0.7262316432434309
255913835.30078447 0.7256679609168681
256599810.77612603 0.7252968128496108
257274540.75187182 0.7250114435718076
257949270.72761762 0.7243871352750336
258624000.70336342 0.7236353348322518
259298730.67910922 0.723101269468473
259973460.654855 0.7224519523577522
260648190.6306008 0.7217432093147297
261075519.6152398 0.7216422140321542
261491603.10028306 0.7211677666064279
262177578.57562461 0.7207526971115656
262852308.55137038 0.7203433398025408
263527038.52711618 0.7198925571465722
264201768.50286198 0.7193357870447398
264876498.47860777 0.7189206695484397
265551228.45435357 0.7184344137395366
266225958.43009937 0.717942061732311
266900688.40584517 0.7173114652304804
267586663.88118672 0.7168790671723547
268002747.36622998 0.7163886352275542
268171429.86016643 0.7160546883699055
268598758.8448054 0.7155697286027706
269273488.8205512 0.7151764998181163
269948218.796297 0.7149196434670798
270622948.7720428 0.7142313490896216
271297678.7477886 0.7136328176297981
271972408.7235344 0.7132724699145419
272647138.6992802 0.7127519409906139
273321868.675026 0.7120032606501331
273996598.6507718 0.711695474642903
275357304.10185915 0.7104861713261563
276032034.07760495 0.7100122039167738
276706764.05335075 0.7096151350072694
277381494.02909654 0.7089148882403549
278056224.00484234 0.7084354486533067
278730953.98058814 0.7079524089485969
279405683.95633394 0.7074714813130463
280091659.4316755 0.7068553812817876
280766389.4074213 0.7066133574133534
281441119.3831671 0.7061988159362723
282115849.3589129 0.7056874073091093
282790579.3346587 0.7053216834190629
284140039.2861502 0.703731919732543
284814769.261896 0.703043961365149
285500744.7372376 0.7026537566789371
286850204.68872917 0.7020198960704924
287524934.66447496 0.7015186637746738
288199664.64022076 0.700868386633232
288874394.61596656 0.7004918623911843
289549124.59171236 0.6997566224876789
290898584.54320395 0.6987838708607179
291584560.0185455 0.6982691021250483
292259289.9942913 0.6978369440750944
292934019.9700371 0.6974730442436144
293608749.9457829 0.6968589122772018
294283479.9215287 0.6963196627453667
294958209.8972745 0.6960600223030765
295632939.8730203 0.6956520090382406
296318915.34836185 0.6952562841719424
296993645.32410765 0.6947842368249848
297668375.29985344 0.6941698168489625
298343105.27559924 0.6936290792686252
299017835.25134504 0.6934234405833918
300367295.20283663 0.6918770223052576
301042025.17858243 0.6915521477429358
301716755.1543282 0.6914335358874873
302121593.1397757 0.6913643176363263
302515185.6256274 0.6912950993861484
303189915.6013732 0.6909876973923862
303864645.577119 0.6905802601457864
307924270.93118954 0.6879259658493703
308599000.90693533 0.6878103300889603
309273730.88268113 0.6871904379352723
309768532.8648947 0.686909580804414
310015933.8560015 0.6867523756937302
310229598.348321 0.6863567468303071
310713154.8309388 0.6860645133292116
311387884.8066846 0.6856702285109609
312062614.7824304 0.6849822221421291
312737344.7581762 0.6844883820864013
313412074.733922 0.6840526719202237
314086804.7096678 0.6834818853631798
314761534.6854136 0.6828876260421293
315447510.16075516 0.6825607354145069
316122240.13650095 0.6822376849117346
316796970.11224675 0.6814434990912882
317471700.08799255 0.6811041760588492
318146430.06373835 0.6806314566897971
318821160.03948414 0.6801561452362253
319495890.01522994 0.6797571082628581
319889482.50108165 0.6795243006940642
320294320.4865291 0.6792905330935661
320969050.4622749 0.6789002804059165
322318510.4137665 0.6778496702483563
322993240.3895123 0.6773534781162805
324342700.3410039 0.6763752543126368
325028675.81634545 0.6756570549618023
325703405.79209125 0.6752649302131654
326378135.76783705 0.674804067229711
327052865.74358284 0.6743596687816743
327727595.71932864 0.6738717809189726
328402325.69507444 0.6731702861127107
329077055.67082024 0.6728848208310491
329751785.64656603 0.6725384415695665
330426515.62231183 0.6718591234835769
331112491.0976534 0.6715470653385569
331787221.0733992 0.6712066862715382
332461951.049145 0.6705681695118356
333136681.0248908 0.6703298417639383
333811411.0006366 0.6698924515435074
334486140.9763824 0.6693922752812853
335846846.42746973 0.6683180483563882
336521576.4032155 0.6677388615261117
337196306.3789613 0.6675397990535782
338545766.33045286 0.666443923425207
339220496.30619866 0.6659424031197788
339895226.28194445 0.6657620132546977
340569956.25769025 0.6656161845132681
341255931.7330318 0.6652010190155302
341930661.7087776 0.664509076518973
342605391.6845234 0.6639053128896555
343280121.6602692 0.6634951875556606
343954851.636015 0.6627152581985974
344629581.6117608 0.6621392874725143
345304311.5875066 0.6620650770600311
345990287.06284815 0.6613949272722441
346665017.03859395 0.6607339937840975
347339747.01433975 0.6605229309216529
348014476.99008554 0.6605188027871933
349363936.94157714 0.6595178742454961
350038666.91732293 0.6588807495314203
350713396.89306873 0.6582300403750727
351399372.3684103 0.6578650365075753
351792964.854262 0.65765224558944
352175311.84051794 0.6574415667404636
352850041.81626374 0.6567323916835184
353524771.79200953 0.6563931166535002
354199501.7677553 0.6561767736191411
354885477.2430969 0.6556646449684457
355560207.2188427 0.6549882069765852
356234937.1945885 0.6546076986053743
356909667.1703343 0.6543770031047563
357584397.1460801 0.653605570023801
358259127.1218259 0.65318795644684
358933857.0975717 0.6529013871301441
359608587.07331747 0.6528154643363765
360969292.5244048 0.651712676482292
361644022.5001506 0.6513622650902084
362318752.4758964 0.6509019301235521
362993482.4516422 0.650407370044292
363668212.427388 0.6499591314714053
364354187.9027296 0.6492402600994592
365028917.87847537 0.6491894264461411
365703647.85422117 0.6488060859832218
366378377.82996696 0.6484504904220988
367053107.80571276 0.6481504326669897
367727837.78145856 0.6480033558852294
368402567.75720435 0.647591598498419
369077297.73295015 0.647220162421552
369763273.2082917 0.6466222549823853
370438003.1840375 0.6461072462385439
371787463.1355291 0.644909991313146
372462193.1112749 0.6444702010149296
373136923.0870207 0.6441803195901818
373811653.0627665 0.6439027745673753
374486383.0385123 0.6434759926912286
375172358.51385385 0.6430771477245955
375847088.4895996 0.6427104158014072
376521818.4653454 0.6420512103689515
377196548.4410912 0.6418968853514136
377871278.416837 0.6414710635069709
378546008.3925828 0.6414024692774498
379220738.3683286 0.6413345950704777
379648067.3529676 0.6411789740111716
380075396.3376066 0.640911893327353
380761371.81294817 0.6404417180413827
381447347.2882897 0.6398740515846736
382122077.2640355 0.6394564860091503
382808052.7393771 0.6390262960230592
383482782.7151229 0.6384187402703294
384168758.19046444 0.6380553684556477
384843488.16621023 0.6376786522088321
385518218.14195603 0.6373137443442103
386192948.1177018 0.6369189795096161
386878923.5930434 0.6364246114370898
387553653.5687892 0.6361045370303393
388228383.544535 0.6355795919633253
388903113.5202808 0.6352123320233387
389577843.4960266 0.6345012369039684
390252573.4717724 0.6342474046513742
390927303.44751817 0.6339584832583305
391602033.42326397 0.6334348822345226
392288008.8986055 0.633115767859476
392906511.37637246 0.6327592602690699
393277612.86303264 0.6324504182282432
393704941.8476717 0.6322696923521149
394379671.8234175 0.6319352174776678
395065647.29875904 0.6312996768149698
395740377.27450484 0.6310039392000713
396426352.7498464 0.6303028284053114
397101082.7255922 0.6302276579611241
397775812.701338 0.6297258496470695
398450542.6770838 0.6292811151879856
399035308.65606344 0.6288330686208499
399620074.63504314 0.6285622918174774
400013667.12089485 0.6283795498760484
400407259.60674655 0.6281966639303064
401093235.0820881 0.6277060399787718
401767965.0578339 0.6275984684815301
402442695.0335797 0.6271560380973564
403117425.0093255 0.6264687997534948
403792154.9850713 0.6260456179950095
404466884.9608171 0.6256949665947539
405141614.9365629 0.625489423912396
405816344.9123087 0.6248786520544898
406502320.38765025 0.6245929467656395
407177050.36339605 0.6239682064539596
407851780.33914185 0.623460781956943
408526510.31488764 0.623205941671207
412170052.18391496 0.6208247762554943
412844782.15966076 0.6203127436076744
413530757.6350023 0.6199615641906208
414003068.61802435 0.6199392434650521
414216733.1103439 0.6196509460916821
414632816.5953871 0.6193946177574439
415307546.5711329 0.6188504240647414
415993522.04647446 0.6184058336109539
416668252.02222025 0.6180491820152515
417342981.99796605 0.6174098972305787
418017711.97371185 0.6174001529141402
418422549.9591593 0.6171479527143615
418838633.44420254 0.6169289695950281
419513363.41994834 0.6162602118518848
420188093.39569414 0.615952761856685
420862823.37143993 0.6157571554965167
421537553.34718573 0.61517489656636
422212283.3229315 0.6145932616558771
422887013.2986773 0.6145121870201016
423572988.7740189 0.6143841188568409
424247718.7497647 0.6141710399290959
424922448.7255105 0.6134892737629
425597178.7012563 0.6131084773830625
426271908.6770021 0.6125634196615314
426721728.6608326 0.6123477486502499
426957884.15234363 0.6121863194012478
427407704.13617414 0.6119079103496127
428082434.11191994 0.6115744915097451
428768409.5872615 0.6112639694146652
429443139.5630073 0.6105958356921787
430117869.5387531 0.610466999502965
430792599.5144989 0.6102011188590222
431467329.4902447 0.6098847885742461
432142059.4659905 0.6093724199163622
432535651.9518422 0.6090725541670039
432670597.9469914 0.6089706468541621
433086681.4320346 0.6086745732272332
433761411.4077804 0.608258159689165
434436141.3835262 0.6078648349016351
435110871.359272 0.6074950308785668
435785601.3350178 0.6072793118648645
436471576.81035936 0.6071862848406155
437146306.78610516 0.6069906784814304
437821036.76185095 0.6066996930206653
438495766.73759675 0.6062147332535304
439170496.71334255 0.6060083265423439
439845226.68908834 0.6055131904448477
440519956.66483414 0.6051655631430347
441205932.1401757 0.6046871795895828
441880662.11592144 0.6042655818824754
442555392.09166723 0.6038771052529376
443230122.06741303 0.6035502626257698
443904852.0431588 0.6031791145594954
444579582.0189046 0.6029300344610347
445254311.9946504 0.6025186610867093
445940287.469992 0.6020531899534346
446615017.4457378 0.6015699102405531
447289747.4214836 0.6013372946784932
447964477.3972294 0.6009793950424602
448639207.3729752 0.6006929217286399
449313937.34872097 0.6005366766486769
449988667.32446676 0.5998854394755311
450663397.30021256 0.5996297831633873
451349372.7755541 0.5992778357213636
452024102.7512999 0.5989408647652724
452698832.7270457 0.5983373411441268
453373562.7027915 0.5979119513136069
454048292.6785373 0.5974720650115318
454723022.6542831 0.5971545346878632
455397752.6300289 0.5968012432016504
456072482.6057747 0.5963177714830178
456758458.08111626 0.5960234259137461
458107918.03260785 0.5954719839852661
458782648.00835365 0.5950908995958192
459457377.98409945 0.5946532693672165
460132107.95984524 0.5942010466641834
460806837.93559104 0.5937001503794119
461481567.91133684 0.5931344519875488
462156297.88708264 0.5926217953200552
462842273.3624242 0.592120467020378
463517003.33817 0.5919405571716405
464191733.3139158 0.5917816240042825
464866463.2896616 0.5914386528537273
465541193.2654074 0.5909604613070095
466215923.2411532 0.5907481984056724
466890653.216899 0.5902820072488655
467565383.1926448 0.5897461658269747
468251358.66798633 0.5895460473208447
468926088.64373213 0.5891651549371487
469600818.6194779 0.5885230860622054
470275548.59522367 0.5883280077198184
470950278.57096946 0.5880508467094968
471625008.54671526 0.5876005920703266
472299738.52246106 0.5875947838816136
472985713.9978026 0.5872101473759429
473660443.9735484 0.5867162113173395
474054036.4594002 0.5864280099478281
474447628.9452519 0.5861385125355654
475122358.9209977 0.5859059449739602
475797088.8967435 0.5852369952250659
476471818.8724893 0.5847827564567322
477157794.34783083 0.5846112468812272
477832524.3235766 0.5842965966507045
478507254.2993224 0.5840426203937971
479181984.2750682 0.5833830309488565
479856714.25081396 0.5830615164960243
480531444.22655976 0.582942280619919
481892149.6776471 0.5819484563087031
482566879.6533929 0.5814535602183956
483241609.6291387 0.5812350571144227
483916339.6048845 0.5809842969617086
484591069.5806303 0.5804033340733202
485265799.5563761 0.5800854677386043
486626505.00746346 0.5796057401419463
487301234.98320925 0.5789637192684408
487975964.95895505 0.5786131638710609
489325424.91044664 0.5779731590638391
491360860.3372798 0.5776125713394278
492035590.3130256 0.5768210736063765
492710320.2887714 0.5767001576750348
493385050.2645172 0.5763920356577404
494059780.240263 0.5761796767535278
494734510.2160088 0.5757268300308208
498794135.5700793 0.5744169634444384
499468865.5458251 0.5740585357916073
500143595.5215709 0.5736762513622843
500818325.4973167 0.5733837298515791
501504300.9726583 0.5730543431423127
502179030.9484041 0.5726069205958337
502853760.9241499 0.572351648297158
503528490.89989567 0.5718713926827189
504203220.87564147 0.5717126515220949
504877950.85138726 0.5713647362106723
505552680.82713306 0.570929554061293
506227410.80287886 0.5705534138327134
506913386.2782204 0.5702044904881489
507588116.2539662 0.5698976645126228
508262846.229712 0.569540724908294
508937576.20545775 0.568984434821822
509612306.18120354 0.5686235590887845
510287036.15694934 0.5684895867339355
510961766.13269514 0.5681389353326969
511636496.10844094 0.5676228225528382
512322471.5837825 0.5674079195665267
512997201.5595283 0.5669633291117561
513671931.5352741 0.566731529575121
514346661.5110199 0.5663947986272014
515021391.4867657 0.5658840620221329
515696121.4625115 0.5653320440754169
516370851.4382573 0.5652623458098786
517045581.4140031 0.5648552925757638
517720311.3897489 0.564582787715717
518406286.8650904 0.5642384245195351
519081016.8408362 0.563857148123354
519755746.816582 0.5632315437838287
520430476.7923278 0.5631684217319731
520970260.7729245 0.5628853085276424
521521290.25311685 0.5624367339427253
522196020.22886264 0.5621852057650412
522870750.20460844 0.5617729683628703
523545480.18035424 0.5613323620382461
524220210.15610003 0.5609252608017106
524894940.13184583 0.5605979861616033
525569670.1075916 0.5602803118336211
526255645.5829332 0.5598879470768126
526930375.558679 0.55955798434931
527402686.541701 0.5591371546671725
527886243.0243189 0.5589589248726883
528560973.0000647 0.5585826406388125
529910432.95155627 0.5582703904870584
530585162.92730206 0.5582544539684388
531259892.90304786 0.5579266033100955
531934622.87879366 0.5576114730642122
532620598.3541352 0.5573471284702094
533295328.329881 0.5570595511203718
533801375.81169033 0.5568034627943053
534318668.79309547 0.5564667318463858
534993398.76884127 0.5561009119524808
535668128.74458706 0.5557508845728821
536162930.7268006 0.5555905113584595
536657732.7090142 0.5553084541887083
537051325.194866 0.5550838068849753
537456163.1803133 0.5548589195730703
538130893.1560591 0.5545620299207168
538805623.131805 0.5543385826558764
539480353.1075507 0.5537004499086589
540155083.0832965 0.5532977168157377
540829813.0590423 0.5530555009405694
541504543.0347881 0.5527026414682794
542179273.0105339 0.5524085839076343
542854002.9862797 0.5519446488242997
543539978.4616213 0.5516525593275173
544102253.4414095 0.5512824672958225
544664528.4211977 0.5509757373231718
545339258.3969434 0.5506192777342035
546013988.3726892 0.5503239721332278
546688718.348435 0.5498865819127969
547374693.8237766 0.5497055200256213
548049423.7995224 0.5495867641648765
548724153.7752682 0.5491322373869333
549398883.751014 0.548628989025814
550073613.7267598 0.54830032234008
550748343.7025056 0.5479923443270988
551423073.6782514 0.5476139000236091
552109049.153593 0.5470370652686974
552783779.1293387 0.5468313305805884
553458509.1050845 0.5465735141978478
554133239.0808303 0.5462485916340883
554807969.0565761 0.5459171888595213
555482699.0323219 0.5456524122515958
556157429.0080677 0.5452254383696981
556832158.9838135 0.5448615385382181
557518134.4591551 0.5445750652243977
558192864.4349009 0.5441698360498325
558867594.4106467 0.5437289897170365
559542324.3863925 0.5435422156440235
560217054.3621383 0.5431601232224178
560891784.3378841 0.543025478844491
561566514.3136299 0.5426810196454336
562241244.2893757 0.5421046169054277
562927219.7647172 0.5418579848871733
563601949.740463 0.541544630699402
564276679.7162088 0.5409210424251771
564951409.6919546 0.540524693539205
565626139.6677004 0.5404635875526501
566975599.619192 0.5399855400102455
567650329.5949378 0.5398244947737283
568325059.5706836 0.5394555067770677
568999789.5464294 0.5391197838622901
569685765.021771 0.5386724573186865
570360494.9975168 0.5382986691664547
571035224.9732624 0.5380393167337741
571709954.9490082 0.5376722007981007
572384684.924754 0.5371960733191044
573059414.9004998 0.5369985468965109
573734144.8762456 0.5368192610674472
574408874.8519914 0.5365431080892844
575094850.327333 0.5361082619519354
575769580.3030788 0.5358056601137444
576444310.2788246 0.5354810735610323
577119040.2545704 0.5349989458856058
577793770.2303162 0.5347403134774404
578468500.206062 0.5344139508666164
579143230.1818078 0.534173079034654
579829205.6571493 0.533750617299701
580503935.6328951 0.5335715234773712
581178665.6086409 0.5334541596612703
581853395.5843867 0.5330427862869449
582528125.5601325 0.5326672220766013
583202855.5358783 0.5323658202773031
583877585.5116241 0.532191430607669
584552315.4873699 0.5317790011987641
585238290.9627115 0.5313238023997094
585913020.9384573 0.5310550896630751
586587750.914203 0.5307950172078453
587262480.8899488 0.5306266277326751
587937210.8656946 0.5302578797441863
588611940.8414404 0.5298566346987845
589297916.316782 0.5294247646584401
589972646.2925278 0.5293603465638332
590647376.2682736 0.5288535940879281
591322106.2440194 0.5287161176182932
591996836.2197652 0.528397915273513
592671566.195511 0.528123730359213
593346296.1712568 0.5276218740427375
594021026.1470026 0.5273741379884659
594707001.6223441 0.5270753282727042
595381731.5980899 0.5267892869728065
596056461.5738357 0.5265112619336564
596731191.5495815 0.5259951971562186
597405921.5253273 0.5257033956690458
598080651.5010731 0.525674738736983
598755381.4768189 0.5254391950793562
599441356.9521605 0.5249334986380305
600116086.9279063 0.5246996350346571
600790816.9036521 0.5242587887018612
601465546.8793979 0.5240930393126484
602140276.8551437 0.5238607597606527
602815006.8308895 0.523356647371688
603489736.8066353 0.5231132314576269
604164466.782381 0.5228185498763249
604850442.2577226 0.5223739594225374
605525172.2334684 0.522131743547369
606199902.2092142 0.5218689350033063
606874632.18496 0.5214822824323351
607616835.1582804 0.5212602752135762
608032918.6433237 0.5210219954671166
608718894.1186652 0.5207717153297631
609393624.094411 0.5202868995679245
610068354.0701568 0.5199735453801532
611417814.0216484 0.5196372944475942
612092543.9973941 0.5193289324221281
612767273.9731399 0.5187777785032576
613442003.9488857 0.5185803480845227
614116733.9246315 0.5182766422103144
614802709.399973 0.5179548397478727
618176359.278702 0.5168978933838181
618851089.2544478 0.5167240797334032
619525819.2301936 0.5164183097924566
620200549.2059394 0.5161064916546253
620886524.681281 0.5158966288310737
621561254.6570268 0.5155091122322569
622235984.6327726 0.5152341592929869
622910714.6085184 0.5150478652363174
623585444.5842642 0.514663180729209
624260174.56001 0.5141306034139325
624934904.5357558 0.5139553497164528
625609634.5115016 0.5136635482292801
626295609.9868431 0.513325185228545
626970339.9625889 0.5132222218811235
627487632.943994 0.5129758298700579
628016171.424995 0.5127215176021032
628690901.4007407 0.5124279880582562
629365631.3764865 0.5120991293667712
630040361.3522323 0.5116769556414276
630715091.3279781 0.511421059321112
631401066.8033197 0.5111051130498041
632075796.7790655 0.5107872947165258
632750526.7548113 0.5104489317157908
633425256.7305571 0.5100427425095216
634099986.7063029 0.5097651014828566
634774716.6820487 0.509508821151039
635449446.6577945 0.5092276760105711
636124176.6335403 0.5088712644220573
636810152.1088818 0.5085135087913206
637484882.0846276 0.50828238127678
638159612.0603734 0.5081247921536112
638834342.0361192 0.507816622133896
639509072.011865 0.5073536470812824
640183801.9876108 0.5070565654231779
640858531.9633566 0.5069071365650698
641544507.4386982 0.506617639152807
642219237.414444 0.5062801401799175
642770266.8946363 0.5061414636713897
643332541.8744245 0.5059045759695739
644018517.349766 0.5055850775820423
644693247.3255118 0.5053400776166035
645367977.3012576 0.5049588012204225
646042707.2770034 0.5046816402091179
646717437.2527492 0.5043935828439197
647392167.228495 0.5041563111296188
648066897.2042408 0.5038674857394506
648752872.6795824 0.5034613445356022
649427602.6553282 0.5031717511194809
650102332.631074 0.5028149555194652
650777062.6068197 0.5025448507381872
651451792.5825655 0.5023658049172952
652126522.5583113 0.5021097645926664
652801252.5340571 0.5017883461427098
653475982.5098029 0.501446863040657
654161957.9851445 0.5009865280740008
654836687.9608903 0.5008406033296955
655241525.9463378 0.500634388625243
655646363.9317852 0.500511024614678
656321093.907531 0.5001599892019376
657007069.3828726 0.5000134404369755
657681799.3586184 0.4997031103476465
658356529.3343642 0.4993867320614328
659031259.31011 0.4989919672268385
659705989.2858558 0.49861481896511706
660380719.2616016 0.49824347889210857
661055449.2373474 0.498157172085856
661730179.2130932 0.4977572230832055
662416154.6884347 0.49764902756530704
663090884.6641805 0.49720429310622327
663765614.6399263 0.4968721223066862
664440344.6156721 0.4967341178192699
665115074.5914179 0.4962646625568319
665789804.5671637 0.4958612094393955
666464534.5429095 0.4955915846734781
667150510.0182511 0.49533568835414554
667825239.9939969 0.49527170227346146
668499969.9697427 0.49495863609529955
669174699.9454885 0.4945194218153192
669849429.9212343 0.4941562420073715
670524159.89698 0.49390480983354595
671198889.8727258 0.4935159491905401
671873619.8484716 0.49323466004575894
672559595.3238132 0.4929048893240075
673234325.299559 0.4925697904289036
673909055.2753048 0.4922904693479852
674583785.2510506 0.4921991703794274
675258515.2267964 0.49194279404375135
675685844.2114353 0.491678161440139
676101927.6964786 0.491595982768346
676889112.668182 0.4911667528129759
677575088.1435236 0.4908892077901695
678249818.1192694 0.4907900845675981
678924548.0950152 0.4904249366957876
679599278.070761 0.48993752884942954
680274008.0465068 0.489443592789843
680948738.0222526 0.4893053002938003
681623467.9979984 0.4890989415850346
682298197.9737442 0.4890109547245286
682984173.4490857 0.4886661115129861
683658903.4248315 0.48828637116674517
684333633.4005773 0.48784518882290184
685008363.3763231 0.48762073352491975
685683093.3520689 0.4873690133414846
686357823.3278147 0.4868540045976433
687032553.3035605 0.4867006876122641
687707283.2793063 0.48629512242665174
688393258.7546479 0.48613666927563726
689067988.7303936 0.48593779880983773
689742718.7061394 0.48568214249769404
690417448.6818852 0.4853722444222878
691092178.657631 0.4849977362465237
691766908.6333768 0.4848201304717133
692441638.6091226 0.48444994243615985
693116368.5848684 0.48422399909065844
693802344.06021 0.48396210257587896
694477074.0359558 0.48371451052592046
695151804.0117016 0.483436197478144
695826533.9874474 0.48313973983971326
696501263.9631932 0.48271732610619794
697175993.938939 0.482557960923934
697850723.9146848 0.4821375152552646
698525453.8904306 0.4819224682636568
699211429.3657721 0.48170713326243947
699886159.3415179 0.48123628595437473
700560889.3172637 0.48094064434235173
701235619.2930095 0.4807212292090956
701910349.2687553 0.4804253955903386
702585079.2445011 0.4802298852340287
703259809.2202469 0.48004829533005494
703945784.6955885 0.47977833455309016
704620514.6713343 0.4793039351297847
705295244.6470801 0.47906061521859916
705969974.6228259 0.47859903221161243
706644704.5985717 0.47818914688578934
707319434.5743175 0.47781439870185344
707994164.5500633 0.4777519006696717
708668894.525809 0.47696121896302807
709343624.5015548 0.47646891495724025
710029599.9768964 0.47640540889289973
710704329.9526422 0.4760196683512117
711379059.928388 0.47566848893415803
712053789.9041338 0.47528812456726016
712571082.8855388 0.47498830681933973
712818483.8766457 0.4748474702411983
713212076.3624973 0.47461365463926247
713898051.8378389 0.4745386282003716
714572781.8135847 0.4740693649436846
715922241.7650763 0.4736883285546922
716596971.7408221 0.47343257623967294
717271701.7165679 0.47298073755010783
717946431.6923137 0.47277788295416195
718621161.6680595 0.4725448353781794
719295891.6438053 0.4719451038794631
719981867.1191468 0.47170898420261725
720656597.0948926 0.4715268662818452
721331327.0706384 0.4713516605848203
722006057.0463842 0.47098843277543484
722680787.02213 0.470701095433769
723355516.9978758 0.4705328019624574
724030246.9736216 0.47012426067984037
724704976.9493674 0.46982079481380384
725390952.424709 0.4694624151624104
726065682.4004548 0.4690768186250356
726740412.3762006 0.46906731431676885
727415142.3519464 0.46874973599166236
728089872.3276922 0.46839476445021316
728764602.303438 0.4680779061486389
729439332.2791837 0.46789746828212014
730114062.2549295 0.46759496244778775
730800037.7302711 0.46729768878294925
731474767.7060169 0.4669522215507499
732149497.6817627 0.46680624880500693
732824227.6575085 0.4665981140381294
733498957.6332543 0.4663703946345161
734173687.6090001 0.46618059646306065
734848417.5847459 0.4658852908630681
735523147.5604917 0.4655786568932929
736197877.5362375 0.46528709541429186
736883853.011579 0.46497858938352943
737558582.9873248 0.46480899987044955
738233312.9630706 0.4645772483352521
738908042.9388164 0.4643248081282847
739582772.9145622 0.46421493255613305
740257502.890308 0.46381047140555476
740943478.3656496 0.4635943203789128
741618208.3413954 0.46348334077074377
742292938.3171412 0.46331418327060364
742967668.292887 0.4630318380912429
743642398.2686328 0.46283503169218176
744317128.2443786 0.4625632948580882
745666588.1958702 0.46241295396971366
746352563.6712117 0.4620625425776301
747027293.6469575 0.461649537149506
750873254.5087085 0.46220841932049755
751547984.4844543 0.46190034530365787
752222714.4602001 0.4616349446750755
752897444.4359459 0.4613053659600581
753572174.4116917 0.4612050907000317
754258149.8870332 0.46114499274563553
754932879.862779 0.46092994575402774
755607609.8385248 0.4605246685780248
756282339.8142706 0.46026003597441245
756957069.7900164 0.4598628710620326
757631799.7657622 0.4596135509554
758306529.741508 0.45942716089585506
758992505.2168496 0.4592363546922409
759667235.1925954 0.45895871366557583
760341965.1683412 0.4584000235013183
761016695.144087 0.4583696385135645
761691425.1198328 0.4581034698600121
762366155.0955786 0.45781483647559484
763040885.0713243 0.4576034376030862
763726860.5466659 0.4573455252174701
764401590.5224117 0.4571426226210695
765076320.4981575 0.45678990715309276
765751050.4739033 0.45653362682127524
766425780.4496491 0.45634243660517604
767100510.4253949 0.45609402852880976
767775240.4011407 0.455886517782589
768449970.3768865 0.45557210756023814
769135945.852228 0.4552302404457002
769810675.8279738 0.45490800596933584
770485405.8037196 0.4547650093196144
771160135.7794654 0.4545871155361775
771834865.7552112 0.4543841649383391
772509595.730957 0.4541248125056584
773184325.7067028 0.45394346260985635
773859055.6824486 0.453663949522204
774545031.1577902 0.4534945040134373
775219761.133536 0.4530909068916877
775894491.1092818 0.45281845003307886
776569221.0850276 0.45261247533679816
777243951.0607734 0.45232484998552275
777918681.0365192 0.4519637342452964
778593411.012265 0.4517279505794979
779268140.9880108 0.4517113420387837
779954116.4633523 0.45140173197298705
780628846.4390981 0.4512046375652994
781303576.4148439 0.45097557411749706
781978306.3905897 0.4506971170644242
782653036.3663355 0.4501896445659699
783339011.8416771 0.4500584563004084
784013741.8174229 0.44995208484205956
784688471.7931687 0.4495829528410856
785363201.7689145 0.44935264135295283
786037931.7446603 0.4492241411747863
786712661.720406 0.44896181264608415
787387391.6961519 0.4486792274595347
788062121.6718976 0.44844843595505823
788748097.1472392 0.4480802639857885
789422827.122985 0.4478100632006519
790097557.0987308 0.44765050601362016
790772287.0744766 0.4473398399132439
791447017.0502224 0.44721945199870056
792121747.0259682 0.44690825788152605
792796477.001714 0.4466340249657883
793471206.9774598 0.44638508887164075
794157182.4528013 0.4461705218963765
794831912.4285471 0.4459448665595016
795506642.404293 0.44573610777196726
796181372.3800387 0.44554674161541763
796856102.3557844 0.44543989014170826
797530832.3315302 0.4451842338295645
798205562.307276 0.4448938243880185
798891537.7826176 0.4446292397858439
799566267.7583634 0.4443891839812724
800240997.7341092 0.4440766458199089
800915727.709855 0.4438232455812375
801590457.6856008 0.4435532848042727
802265187.6613466 0.4433422699442491
802939917.6370924 0.4431225187989626
803614647.6128381 0.44278953197301774
804300623.0881797 0.44240609550722293
804975353.0639255 0.44236870229088027
805650083.0396713 0.4421817362130993
806324813.0154171 0.441795083642128
806999542.9911629 0.4415241148320214
807674272.9669087 0.44129159527283707
808349002.9426545 0.4410883086629684
809023732.9184003 0.44076161004109704
809709708.3937418 0.44057041982598094
810384438.3694876 0.44039550213856554
811059168.3452334 0.439961520029062
811733898.3209792 0.4398464602878711
812408628.296725 0.4397770500319422
813083358.2724708 0.4395502426576121
813758088.2482166 0.43922786417595144
814432818.2239624 0.4389910244765564
815107548.1997082 0.4387794815987515
815793523.6750498 0.43845283097831794
816468253.6507956 0.43810390763375345
817142983.6265414 0.43784090708393975
817817713.6022872 0.43760646746134724
818492443.578033 0.4373535952404571
819167173.5537788 0.4370945308173859
819572011.5392263 0.4369358376581997
819976849.5246737 0.43681645777679806
820370442.0105255 0.4367355271453357
820764034.4963771 0.4365398247832749
821438764.4721229 0.43636327504304395
822113494.4478687 0.43625877564568244
822799469.9232103 0.43601411169030774
823474199.8989561 0.43572835840001967
824148929.8747019 0.43554422441394697
824823659.8504477 0.43533028145835656
825498389.8261935 0.4350697769882208
826173119.8019392 0.4349042676071798
826847849.777685 0.43470534913994263
827533825.2530266 0.4343366491528915
828208555.2287724 0.4339765894472447
828883285.2045182 0.4338955628129068
829558015.180264 0.43383743292237337
830232745.1560098 0.43359272096654405
830907475.1317556 0.43331162382751387
831582205.1075014 0.4330653758217445
832256935.0832472 0.4327170284963991
832942910.5585887 0.4324085704670744
833617640.5343345 0.4323490005304595
834292370.5100803 0.4321048165914284
834967100.4858261 0.4318524723873365
835641830.4615719 0.4316933472142275
836316560.4373177 0.4316178887604308
836991290.4130635 0.43123416428502637
837666020.3888093 0.43096377149413884
838340750.3645551 0.43065896158391326
839026725.8398967 0.43042793007323116
839701455.8156425 0.4302508523152189
840376185.7913883 0.43003042914882095
841050915.7671341 0.4297755408626303
841725645.7428799 0.42953711711087433
842400375.7186257 0.4292463716582811
843075105.6943715 0.42909324667963605
843761081.169713 0.429016684190805
844435811.1454588 0.4285308123934039
845110541.1212046 0.4283015569398506
845785271.0969504 0.4281767048807833
846460001.0726962 0.4280420125014189
847134731.048442 0.42781664517513657
847809461.0241878 0.4274804902454531
848484190.9999336 0.4272075533724668
849170166.4752752 0.42699994662238744
849844896.451021 0.42690432751361895
850519626.4267668 0.4268103884591038
851194356.4025126 0.4265105227097457
851869086.3782583 0.42615507115391915
852543816.3540041 0.426021674816323
853904521.8050915 0.42565575891954244
854579251.7808373 0.42557852440861693
855928711.7323289 0.4257032804648087
856603441.7080747 0.42507561205854505
857289417.1834162 0.42487563755672825
857964147.159162 0.4247704661372722
858638877.1349078 0.42458215601530214
859313607.1106536 0.42429352263088493
859988337.0863994 0.4240741554990664
