1.0 0.9936464334232177
674730.9757457955 0.9924636511123435
1068323.4615975094 0.9917750343578285
1203269.4567466686 0.9915391639621292
1630598.4413856724 0.9907930038067094
2147891.4227907825 0.9898913057696606
2485256.41066368 0.9893041535973885
2721411.9021747084 0.9888935745978353
3137495.387217949 0.9881710287478696
3812225.3629637444 0.9870016471577183
5161685.314455336 0.9846714390296851
6522390.76554269 0.982333298101755
7197120.741288485 0.9811781430394154
7871850.71703428 0.9800257955445161
9221310.66852587 0.9777294859923518
9896040.644271668 0.9765855053852647
10289633.13012338 0.9759194633721469
10694471.115570858 0.9752353731793482
11369201.091316653 0.9740974295535413
12043931.067062449 0.9729622363661676
13157235.527043013 0.9710951565032437
13494600.51491591 0.9705308419990305
14731605.470449869 0.9684675018933908
15912382.92800501 0.9665064330192253
16171029.418707564 0.9660779669782644
16598358.403346568 0.9653709311367635
17273088.379092366 0.9642567470106433
17947818.35483816 0.9631452345934877
21445168.729120534 0.9574263716779197
21557623.725078166 0.9572436588822921
21670078.721035797 0.9570610187556443
21782533.716993432 0.9568784512578894
22029934.708100222 0.9564770582191392
22299826.69839854 0.9560395750937497
22727155.683037546 0.9553477461883056
23401885.65878334 0.9542575081461626
24076615.634529136 0.9531698626301768
24616399.61512577 0.9523016070812442
24908782.604615618 0.9518319909381607
25324866.089658856 0.9511645240261608
25999596.065404654 0.9500842203365741
26393188.551256366 0.9494552258227859
26539380.04600129 0.9492218207940404
26966709.030640293 0.9485402467986159
27641439.00638609 0.9474661570556989
28316168.982131884 0.9463946065390841
28990898.95787768 0.9453255868750859
29665628.933623474 0.9442590897196668
30059221.41947519 0.9436381279798701
30306622.41058198 0.9432482463223095
30722705.895625222 0.942593295955425
31206262.37824304 0.9418333323196179
31599854.864094757 0.9412157035474108
31847255.855201546 0.9408279136166817
32263339.34024479 0.9401764754522817
32949314.815586347 0.9391045430251145
33624044.79133214 0.9380526780728395
34298774.76707794 0.9370032791257766
34726103.75171694 0.9363399315801157
35153432.736355945 0.9356775678657516
35828162.71210174 0.9346337285338081
36502892.68784754 0.9335923288059702
37402532.6555086 0.9322075769158166
37807370.640956074 0.931585843836396
38482100.61670187 0.9305515541135974
39168076.09204343 0.9295024949416775
39617896.075873956 0.9288159345702764
39977752.062938385 0.9282674527588202
40270135.05242823 0.9278223120649838
40674973.037875704 0.927206703344797
41349703.0136215 0.9261825940654582
42024432.9893673 0.9251608595796147
42530480.47117664 0.9243961124852254
43036527.95298599 0.9236326935518264
43711257.928731784 0.922616862021257
44385987.90447758 0.921603378133573
45060717.88022338 0.9205922341931064
45690465.857586116 0.9196506042357542
46320213.83494886 0.918710999738686
46994943.81069466 0.9177065212401276
47669673.786440454 0.9167043531874398
48355649.26178201 0.9156878430645575
49030379.2375278 0.9146903114300586
49423971.72337952 0.9141094749338083
49817564.209231235 0.9135294154069282
50492294.18497703 0.9125368310179652
51178269.66031859 0.9115300321446607
51852999.63606438 0.9105420210563727
52370292.6174695 0.909786074482001
52910076.59806613 0.9089986711913218
53461106.07825853 0.908196345674305
53708507.06936532 0.9078366038780188
54102099.555217035 0.9072649068959417
58161724.90928757 0.901412318084077
58836454.88503337 0.9004473092784135
59511184.86077916 0.899484481981881
60185914.836524956 0.8985238290861478
60860644.81227075 0.8975653435079979
61535374.78801655 0.8966090181892417
62210104.76376235 0.8956548460966259
62896080.239103906 0.8946869712672554
64245540.19059549 0.8927894013347496
64920270.16634129 0.8918438076735091
65595000.14208709 0.8909003323281173
66269730.117832884 0.8899589684134817
66854496.09681257 0.8891448222967608
67439262.07579225 0.8883322524941719
68125237.55113381 0.887381048787759
68799967.52687961 0.886447541832171
69440961.00383812 0.8855626360552973
70093199.98039238 0.8846641256584282
70588001.96260597 0.8839837853051737
71094049.44441532 0.8832891292097679
71487641.93026704 0.8827496409190665
71735042.92137383 0.8824108915236509
72274826.90197046 0.8816727580967002
72949556.87771626 0.8807519310243896
73624286.85346206 0.8798331418938805
74299016.82920785 0.878916384103865
74973746.80495365 0.8780016510763348
75648476.78069943 0.8770889362564991
76323206.75644523 0.8761782331127002
76997936.73219103 0.8752695351363311
77683912.20753258 0.8743477410832812
78358642.18327838 0.8734430671567687
79033372.15902418 0.8725403789022061
79708102.13476998 0.8716396699027457
80382832.11051577 0.8707409337641782
81057562.08626157 0.8698441641148534
81732292.06200737 0.8689493546055991
82407022.03775315 0.86805649890964
83092997.51309471 0.8671507587166507
83767727.4888405 0.8662618240568238
84442457.4645863 0.8653748242594026
84970995.94558717 0.8646813551561492
85398324.93022618 0.8641215411651528
86646575.3853559 0.8624906992686026
87321305.3611017 0.8616118850695912
87996035.3368475 0.8607349731277273
88670765.3125933 0.8598599573203662
89345495.2883391 0.8589868315464503
89739087.7741908 0.8584783785877594
89997734.26489335 0.8581446008318826
90526272.74589422 0.8574633910610188
91212248.22123578 0.8565809814419885
91886978.19698158 0.8557149203937369
92561708.17272738 0.8548507205915092
93236438.14847317 0.8539883760572283
93911168.12421897 0.853127880833885
94585898.09996477 0.8522692289854638
95260628.07571056 0.8514124145968665
95935358.05145636 0.850557431773838
96621333.52679792 0.8496900707916839
97239836.0045649 0.8489096366705001
97757128.98597 0.8482580809275022
98330649.46535394 0.8475369473742786
99005379.44109972 0.8466902243229686
99680109.41684552 0.8458453004995622
100354839.39259131 0.8450021701444935
101029569.36833711 0.844160827518483
101704299.3440829 0.8433212669024648
102165364.8275092 0.8427485891189179
102626430.3109355 0.8421767389605264
103436106.28183044 0.8411745116576272
104110836.25757624 0.8403412606054744
104594392.74019407 0.8397451779524302
105066703.72321612 0.8391638264646016
105741433.69896191 0.8383348098415362
106416163.67470771 0.8375075358477679
107776869.12579507 0.8358444780751071
108451599.10154086 0.8350224274059668
109126329.07728666 0.8342020971506792
109801059.05303246 0.8333834818271706
110475789.02877825 0.8325665759726606
111825248.98026983 0.8309378709155644
113860684.40710299 0.8284940391067783
114535414.38284878 0.8276873043259521
115884874.33434038 0.8260788444795975
117245579.78542773 0.8244637082769013
117920309.76117353 0.8236653064177678
118595039.73691931 0.8228685497799836
119269769.71266511 0.822073433145993
120619229.6641567 0.8204880991108356
121293959.6399025 0.8196978713660259
121968689.6156483 0.8189092629375933
122654665.09098986 0.8181091657750723
123329395.06673566 0.8173238073928222
124004125.04248145 0.816540052916817
124465190.52590774 0.8160054072169928
124926256.00933403 0.8154715064697429
125600985.98507982 0.814691527729989
126950445.93657142 0.8131363259389939
127636421.41191298 0.8123481856606951
128985881.36340457 0.8108024825602574
129660611.33915037 0.8100319763774209
130279113.81691734 0.8093270469495673
130638969.80398177 0.8089175067360825
131055053.28902501 0.8084445253829233
131741028.76436657 0.8076660291160613
132415758.74011236 0.8069018498895255
133090488.71585816 0.8061392077381684
133765218.69160396 0.8053780978244537
134439948.66734976 0.8046185153278319
135114678.64309555 0.8038604554446784
135789408.61884135 0.803103913388234
136475384.0941829 0.8023363133637407
137150114.0699287 0.8015828177658099
137824844.0456745 0.8008308256560946
138218436.5315262 0.800392856033784
138612029.0173779 0.7999553954745899
139286758.9931237 0.7992066447538341
139961488.9688695 0.7984593826325601
140636218.9446153 0.7977136044433933
141310948.9203611 0.7969693055353363
141985678.8961069 0.7962264812737108
142649163.37225693 0.7954974709228837
143290156.84921545 0.7947945186538137
143953641.32536545 0.7940682902438624
144628371.30111125 0.7933311973638574
148687996.6551818 0.7889268470365693
149250271.63496995 0.7883209155373141
149812546.61475813 0.7877159710638191
150206139.10060984 0.7872930958387246
150599731.58646154 0.7868707021214565
151274461.56220734 0.7861477163267938
151949191.53795314 0.7854261386019614
152635167.0132947 0.7846939735287465
153309896.9890405 0.7839752220890219
153984626.9647863 0.7832578655378243
154659356.9405321 0.7825418995363748
155334086.9162779 0.7818273197610961
156008816.89202368 0.7811141219035589
156683546.86776948 0.7804023016704269
157358276.84351528 0.7796918547834027
158033006.81926107 0.778982776979175
158718982.29460263 0.7782632803322491
159393712.27034843 0.7775569506042526
160068442.24609423 0.7768519771883091
160743172.22184002 0.7761483558807609
161417902.19758582 0.7754460824926686
162092632.17333162 0.7747451528497582
162767362.1490774 0.7740455627923695
163453337.62441894 0.7733356818890572
164128067.60016474 0.7726387807355082
164802797.57591054 0.771943206707179
165477527.55165634 0.7712489557025818
166152257.52740213 0.7705560236345822
166826987.50314793 0.7698644064303473
167501717.47889373 0.7691741000312948
168176447.45463952 0.7684851003930424
168862422.92998108 0.7677859528843589
169537152.90572688 0.7670995763023992
170211882.88147268 0.7664144943662005
170886612.85721847 0.7657307030879058
171561342.83296427 0.765048198493605
172236072.80871007 0.764366976623285
172910802.78445587 0.7636870335307795
173585532.76020166 0.7630083652837202
174271508.23554322 0.7623196887534659
174946238.21128902 0.7616435795391642
175620968.18703482 0.7609687333907581
176295698.1627806 0.7602951464308044
176970428.13852638 0.7596228147954123
177645158.11427218 0.7589517346341942
178319888.09001797 0.7582819021102174
178994618.06576377 0.7576133133999571
179680593.54110533 0.756934852698745
180355323.51685113 0.7562687607700836
180940089.49583083 0.7556924780766889
181524855.4748105 0.7551171185676926
182210830.95015207 0.7544433509908344
182885560.92589787 0.7537818610124841
183560290.90164366 0.7531215893239692
184235020.87738946 0.7524625322042743
184909750.85313526 0.7518046859453766
185584480.82888106 0.7511480468521996
186270456.3042226 0.7504816974910041
186945186.2799684 0.749827481661482
187619916.2557142 0.7491744619288331
188294646.23146 0.7485226346495166
188969376.2072058 0.7478719961927079
189644106.1829516 0.7472225429402528
190318836.15869737 0.7465742712866217
191004811.63403895 0.7459164027046545
191679541.60978472 0.7452705030258525
192354271.58553052 0.7446257741452259
193029001.56127632 0.7439822125075024
193703731.5370221 0.7433398145698102
194378461.5127679 0.7426985768016335
194772053.99861965 0.7423250558100126
195176891.9840671 0.7419412726675783
195851621.9598129 0.7413025557267412
196526351.9355587 0.7406649877983745
197201081.9113045 0.7400285654031741
197875811.8870503 0.7393932850739642
199911247.31388345 0.7374837403134868
200585977.28962925 0.7368530125939404
200979569.77548096 0.7364856077726574
201316934.76335385 0.736170993490908
201519353.7560776 0.7359823594900295
202002910.2386954 0.7355321417304506
202688885.71403697 0.7348944452762087
203363615.68978277 0.7342683264783708
204038345.66552857 0.7336433186335259
204713075.64127436 0.7330194183949839
205387805.61702016 0.7323966224277091
206062535.59276596 0.7317749274082797
206737265.56851172 0.731154330024845
207423241.04385328 0.7305245111789971
208097971.01959908 0.7299061173343957
208772700.99534488 0.7292888112047279
209447430.97109067 0.7286725895242074
210796890.92258227 0.7274433865042511
211471620.89832807 0.7268303986899088
212832326.34941542 0.7255974625817614
213237164.3348629 0.7252314758559474
213642002.32031038 0.7248658718549263
214316732.29605618 0.7242573804863792
214991462.27180198 0.7236499471597865
215666192.24754778 0.723043568712591
216779496.70752832 0.7220453421265847
217454226.68327412 0.721441743897188
218128956.65901992 0.7208391890968832
218803686.6347657 0.7202376746139159
219253506.61859626 0.7198372413809093
219455925.61132 0.7196571965781914
220546739.072109 0.7186885553820394
221221469.0478548 0.7180907433146576
221907444.52319637 0.7174840196857003
222391001.0058142 0.7170569649005927
222885802.98802778 0.716620521383354
223571778.46336934 0.7160163579113943
224246508.43911514 0.7154231228470334
224797537.91930753 0.7149393988278993
225539740.8926279 0.7142889167452765
226214470.8683737 0.7136986266876009
226889200.8441195 0.7131093404885189
227563930.8198653 0.7125210551737294
228238660.79561108 0.7119337677792563
228924636.27095264 0.7113377122237469
232298286.14968163 0.7084211539782105
232973016.12542742 0.7078407861606746
233647746.10117322 0.7072613928709647
234333721.57651478 0.7066733390917359
235008451.55226058 0.7060959023723866
235683181.52800637 0.7055194315456484
236357911.50375217 0.7049439237689282
237032641.47949797 0.7043693762094868
237707371.45524377 0.7037957860444042
238382101.43098953 0.7032231504605437
239068076.9063311 0.7026419466388333
239742806.8820769 0.702071227609758
240417536.8578227 0.7015014547345318
240912338.84003627 0.7010842210192366
241407140.82224986 0.700667493541588
242093116.29759142 0.7000905930994193
242531690.7818262 0.6997222625816062
242981510.7656567 0.6993448979357351
243386348.7511042 0.699005624288887
243521294.74625334 0.6988926076052728
243914887.23210508 0.6985631881803073
244589617.20785087 0.6979992044465871
245264347.18359667 0.6974361471509011
245939077.15934247 0.6968740135873335
246613807.13508826 0.6963128010593349
247299782.61042982 0.695743176408548
247974512.58617562 0.6951838131378749
248649242.5619214 0.6946253628245858
249323972.53766719 0.6940678228094161
249998702.51341298 0.6935111904423006
250673432.48915878 0.6929554630823406
251348162.46490458 0.6924006380977719
252022892.44065037 0.6918467128659311
252708867.91599193 0.691284475224262
253383597.89173773 0.6907323565530259
254058327.86748353 0.6901811297776295
254733057.84322932 0.6896307923116408
255407787.81897512 0.6890813415775674
256082517.79472092 0.6885327750068247
256757247.77046672 0.6879850900397034
257443223.24580827 0.687429178126474
258117953.22155407 0.6868832633098402
258792683.19729987 0.6863382224284936
259467413.17304567 0.6857940529580591
260142143.14879146 0.6852507523828794
260749400.12696266 0.6847625226984706
261142992.61281437 0.684446451506783
261356657.1051339 0.6842749929668758
261570321.5974534 0.684103620856073
262031387.0808797 0.6837341119889382
262706117.0566255 0.6831940904257198
263380847.03237128 0.6826549258029795
264055577.00811708 0.682116615655015
264730306.98386285 0.6815791575246328
265405036.95960864 0.6810425489631183
266079766.93535444 0.6805067875302043
266765742.410696 0.6799629626577507
267226807.8941223 0.6795979303751963
267552927.38239944 0.6793399738521081
268092711.36299607 0.6789134421007771
268767441.3387419 0.6783810310096605
269442171.3144877 0.677849455011388
270116901.29023343 0.6773187117156146
270802876.765575 0.6767799738784402
271477606.7413208 0.6762509026286039
272152336.7170666 0.6757226569201948
272827066.6928124 0.6751952343957874
273501796.6685582 0.6746686327060788
274176526.644304 0.6741428495098593
274851256.6200498 0.6736178824739838
275525986.5957956 0.6730937292733432
276211962.07113713 0.6725616720916605
276886692.0468829 0.6720391530854617
277561422.0226287 0.6715174409488136
278236151.9983745 0.670996533388597
278775935.9789712 0.6705803850995175
279068318.96846104 0.6703551854201667
279484402.45350426 0.6700349677411187
280159132.42925006 0.6695163407129961
280833862.40499586 0.6689985095062374
281519837.8803374 0.668472861282194
282194567.8560832 0.6679566281302731
282869297.831829 0.6674411840203993
283544027.8075748 0.6669265267207904
284218757.7833206 0.6664126540073383
284612350.2691723 0.6661132563690105
285005942.755024 0.6658141245148028
285680672.7307698 0.6653019441444956
286355402.7065156 0.6647905413676561
287041378.18185717 0.6642714100925119
287434970.6677089 0.6639739088496542
287839808.65315634 0.6636681815944816
288233401.13900805 0.6633712127325628
288626993.6248598 0.6630745056592575
289301723.6006056 0.6625664727836211
289976453.5763514 0.6620592058233634
290460010.0589692 0.661696134446963
290943566.541587 0.6613334545577076
291629542.01692855 0.6608196252447213
292304271.99267435 0.6603149842171556
292979001.96842015 0.6598110995837773
293653731.94416595 0.6593079692249683
294328461.91991174 0.6588055910283851
295003191.89565754 0.6583039628889331
295689167.3709991 0.6577947410306967
296363897.3467449 0.657294619132558
297038627.3224907 0.656795240984834
297713357.2982365 0.6562966045112854
298388087.2739823 0.6557987076427922
299062817.2497281 0.6553015483173292
299737547.2254739 0.6548051244799404
300412277.2012197 0.6543094340827131
301098252.67656124 0.6538062319531058
301772982.65230703 0.6533120144594133
302447712.62805283 0.6528185242704357
303122442.6037986 0.652325759366302
303797172.5795444 0.6518337177340598
304471902.5552902 0.6513423973676511
305146632.531036 0.6508517962678877
305832608.0063776 0.6503537537775921
306507337.9821234 0.6498645971456074
307182067.9578692 0.6493761537907555
307856797.93361497 0.6488884217411958
308531527.90936077 0.6484013990318348
309206257.88510656 0.6479150837043033
309880987.86085236 0.6474294738069317
310555717.83659816 0.6469445673947261
311241693.3119397 0.646452298380905
311916423.2876855 0.6459688047745585
312568662.2642398 0.6455020908046989
312962254.7500915 0.6452207677359568
313378338.2351347 0.6449236260895713
314053068.2108805 0.6444423351609818
314727798.1866263 0.6439617358378403
315402528.1623721 0.6434818262224145
316077258.1381179 0.6430026044234549
316763233.61345947 0.6425160987590445
317437963.58920527 0.6420382583301022
318112693.56495106 0.6415611000514065
318787423.54069686 0.6410846220575199
319462153.51644266 0.6406088224893729
320136883.49218845 0.6401336994942427
320811613.46793425 0.6396592512257292
321486343.44368005 0.6391854758437339
322172318.9190216 0.6387044921171715
322847048.8947674 0.6382320681513113
325545968.79775053 0.6363490279036376
326220698.7734963 0.6358799227169023
326895428.7492421 0.6354114758902604
327570158.7249879 0.634943685639422
328199906.7023507 0.6345076722138091
328582253.6886066 0.6342432274546193
329009582.67324567 0.6339479193460736
329695558.1485872 0.633474417976869
330370288.124333 0.6330093335810651
331045018.1000788 0.6325448966677804
331719748.0758246 0.6320811054897741
332394478.05157036 0.6316179583057538
333069208.02731615 0.6311554533803532
333687710.50508314 0.6307320532612406
334283721.9836586 0.630324557489673
334935960.9602129 0.6298791886476094
335610690.9359587 0.6294190874192327
336285420.9117045 0.6289596202583672
336960150.8874503 0.6285007854634141
337634880.8631961 0.6280425813385606
338028473.3490478 0.6277755861737055
338410820.3353037 0.6275164240673808
339074304.81145376 0.6270671792702531
339749034.78719956 0.6266109403274667
340423764.76294535 0.6261553251063491
341098494.73869115 0.6257003319404626
341773224.71443695 0.62524595916903
342447954.69018275 0.6247922051369134
343133930.1655243 0.6243315211309753
343808660.1412701 0.6238790098780744
344483390.1170159 0.6234271124054589
345158120.0927617 0.6229758270804439
345832850.0685075 0.6225251522758849
346507580.0442533 0.6220750863701575
347182310.0199991 0.6216256277471384
347575902.5058508 0.6213637233561815
347980740.49129826 0.6210945506602983
348655470.46704406 0.6206464123481379
349330200.44278985 0.6201988762104275
350004930.41853565 0.6197519406538435
350679660.39428145 0.6193056040904623
351354390.37002724 0.6188598649377416
352029120.34577304 0.6184147216185002
352715095.8211146 0.6179627684357273
353389825.7968604 0.6175188219382639
354064555.7726062 0.6170754665487413
354739285.748352 0.6166327007113236
355414015.7240978 0.6161905228754411
356088745.6998436 0.6157489314957721
356763475.6755894 0.6153079250322246
357449451.15093094 0.6148601664990282
358124181.12667674 0.6144203349528663
358798911.10242254 0.6139810837083743
359473641.07816833 0.6135424112462777
360148371.0539141 0.6131043160524385
360823101.0296599 0.6126667966178374
361419112.50823534 0.6122807988345675
362003878.48721504 0.6119025185073109
362397470.97306675 0.6116481485623763
362791063.45891845 0.6113939728363015
363465793.43466425 0.610958694025763
364151768.9100058 0.6105167432629729
364826498.8857516 0.6100826092372
365220091.3716033 0.6098296256046507
365332546.367561 0.6097573798656614
365726138.8534127 0.6095046431825422
366400868.8291585 0.6090718262230719
367075598.8049043 0.6086395712795087
367761574.28024584 0.6082006867288176
368436304.25599164 0.6077695607556026
369111034.23173743 0.6073389924164075
369785764.20748323 0.6069089802685009
370460494.183229 0.6064795228740157
371135224.1589748 0.6060506187999327
371809954.1347206 0.6056222666180622
372484684.1104664 0.6051944649050276
373170659.585808 0.6047600960081523
373845389.5615538 0.6043334000971492
374520119.5372996 0.6039072503901147
378579744.89137006 0.6013547003106088
379254474.86711586 0.6009323439064553
379929204.84286165 0.6005105225811576
380603934.81860745 0.6000892349679299
381278664.79435325 0.5996684797045814
381953394.77009904 0.5992482554334999
382628124.74584484 0.5988285608016349
383314100.2211864 0.598402412822932
383988830.1969322 0.5979837821996017
384663560.172678 0.5975656771612615
385338290.1484238 0.597148096373023
386013020.1241696 0.5967310385044791
386687750.0999154 0.5963145022296878
387362480.0756612 0.5958984862271575
388037210.051407 0.5954829891798293
388723185.52674854 0.5950610978297767
389397915.50249434 0.5946466433538485
390072645.47824013 0.5942327038866999
390747375.4539859 0.5938192781289233
391422105.4297317 0.5934063647854674
392096835.4054775 0.5929939625656198
392771565.3812233 0.5925820701829931
393457540.8565649 0.5921638342596938
394132270.8323107 0.59175296615339
394807000.8080565 0.5913426040297499
395481730.7838023 0.590932746619602
396156460.75954807 0.5905233926580232
396831190.73529387 0.5901145408843229
397505920.71103966 0.5897061900420285
398180650.68678546 0.5892983388788708
398866626.162127 0.5888842011502948
399541356.1378728 0.5884773538812763
400216086.1136186 0.5880710025390272
400890816.0893644 0.58766514588801
401565546.0651102 0.5872597826968162
402240276.040856 0.586854911738151
402915006.0166018 0.586450531788819
403600981.49194336 0.586039914269744
404275711.46768916 0.5856365208184662
404950441.44343495 0.5852336147112381
405625171.41918075 0.5848311947411844
406299901.39492655 0.5844292597054564
406974631.3706723 0.5840278084052185
407649361.3464181 0.5836268396456333
408324091.3221639 0.5832263522358477
408998821.2979097 0.5828263449889788
409684796.77325124 0.5824201619689563
410359526.74899703 0.5820211194564653
411034256.7247428 0.581622553550371
411708986.7004886 0.5812244630795954
412383716.6762344 0.5808268468769607
412856027.6592565 0.580548797101562
413339584.1418743 0.5802643668442842
414014314.1176201 0.5798678919945861
414689044.0933659 0.579471887454409
415375019.56870747 0.5790697637855782
416049749.54445326 0.5786747042084445
416724479.52019906 0.5782801114829328
417399209.49594486 0.5778859844704248
418073939.47169065 0.5774923220360872
418748669.44743645 0.5770991230488578
419423399.42318225 0.5767063863814326
420098129.39892805 0.5763141109102526
420772859.37467384 0.5759222955154897
421458834.8500154 0.5755244203558668
422133564.8257612 0.5751335293907099
422808294.801507 0.5747430951462963
423483024.7772528 0.5743531165176535
424157754.7529986 0.5739635924034747
424832484.7287444 0.5735745217061052
425507214.7044902 0.5731859033315306
426181944.680236 0.5727977361893629
426867920.15557754 0.5724035610504453
427542650.13132334 0.5720163005915879
428217380.10706913 0.5716294880976425
428892110.08281493 0.57124312249266
429566840.0585607 0.570857202704253
430241570.03430647 0.5704717276635851
430916300.01005226 0.5700866963053569
431591029.98579806 0.569702107567794
432277005.4611396 0.5693115616747183
432951735.4368854 0.5689278623400787
433626465.4126312 0.5685446024443154
434301195.388377 0.5681617809396871
434975925.3641228 0.5677793967819157
435650655.3398686 0.5673974489301737
436302894.3164229 0.5670286464314435
436932642.29378563 0.5666729463223259
437494917.2735738 0.5663556759265128
437866018.760234 0.5661464420135
438045946.7537662 0.5660450423059578
438439539.2396179 0.56582333742305
439125514.71495944 0.5654372879246713
439800244.69070524 0.5650580006755465
440474974.66645104 0.5646791423899885
441149704.64219683 0.5643007120548397
441824434.61794263 0.5639227086602825
442499164.5936884 0.563545131199828
443185140.06903 0.5631616963892223
443859870.0447758 0.562784974847827
444534600.0205216 0.5624086762243393
445209329.9962674 0.5620327995255213
445884059.9720132 0.561657343761405
446558789.947759 0.5612823079452806
447076082.9291641 0.5609950642700249
447604621.41016495 0.5607018300536574
448279351.38591075 0.5603278606610744
448954081.36165655 0.5599543077398058
449628811.33740234 0.5595811703178216
450303541.31314814 0.5592084474262867
450978271.28889394 0.5588361380995492
451653001.26463974 0.5584642413751298
452338976.7399813 0.5580865683577669
453013706.7157271 0.5577155007998746
453688436.6914729 0.5573448429599251
454363166.6672187 0.5569745938880676
455037896.6429645 0.5566047526375676
455712626.6187103 0.5562353182647958
456387356.5944561 0.5558662898292172
457062086.5702019 0.55549766639338
457748062.04554343 0.5551233134514205
458422792.0212892 0.5547555039260178
459097521.997035 0.5543880965909471
459772251.9727808 0.5540210905210317
460446981.9485266 0.5536544847941242
461121711.9242724 0.553288278491095
462482417.3753598 0.5525509736884935
463157147.3511056 0.5521859667760608
463831877.32685137 0.5518213556258647
464506607.30259717 0.5514571393337571
465181337.27834296 0.5510933169985449
465856067.25408876 0.5507298877219788
466530797.22983456 0.5503668506087436
467520401.19426167 0.5498351036912594
468082676.17404985 0.5495333486591256
468757406.14979565 0.5491715993691884
469432136.12554145 0.5488102384259088
469870710.6097762 0.548575561646737
470061884.1029042 0.5484733178108653
470489213.0875432 0.548244884971598
471163943.063289 0.5478845167639196
471838673.0390348 0.5475245337775593
472513403.0147806 0.547164935142765
473188132.9905264 0.546805719992618
473862862.9662722 0.5464468874630225
474537592.942018 0.5460884366926957
475223568.41735953 0.5457244022141979
475898298.3931053 0.5453667187166145
476573028.3688511 0.5450094143970394
477202776.3462139 0.5446762717183001
477843769.8231724 0.5443375177972413
478518499.7989182 0.5439813020247946
479193229.774664 0.5436254621446373
479867959.7504098 0.5432699973173633
480542689.7261555 0.5429149067062926
481116210.20553946 0.5426133732913779
481397347.69543356 0.5424656611704161
481509802.69139117 0.5424065944247446
482589370.65258443 0.5418400791379119
483264100.62833023 0.5414864894280629
483938830.604076 0.541133269764176
484613560.5798218 0.5407804193258143
485288290.5555676 0.5404279372952002
485963020.5313134 0.540075822857205
486648996.006655 0.5397182158412028
487323725.9824008 0.5393668402462697
487998455.9581466 0.5390158298009421
488673185.93389237 0.5386651837006402
489347915.90963817 0.5383149011433866
490022645.88538396 0.5379649813297981
490697375.86112976 0.5376154234630756
491372105.83687556 0.5372662267489962
492058081.3122171 0.536911579505245
492732811.2879629 0.5365631087102317
493407541.2637087 0.5362149966874659
494082271.2394545 0.5358672426529778
494757001.2152003 0.5355198458253279
495431731.1909461 0.5351728054255981
496106461.1666919 0.5348261206773828
496792436.64203346 0.5344740216444748
497467166.61777925 0.5341280517753247
498141896.59352505 0.5337824352306634
498816626.56927085 0.5334371712440875
499491356.54501665 0.5330922590516619
500166086.52076244 0.5327476978919115
500840816.49650824 0.5324034870058114
501515546.47225404 0.5320596256367794
502201521.9475956 0.5317103907710775
502876251.9233414 0.5313672319699929
503550981.8990872 0.5310244204183291
504225711.874833 0.5306819553692274
504900441.8505788 0.5303398360782278
505575171.8263246 0.5299980618032618
506249901.8020704 0.5296566318046432
506924631.7778162 0.5293155453450598
507610607.25315773 0.5289691255287772
508285337.22890353 0.5286287296397807
508960067.2046493 0.5282886750798934
509634797.1803951 0.5279489611212548
510309527.15614086 0.5276095870383372
510984257.13188666 0.5272705521079369
511658987.10763246 0.5269318556091667
512221262.08742064 0.5266498665325309
512772291.56761307 0.5263737443719636
513447021.54335886 0.5260359412478951
514121751.51910466 0.525698473943741
514796481.49485046 0.5253613417492767
515471211.47059625 0.5250245439565475
516145941.44634205 0.5246880798598614
516820671.42208785 0.5243519487557806
517506646.8974294 0.5240105561074988
518181376.87317514 0.5236750944079248
518574969.3590269 0.5234795612652361
518687424.3549845 0.523423715313981
519081016.8408362 0.5232283267304022
519755746.816582 0.5228936360139422
520430476.7923278 0.5225592745646588
521105206.7680736 0.5222252416932456
521779936.7438194 0.5218915367125921
522465912.219161 0.5215526054097995
526514292.07363576 0.5195592044503385
527189022.04938155 0.5192281034897326
527874997.5247231 0.5188918140587567
528549727.5004689 0.5185613613656087
529899187.4519605 0.5179014166778126
531248647.4034521 0.5172427485233317
531923377.3791979 0.5169138915046674
532598107.3549437 0.5165853516537925
533284082.83028525 0.5162516606088532
533958812.80603105 0.5159237584020265
534633542.78177685 0.5155961714058291
535308272.75752264 0.5152688989755988
535983002.73326844 0.5149419404687138
536657732.7090142 0.5146152952445839
537332462.68476 0.5142889626646449
538007192.6605058 0.5139629420923505
538693168.1358473 0.5136318070409296
539367898.1115931 0.5133064137559852
540042628.0873389 0.5129813305705934
540717358.0630847 0.512656556856243
541392088.0388305 0.5123320919864061
542066818.0145763 0.5120079353365306
542741547.9903221 0.5116840862840331
543416277.9660679 0.5113605442082929
544091007.9418137 0.5110373084906438
544776983.4171553 0.510708998934902
545451713.3929011 0.5103863791654699
546126443.3686469 0.5100640638995962
546801173.3443927 0.5097420525263993
547475903.3201385 0.5094203444369185
548150633.2958843 0.5090989390241079
548825363.27163 0.5087778356828281
549500093.2473758 0.5084570338098414
550186068.7227174 0.508131193665965
550860798.6984632 0.5078109979268105
551535528.674209 0.5074911018476296
552210258.6499548 0.5071715048327523
552884988.6257006 0.5068522062883759
553559718.6014464 0.5065332056225593
554234448.5771922 0.5062145022452154
554909178.552938 0.505896095568105
555595154.0282795 0.5055726856675201
556269884.0040253 0.5052548755540659
556944613.9797711 0.5049373603774547
557619343.9555169 0.5046201395568058
558294073.9312627 0.5043032125130533
558968803.9070085 0.5039865786689411
559643533.8827543 0.5036702374490161
560318263.8585001 0.5033541882796214
561004239.3338417 0.5030331704269351
561678969.3095875 0.5027177084884435
562140034.7930137 0.5025023098454476
562612345.7760358 0.50228179795644
563287075.7517816 0.5019670270395797
563973051.2271231 0.5016473061858567
564647781.2028689 0.5013331174760854
565322511.1786147 0.501019216617689
565997241.1543605 0.500705603051885
566671971.1301063 0.50039227622163
567346701.1058521 0.5000792355716122
568032676.5811937 0.4997612703812703
568707406.5569395 0.49944880517927076
569382136.5326853 0.49913662449275115
570056866.5084311 0.4988247277732961
570731596.4841769 0.49851311447419255
571406326.4599227 0.4982017840504233
572081056.4356685 0.49789073595866107
572755786.4114143 0.49757996965726264
573441761.8867558 0.497264312235161
574116491.8625016 0.496954112570252
574791221.8382474 0.49664419307189345
575465951.8139932 0.49633455320514774
576140681.789739 0.4960251924367315
576815411.7654848 0.49571611023501055
577490141.7412306 0.4954073060699941
578164871.7169764 0.49509877941332836
578850847.192318 0.4947853945873646
579525577.1680638 0.49447742597203004
580200307.1438096 0.4941697332810419
580875037.1195554 0.493862315992566
581549767.0953012 0.49355517358637696
582224497.071047 0.4932483055438529
582899227.0467927 0.4929417113479694
583573957.0225385 0.4926353904832941
584259932.4978801 0.49232424394364216
584934662.4736259 0.492018472735514
585609392.4493717 0.4917129733132956
586284122.4251175 0.4914077451678936
586958852.4008633 0.4911027877917788
588308312.3523549 0.4904936833250832
588983042.3281007 0.49018953522721664
589669017.8034422 0.4898805935024366
591524525.2367431 0.4890463192638085
591918117.7225949 0.4888696118159478
592592847.6983407 0.48856689575994416
593267577.6740865 0.4882644458025285
593942307.6498322 0.48796226145204485
594628283.1251738 0.4876553124744554
595303013.1009196 0.48735366227521354
595977743.0766654 0.48705227620882835
596652473.0524112 0.48675115378965056
597327203.028157 0.4864502945335138
598001933.0039028 0.48614969795772833
598676662.9796486 0.4858493635810771
599351392.9553944 0.4855492909238095
600037368.430736 0.4852444848612757
600712098.4064817 0.48494493855140586
601386828.3822275 0.4846456525225084
602061558.3579733 0.48434662630067354
602736288.3337191 0.4840478594134333
603411018.3094649 0.483749351389756
604085748.2852107 0.4834511017600412
605446453.7362981 0.4828504157524083
606121183.7120439 0.48255294278051253
606795913.6877897 0.48225572633067226
607470643.6635355 0.4819587659403932
608145373.6392813 0.4816620611485827
608820103.6150271 0.48136561149554435
609494833.5907729 0.4810694165229742
610169563.5665187 0.4807734757739551
611530269.017606 0.48017743337490537
612204998.9933518 0.47988225677935686
612879728.9690976 0.47958733258595243
613554458.9448434 0.47929266034466056
614229188.9205892 0.4789982396068077
614903918.896335 0.47870406992507414
615589894.3716766 0.47840525432298636
616264624.3474224 0.4781115895825879
616939354.3231682 0.47781817455704584
620324249.7014929 0.47634996227471127
620998979.6772387 0.4760580404185195
621673709.6529844 0.475766365204214
622348439.6287302 0.47547493619909853
623023169.604476 0.4751837529717752
623697899.5802218 0.4748928150921389
624372629.5559676 0.4746021221313739
625058605.0313091 0.47430683492308007
625733335.0070549 0.4740166345828898
626408064.9828007 0.47372667787573847
627082794.9585465 0.4734369643779422
627757524.9342923 0.4731474936670831
628432254.9100381 0.4728582653220053
629106984.8857839 0.472569278922811
629781714.8615297 0.47228053405085546
630467690.3368713 0.47198722393307213
631142420.3126171 0.4716989648726944
631817150.2883629 0.4714109460841932
632491880.2641087 0.4711231671539143
633166610.2398545 0.47083562766943493
633841340.2156003 0.4705483272195599
634516070.191346 0.47026126539431695
635190800.1670918 0.46997444178495285
635876775.6424334 0.46968308156636074
636551505.6181792 0.4693967371206127
637226235.593925 0.46911062966501205
637900965.5696708 0.4688247587956588
638575695.5454166 0.4685391241098501
639250425.5211624 0.46825372520607733
639925155.4969082 0.46796856168402085
640599885.472654 0.4676836331445465
641285860.9479955 0.4673941962756457
641960590.9237413 0.46710974040842984
642635320.8994871 0.4668255183268811
643310050.8752329 0.46654152963658474
643984780.8509787 0.4662577739442912
644659510.8267245 0.4659742508579117
645334240.8024703 0.4656909599865141
646020216.2778119 0.4654031852514087
646694946.2535577 0.4651203614957755
647369676.2293035 0.46483776878278005
648044406.2050493 0.46455540672609597
648719136.1807951 0.4642732749405339
649393866.1565409 0.46399137304203764
650068596.1322867 0.4637097006476793
650754571.6076282 0.4634235685934618
651429301.583374 0.4631423578722349
652104031.5591198 0.4628613755067811
652778761.5348656 0.46258062111866766
653453491.5106114 0.4623000943305719
654128221.4863572 0.4620197947662761
654544304.9714005 0.46184705646990815
654971633.9560394 0.4616697392730144
655646363.9317852 0.4613899495924243
656321093.907531 0.4611103859205167
656995823.8832768 0.4608310478857302
657670553.8590226 0.46055193511758924
658345283.8347684 0.4602730472467
659020013.8105142 0.45999438390474656
659705989.2858558 0.45971130596854437
660380719.2616016 0.4594330943106387
661055449.2373474 0.45915510607707744
661730179.2130932 0.4588773409038376
662404909.188839 0.4585997984279562
663079639.1645848 0.45832247828752554
663754369.1403306 0.45804538012169094
664440344.6156721 0.4577638908369866
665115074.5914179 0.457487239226536
665789804.5671637 0.45721080850843976
666464534.5429095 0.4569345983260327
667139264.5186553 0.45665860832368355
667813994.4944011 0.4563828381467919
668488724.4701469 0.456107287441784
669163454.4458927 0.4558319558561098
669849429.9212343 0.4555522596760591
670524159.89698 0.4552773689128015
671198889.8727258 0.4550026962115153
671873619.8484716 0.4547282412237257
672267212.3343233 0.45456824288393244
672660804.820175 0.4544083184401356
673335534.7959208 0.4541343339742463
674010264.7716666 0.4538605661249681
674684994.7474124 0.4535870145479941
675370970.222754 0.4533091251333228
676045700.1984998 0.4530360086622145
676720430.1742456 0.4527631074307431
677395160.1499914 0.4524904210985632
678069890.1257372 0.45221794932630693
678744620.101483 0.4519456917755809
679419350.0772288 0.45167364810896243
680094080.0529746 0.4514018179899969
680780055.5283161 0.45112567593922115
681454785.5040619 0.45085427545518275
682129515.4798077 0.4505830875096539
682804245.4555535 0.45031211177003316
683478975.4312993 0.45004134790467004
684153705.4070451 0.4497707955828617
684828435.3827909 0.44950045447484993
685503165.3585367 0.44923032425181775
686189140.8338783 0.4489559077068103
686863870.8096241 0.44868620177210616
687538600.7853699 0.44841670573611975
688213330.7611157 0.4481474192737823
688888060.7368615 0.4478783420609499
689562790.7126073 0.4476094737744005
690237520.6883531 0.447340814091831
690912250.6640989 0.4470723626918537
691598226.1394404 0.4467996502901089
692272956.1151862 0.44653161795280644
692947686.090932 0.4462637929340917
693622416.0666778 0.445996174916223
694297146.0424236 0.44572876358235836
694971876.0181694 0.4454615586165528
695646605.9939152 0.4451945597037546
696332581.4692568 0.44492332171818383
697007311.4450026 0.4446567373909163
697682041.4207484 0.4443903581716346
698356771.3964942 0.4441241837488457
699616267.3512195 0.44362787170020407
700156051.3318162 0.44341538415594506
700797044.8087747 0.4431632244782384
701471774.7845205 0.4428979915190868
702146504.7602663 0.44263296162311394
702821234.7360121 0.44236813448458306
707555590.0658284 0.4405156076470378
708230320.0415742 0.44025239500045765
708905050.01732 0.4399893823930159
709579779.9930658 0.4397265695274448
710254509.9688116 0.4394639561073058
710940485.4441532 0.43919716995137686
711615215.419899 0.43893495784784886
712289945.3956448 0.4386729443004943
712964675.3713906 0.4384111290161784
713639405.3471364 0.43814951170258154
714314135.3228822 0.4378880920681968
714988865.298628 0.4376268698223272
715674840.7739695 0.43736149592417745
716349570.7497153 0.4371006708641862
717024300.7254611 0.4368400423206518
717699030.7012069 0.43657961000610207
718373760.6769527 0.43631937363386053
718767353.1628044 0.4361676594569142
719160945.6486561 0.4360160118008645
719846921.1239977 0.4357518704303117
720521651.0997435 0.4354922559080347
721196381.0754893 0.43523283613737285
721702428.5572987 0.4350383989450967
722219721.5387037 0.4348397538646029
722894451.5144495 0.43458082297006473
723569181.4901953 0.4343220858367959
724243911.4659411 0.4340635421849312
724918641.4416869 0.4338051917353755
725593371.4174327 0.4335470342098011
726268101.3931785 0.43328906933064476
726954076.86852 0.433027002240838
727628806.8442658 0.43276942502409943
728303536.8200116 0.43251203962107015
728978266.7957574 0.4322548457572323
729652996.7715032 0.4319978431588196
730327726.747249 0.43174103155281546
731002456.7229948 0.4314844106669492
731688432.1983364 0.4312237080010534
732363162.1740822 0.43096747090896603
733037892.149828 0.4307114237201648
733712622.1255738 0.4304555661653524
734387352.1013196 0.4301998979759657
735062082.0770653 0.42994441888417223
735736812.0528111 0.4296891286228692
736411542.028557 0.42943402692567945
737097517.5038985 0.42917486656410153
737772247.4796443 0.42892014433055325
738446977.4553901 0.4286656098619242
739121707.4311359 0.42841126289473036
739796437.4068817 0.4281571031662018
740471167.3826275 0.4279031304142801
741145897.3583733 0.4276493443776161
741831872.8337148 0.42739151971407024
742506602.8094606 0.42713810942774527
743181332.7852064 0.42688488507254685
743856062.7609522 0.4266318463899504
744530792.736698 0.42637899312212796
745205522.7124438 0.4261263250119469
745880252.6881896 0.42587384180296656
746554982.6639354 0.4256215432394366
747240958.139277 0.42536522872415533
747915688.1150228 0.42511330175380574
748590418.0907686 0.42486155866155
749265148.0665144 0.42460999919438563
749939878.0422602 0.4243586230999891
750614608.018006 0.4241074301267123
751289337.9937518 0.42385642002358165
751975313.4690933 0.42360141362801274
752650043.4448391 0.42335077155232786
753324773.4205849 0.42310031159374284
753999503.3963307 0.4228500335039672
754674233.3720765 0.42259993703537235
755348963.3478223 0.42235002194099036
756023693.3235681 0.42210028797451077
756709668.7989097 0.4218465772032866
757384398.7746555 0.42159720776485005
758059128.7504013 0.42134801871524274
758733858.726147 0.42109900981077464
759408588.7018929 0.4208501808084022
760083318.6776386 0.42060153146572643
760758048.6533844 0.42035306154099067
761376551.1311514 0.4201254548510509
762006299.1085142 0.4198938643554905
762681029.08426 0.4196459044512161
763355759.0600058 0.41939812304007645
764030489.0357516 0.4191505198834
764705219.0114974 0.4189030947431446
765379948.987243 0.4186558473818957
766065924.4625846 0.41840466123537834
766740654.4383304 0.4181577716755023
767415384.4140762 0.4179110591822133
768090114.389822 0.4176645235205963
768764844.3655678 0.41741816445635344
769439574.3413136 0.41717198175580167
770114304.3170594 0.41692597518587093
770800279.792401 0.41667604882516607
771475009.7681468 0.4164303967455191
772149739.7438926 0.4161849200970901
772824469.7196383 0.4159396186492501
773499199.6953841 0.415694492171972
774173929.67113 0.41544954043582966
774848659.6468757 0.4152047632119954
775275988.6315148 0.41504982779490074
775703317.6161538 0.4148949622272179
776096910.1020055 0.41475238463425146
776254347.0963461 0.41469537016490243
776692921.580581 0.4145365940321941
777086514.0664327 0.41439416510338173
777480106.5522844 0.4142517952234216
778166082.0276259 0.41400380586639257
778840812.0033717 0.4137600565235555
779515541.9791175 0.413516480126522
780190271.9548633 0.4132730764511312
780865001.9306091 0.41302984527380304
781539731.9063549 0.4127867863715364
782214461.8821007 0.41254389952190657
782889191.8578465 0.41230118450306374
783575167.333188 0.41205460015623185
784249897.3089339 0.4118122309903171
784924627.2846797 0.41157003298940575
785599357.2604254 0.41132800593393776
786274087.2361712 0.4110861496049177
786948817.211917 0.410844463783914
787623547.1876628 0.4106029482530562
788298277.1634086 0.41036160279503336
788973007.1391544 0.4101204271930921
789658982.614496 0.40987540590099847
790333712.5902418 0.40963457218509514
791008442.5659876 0.4093939076747601
791683172.5417334 0.40915341215546114
792357902.5174792 0.4089130854132139
793032632.493225 0.4086729272345808
793707362.4689708 0.4084329374066686
794382092.4447166 0.4081931157171269
795056822.4204624 0.40795346195414617
795742797.8958039 0.40770998589204827
796417527.8715497 0.40747067013887595
797092257.8472955 0.40723152167656507
797766987.8230413 0.4069925402954602
798441717.7987871 0.40675372578643865
799116447.7745329 0.406515077940907
799791177.7502787 0.40627659655080084
800319716.2312796 0.40608990225853303
800837009.2126846 0.40590727886849837
801230601.6985364 0.40576839162793377
801624194.184388 0.40562956080775986
802298924.1601338 0.40539169626204286
802973654.1358796 0.4051539971974486
803648384.1116254 0.40491646340889875
804334359.586967 0.40467513994390647
804727952.0728188 0.40453675261099764
805526382.5441179 0.4042561961833984
805919975.0299697 0.40411797850567777
806605950.5053113 0.40387721851605907
807280680.481057 0.4036405709616935
807955410.4568028 0.40340408738638767
808630140.4325486 0.40316776758883666
809304870.4082944 0.4029316113682391
809979600.3840402 0.40269561852429586
810654330.359786 0.4024597888572084
812015035.8108734 0.40198469456968733
812689765.7866192 0.40174935594735295
813364495.762365 0.4015141797043593
814039225.7381108 0.40127916564339366
814713955.7138566 0.40104431356763387
815388685.6896024 0.4008096232807467
816063415.6653482 0.4005750945868861
816749391.1406897 0.400336822535375
817424121.1164355 0.40010261912703554
818098851.0921813 0.39986857672385645
818773581.0679271 0.3996346951319324
820123041.0194186 0.39916741360862407
820797770.9951644 0.3989340132918188
821472500.9709102 0.39870077301542434
822158476.4462517 0.39846380926730995
822833206.4219975 0.39823089115698035
823507936.3977433 0.39799813251072574
824182666.3734891 0.39776553313843765
824857396.3492349 0.3975330928504742
825532126.3249807 0.3973008114576589
826206856.3007265 0.397068688771278
826892831.7760681 0.3968328598755412
827567561.7518139 0.3966010566749865
828242291.7275597 0.3963694116143727
828917021.7033055 0.39613792450683255
829591751.6790513 0.39590659516595406
830266481.6547971 0.39567542340577977
830941211.6305429 0.3954444090408049
831615941.6062887 0.39521355188597584
832301917.0816302 0.39497900808383957
832976647.057376 0.3947484674084039
833651377.0331218 0.3945180833875875
834326107.0088676 0.39428785583813386
835675566.9603592 0.39382786942250736
836350296.936105 0.39359811019203467
837036272.4114466 0.39336468129798274
837711002.3871924 0.3931352359631423
838385732.3629382 0.3929059460063878
839060462.338684 0.39267681124754533
839735192.3144298 0.39244783150687507
840409922.2901756 0.3922190066050688
841017179.2683468 0.3920131964328212
841624436.246518 0.391807511405053
842299166.2222638 0.3915791191018083
842973896.1980096 0.39135088095997284
843648626.1737554 0.39112279680229284
844323356.1495012 0.3908948664519384
969204629.1604521 0.35118648666027835
971048891.0941573 0.3506346849098307
971543693.076371 0.3504868016238196
972218423.0521168 0.3502852522777812
972893153.0278625 0.3500838293796031
973286745.5137142 0.3499663910369687
973691583.4991617 0.34984564213640296
974366313.4749075 0.34964449491135974
975041043.4506533 0.3494434737639698
975715773.4263991 0.349242578578412
976390503.4021449 0.3490418092390908
977065233.3778907 0.3488411656306352
978425938.8289781 0.3484369163337097
979100668.8047239 0.34823665131666226
979775398.7804697 0.3480365115693257
980450128.7562155 0.34783649697744634
981124858.7319613 0.34763660742699165
981799588.707707 0.34743684280414866
982474318.6834528 0.34723720299532385
983160294.1587944 0.34703436369118607
983835024.1345402 0.3468349752459914
984509754.110286 0.3466357112734627
985184484.0860318 0.3464365716608804
985859214.0617776 0.34623755629574077
986533944.0375234 0.3460386650657553
987208674.0132692 0.34583989785885016
987894649.4886107 0.34563794489073774
988569379.4643565 0.3454394274570078
989244109.4401023 0.3452410337095617
989918839.4158481 0.34504276353718055
990593569.3915939 0.3448446168288569
991268299.3673397 0.34464659347379384
991943029.3430855 0.3444486933614043
992617759.3188313 0.34425091638131067
993292489.2945771 0.3440532624233439
993978464.7699187 0.34385244023416
994653194.7456645 0.3436550340365494
995327924.7214103 0.34345775052998007
996002654.6971561 0.3432605896051145
996677384.6729019 0.34306355115282083
997352114.6486475 0.3428666350641721
998026844.6243933 0.34266984123044497
998712820.0997349 0.34246989271589934
999387550.0754807 0.3422733450997123
1000062280.0512265 0.34207691941169704
1000737010.0269723 0.34188061554394433
1001411740.0027181 0.3416844333887464
1002086469.9784639 0.3414883728385953
1002761199.9542097 0.3412924337861836
1003447175.4295512 0.34109335352454556
1004121905.405297 0.3408976591669763
1004796635.3810428 0.340702085984639
1005471365.3567886 0.3405066338710227
1006146095.3325344 0.34031130271981275
1006820825.3082802 0.340116092424891
1007495555.284026 0.33992100288033467
1008170285.2597718 0.3397260339804161
1008856260.7351134 0.3395279391675556
1009530990.7108592 0.3393332132468443
1010037038.1926686 0.3391872477765607
1010261948.1845838 0.3391223959483105
1010655540.6704355 0.3390089373868631
1011330270.6461813 0.3388145321046707
1012005000.6219271 0.33862024686990444
1012690976.0972687 0.33842284650551785
1013365706.0730145 0.3382288030489051
1014040436.0487603 0.3380348793252373
1014715166.0245061 0.33784107523064744
1015389896.0002519 0.3376473906614572
1016064625.9759977 0.3374538255141765
1016739355.9517435 0.33726037968550293
1017414085.9274893 0.3370670530723207
1018088815.9032351 0.33687384557170086
1018774791.3785766 0.3366775399470801
1019449521.3543224 0.33648457234446055
1020124251.3300682 0.3362917235450242
1020798981.305814 0.33609899344658534
1021473711.2815598 0.33590638194714156
1022148441.2573056 0.33571388894487364
1022823171.2330514 0.3355215143381448
1023509146.708393 0.3353260547552597
1024183876.6841388 0.3351339186044493
1024858606.6598846 0.334941900543674
1025533336.6356304 0.3347500004720245
1026208066.6113762 0.3345582182887714
1026882796.587122 0.33436655389336445
1027557526.5628678 0.3341750071854321
1028232256.5386136 0.33398357806478085
1028918232.0139551 0.33378907889898124
1029592961.9897009 0.33359788660863415
1030267691.9654467 0.33340681160439195
1030942421.9411925 0.33321585378677115
1031617151.9169383 0.33302501305646404
1032291881.8926841 0.33283428931433773
1032966611.8684299 0.33264368246143367
1033641341.8441757 0.3324531923989673
1034327317.3195173 0.332259647126895
1035002047.295263 0.33206939229203325
1035676777.2710087 0.3318792539506573
1036351507.2467545 0.33168923200467554
1037026237.2225003 0.33149932635616813
1037700967.1982461 0.33130953690738546
1038375697.1739919 0.33111986356074863
1039050427.1497377 0.3309303062188483
1039736402.6250793 0.3307377084086453
1040411132.6008251 0.33054838471401876
1041085862.5765709 0.33035917673130066
1041760592.5523167 0.3301700843637584
1042435322.5280625 0.3299811075148265
1043110052.5038083 0.3297922460881066
1043784782.479554 0.3296034999873662
1044459512.4552999 0.32941486911653856
1045145487.9306414 0.32922321242567093
1045820217.9063872 0.32903481364362397
1046494947.882133 0.32884652980268797
1047169677.8578788 0.328658360807457
1047844407.8336246 0.3284703065626884
1048519137.8093704 0.3282823669733024
1049205113.284712 0.3280914124972745
1049879843.2604578 0.3279037038410229
1050554573.2362036 0.3277161095543111
1053613349.1262512 0.32686711399396534
1054288079.101997 0.3266801508495204
1054974054.5773386 0.3264901882673002
1055648784.5530844 0.32630345443399744
1056323514.5288302 0.3261168341679943
1056998244.504576 0.3259303273762162
1057672974.4803218 0.32574393396574464
1058347704.4560676 0.3255576538438172
1059022434.4318134 0.3253714869178269
1059708409.9071549 0.325182333155992
1060383139.8829007 0.3249963942274133
1061057869.8586465 0.32481056821634435
1061732599.8343923 0.3246248550307982
1062407329.8101381 0.32443925457894074
1063082059.7858839 0.3242537667690906
1063756789.7616297 0.32406839150971906
1064431519.7373755 0.32388312870944863
1065117495.212717 0.3236948933880005
1065792225.1884629 0.3235098571029153
1066466955.1642085 0.32332493300219234
1067141685.1399543 0.3231401209950596
1067816415.1157001 0.32295542099089497
1068491145.0914459 0.32277083289922537
1069165875.0671917 0.3225863566297266
1069840605.0429375 0.32240199209222264
1070526580.5182791 0.32221466926043657
1071201310.4940249 0.3220305297754261
1071876040.4697707 0.3218465017512737
1072550770.4455165 0.3216625850983947
1073225500.4212623 0.32147877972735067
1073900230.3970082 0.3212950855488486
1074574960.3727539 0.3211115024737412
1075249690.3484998 0.3209280304130258
1075924420.3242455 0.32074466927784434
1076610395.799587 0.3205583657463727
1077285125.775333 0.3203752280413146
1077959855.7510786 0.3201922009946058
1078634585.7268245 0.3200092845179641
1079309315.7025702 0.31982647852324975
1079984045.678316 0.3196437829224648
1080658775.6540618 0.319461197627753
1081344751.1294034 0.31927568223342206
1082019481.1051493 0.3190933191226235
1082694211.080895 0.3189110660537182
1083368941.0566409 0.3187289229394142
1084043671.0323865 0.31854688969255907
1084718401.0081325 0.31836496622613936
1085393130.9838781 0.3181831524532806
1086067860.959624 0.31800144828724636
1086742590.9353697 0.3178198536414381
1087428566.4107113 0.3176353446025162
1088103296.3864572 0.3174539705596409
1088778026.362203 0.3172727057765844
1089452756.3379488 0.31709155016729806
1090127486.3136945 0.31691050364586915
1090802216.2894404 0.3167295661265206
1091476946.265186 0.31654873752361035
1092151676.240932 0.31636801775163115
1092837651.7162735 0.31618439746226734
1093512381.6920192 0.3160038969064495
1094187111.6677651 0.3158235049244282
1094861841.6435108 0.3156432214312336
1095536571.6192565 0.3154630463420287
1096211301.5950024 0.3152829795721088
1096886031.570748 0.3151030210369014
1097560761.546494 0.3149231706519655
1098246737.0218356 0.3147404335427546
1098921466.9975812 0.31456080100454814
1099596196.9733272 0.31438127636267715
1100270926.9490728 0.3142018595332262
1100945656.9248188 0.31402255043240923
1101620386.9005644 0.31384334897656996
1102295116.8763103 0.31366425508218077
1102981092.351652 0.3134822864690079
1104330552.3031435 0.31312463931456663
1105005282.2788892 0.312945976619715
1105680012.254635 0.3127674210692199
1106354742.2303808 0.3125889725803229
1107715447.6814682 0.3122294267852119
1108390177.657214 0.3120513007653598
1109064907.6329598 0.31187328147596394
1109739637.6087055 0.31169536883489724
1110414367.5844514 0.31151756276015713
1111089097.560197 0.3113398631698656
1111763827.535943 0.3111622699822686
1112438557.5116887 0.3109847831157358
1113124532.9870303 0.3108044470445986
1113799262.9627762 0.3106271743444102
1114473992.9385219 0.3104500077197803
1115148722.9142678 0.310272947089572
1115823452.8900135 0.31009599237277014
1116498182.8657594 0.30991914348848143
1117150421.8423135 0.3097482900907595
1117802660.818868 0.3095775354393101
1118477390.7946136 0.3094009965315439
1119152120.7703595 0.3092245631392836
1119826850.7461052 0.3090482351822309
1120501580.721851 0.3088720125802069
1121187556.1971927 0.30869296085582537
1121862286.1729383 0.30851695047637345
1122537016.1486843 0.30834104521079886
1123211746.12443 0.30816524497940023
1123886476.1001759 0.3079895497025936
1124561206.0759215 0.3078139593009132
1125235936.0516675 0.30763847369500985
1125921911.527009 0.30746017067756054
1126596641.5027547 0.30728489616892046
1127271371.4785006 0.3071097262173961
1127946101.4542463 0.3069346607441065
1128620831.4299922 0.30675969967028643
1129295561.4057379 0.3065848429172859
1129970291.3814838 0.3064100904065701
1130645021.3572295 0.30623544205971864
1131330996.832571 0.306057989608795
1132005726.808317 0.3058835510876636
1132680456.7840626 0.3057092164945208
1133355186.7598085 0.30553498575140414
1134029916.7355542 0.30536085878046404
1134704646.7113001 0.3051868355039638
1135379376.6870458 0.30501291584427925
1136054106.6627917 0.30483909972389844
1136740082.1381333 0.30466249273055857
1137414812.113879 0.3044888851791193
1138089542.089625 0.30431538093383254
1138764272.0653706 0.30414197991763386
1139439002.0411165 0.30396868205356964
1140113732.0168622 0.3037954872647963
1140788461.992608 0.3036223954745805
1141463191.9683537 0.30344940660629877
1142137921.9440997 0.30327652058343674
1142823897.4194412 0.3031008584789393
1143498627.395187 0.30292817962871027
1144848087.3466785 0.30258312969796103
1145522817.3224244 0.3024107584653936
1146197547.29817 0.30223848962017935
1146872277.2739158 0.3020663230865636
1147558252.7492573 0.30189139191633985
1148232982.7250032 0.3017194314811195
1148907712.700749 0.30154757312961916
1149582442.6764948 0.30137581678651226
1152281362.579478 0.30068980999519707
1152956092.5552237 0.30051856256786175
1153642068.0305653 0.3003445651280346
1154316798.0063112 0.3001735224341788
1154991527.9820569 0.30000258114865525
1155666257.9578028 0.2998317411970822
1156340987.9335485 0.29966100250518163
1157015717.9092944 0.29949036499877824
1157690447.88504 0.29931982860379996
1158365177.860786 0.2991493932462768
1159051153.3361275 0.29897622080074154
1159725883.3118732 0.29880598897750094
1160400613.287619 0.2986358579691918
1161075343.2633648 0.29846582770225333
1161750073.2391107 0.298295898103226
1162424803.2148564 0.2981260690987511
1163099533.1906023 0.29795634061557047
1163785508.6659439 0.29778388629721175
1164460238.6416895 0.2976143603095462
1165134968.6174355 0.2974449346227864
1165809698.5931811 0.297275609164076
1167833888.5204186 0.2967682334291603
1168508618.4961643 0.2965993081560613
1169194593.9715059 0.296427669837083
1169869323.9472518 0.2962589458848226
1170544053.9229975 0.29609032165217747
1171218783.8987434 0.2959217970670791
1171837286.3765104 0.29576740367353754
1172444543.3546815 0.2956158987821005
1173130518.830023 0.29544485125487024
1173805248.805769 0.2952767079861497
1174479978.7815146 0.29510866401801117
1175154708.7572606 0.2949407192789496
1175829438.7330062 0.2947728736975558
1176504168.7087522 0.2946051272025155
1177178898.6844978 0.29443747972261025
1177864874.1598394 0.2942671395489887
1178539604.1355853 0.294099691533358
1179214334.111331 0.293932342318593
1179889064.087077 0.29376509183385463
1180293902.0725243 0.2936647889039905
1180709985.5575676 0.29356173677650765
1181395961.0329092 0.29339192186122665
1182070691.0086548 0.29322499011987974
1182745420.9844007 0.29305815680971176
1183420150.9601464 0.29289142186037254
1184094880.9358923 0.29272478520160455
1184769610.911638 0.2925582467632427
1185444340.887384 0.2923918064752139
1186119070.8631296 0.29222546426753715
1186805046.3384712 0.2920564501636716
1187479776.314217 0.2918903055388758
1188154506.2899628 0.291724258783877
1188829236.2657087 0.2915583098290609
1189503966.2414544 0.2913924586049041
1190178696.2172003 0.2912267050419733
1190853426.192946 0.29106104907092595
1191539401.6682875 0.29089273214087485
1192214131.6440334 0.29072727276956467
1192888861.619779 0.29056191078149823
1193563591.595525 0.29039664610769284
1194238321.5712707 0.2902314786792551
1194913051.5470166 0.2900664084273801
1195587781.5227623 0.28990143528335205
1196273756.9981039 0.2897338120652104
1196948486.9738498 0.28956903454667904
1197623216.9495955 0.2894043539292358
1198275455.9261498 0.2892452547113141
1198927694.902704 0.2890862459165207
1199602424.87845 0.2889218491482194
1200277154.8541956 0.2887575490126181
1200951884.8299415 0.28859334544169724
1201637860.305283 0.2884265040667764
1202312590.2810287 0.2882624950280782
1202987320.2567744 0.288098582349392
1203662050.2325203 0.28793476596304485
1204336780.208266 0.2877710458014495
1205011510.184012 0.2876074217971041
1205686240.1597576 0.28744389388259217
1206372215.6350992 0.28727773893885644
1207046945.610845 0.287114404600787
1207721675.5865908 0.2869511661496926
1208396405.5623367 0.286788023518497
1209071135.5380824 0.28662497664020825
1209745865.5138283 0.28646202544791827
1210420595.489574 0.28629916987480325
1211095325.4653199 0.2861364098541223
1211770055.4410655 0.2859737453192183
1212456030.916407 0.2858084675262893
1213130760.892153 0.28564599535194873
1213805490.8678987 0.2854836184628051
1214480220.8436446 0.285321336792534
1215154950.8193903 0.2851591502748932
1215829680.7951362 0.28499705884372223
1216504410.770882 0.2848350624329429
1217179140.7466278 0.2846731609765586
1217865116.2219694 0.28450865843606366
1218539846.197715 0.28434694827062545
1219214576.173461 0.2841853328609851
1219889306.1492066 0.2840238121414721
1220564036.1249526 0.2838623860464963
1221238766.1006982 0.28370105451054844
1221924741.5760398 0.28353713098435834
1222599471.5517857 0.2833759899435093
1223274201.5275314 0.2832149432645531
1223948931.5032773 0.28305399088230127
1224623661.479023 0.2828931327316449
1225298391.454769 0.28273236874755425
1225973121.4305146 0.282571698865079
1226647851.4062605 0.28241112301934684
1228008556.8573477 0.2820875808414779
1228683286.8330936 0.2819272882810269
1229358016.8088393 0.2817670894975417
