1.0 1.0
3047531.390451843 0.992312325721471
8861454.681461448 0.9768873587941382
15619999.938515166 0.9609819783361919
17655435.365348317 0.9559218660635697
19679625.2925857 0.9505889489089001
25763440.573893625 0.9523775181054647
26438170.54963942 0.9514774639291289
35232151.23352629 0.9351174407205723
35906881.20927209 0.9346225070829758
38572064.61346798 0.929750675374656
45038226.88103185 0.917583981495335
45712956.856777646 0.9167936454614027
48423122.25935659 0.9124064583095716
50267384.19306176 0.9084064098446334
50942114.16880756 0.9076972325429705
52966304.09604494 0.9045166564813808
57025929.45011548 0.8978643329857714
59724849.35309866 0.8934348355948817
61760284.77993181 0.8902414703012017
62435014.75567761 0.889465750532656
63109744.73142341 0.8886208919858726
63784474.7071692 0.8878214207874273
64459204.682914995 0.8870900306090281
65819910.13400235 0.8846407485664496
67169370.08549394 0.8826020681605302
67844100.06123973 0.8819277006459642
68237692.54709145 0.8815344077424807
68631285.03294316 0.881139480124477
70666720.45977631 0.8793687966193858
72690910.3870137 0.8754329827910938
73365640.3627595 0.8751184446273013
74726345.81384686 0.8724858823213997
75401075.78959265 0.8721417269902663
76075805.76533844 0.8712448460816138
76750535.74108423 0.8705969224667054
79348246.14770555 0.8663776300357369
80450305.10809036 0.8661204991743143
81125035.08383614 0.8654780566583108
84498684.96256512 0.8615780142129654
85848144.91405672 0.8594589443538194
86534120.38939828 0.8585330232361238
87883580.34088986 0.8568611918350147
89907770.26812725 0.8539803453530548
90582500.24387304 0.8530832721256261
94360988.1080495 0.8503458958179282
96396423.53488265 0.8472631141050827
97745883.48637424 0.845051442517933
98420613.46212004 0.8443491887089496
99095343.43786584 0.8437904050742284
100444803.38935742 0.842059916296735
101805508.84044477 0.8400847974097762
102480238.81619057 0.839296192249752
103154968.79193637 0.8383717135258313
103829698.76768216 0.8375623378848148
105179158.71917376 0.8357108802879603
105696451.70057887 0.8349886252750582
106224990.18157974 0.834293198800351
110059705.54373501 0.8285819896451372
110262124.53645875 0.8284147680409755
110689453.52109775 0.8279957043545355
111442901.99401389 0.8267149541870459
111948949.47582324 0.8260612609930995
112623679.45156904 0.8254980540156962
114659114.87840217 0.8226121110733685
117358034.78138536 0.8191568069370474
118032764.75713116 0.8184437832490309
118707494.73287696 0.8176731599398683
119393470.20821851 0.8168502257906723
120742930.15971011 0.8151857986821371
121417660.13545589 0.8146298036765622
122092390.11120169 0.8138360058957979
124802555.51378064 0.8098915376999334
126152015.46527223 0.8081934547189272
126826745.44101803 0.8074803348715228
130211640.81934276 0.8024593595712605
130886370.79508856 0.8016974867890583
131561100.77083436 0.8009449414921145
132235830.74658015 0.8006503083728524
132910560.72232595 0.7997515523512094
134260020.67381755 0.7979764455034362
136295456.1006507 0.7950165558026365
138319646.0278881 0.792517366908665
138994376.00363386 0.7921717211030779
140355081.4547212 0.7901057313620237
141029811.430467 0.7892571225902438
141704541.4062128 0.7889602777991485
143054001.3577044 0.7876127447653212
144403461.309196 0.7858389360722408
147001171.7158173 0.7828340917423183
147563446.6956055 0.7821625128568985
148238176.67135128 0.7812935182426632
148912906.64709705 0.780466353068577
149598882.1224386 0.7797141924101699
150948342.0739302 0.7782832408935303
151623072.049676 0.7778234536018733
154321991.9526592 0.7743481482616335
155007967.42800075 0.77416203128947
156357427.37949234 0.7723251418763387
158381617.30672973 0.7698124906345606
159056347.28247553 0.7691514893093978
160417052.7335629 0.7678987215937442
161766512.68505448 0.7661039981805893
163115972.63654605 0.76467823928469
164352977.59208003 0.7627870196784684
164645360.58156985 0.7624708468011402
165072689.56620887 0.7615741582122485
165747419.54195467 0.7612375994924648
166141012.02780637 0.7610411453594992
166534604.51365808 0.7608448835462944
167209334.48940387 0.7600190646075796
168311393.4497887 0.7597257777227044
168738722.43442768 0.7589291432330996
169188542.41825822 0.7581687128456569
169638362.40208876 0.7575878605752505
170313092.37783456 0.7573677511727582
170987822.35358033 0.756863490050888
173697987.75615928 0.7537333497173258
174372717.73190507 0.7529315226069805
175047447.70765087 0.7523962500027038
176396907.65914246 0.7504072841294014
177071637.63488826 0.7495851673359888
177757613.11022982 0.7491361980040435
178274906.09163493 0.7487789649626556
178803444.5726358 0.7478632367656952
179478174.5483816 0.7474423460469434
180152904.5241274 0.7472719030954046
180827634.4998732 0.7471580500884835
181502364.475619 0.7465717647988666
182863069.92670634 0.7450539811322765
183537799.90245214 0.7446482836352397
184212529.87819794 0.743936029224297
185561989.82968953 0.7420828888332281
186236719.80543533 0.7420724555130379
186911449.78118113 0.7414097713936608
187597425.2565227 0.7405445750851005
188272155.23226848 0.7398958341124398
188946885.20801425 0.7395752859721236
190442536.65425077 0.737894079007047
194502162.00832132 0.737422031362888
195176891.9840671 0.7372783688688651
195851621.9598129 0.7364961102451922
196526351.9355587 0.7355661504223667
197201081.9113045 0.7348483668328255
197875811.8870503 0.7341796246562462
198561787.36239186 0.7335940124843149
199236517.33813766 0.7328950761820968
199911247.31388345 0.7325368334651651
200585977.28962925 0.7318366951686269
201935437.24112082 0.7305192601000655
202610167.2168666 0.7297513773403551
203284897.1926124 0.7292894264575436
204645602.64369977 0.7275637456622537
205320332.61944556 0.7269023596975694
205995062.59519136 0.7261179374817572
206669792.57093716 0.7256451205605244
207063385.05678886 0.7253683731327357
207468223.04223636 0.7250899429117174
208142953.01798216 0.7246126545681086
208817682.99372795 0.7239277575729796
209492412.96947375 0.7233935908046197
210167142.94521955 0.7225497419343647
210841872.9209653 0.7219583601843801
211527848.39630687 0.7212964934217708
212202578.37205267 0.7206211162306763
212877308.34779847 0.7200515627169218
213552038.32354426 0.7193829167007152
214226768.29929006 0.718577291284695
214901498.27503586 0.7181365916817855
215576228.25078166 0.7175633841014382
216250958.22652745 0.7169703195582239
216925688.20227325 0.7160709865782833
217611663.6776148 0.7155516764737803
218286393.6533606 0.7147813897244452
218961123.6291064 0.7142953508528912
219635853.6048522 0.7137380096129294
220310583.580598 0.7132286039509975
220985313.5563438 0.712600537299941
221660043.5320896 0.7118517903076874
222346019.00743115 0.7114802294810463
223020748.98317695 0.7106269088874357
223695478.95892274 0.7098615262787075
224370208.93466854 0.7092136988231872
225044938.9104143 0.7088242042243941
225719668.8861601 0.7081193060253466
226394398.8619059 0.7077328885358333
227080374.33724746 0.7069392349941508
228429834.28873906 0.704981136363188
229104564.26448485 0.7046521742537696
229779294.24023065 0.7039680465366991
230454024.21597645 0.7034849405343582
231128754.19172224 0.7031890573400974
231814729.6670638 0.7025141609469276
232354513.64766043 0.7016011732994196
232646896.6371503 0.7012026396955018
232883052.1286613 0.7010228692596895
233231662.61612996 0.700898967571115
233760201.09713084 0.7005351475949059
234434931.07287663 0.6996724514363429
235109661.04862243 0.699296515346714
235784391.02436823 0.6984663211440265
237133850.97585982 0.696813769750441
237819826.45120138 0.6963986486097425
238494556.42694718 0.6959824216321427
239169286.40269297 0.6952698306633419
239844016.37843877 0.6949007699866983
240518746.35418457 0.6940769223203619
241193476.32993037 0.6933588983323505
241744505.81012276 0.6929051690978958
242306780.7899109 0.692421966936167
242981510.7656567 0.6920359340842058
243656240.7414025 0.6911612660513052
244330970.7171483 0.6902637120259516
245005700.6928941 0.6896104996299303
246355160.6443857 0.6883933109804163
247715866.09547305 0.6871724682643098
248390596.07121885 0.6866505618494365
249065326.04696465 0.6858543600780626
249740056.02271044 0.6849279581624419
250414785.99845624 0.6843729728333955
251764245.94994783 0.6827309028396943
252450221.4252894 0.6826272908332025
253124951.4010352 0.6822665960449825
253799681.376781 0.6821930820047414
254474411.35252678 0.6815871320700487
256498601.27976415 0.6796012913837508
257173331.25550994 0.6788576408528495
257859306.7308515 0.6780819691630132
258534036.7065973 0.6775972765268307
259197521.18274733 0.6771972524484592
260546981.13423893 0.6757062492393852
261221711.10998473 0.6751568411696162
261896441.08573052 0.6745465159709509
262582416.56107208 0.6737607956004459
263257146.53681788 0.6729747386701134
263931876.51256368 0.6725710124454551
264606606.48830947 0.6722338286886644
265281336.46405527 0.6716930269057892
265956066.43980107 0.6707973479924415
266630796.41554686 0.6698803216407883
267316771.89088842 0.6697910374205345
267991501.86663422 0.6693365869887
269340961.8181258 0.6685772143574801
270015691.7938716 0.6680024682239699
270690421.7696174 0.6676256666968943
271365151.7453632 0.6670616904424174
272039881.721109 0.6663865055710835
272725857.19645053 0.665854213915714
274075317.1479421 0.6643666724534719
277280284.53273463 0.6650032492320341
277673877.0185864 0.664726886443767
278067469.5044381 0.6644509082930521
278742199.4801839 0.6636396575390452
279416929.4559297 0.6629255760957908
280091659.4316755 0.6625398317229786
280766389.4074213 0.6622963074494297
281441119.3831671 0.6616548746089699
282127094.85850865 0.6611614795255208
282801824.83425444 0.6605522601627722
283476554.81000024 0.6598497178756247
284151284.785746 0.6592170836418195
284826014.7614918 0.6586411835926989
285500744.7372376 0.658120719572585
286175474.71298337 0.6576149679762614
286850204.68872917 0.6573404322203059
287536180.1640707 0.6564692259342374
288210910.1398165 0.6560001111592916
288885640.1155623 0.6557136035289983
289560370.0913081 0.6552848277197478
290235100.0670539 0.6546418563251405
290909830.0427997 0.6539649405798982
291584560.0185455 0.6534134650783626
292270535.49388707 0.6527591949271032
292945265.46963286 0.6522892627944049
293530031.4486126 0.6520627106961734
293946114.9336558 0.6515644595518114
294632090.40899736 0.6511551560688605
295306820.38474315 0.6504044378042284
295981550.36048895 0.650122497756684
296656280.33623475 0.6494927963920918
297331010.31198055 0.6490320955842789
298005740.28772634 0.6485511050933986
298680470.26347214 0.6480125630620507
299355200.23921794 0.6475734020132887
300029930.21496373 0.6468410983187335
300715905.6903053 0.6464727588394695
301390635.6660511 0.6458283450510873
302065365.6417969 0.645409473684408
302740095.6175427 0.6450071898545093
303414825.5932885 0.6443798444008326
304089555.5690343 0.6437527874253199
304764285.5447801 0.6433689181654981
305439015.5205259 0.6426928197780085
306124990.99586743 0.6421568740560462
306518583.48171914 0.6418424801323204
306912175.96757084 0.6415276534903637
307305768.45342255 0.6413335552683134
307699360.93927425 0.6410473361171691
308385336.4146158 0.6406073577106545
309060066.3903616 0.6397925490494428
309734796.3661074 0.639511522519039
310409526.3418532 0.6387809016177135
311084256.317599 0.6379766224370648
311758986.2933448 0.6379583040273605
312433716.2690906 0.6371024832827679
313108446.2448364 0.6369427621305681
313794421.72017795 0.6365653355655008
314469151.69592375 0.6358529849951701
315143881.67166954 0.635606335533632
315818611.64741534 0.6347704198335697
320395529.98289096 0.6007809700833434
321070259.95863676 0.6002269463511317
324443909.83736575 0.5985789144606009
325129885.3127073 0.5982969744120716
325804615.2884531 0.5980585946795691
326479345.2641989 0.5974402882310171
327154075.2399447 0.5971153648267283
327828805.2156905 0.5970693043626737
328503535.1914363 0.5967212545664772
329178265.1671821 0.5962606979977463
329864240.64252365 0.5959009648063609
330538970.61826944 0.5952596762059679
331213700.59401524 0.5948481610511837
331888430.56976104 0.5944575125367797
333237890.52125263 0.5939574824388155
333912620.4969984 0.5933799476761591
334587350.4727442 0.5928614549284238
335273325.9480858 0.5923759449354735
335948055.9238316 0.5920605413352191
336622785.8995774 0.591379298406683
337297515.8753232 0.5911927006356099
337972245.851069 0.591004035433755
338646975.8268148 0.5906495910215133
339321705.80256057 0.5902033622390205
339996435.77830637 0.5897772789005128
340682411.2536479 0.589228592027139
341357141.2293937 0.5888840039777744
342031871.2051395 0.5886120645321893
342706601.1808853 0.5879178881324807
343381331.1566311 0.5875311821638186
344056061.1323769 0.587279243922152
344730791.1081227 0.5866554563746954
345405521.0838685 0.5863426490848113
346091496.55921006 0.5861571090709454
346766226.53495586 0.5857086205369252
347440956.5107016 0.5853062405476384
348115686.4864474 0.5848681853338084
348790416.4621932 0.5846324980700793
349465146.437939 0.5841719895820273
350139876.4136848 0.5836985957024968
350825851.88902634 0.5833355450033615
351500581.86477214 0.5831178876711725
352175311.84051794 0.5828182542509308
352850041.81626374 0.5821670612079666
353524771.79200953 0.5818112705613382
354199501.7677553 0.581631067407295
354874231.7435011 0.5812436402402683
355560207.2188427 0.5807476007677397
356234937.1945885 0.5801525649511622
356909667.1703343 0.5801312655915662
357584397.1460801 0.5798561528782978
358259127.1218259 0.5794861306058042
358933857.0975717 0.5786916597083388
359619832.5729132 0.5783979401052326
360294562.548659 0.5783347151460997
360969292.5244048 0.5780507557464827
361644022.5001506 0.5775441387127124
362329997.9754922 0.5769501606523576
363004727.951238 0.5766098997872717
363679457.9269838 0.576340364332296
364354187.9027296 0.575931157008733
365028917.87847537 0.5755049294301587
365703647.85422117 0.5751410132945614
366378377.82996696 0.5747840687323222
367064353.3053085 0.5744996285337957
367457945.7911602 0.5743337050853116
367570400.78711784 0.5742862503052066
367963993.27296954 0.5737366499166616
368638723.24871534 0.5734179768883512
369313453.22446114 0.5732941713591648
369988183.20020694 0.5727933719841268
370662913.17595273 0.5723787316413533
371337643.1516985 0.5720635684405537
372023618.6270401 0.5715275265592034
372698348.6027859 0.5713198698289738
373373078.5785317 0.5709634060656443
374047808.5542775 0.570673388608825
374722538.5300233 0.5699942131120554
375397268.5057691 0.5696456825179339
376071998.4815149 0.5693427796696364
376757973.9568564 0.5689484290099303
377432703.9326022 0.5685929268424507
378107433.908348 0.5683368056565723
378782163.8840938 0.5679941407998923
379456893.8598396 0.5677384523322448
380131623.8355854 0.5671125492733275
380806353.8113312 0.5666297798298296
381481083.787077 0.5664409703879079
382155813.7628228 0.56594276732324
382841789.23816437 0.5654848070648795
383516519.21391016 0.5651570950314444
384191249.18965596 0.5647247613159737
384865979.16540176 0.5644387825632995
385540709.14114755 0.5640562114591551
386215439.11689335 0.5636939781167876
386890169.09263915 0.5634345875038378
387564899.06838495 0.5630403330035199
388250874.5437265 0.5625338602098163
388925604.5194723 0.562314231605249
389600334.4952181 0.5619747880959463
390275064.4709639 0.5616570766644705
390949794.4467097 0.5614045614654909
391624524.4224555 0.5609361198072461
392299254.3982013 0.5605413845090031
392973984.3739471 0.560328438998645
393659959.84928864 0.5599726964317107
394334689.82503444 0.559436702631039
395009419.80078024 0.5591885626950474
395684149.776526 0.5589259507337356
396358879.7522718 0.5585540533482517
397033609.72801757 0.5579788264168166
397708339.70376337 0.5576332286909236
398383069.67950916 0.5574976916868543
399057799.65525496 0.5570616558250967
399462637.6407025 0.5568072174334325
399856230.1265542 0.5565530675199326
400249822.6124059 0.5563639215191681
400598433.09987456 0.556165111475287
401239426.57683307 0.5558099458666503
401655510.0618763 0.5555961349198304
401936647.5517704 0.5554223744605417
402476431.532367 0.5552314014274654
402948742.5153891 0.5551521178091708
403409807.99881536 0.554974943682744
404084537.97456115 0.5545163103076823
404759267.95030695 0.55394666063454
405433997.92605275 0.5535831291374796
406108727.90179855 0.5532803224485701
406783457.87754434 0.5532396469230472
407469433.3528859 0.5529428021329366
408144163.3286317 0.5526172536906561
408818893.3043775 0.5519477422379876
409493623.2801233 0.5516197898050977
410168353.2558691 0.55133563808572
410843083.2316149 0.5507476219231793
411517813.2073607 0.5504358243088391
412192543.1831065 0.5500235879566749
412867273.1588523 0.5498307398106081
413553248.63419384 0.5494091759741706
414227978.60993963 0.5488462093952375
414902708.58568543 0.5487609638801135
415577438.5614312 0.5483095905565742
416252168.537177 0.5478533130924279
416926898.5129228 0.5476647921296551
417601628.4886686 0.5471444723486234
418276358.4644144 0.5468960920131769
418962333.939756 0.5463671659452515
419637063.9155017 0.5459631993221229
420311793.8912475 0.5457388108160308
420986523.8669933 0.545650151632784
421661253.8427391 0.5452232990162179
422335983.8184849 0.5446243206548834
423010713.7942307 0.5441928042961806
423696689.26957226 0.5438711022402538
424371419.24531806 0.5433670334371598
425046149.22106385 0.5429604224239671
425720879.19680965 0.5426412685977318
426395609.17255545 0.5422125889488539
427070339.14830124 0.5419684877170073
427745069.12404704 0.5413319109384451
428419799.09979284 0.5412764268297441
429105774.5751344 0.5411516116250139
429780504.5508802 0.5407161046408753
430455234.526626 0.5403007911814007
431129964.5023718 0.5402715586525967
431804694.4781176 0.5397660955344372
432479424.4538634 0.5393737161471096
433154154.4296092 0.5389992224522401
433840129.90495074 0.5388176249831313
434514859.88069654 0.5384666903974158
438563239.7351713 0.5371603136870362
439249215.2105129 0.5366427344554568
439923945.1862587 0.536377093465544
440598675.1620045 0.5360402943472902
441273405.13775027 0.5357028221113508
441948135.11349607 0.5353419350033699
442622865.08924186 0.5351577412238909
443297595.06498766 0.5346652596575825
443972325.04073346 0.5343653858378861
444658300.516075 0.5338614612748588
445333030.4918208 0.5337007304461304
446007760.4675666 0.5332610885984588
446682490.4433124 0.5331041560754054
447357220.41905814 0.5327484135084709
448031950.39480394 0.5324267114525442
448706680.37054974 0.5321162119938813
449381410.34629554 0.5317062353932447
450067385.8216371 0.5315765160469228
450742115.7973829 0.5312277450533466
451416845.7731287 0.5308013732347053
452091575.7488745 0.5305662629292741
452541395.73270506 0.5304116863171362
452991215.71653557 0.5301567190468683
453396053.70198303 0.5299345422126095
453789646.18783474 0.5297127500159028
454464376.16358054 0.5292451737951045
455139106.13932633 0.5288932776135391
455813836.11507213 0.528437288627557
456488566.0908179 0.5282751154050538
457163296.0665637 0.5279201901948872
457838026.0423095 0.5276178162251933
458512756.0180553 0.527147547533652
459198731.4933969 0.5266884814403594
459873461.4691427 0.5262056639161827
460548191.4448885 0.5258382379540594
461897651.39638007 0.5255242767485645
462572381.37212586 0.5249955429994151
463247111.34787166 0.5248309177056238
463921841.32361746 0.5243785827862346
464607816.798959 0.5239662021949886
465282546.7747048 0.5236469522093652
465957276.7504506 0.523484923225944
466632006.7261964 0.5232476974080675
467306736.7019422 0.522987104799813
467981466.677688 0.5225459724776879
468656196.6534338 0.521937858950856
469342172.12877536 0.5216914979674819
470691632.08026695 0.5213459002425737
471366362.05601275 0.5208490914919865
472041092.03175855 0.5204533945969091
473390551.98325014 0.5199668749274301
474076527.4585917 0.5194795379021682
474751257.4343375 0.5192474566243533
475425987.4100833 0.5190202794891148
475864561.89431804 0.5182605702980673
476291890.87895703 0.5181811424406906
476966620.85470283 0.5176034153582734
478327326.3057902 0.5177170760454337
479002056.281536 0.5173796518891882
479676786.2572818 0.5169214512323574
480351516.2330276 0.5167197563989574
481026246.2087734 0.5163188668841242
481700976.1845192 0.5160135119655231
482386951.65986073 0.515482951184062
483736411.6113523 0.515343423554557
484411141.5870981 0.5149082050505519
485085871.5628439 0.5145012574785164
485760601.5385897 0.5142216252621933
486435331.5143355 0.5134384531213798
487110061.4900813 0.5133557558359472
487796036.96542287 0.5129959264841891
488470766.94116867 0.5126240290987051
489145496.91691446 0.5123930055780975
489820226.89266026 0.5118007103109724
490494956.86840606 0.5117713816227802
491855662.3194934 0.5111457189623332
492530392.2952392 0.5106712192468861
493205122.27098495 0.5102063835755402
493879852.24673074 0.5101001752596629
494554582.22247654 0.5098622763241006
495229312.19822234 0.509370131316635
495904042.17396814 0.5090951628424487
496578772.14971393 0.508854763756889
497264747.6250555 0.5084071406593306
497939477.6008013 0.5082223699225386
498614207.5765471 0.5079144667732614
499288937.5522929 0.507192788718657
500638397.5037845 0.5069561398590782
501313127.4795303 0.5065734725945612
501999102.95487183 0.5065557311421699
502673832.93061763 0.5063698064887826
503348562.9063634 0.5059116539116459
504023292.8821092 0.5058608335450816
504698022.857855 0.5051383381337096
505372752.8336008 0.5048667833266614
506047482.8093466 0.5046756660535182
507408188.260434 0.5043310780041538
508082918.23617977 0.5040277424376253
508757648.21192557 0.5037390231364834
509432378.18767136 0.5034783343678563
510107108.16341716 0.5028569988916878
510781838.13916296 0.5027364147098787
511456568.11490875 0.5025768377967611
512131298.09065455 0.5019668491569386
512817273.5659961 0.5018055413708973
513492003.5417419 0.501516004712003
514166733.5174877 0.5013103192541519
515516193.4689793 0.5008323577928574
516190923.4447251 0.500502962965208
516865653.4204709 0.5000188953670172
517540383.3962167 0.4996515655642819
518226358.87155825 0.49951021090148046
518833615.8497294 0.4993207764225517
519452118.3274964 0.49901513302480177
520126848.3032422 0.4987798304005945
520812823.77858377 0.49843500195177515
521487553.75432956 0.49812570448841703
522162283.73007536 0.49801742873978866
522814522.70662963 0.4975195141542696
523478007.18277967 0.49719757169888795
524152737.15852547 0.49707540088323726
524827467.13427126 0.4965551772625783
525502197.11001706 0.49629078634766427
526176927.08576286 0.49610274618380107
526851657.06150866 0.49580311276257466
527526387.03725445 0.4953132755863305
528212362.512596 0.495112590429459
528887092.4883418 0.4948248327241671
529561822.4640876 0.49477550283205635
530236552.4398334 0.49439379716338916
530911282.4155792 0.4942197482259363
531586012.391325 0.49393771201900377
532260742.3670708 0.49345292322244855
532946717.84241235 0.49314040441171314
534296177.79390395 0.4933972467949714
535162081.2627777 0.4933596964574377
535836811.2385235 0.4928525986267272
536511541.2142693 0.4925556095965498
537186271.1900151 0.4922559761753234
537861001.1657609 0.4919647086435054
538535731.1415067 0.49175878278718416
539210461.1172525 0.4914707846824375
