1.0 0.9925120604783404
3126249.887622186 0.9872102350386746
3553578.8722611894 0.9864891428961238
5577768.799498576 0.9830851912984206
7601958.726735963 0.9797005422742919
10312124.129314907 0.9751988665767228
11661584.0808065 0.9729700865870985
13697019.507639648 0.9696242287513507
15721209.434877034 0.9663156875827157
16395939.41062283 0.9652169914161957
17745399.362114422 0.9630257970398615
20376846.267523024 0.9587766127546387
27056673.0274064 0.9481289359806223
27731403.003152195 0.9470643562444083
29755592.93038958 0.9438825378052637
31791028.357222732 0.9407009772296278
34489948.26020591 0.9365098564686405
35558270.72180342 0.9348594838079887
35963108.7072509 0.934235349719858
37312568.65874249 0.9321599291477105
37987298.634488285 0.9311251107926504
38662028.61023408 0.9300922145496058
40686218.537471466 0.9270050148603266
42721653.96430462 0.9239179493297442
43328910.94247583 0.9230002857962745
43666275.93034873 0.9224911336566815
44082359.415391974 0.9218638285395424
44757089.391137764 0.9208480986690528
47467254.793716714 0.9167871358787325
48141984.76946251 0.915780788209577
48816714.7452083 0.9147762979978167
51526880.14778725 0.910760224787744
52201610.12353305 0.9097649894229746
53326160.08310937 0.9081103334364558
53730998.068556845 0.9075158995112771
54124590.554408565 0.9069386067841456
54799320.530154355 0.9059504028362007
56823510.45739175 0.9029966724206361
57498240.433137536 0.9020157090704647
59533675.85997069 0.8990673577298407
62232595.76295387 0.8951830096111557
62907325.73869967 0.8942163614040952
64268031.18978702 0.8922723264427068
64942761.16553281 0.8913109980253215
66292221.11702441 0.8893936035966246
67641681.068516 0.8874831992828169
68991141.0200076 0.8855797535041522
69395979.00545506 0.8850100719822867
69789571.49130678 0.884456811846013
71139031.44279838 0.8825643769723928
71813761.41854417 0.8816207405000606
73163221.37003575 0.8797386100592219
73837951.34578155 0.8788001083484192
77897576.6998521 0.8731892867680603
79247036.65134367 0.8713377094264896
79921766.62708947 0.8704144325493264
81282472.07817683 0.8685575652359492
81957202.05392262 0.8676393132138593
82631932.02966842 0.8667227193498651
84656121.95690581 0.8639828493582444
85330851.93265161 0.8630728508228611
86016827.40799317 0.8621493663912201
86691557.38373896 0.8612426704950322
87366287.35948475 0.8603376067069362
88041017.33523054 0.8594341713496931
88434609.82108226 0.8589079179505238
88828202.30693397 0.8583822166949163
90188907.75802132 0.8565690361753433
90863637.73376712 0.8556723734145484
91538367.70951292 0.8547773201640954
92213097.68525872 0.8538838728005487
92887827.66100451 0.8529920277090984
93562557.63675031 0.8521017812835405
94923263.08783767 0.8503112991798468
95597993.06358346 0.8494258536351743
96947453.01507504 0.8476597117842433
97622182.99082084 0.8467790083597743
98971642.94231243 0.8450223187807906
99646372.91805823 0.8441463255587701
101007078.36914559 0.8423844899912958
101681808.34489138 0.8415132011849554
102356538.32063718 0.8406434648211782
103705998.27212876 0.8389086354791877
104380728.24787456 0.838043535550639
105066703.72321612 0.8371655944893476
105741433.69896191 0.8363035937455428
106416163.67470771 0.8354431245853815
107090893.65045351 0.8345841835708893
108440353.6019451 0.8328708722678927
109115083.5776909 0.8320164951442584
111071800.50735371 0.8295473536831124
111420410.99482237 0.8291087796008508
111825248.98026983 0.8285999712037886
112499978.95601563 0.8277531575520327
113185954.43135719 0.8268937654797193
113860684.40710299 0.8260499683724658
114535414.38284878 0.8252076620172013
115884874.33434038 0.8235275082072051
116559604.31008618 0.8226896540946014
117909064.26157776 0.8210183748688364
118595039.73691931 0.8201710650588576
119269769.71266511 0.8193391252984891
120619229.6641567 0.8176796350759025
121293959.6399025 0.816852078066112
121968689.6156483 0.8160259754385786
122643419.5913941 0.8152013239389435
123318149.5671399 0.8143781203205858
124004125.04248145 0.8135426775825871
125353584.99397303 0.8119035285793306
126028314.96971883 0.8110861080629581
130087940.32378937 0.8061980698031543
130537760.3076199 0.8056596183978384
130987580.29145043 0.8051217938654238
131673555.76679198 0.8043028162679263
132348285.74253778 0.8034986814262535
133023015.71828358 0.8026959486134546
133697745.69402938 0.8018946146996144
134372475.66977516 0.8010946765622553
136407911.0966083 0.7986899545997173
137082641.0723541 0.7978955915214829
137757371.0480999 0.797102608666919
138432101.0238457 0.7963110029579215
139106830.9995915 0.7955207713237
139781560.9753373 0.7947319107007598
140456290.9510831 0.7939444180328834
141131020.9268289 0.7931582902711138
141816996.40217045 0.7923604564628397
142491726.37791625 0.7915770720168647
143166456.35366204 0.7907950433231197
143841186.32940784 0.7900143673616346
144515916.30515364 0.7892350411196124
146540106.23239103 0.7869051306895865
147226081.7077326 0.7861182853678107
147900811.6834784 0.7853456850018568
148575541.65922415 0.784574416378812
149250271.63496995 0.783804476535727
149925001.61071575 0.7830358625166889
150599731.58646154 0.7822685713728027
151274461.56220734 0.7815026001621763
151960437.0375489 0.7807252128542489
152635167.0132947 0.7799618945887954
153309896.9890405 0.7791998874241437
155334086.9162779 0.7769217034302001
156683546.86776948 0.7754094163668868
157369522.34311104 0.774642655775044
158044252.31885684 0.7738897666018343
158494072.30268735 0.7733885561820726
158943892.2865179 0.7728879173300157
159337484.7723696 0.7724503265334278
159731077.25822133 0.7720131721295851
161755267.18545872 0.7697718214795541
162429997.1612045 0.7690272529576498
163790702.61229184 0.7675295650237963
165814892.53952923 0.7653111027170154
167839082.46676663 0.7631039391997736
168513812.44251242 0.762370715903201
169199787.91785398 0.761626547812764
171223977.84509137 0.7594381112341083
171898707.82083717 0.7587111026260083
172573437.79658297 0.7579853245893631
172967030.28243467 0.7575625212696715
173371868.26788214 0.7571280731731123
174046598.24362794 0.7564049724307369
174721328.21937373 0.7556830936145205
175396058.19511953 0.7549624340221237
176070788.17086533 0.7542429909576158
176745518.14661112 0.7535247617314597
177420248.12235692 0.7528077436604956
178106223.59769848 0.7520800141313302
178780953.57344428 0.7513654304209163
180130413.52493587 0.749939869640827
180805143.50068167 0.74922888726206
181468627.9768317 0.7485309200365481
182132112.45298174 0.747834105940973
182806842.42872754 0.7471266614676653
183459081.40528178 0.7464439271323347
184111320.38183606 0.7457622999285068
184797295.85717762 0.7450466080639709
185472025.8329234 0.7443438383206016
186146755.8086692 0.7436422455980459
186821485.784415 0.7429418273004278
187496215.7601608 0.742242580838024
188170945.7359066 0.7415445036272486
189520405.6873982 0.7401518466568385
190206381.16273975 0.7394456951718709
190881111.13848555 0.7387522885486449
191555841.11423135 0.7380600383081659
192230571.08997715 0.7373689419034655
193580031.04146874 0.735990200443686
194254761.01721454 0.7353025503247859
194940736.4925561 0.7346046118158864
195615466.46830186 0.7339192655948245
196290196.44404766 0.7332350580121543
196964926.41979346 0.732551986562946
197639656.39553925 0.7318700487482033
198314386.37128505 0.7311892420748494
198989116.34703085 0.7305095640557122
199663846.32277665 0.729831012209511
203723471.6768472 0.7257720245099739
204398201.652593 0.7251013053524741
205072931.62833878 0.7244316926875113
205758907.10368034 0.7237520516163298
206433637.07942614 0.7230846629959713
207108367.05517194 0.7224183735587446
207783097.03091773 0.7217531808931543
208457827.00666353 0.7210890825934134
209132556.9824093 0.7204260762594301
209807286.9581551 0.719764159496794
210493262.43349665 0.7190923252877008
211167992.40924245 0.718432598567019
211842722.38498825 0.7177739542288284
212517452.36073405 0.7171163899014015
213192182.33647984 0.7164599032186237
213866912.31222564 0.7158044918199807
214541642.28797144 0.7151501533505435
215216372.26371723 0.7144968854609567
215891102.23946303 0.7138446858074234
216577077.7148046 0.713182708839661
217251807.6905504 0.7125326563553689
217926537.66629618 0.7118836650702236
218601267.64204198 0.7112357326626241
219275997.61778778 0.7105888568164621
219950727.59353358 0.7099430352211087
220625457.56927937 0.7092982655714011
221300187.54502517 0.7086545455676296
221986163.02036673 0.7080011705650091
222660892.99611253 0.7073595603740804
223335622.9718583 0.7067189929245347
224010352.9476041 0.7060794659384333
224685082.9233499 0.7054409771432254
225089920.90879738 0.7050583812543609
225483513.3946491 0.7046867701022668
226169488.86999065 0.7040399450609941
226844218.84573644 0.7034047632676238
227518948.82148224 0.7027706101789735
228193678.79722804 0.7021374835502991
228868408.77297384 0.701505381142165
229543138.74871963 0.7008743007204297
230229114.2240612 0.7002337476721059
230903844.199807 0.6996047214819519
231578574.1755528 0.6989767105704884
232253304.15129858 0.6983497127247142
232928034.12704438 0.6977237257368601
233602764.10279018 0.6970987474043749
234277494.07853594 0.6964747755299143
234963469.5538775 0.695841433623752
235638199.5296233 0.695219484776885
236312929.5053691 0.6945985357908018
236987659.4811149 0.6939785844889435
237662389.4568607 0.6933596286998952
238708220.91926667 0.6924022095447184
239101813.4051184 0.6920425069395859
239495405.8909701 0.6916831407813621
240181381.36631167 0.6910576198092642
240856111.34205747 0.6904433468064204
241530841.31780326 0.6898300569656135
242205571.29354906 0.6892177481497425
242880301.26929486 0.6886064182267553
243555031.24504066 0.687996065069637
244241006.7203822 0.6873765384931781
244915736.696128 0.6867681486977119
245590466.6718738 0.6861607292820104
246265196.6476196 0.6855542781391674
246939926.62336537 0.6849487931672529
247614656.59911117 0.6843442722693014
248300632.07445273 0.6837306621762643
248975362.05019853 0.683128079135733
249650092.02594432 0.6825264538732734
250324822.00169012 0.6819257843117398
250999551.97743592 0.6813260683788913
251674281.9531817 0.6807273040073798
252349011.9289275 0.6801294891347379
253023741.9046733 0.6795326217033688
253709717.38001487 0.6789267756243564
254384447.35576066 0.6783318126271796
255059177.33150646 0.6777377908935719
255733907.30725226 0.677144708385377
256408637.28299806 0.676552563069249
257083367.25874385 0.6759613529166422
257758097.23448965 0.6753710759037983
258432827.21023545 0.6747817300117354
259118802.685577 0.6741835141399577
259793532.6613228 0.6735960398861796
260468262.6370686 0.6730094906914084
261142992.61281437 0.6724238645557316
261817722.58856016 0.6718391594839558
262492452.56430596 0.6712553734855954
263167182.54005176 0.6706725045748613
263841912.51579756 0.6700905507706489
264516642.49154335 0.6695095100965283
265202617.9668849 0.6689197194637941
265877347.9426307 0.6683405142757516
266552077.9183765 0.6677622162837712
267226807.8941223 0.6671848235300828
267901537.8698681 0.6666083340615336
268576267.8456139 0.6660327459295781
269250997.8213597 0.6654580571902655
269936973.29670125 0.6648747103085276
270431775.2789148 0.6644545102293465
270937822.7607242 0.6640252574689611
271331415.2465759 0.663691741384294
271725007.7324276 0.6633585286579664
272410983.20776916 0.6627785104289204
276459363.06224394 0.6593740867550864
277145338.5375855 0.6588003654591714
277820068.5133313 0.6582369318330474
278494798.4890771 0.6576743714244165
279169528.4648229 0.6571126823556223
279844258.4405687 0.6565518627534327
280518988.4163145 0.6559919107490308
281193718.3920603 0.6554328244780034
281868448.3678061 0.6548746020803304
282554423.84314764 0.6543079596533652
283094207.82374424 0.6538627022167809
283633991.8043409 0.6534179943211191
284308721.7800867 0.6528628808054826
284994697.25542825 0.6522993922327509
285669427.23117405 0.6517460017770138
286344157.20691985 0.6511934629669589
287018887.18266565 0.6506417739757558
287693617.15841144 0.6500909329808773
288368347.13415724 0.6495409381640884
289043077.10990304 0.6489917877114372
289729052.5852446 0.6484343484762933
290403782.5609904 0.64788689532435
291078512.5367362 0.6473402810902947
291753242.512482 0.6467945039772726
292427972.4882278 0.6462495621926593
293102702.4639736 0.6457054539480516
293777432.4397194 0.645162177459257
294452162.4154652 0.6446197309462831
295138137.89080673 0.6440690926680446
295812867.86655253 0.6435283145423085
296487597.8422983 0.642988361048097
297162327.8180441 0.6424492304221886
297837057.79378986 0.6419109209055122
298511787.76953566 0.6413734307431364
299186517.74528146 0.6408367581842604
299872493.220623 0.6402919774393598
300547223.1963688 0.639756948405383
301221953.1721146 0.6392227317182456
301896683.1478604 0.638689325643637
302571413.1236062 0.6381567284513269
303246143.099352 0.6376249384151558
303920873.0750978 0.6370939538130256
304595603.0508436 0.6365637729268891
305281578.52618515 0.6360255778463337
305956308.50193095 0.6354970125779368
306631038.47767675 0.6349692458672054
307305768.45342255 0.6344422760122677
307980498.42916834 0.6339161013152541
312714853.7589847 0.6302463301040597
313389583.7347305 0.6297264690388565
314064313.7104763 0.6292073880016281
314750289.18581784 0.6286804535413736
318123939.0645468 0.6261006223626643
318798669.0402926 0.625586968100975
319473399.0160384 0.6250740806823156
320159374.49138 0.6245534295831487
320834104.4671258 0.6240420836852337
321508834.4428716 0.623531499732905
322183564.41861737 0.623021676110355
322858294.39436316 0.6225126112055721
323296868.8785979 0.6221821251179132
323465551.37253433 0.6220551001656826
323892880.3571734 0.6217335149390745
324567610.3329192 0.6212263649302415
325242340.308665 0.6207199679736689
325917070.2844108 0.6202143224744394
326603045.75975233 0.6197010182581509
327277775.73549813 0.619196883361715
327952505.7112439 0.6186934951339467
328728445.1833516 0.6181155196904912
329155774.16799057 0.6177976342715774
329830504.14373636 0.6172963159646769
330505234.11948216 0.6167957383685628
331179964.09522796 0.616295899917298
331865939.5705695 0.6157884869408926
332540669.5463153 0.615290134350094
333215399.5220611 0.614792516202471
333608992.0079128 0.6145025775026096
334002584.4937645 0.6142128878821863
334677314.4695103 0.6137168557114058
335352044.4452561 0.6132215530840689
336026774.4210019 0.612726978460451
336701504.3967477 0.6122331303044404
337387479.87208927 0.6117317944962807
337781072.357941 0.6114444804836563
337904772.8534944 0.6113542325832798
338309610.8389419 0.611059045488206
338984340.81468767 0.6105676438716813
339659070.79043347 0.610076962031889
340345046.265775 0.6095788384689904
341019776.2415208 0.6090896035687727
341649524.2188836 0.6086336296388015
342290517.695842 0.6081701518687005
342965247.6715878 0.607682975076177
343381331.1566311 0.6073829038361662
343797414.64167434 0.6070831025765484
344280971.12429214 0.6067350236334486
344764527.60691 0.6063873083089693
345439257.5826558 0.6059027307682265
346113987.5584016 0.6054188586383416
346788717.5341474 0.6049356904361983
347463447.5098932 0.6044532246821582
348149422.98523474 0.6039634364174142
348824152.96098053 0.6034823827803948
349498882.9367263 0.603002027148885
350173612.91247207 0.6025223680571293
350724642.3926645 0.6021311621440127
351174462.376495 0.6018121535021368
351635527.85992134 0.6014854892472892
352186557.3401137 0.6010955093875129
352580149.8259654 0.6008172344410243
352692604.8219231 0.6007377704441216
353086197.3077748 0.6004597972714995
353479789.7936265 0.6001820584836154
353873382.2794782 0.599904553793664
354559357.75481975 0.5994214614505553
355110387.2350122 0.5990339170278628
355447752.2228851 0.5987968702907971
355897572.2067156 0.5984810738520476
356313655.6917588 0.5981892323393642
356718493.67720634 0.5979055273412551
357123331.6626538 0.5976220675281266
357516924.1485055 0.5973467163695078
358191654.1242513 0.5968752234996832
358866384.0999971 0.596404408590156
359541114.0757429 0.5959342702221383
360227089.55108446 0.5954569883045705
360901819.52683026 0.594988209993114
361497831.0054057 0.5945746817377255
362093842.48398113 0.5941616770798248
362768572.4597269 0.5936947553146618
363443302.4354727 0.5932285019506194
363960595.41687787 0.5928714928220375
364264223.9059635 0.592662126325963
364714043.889794 0.5923522013449614
365388773.8655398 0.5918878673979124
366063503.8412856 0.5914241964475622
366738233.8170314 0.5909611871101593
367412963.7927772 0.5904988380051915
368098939.26811874 0.5900294584920179
368773669.24386454 0.589568436669695
369448399.21961033 0.5891080709348054
370123129.19535613 0.5886483599197678
370797859.1711019 0.5881893022602012
371461343.64725196 0.5877385313539683
372136073.62299776 0.5872807654921344
372810803.59874356 0.5868236489343058
373485533.57448936 0.5863671803287721
374160263.55023515 0.5859113583269846
374834993.52598095 0.5854561815835491
375509723.50172675 0.5850016487562182
376195698.9770683 0.5845401991048202
376870428.95281404 0.5840869607715552
377286512.43785733 0.5838077828495224
377488931.43058103 0.5836720544539217
377938751.4144116 0.5833706415373551
378613481.3901574 0.5829190535247197
379288211.3659032 0.5824681019694032
379974186.84124476 0.5820102856495737
380648916.81699055 0.5815606135994472
381289910.293949 0.5811340110064029
381942149.2705033 0.5807005089176791
382616879.2462491 0.5802526779343203
383302854.72159064 0.5797980275581437
383977584.69733644 0.5793514630372796
384652314.67308223 0.5789055245514352
385327044.648828 0.5784602108033033
386001774.6245738 0.5780155204986087
386676504.6003196 0.5775714523461001
387351234.5760654 0.5771280050575424
388037210.051407 0.5766778021277825
388711940.0271528 0.5762356030085505
389105532.5130045 0.575977938536426
389499124.9988562 0.5757204837608259
390173854.974602 0.5752796198534675
390848584.9503478 0.5748393701807798
391523314.9260936 0.5743997334730223
392198044.9018394 0.57396070846342
392884020.37718093 0.5735149921431183
396257670.2559099 0.5713320822566618
396932400.2316557 0.5708973139500435
397607130.2074015 0.5704631472925812
398281860.1831473 0.5700295810439169
398967835.65848887 0.5695894029179098
399642565.63423467 0.5691570437325104
400317295.60998046 0.5687252812316733
400992025.58572626 0.5682941141866259
401666755.56147206 0.567863541371463
402341485.53721786 0.5674335615631394
403016215.51296365 0.5670041735414632
404376920.964051 0.5661400361761231
405051650.9397968 0.5657124260138022
405726380.9155426 0.5652854027656329
406401110.8912884 0.564858965225634
407075840.8670342 0.5644331121906363
407750570.84278 0.5640078424602768
408436546.31812155 0.5635760816348685
409111276.29386735 0.5631519845956492
409786006.26961315 0.5627284672569016
410460736.24535894 0.5623055284294637
411135466.22110474 0.5618831669269456
411607777.2041268 0.5615878567495685
412068842.68755305 0.5612998496858922
412743572.66329885 0.560878859374083
413429548.1386404 0.5604514402947341
414104278.1143862 0.5600316049974933
414779008.090132 0.5596123406662838
415453738.0658778 0.5591936461323002
416128468.0416236 0.5587755202294594
416803198.0173694 0.5583579617943952
417477927.9931152 0.5579409696664519
417882765.97856265 0.5576910457352833
418276358.4644144 0.5574482589533106
419355926.4256077 0.5567833135517672
419760764.41105515 0.5565343301597885
420435494.38680094 0.556119806718492
421121469.8621425 0.5556989487322938
421515062.3479942 0.5554577337554507
421908654.8338459 0.5552167087477733
422583384.8095917 0.5548039643378696
423258114.7853375 0.5543917764022529
423932844.7610833 0.553980143805868
424337682.7465308 0.5537334303396748
424753766.231574 0.5534800713693547
425428496.2073198 0.5530696657415345
426103226.1830656 0.5526598118197387
426777956.1588114 0.5522505084800107
427452686.1345572 0.5518417546010095
428127416.110303 0.5514335490640031
428813391.58564454 0.5510191010775509
429488121.56139034 0.5506119979711983
430162851.53713614 0.5502054398477452
430837581.51288193 0.549799425598878
431512311.48862773 0.5493939541188612
432187041.4643735 0.5489890243045312
432861771.4401193 0.5485846350552903
433435291.9195033 0.5482413283924994
434008812.39888716 0.5478984108217284
434683542.37463295 0.5474954756207523
435358272.35037875 0.5470930769348616
435853074.33259237 0.5467983249198753
436122966.3228907 0.546637672303573
436572786.3067212 0.5463701078450126
437247516.282467 0.5459692056179742
437922246.2582128 0.5455688357827081
438596976.2339586 0.5451689972601788
438990568.7198103 0.5449360030570084
439384161.205662 0.5447031890680979
440070136.6810036 0.5442978576583991
440744866.65674937 0.5438997033255035
441419596.63249516 0.5435020758185022
442094326.60824096 0.5431049740712944
442769056.58398676 0.5427083970202564
443443786.55973256 0.5423123436042354
443848624.54518 0.5420749624589146
444242217.0310317 0.5418443553788608
444916947.0067775 0.5414494415569111
445591676.9825233 0.5410550480083611
446266406.9582691 0.5406611736823309
446941136.9340149 0.5402678175303814
447627112.4093565 0.5398684355647211
448301842.3851023 0.5394761212179293
448976572.36084807 0.5390843218971536
449842475.82972187 0.538582265688182
450517205.80546767 0.5381916384538215
451191935.78121346 0.5378015228441236
451866665.75695926 0.5374119178282885
452552641.2323008 0.5370163417650409
453227371.2080466 0.5366277633210739
453902101.1837924 0.536239692375861
454576831.1595382 0.5358521279081774
455251561.135284 0.5354650688991671
455926291.1110298 0.5350785143323387
456601021.0867756 0.5346924631935578
457275751.06252134 0.5343069144710436
457770553.04473495 0.5340244974700337
458130409.0317994 0.5338192724246572
458681438.5119918 0.5335052972190647
459367413.98733336 0.5331148953944687
459761006.47318506 0.5328911269514977
460154598.95903677 0.5326675278677611
460829328.93478256 0.5322846086011773
461504058.91052836 0.5319021854635738
462178788.88627416 0.5315202574600953
462853518.86201996 0.5311388235981929
463427039.34140384 0.530814992594672
463741913.3300852 0.5306373543118454
464169242.31472427 0.5303964450941232
464843972.29047006 0.5300164631891231
465518702.26621586 0.5296369715275699
466868162.21770746 0.5288794550122221
467554137.693049 0.5284951318790083
468228867.6687948 0.5281175994991055
468903597.64454055 0.5277405524630774
469578327.62028635 0.5273639898010609
470253057.59603214 0.5269879105454397
470927787.57177794 0.526612313730838
471602517.54752374 0.5262371983941163
472277247.52326953 0.5258625635743646
472963222.9986111 0.5254821764493482
473637952.9743569 0.5251085077583091
474312682.9501027 0.5247353166989546
474706275.4359544 0.5245178421086254
475099867.92180616 0.5243005295331349
475650897.4019985 0.5239965637537746
476201926.88219094 0.523692914638296
476876656.85793674 0.5233215299157958
477472668.3365122 0.5229938669537256
478068679.8150876 0.5226665724780895
478754655.2904292 0.5222903303358796
479429385.266175 0.5219207304905257
480104115.24192077 0.5215516001768236
480778845.21766657 0.5211829384615121
481453575.19341236 0.5208147444134891
482128305.16915816 0.5204470171038058
482814280.6444997 0.5200736385218826
483489010.6202455 0.5197068496509141
484163740.5959913 0.5193405247289518
484838470.5717371 0.5189746628356453
485513200.5474829 0.5186092630527726
486187930.5232287 0.5182443244642335
486862660.4989745 0.5178798461560464
487548635.97431606 0.5175097641207008
488223365.95006186 0.5171462112729995
488898095.92580765 0.5167831159612494
489572825.90155345 0.5164204772799235
490247555.87729925 0.5160582943255874
490922285.85304505 0.5156965661968935
491597015.82879084 0.5153352919945772
492271745.80453664 0.5149744708214508
492957721.2798782 0.5146080994572395
493632451.255624 0.5142481891723445
494307181.2313698 0.513888729222659
494981911.2071156 0.5135297187192897
495656641.1828614 0.5131711567753958
496331371.1586072 0.5128130425061841
497017346.63394874 0.5124494176845845
497692076.60969454 0.5120922035429273
499041536.56118613 0.5113791094367308
499716266.53693193 0.5110232277209793
500390996.5126777 0.5106677883993511
501065726.48842347 0.5103127906012834
501740456.46416926 0.5099582334582221
502415186.43991506 0.5096041161036171
503775891.8910024 0.5088913136705254
504450621.8667482 0.5085385177813546
505125351.842494 0.5081861582200893
505800081.8182398 0.5078342341301598
506474811.7939856 0.5074827446569716
507160787.26932716 0.507125841689515
507835517.24507296 0.5067752261019324
508510247.22081876 0.5064250425649833
509184977.19656456 0.5060752902319602
510534437.14805615 0.5053770758006114
511209167.12380195 0.5050286120186087
511883897.09954774 0.5046805760731684
512558627.07529354 0.5043329671272937
513244602.5506351 0.5039800015720391
513919332.5263809 0.5036332512038224
514594062.5021267 0.5032869253218951
515268792.4778725 0.5029410230969784
515943522.4536183 0.502595543701703
516618252.4293641 0.5022504863106052
517292982.4051099 0.5019058501001219
517967712.3808557 0.5015616342485865
518642442.3566015 0.5012178379362237
519328417.83194304 0.500868740928144
520003147.80768883 0.5005257882005307
520677877.7834346 0.500183252550517
524062773.1617594 0.49847113122326947
524737503.1375052 0.4981310879111928
525412233.113251 0.4977914560169195
526086963.08899677 0.4974522347412481
526761693.06474257 0.4971134232868155
527436423.04048836 0.4967750208580916
528111153.01623416 0.49643702666137596
528797128.4915757 0.49609381690627097
529471858.46732146 0.4957566435705831
530146588.44306725 0.4954198760836111
530821318.41881305 0.4950835136589577
531496048.39455885 0.4947475555120329
532170778.37030464 0.49441200086004977
532845508.34605044 0.4940768489220201
533531483.821392 0.4937365231528796
534206213.7971378 0.49340218098634525
534880943.7728836 0.49306823918863724
535555673.7486294 0.49273469698594885
536230403.7243752 0.4924015536062507
536905133.700121 0.4920688082792866
537579863.6758668 0.49173646023656864
538254593.6516126 0.49140450871137414
538940569.1269542 0.49106743035775074
539615299.1027 0.4907362761511703
540290029.0784458 0.49040551615981287
540964759.0541916 0.49007514962400056
541639489.0299374 0.48974517578579885
542314219.0056832 0.4894155938890125
542988948.981429 0.48908640317918173
543382541.4672806 0.48889455561801676
543776133.9531324 0.48870284076376874
544450863.9288782 0.48837449504569946
545136839.4042197 0.4880410754782017
545811569.3799655 0.4877135130927
546486299.3557113 0.4873863380111831
547161029.3314571 0.48705954948982844
547835759.3072029 0.48673314678651874
548510489.2829487 0.48640712916083834
549185219.2586945 0.486081495874069
549859949.2344403 0.4857562461891858
550545924.7097819 0.48542596816343087
551220654.6855277 0.48510148984067425
551895384.6612735 0.4847773929066639
552570114.6370193 0.4844536766311358
553244844.612765 0.48413034028549945
553919574.5885108 0.4838073831428333
554594304.5642565 0.48348480447788106
555269034.5400023 0.4831626035670477
555955010.0153439 0.48283541914728034
556629739.9910897 0.48251397784629635
557304469.9668355 0.4821929121266104
557979199.9425813 0.4818722212712597
558653929.9183271 0.4815519045649236
559328659.8940729 0.4812319612939182
560003389.8698187 0.48091239074619374
560678119.8455645 0.48059319221132957
561364095.320906 0.48026905433509204
562038825.2966518 0.47995060387181954
562713555.2723976 0.47963252328813977
563388285.2481434 0.4793148118801391
564063015.2238892 0.47899746894551376
564737745.199635 0.4786804937835669
565412475.1753808 0.47836388569520394
566098450.6507224 0.4780423763877783
566773180.6264682 0.47772650644447306
567447910.602214 0.47741100147548643
568122640.5779598 0.47709586078812216
568797370.5537056 0.4767810836912674
569472100.5294514 0.47646666949538913
570146830.5051972 0.47615261751252996
570821560.480943 0.4758389270563047
571507535.9562845 0.47552037833489513
572182265.9320303 0.47520741487591484
572856995.9077761 0.4748948108824599
573531725.8835219 0.47458256567442186
574206455.8592677 0.4742706785732458
574881185.8350135 0.4739591489019266
575555915.8107593 0.4736479759850048
576230645.7865051 0.4733371591485634
576916621.2618467 0.47302152637035855
577591351.2375925 0.4727114255858902
578266081.2133383 0.4724016788582257
578940811.189084 0.4720922855196056
579615541.1648299 0.47178324490379453
580290271.1405756 0.4714745563460772
580965001.1163214 0.47116621918325524
581549767.0953012 0.4708992773700881
581875886.5835782 0.4707505202417801
582303215.5682173 0.47055572080458974
582977945.5439631 0.47024842804419026
583652675.5197089 0.4699414840519259
584327405.4954547 0.4696348881721021
585002135.4712005 0.46932863975051925
585676865.4469463 0.46902273813446926
586362840.9222878 0.4687120930106971
587037570.8980336 0.4684068888064505
587712300.8737794 0.46810202944773427
588387030.8495252 0.4677975142877957
589061760.825271 0.4674933426813555
589736490.8010168 0.4671895139846046
590411220.7767626 0.46688602755520064
591085950.7525084 0.4665828827522647
591760680.7282542 0.46628007893637713
592446656.2035958 0.4659725772916809
593121386.1793416 0.4656704591939455
593796116.1550874 0.46536868016315186
594470846.1308331 0.4650672395657087
595145576.106579 0.46476613676946704
595820306.0823247 0.46446537114371694
596495036.0580705 0.4641649420591838
597169766.0338163 0.4638648488880249
597855741.5091579 0.46356009787615415
598530471.4849037 0.4632606802263399
599205201.4606495 0.46296159660454966
599879931.4363953 0.4626628463886583
600464697.4153749 0.46240419874340605
601060708.8939503 0.46214083390260957
601735438.8696961 0.4618429973566481
602410168.8454419 0.46154549189619143
603084898.8211877 0.4612483169058056
603770874.2965293 0.46094652714367235
604445604.2722751 0.46065001673492656
605120334.2480209 0.4603538349481548
605592645.231043 0.460146702900867
606064956.2140651 0.4599397313707294
606739686.1898109 0.45964433579120717
607414416.1655567 0.45934926676586785
608100391.6408982 0.4590496140630418
608775121.616644 0.45875520174934564
609449851.5923898 0.4584611141685128
610124581.5681356 0.4581673507195427
610799311.5438814 0.45787391080279893
611474041.5196272 0.45758079382000655
612148771.495373 0.4572879991742488
612834746.9707146 0.45699065444403797
613509476.9464604 0.45669850803444256
614184206.9222062 0.4564066821693775
614858936.897952 0.4561151762573483
615533666.8736978 0.45582398970820237
616208396.8494436 0.45553312193312584
616883126.8251892 0.45524257234464016
617557856.800935 0.4549523403565994
618243832.2762766 0.45465759615048157
618918562.2520224 0.45436800287913864
619593292.2277682 0.454078725448073
620942752.1792598 0.4535011157847836
621617482.1550056 0.4532127823948532
622292212.1307514 0.4529247625297802
622966942.1064972 0.45263705561398504
623652917.5818387 0.4523448738074246
624327647.5575845 0.45205779626051323
625002377.5333303 0.4517710299344357
625677107.5090761 0.45148457425883143
626351837.4848219 0.4511984286646311
627026567.4605677 0.4509125925840541
628376027.4120593 0.45034184669907046
629062002.8874009 0.4500521898546539
629736732.8631467 0.4497675912925859
630411462.8388925 0.4494832994151112
631086192.8146383 0.44919931366213633
631760922.790384 0.4489156334748353
632435652.7661299 0.44863225829564574
633110382.7418756 0.44834918756826664
633785112.7176214 0.4480664207376548
634471088.192963 0.4477792520920688
635145818.1687088 0.4474970964367124
635820548.1444546 0.4472152430113344
636495278.1202004 0.4469336912659145
637170008.0959462 0.4466524406516756
637844738.071692 0.4463714906210802
638519468.0474378 0.4460908406278286
639194198.0231836 0.4458104901268548
639880173.4985251 0.44552577357811446
640554903.4742709 0.4452460254002612
641229633.4500167 0.44496657507785137
641904363.4257625 0.44468742207074663
642579093.4015083 0.4444085658400284
643253823.3772541 0.44413000584799467
643928553.3529999 0.4438517415581571
644603283.3287457 0.44357377243523805
645278013.3044915 0.443296097945168
645963988.7798331 0.44301409703723177
646638718.7555789 0.44273701510377583
647313448.7313247 0.442460226199348
647988178.7070705 0.44218372979470133
648662908.6828163 0.44190752536178274
649337638.6585621 0.4416316123737297
650012368.6343079 0.4413559903048677
654071993.9883784 0.43970377554905105
654746723.9641242 0.43943018007832474
655421453.93987 0.4391568713552237
658131619.342449 0.4380619599491881
658806349.3181947 0.4377900819930839
659481079.2939405 0.43751848770292373
660155809.2696863 0.4372471765705535
660830539.2454321 0.4369761480889628
661516514.7207737 0.43670089170085513
662191244.6965195 0.4364304316940845
662865974.6722653 0.43616025281551063
663540704.6480111 0.43589035456268804
664215434.6237569 0.43562073643430077
664890164.5995027 0.43535139793016026
666239624.5509943 0.4348135577994834
666925600.0263358 0.4345405824880504
667600330.0020816 0.43427236212450815
668275059.9778274 0.43400441889284724
668949789.9535732 0.4337367522996036
669624519.929319 0.43346936185242163
670299249.9050648 0.4332022470600514
670973979.8808106 0.4329354074323461
671648709.8565564 0.4326688424802595
672334685.331898 0.4323981158566407
673009415.3076438 0.4321321033506029
673684145.2833894 0.4318663640515349
674358875.2591352 0.431600897474784
675033605.234881 0.43133570313678543
675708335.2106268 0.43107078055505893
676383065.1863726 0.4308061292482067
677069040.6617142 0.43053734468553967
677743770.63746 0.43027323898975944
678418500.6132058 0.43000940312316704
679093230.5889516 0.42974583660868576
679767960.5646974 0.42948253897030825
680442690.5404432 0.42921950973309386
681117420.516189 0.4289567484231664
681792150.4919348 0.42869425456771143
682478125.9672763 0.42842765950634937
683152855.9430221 0.4281657035835155
683827585.9187679 0.4279040136952376
684502315.8945137 0.42764258937294064
685177045.8702595 0.4273814301490988
685851775.8460053 0.4271205355572328
686526505.8217511 0.4268599051319077
687201235.7974969 0.4265995384087301
687887211.2728385 0.42633510209385594
689236671.2243301 0.4258156917369476
689911401.2000759 0.42555637955953
690586131.1758217 0.42529732877018755
691260861.1515675 0.4250385389107423
691935591.1273133 0.4247800095240408
692610321.103059 0.4245217401539519
693296296.5784006 0.4242594323783623
693971026.5541464 0.4240016859917957
694645756.5298922 0.42374419825201254
696006461.9809796 0.42322571622334565
696681191.9567254 0.42296900600006676
697355921.9324712 0.4227125526139433
698030651.908217 0.42245635561696615
698705381.8839628 0.4222004145621271
699391357.3593043 0.4219404697395207
700066087.3350501 0.42168504347900826
700740817.3107959 0.421429871818194
701415547.2865417 0.4211749543140633
702090277.2622875 0.42092029052459007
702765007.2380333 0.420665880008734
704125712.6891207 0.42015358741967795
704800442.6648664 0.4198999382838251
705475172.6406122 0.4196465406599655
706149902.616358 0.4193933941119706
706824632.5921038 0.41914049820468374
707499362.5678496 0.418887852503918
708174092.5435954 0.41863545657645407
709534797.9946828 0.4181272161251327
710209527.9704286 0.41787557106558065
710884257.9461744 0.4176241740489332
711558987.9219202 0.41737302464678944
712233717.897666 0.41712212243170244
712908447.8734118 0.4168714669771766
713583177.8491576 0.4166210578576657
714257907.8249034 0.41637089464857013
714943883.3002449 0.4161168137082725
715618613.2759907 0.4158671451308107
716293343.2517365 0.41561772118860324
716968073.2274823 0.4153685414608316
717642803.2032281 0.41511960552761296
718317533.1789739 0.4148709129699977
718992263.1547197 0.4146224633699678
720352968.6058071 0.414122160675279
721027698.5815529 0.41387444147414726
721702428.5572987 0.413626963560899
722377158.5330445 0.41337972652215443
723051888.5087903 0.4131327299454521
723726618.484536 0.412885973419246
724401348.4602818 0.41263945653290424
725076078.4360276 0.41239317887670607
725762053.9113692 0.4121430414156156
726436783.887115 0.4118972449642846
727111513.8628608 0.41165168651260714
727786243.8386066 0.4114063656545023
728460973.8143524 0.4111612819847895
729135703.7900982 0.410916435099187
729810433.765844 0.4106718245943094
730485163.7415898 0.4104274500676656
731845869.192677 0.40993534427085715
732520599.1684228 0.40969167918243243
733195329.1441686 0.4094482484645365
733870059.1199144 0.4092050517191329
734544789.0956602 0.4089620885490667
735219519.071406 0.40871935855806246
735894249.0471518 0.4084768613507223
736580224.5224934 0.40823056075216296
737254954.4982392 0.4079885317927178
737929684.473985 0.4077467344294479
738604414.4497308 0.40750516827045874
739279144.4254766 0.4072638329247228
739953874.4012223 0.4070227280020778
740639849.8765639 0.4067778404784273
741314579.8523097 0.406537199059063
741989309.8280555 0.40629678689101945
742664039.8038013 0.40605660358758805
743338769.7795471 0.4058166487629149
744013499.7552929 0.4055769220319987
744688229.7310387 0.40533742301068926
745362959.7067845 0.4050981513156846
746037689.6825303 0.4048591065645297
746723665.1578718 0.4046163099897816
747398395.1336176 0.40437772174880776
748747855.0851092 0.4039012222734443
749422585.060855 0.4036633102817424
750097315.0366008 0.4034256229505447
750772045.0123466 0.4031881599032807
751458020.4876882 0.40294696867342333
752132750.463434 0.40270995679001964
752807480.4391798 0.40247316805958716
753482210.4149256 0.4022366021088802
754156940.3906714 0.402000258565476
754831670.3664172 0.40176413705777275
755517645.8417587 0.4015243074268273
756192375.8175045 0.4012886325641135
756867105.7932503 0.4010531786210552
757541835.7689961 0.4008179452293282
758216565.7447419 0.4005829320214195
758891295.7204877 0.4003481386306253
759566025.6962335 0.4001135646910492
760252001.1715751 0.3998753057774466
760926731.1473209 0.39964117328811943
761601461.1230667 0.3994072591510946
762950921.0745583 0.3989400844840586
763625651.050304 0.3987068232310931
764300381.0260499 0.39847377888451785
764975111.0017956 0.3982409510848396
765661086.4771372 0.39800446444271936
766335816.452883 0.397772072255659
767010546.4286288 0.3975398955358053
767685276.4043746 0.3973079339268281
769034736.3558662 0.3968446546200948
769709466.331612 0.39661333621358463
770384196.3073578 0.3963822315004396
771070171.7826993 0.39614749374415575
771744901.7584451 0.39591681890805624
772419631.734191 0.39568635670449454
773094361.7099367 0.39545610678336374
773769091.6856825 0.3952260687953251
774443821.6614283 0.3949962423918061
775118551.6371741 0.3947666272249984
775793281.6129199 0.39453722294785637
776479257.0882615 0.394304211100334
777153987.0640073 0.3940752310648024
777828717.0397531 0.39384646087661757
778503447.0154989 0.39361790019177867
779178176.9912447 0.3933895486670385
779661733.4738624 0.39322602521267164
779864152.4665862 0.39315760534865146
780257744.9524379 0.39302462042587255
780932474.9281837 0.39279681111638265
781607204.9039295 0.3925692097375141
782281934.8796753 0.39234181594946343
782956664.8554211 0.3921146294131705
783642640.3307626 0.3918838685476963
784317370.3065084 0.39165709894078043
784992100.2822542 0.39143053556727925
785666830.258 0.39120417809110214
786341560.2337458 0.3909780261768933
787016290.2094916 0.39075207949003027
787691020.1852374 0.3905263376966216
788365750.1609832 0.3903008004635059
789051725.6363248 0.3900717136365353
789726455.6120706 0.38984658792289356
790401185.5878164 0.38962166576891044
791075915.5635622 0.3893969468443377
791750645.539308 0.38917243081964836
792425375.5150537 0.3889481173660346
793100105.4907995 0.3887240061554065
793774835.4665453 0.38850009686038955
794460810.9418869 0.3882726623986054
795135540.9176327 0.38804915930717
795810270.8933785 0.3878258571480875
796485000.8691243 0.3876027555968425
797159730.8448701 0.38737985432962696
797834460.8206159 0.38715715302333864
798509190.7963617 0.38693465135557964
799183920.7721075 0.3867123490046543
799858650.7478533 0.3864902456495678
800533380.7235991 0.3862683409700248
801219356.1989406 0.3860429412197322
801894086.1746864 0.3858214362310972
802568816.1504322 0.38560012895599965
803243546.126178 0.3853790190769358
803918276.1019238 0.3851581062770927
804593006.0776696 0.38493739024034684
805267736.0534154 0.3847168706512618
805953711.528757 0.38449287679737715
806628441.5045028 0.3842727524210393
807303171.4802486 0.3840528235449469
807977901.4559944 0.3838330898564098
808652631.4317402 0.3836135510434172
809327361.407486 0.38339420679463626
810002091.3832318 0.38317505679941055
810688066.8585733 0.3829524531216014
811362796.8343191 0.38273369392883533
812037526.8100649 0.3825151280565589
812712256.7858107 0.3822967551968164
813386986.7615565 0.38207857504232007
814061716.7373023 0.38186058728644934
814736446.7130481 0.3816427916232486
815422422.1883897 0.3814215626392916
816097152.1641355 0.38120415343501923
816771882.1398813 0.38098693540446515
817446612.115627 0.38076990824433005
818121342.0913728 0.3805530716519717
818796072.0671186 0.3803364253254042
819470802.0428644 0.3801199689632952
820831507.4939518 0.37968402524410355
821506237.4696976 0.37946814012243824
822180967.4454434 0.3792524437614421
822855697.4211891 0.3790369358630423
823530427.3969349 0.3788216161298106
824205157.3726807 0.3786064842649627
824879887.3484265 0.3783915399723561
825554617.3241723 0.37817678295648877
826240592.7995138 0.3779586383377399
826915322.7752596 0.37774425810037116
827590052.7510054 0.3775300642521756
828264782.7267512 0.3773160565002086
828939512.702497 0.3771022345521585
829614242.6782428 0.3768885981163449
830288972.6539886 0.3766751469017176
830963702.6297344 0.3764618806178546
831649678.105076 0.3762452491769177
832324408.0808218 0.37603235495590787
833673868.0323133 0.3756071184013281
834348598.0080591 0.3753947754925542
835023327.983805 0.37518261578035533
835698057.9595507 0.3749706389786778
836372787.9352965 0.37475884480208455
837733493.3863839 0.37433228089660964
838408223.3621297 0.37412103591593365
839082953.3378755 0.3739099724200202
839757683.3136213 0.3736990901265041
841073406.7663256 0.37328838977105566
841703154.7436883 0.3730920580717144
842389130.2190299 0.3728783752843103
843063860.1947757 0.37266837682111714
844413320.1462673 0.37224891826284084
845762780.0977589 0.3718301756770387
846437510.0735047 0.371621072181676
847123485.5488462 0.371408666269068
847798215.524592 0.37119992178844413
848472945.5003378 0.37099135491713486
849147675.4760836 0.3707829653811079
849822405.4518294 0.37057475290691994
850497135.4275752 0.37036671722171416
851171865.403321 0.3701588580532198
851846595.3790668 0.3699511751297496
852532570.8544084 0.36974021122038925
853207300.8301542 0.3695328829003384
853882030.8059 0.3693257300092485
854556760.7816458 0.36911875227776536
855231490.7573916 0.3689119494371121
855906220.7331374 0.3687053212190876
856322304.2181805 0.368577987412787
856727142.2036281 0.36845415864068315
858076602.1551197 0.36804184822216873
859426062.1066113 0.3676302317962979
860112037.5819528 0.367421258821359
860786767.5576986 0.3672158857732055
861461497.5334444 0.3670106851612104
862136227.5091902 0.366805656722427
862810957.484936 0.366600800194471
863485687.4606818 0.3663961153155191
864160417.4364276 0.36619160182430704
