1.0 0.9671628721460623
1360706.4510873542 0.9651585225140134
3947171.358112904 0.9613637752411277
4621901.3338587 0.9603771013919236
5982606.784946053 0.9583913999309283
8006796.71218344 0.9554475562901934
8400389.198035154 0.9548765404069718
8793981.683886867 0.9543059788758259
9479957.159228427 0.9533126565520874
9997250.140633537 0.952564504713104
10514543.122038646 0.9518171351673059
11875248.573126001 0.9498549575947656
12549978.548871797 0.9488839777871896
13899438.500363387 0.9469459886070362
15080215.957918528 0.9452545813658858
16272238.915069435 0.9435511575688553
17632944.36615679 0.9416116959661919
18307674.341902584 0.9406519571127308
18982404.31764838 0.9396935270106959
19657134.293394174 0.9387364038754029
21006594.244885765 0.9368260713784737
21681324.220631562 0.935872858459625
22367299.69597312 0.9349050911778508
23716759.64746471 0.9330052007237671
24391489.62321051 0.932057198149272
25066219.5989563 0.9311104883219822
25740949.5747021 0.930165069479038
26415679.550447892 0.929220939859984
27090409.52619369 0.928278097706765
27776385.001535248 0.9273208595391731
28451114.97728104 0.9263806084374869
29800574.928772636 0.9245039510163103
30475304.90451843 0.9235675412023137
31824764.85601002 0.9216985506490999
32499494.831755817 0.920765966429653
33185470.307097375 0.9198191428215855
33860200.28284317 0.9188891214635487
34534930.25858896 0.9179603683325641
34928522.74444068 0.9174191806592912
35322115.230292395 0.9168784236040616
35996845.20603819 0.9159524123686225
36682820.68137975 0.9150122621057647
37357550.65712554 0.9140887956683292
38707010.608617134 0.9122456389414552
39381740.58436293 0.9113259452198916
40056470.56010873 0.91040750564206
40731200.53585452 0.9094903184977426
41405930.511600316 0.9085743820790539
42091905.986941874 0.9076444604627322
42766635.96268767 0.9067310411551533
44116095.914179265 0.904907937604257
44790825.889925055 0.9039982499661556
46826261.31675821 0.901261534232402
48850451.24399559 0.8985510880845765
49525181.21974139 0.8976500689877386
51560616.64657454 0.8949394318025641
52910076.59806613 0.89314846566762
53584806.573811926 0.892254813876739
58319161.90362826 0.8860185377500661
58993891.87937405 0.8851346087116458
59668621.85511985 0.8842518850463137
60197160.336120725 0.8835612590295081
60736944.31671736 0.8828567003837811
61130536.80256907 0.8823434443754916
61524129.28842079 0.8818305967602758
62198859.26416658 0.8809523786230062
62873589.239912376 0.8800753580711329
63548319.21565817 0.8791995334715641
64223049.19140397 0.8783249031934347
64897779.16714976 0.8774514656081042
65572509.14289556 0.8765792190891523
66258484.618237115 0.8756936544624085
66719550.10166341 0.8750991289080663
67180615.5850897 0.8745051574701668
67866591.06043126 0.873622468250857
68260183.54628298 0.8731165598359386
68653776.0321347 0.8726110539676817
69328506.0078805 0.8717454080938813
70014481.48322205 0.8708665448958423
70689211.45896783 0.8700032779282589
71363941.43471363 0.8691411881578535
72038671.41045943 0.8682802739793364
72713401.38620523 0.8674205337896075
73388131.36195102 0.8665619659877524
74062861.33769682 0.8657045689750402
74737591.31344262 0.8648483411549199
75423566.78878418 0.8639790398123998
76098296.76452997 0.8631251650164721
76773026.74027577 0.8622724546100523
77447756.71602155 0.861420907005316
78122486.69176735 0.8605705206166044
78797216.66751315 0.8597212938604212
79471946.64325894 0.8588732251554287
80146676.61900474 0.8580263129224464
80832652.0943463 0.857166469404368
81507382.0700921 0.8563218845951457
82182112.0458379 0.8554784515071058
82856842.02158369 0.8546361685696996
83531571.99732949 0.8537950342145197
84206301.97307527 0.852955046875298
84881031.94882107 0.8521162049879017
85555761.92456686 0.851278506990331
86241737.39990842 0.8504280183974549
86916467.37565422 0.8495926225017387
87591197.35140002 0.8487583657967089
88265927.32714581 0.8479252467289038
88940657.30289161 0.8470932637469799
89615387.27863741 0.8462624153017098
90290117.2543832 0.845432699845978
90683709.74023491 0.8449492217698478
91088547.7256824 0.8444523313745265
91763277.70142819 0.8436250842463997
92438007.67717399 0.8427989651968619
93112737.65291978 0.8419739726876043
93787467.62866557 0.8411501051824162
94462197.60441136 0.8403273611471814
95148173.07975292 0.8394920548448455
95822903.05549872 0.8386715718160511
96497633.03124452 0.8378522076419563
97172363.00699031 0.8370339607968306
97847092.98273611 0.8362168297570243
98521822.95848191 0.8354008130009649
99196552.9342277 0.8345859090091556
99871282.9099735 0.833772116264171
100557258.38531506 0.8329458979270339
101231988.36106084 0.8321343415891916
101906718.33680664 0.8313238919331334
102581448.31255244 0.8305145474497283
103256178.28829823 0.8297063066319037
103930908.26404403 0.8288991679746416
104605638.23978983 0.828093129974977
105291613.71513139 0.8272747847883712
105966343.69087718 0.8264709618848102
106641073.66662298 0.8256682351173064
107315803.64236878 0.8248666029911099
107990533.61811458 0.8240660640135091
108665263.59386036 0.8232666166938278
109339993.56960616 0.8224682595434226
110014723.54535195 0.82167099107568
110700699.02069351 0.8208615493207233
111375428.99643931 0.8200664718492813
112724888.9479309 0.8184795680588582
113399618.9236767 0.8176877387849185
114074348.8994225 0.816896989291878
114749078.8751683 0.8161073181072899
115423808.85091408 0.8153187237607145
116098538.82665987 0.8145312047837178
116784514.30200143 0.8137316613819735
117459244.27774723 0.8129463066084215
118133974.25349303 0.8121620227867922
118808704.22923882 0.8113788084566782
119483434.20498462 0.8105966621596632
120158164.18073042 0.8098155824393198
120832894.15647621 0.809035567841207
121518869.63181777 0.8082436434007775
122193599.60756357 0.8074657723831099
122868329.58330935 0.8066889621121134
123543059.55905515 0.8059132111412967
124217789.53480095 0.8051385180261412
124611382.02065267 0.8046871016588545
125004974.50650437 0.8042360444794073
125679704.48225017 0.8034636384387315
126354434.45799597 0.8026922856923904
127029164.43374176 0.8019219848040553
127715139.90908332 0.8011399223895393
128389869.88482912 0.8003717383871243
129064599.86057492 0.7996046019216456
129739329.83632071 0.7988385115646257
130414059.81206651 0.7980734658895348
131088789.78781231 0.7973094634717885
131763519.76355809 0.7965465028887452
132438249.73930389 0.7957845827197029
133798955.19039124 0.794251202673109
134473685.16613704 0.793492412498635
135148415.14188284 0.7927346570511686
135823145.11762863 0.7919779349197008
136497875.09337443 0.7912222446951461
137172605.06912023 0.790467584970341
140467536.45067886 0.786797086997284
141142266.42642465 0.7860484616550207
141816996.40217045 0.7853008571784537
142491726.37791625 0.7845542721754757
143166456.35366204 0.7838087052558776
143852431.8290036 0.7830517544667055
144527161.8047494 0.7823082364608965
145201891.7804952 0.7815657323561455
145876621.756241 0.7808242407698422
146551351.7319868 0.7800837603212624
147226081.7077326 0.7793442896315641
147900811.6834784 0.7786058273237859
148575541.65922415 0.7778683720228441
149261517.1345657 0.7771196567065468
149936247.1103115 0.7763842280276214
150610977.0860573 0.775649802218713
151285707.0618031 0.7749163779122541
151960437.0375489 0.7741839537425422
152635167.0132947 0.7734525283457371
153309896.9890405 0.7727221003598582
153995872.46438205 0.7719805196568901
154670602.44012785 0.7712520989810612
155345332.41587365 0.7705246716187597
156020062.39161944 0.7697982362154496
156694792.36736524 0.7690727914184426
157369522.34311104 0.7683483358768947
158044252.31885684 0.7676248682418038
158730227.7941984 0.7668903541654296
159404957.7699442 0.7661688747124483
160079687.74569 0.76544837910757
160754417.7214358 0.7647288660091663
162103877.67292738 0.7632927819744153
162778607.64867318 0.7625762083639495
163464583.12401474 0.7618486935752888
164139313.0997605 0.7611340892012654
164814043.0755063 0.7604204593001174
165488773.0512521 0.7597078025430015
166141012.02780637 0.7590198247911732
166793251.00436065 0.7583327539512377
167467980.98010644 0.7576229441011775
168142710.95585224 0.7569141021859225
168817440.93159804 0.7562062268855445
169503416.4069396 0.7554875432192312
170178146.3826854 0.7547816132512195
170852876.3584312 0.7540766459271971
171527606.334177 0.7533726399344511
172202336.30992278 0.7526695939620586
172877066.28566858 0.751967506700884
173551796.26141435 0.7512663768435772
174237771.7367559 0.7505545416147703
174912501.7125017 0.7498553385524835
175587231.6882475 0.7491570889610162
176261961.6639933 0.7484597915401641
176936691.6397391 0.747763444991496
178286151.5912307 0.7463735993258391
178960881.5669765 0.7456800976208317
179646857.04231805 0.7449760070166193
180321587.01806384 0.744284411143487
180996316.99380964 0.743593758367602
181671046.96955544 0.7429040474029063
183020506.92104703 0.7415274457716166
183706482.3963886 0.7408291122605146
184381212.3721344 0.740143171315615
185055942.34788018 0.7394581657565988
185730672.32362598 0.7387740943079233
186405402.29937178 0.7380909556957855
187080132.27511758 0.7374087486481194
187754862.25086337 0.7367274718945938
188429592.22660914 0.7360471241666091
189115567.7019507 0.7353563883841115
189790297.6776965 0.7346779103391796
190465027.6534423 0.7340003575033196
191814487.6049339 0.7326480224138762
192489217.58067968 0.7319732376421222
193163947.55642548 0.7312993730430941
193838677.53217128 0.7306264273619951
194524653.00751284 0.7299432066463329
195199382.98325863 0.7292721103065085
195874112.95900443 0.7286019291096663
196548842.93475023 0.7279326618078678
197223572.91049603 0.7272643071548768
198573032.86198762 0.7259303308188663
199247762.83773342 0.7252647066518619
199922492.81347921 0.7245999901656908
200608468.28882077 0.7239251242944168
201283198.26456657 0.723262234534633
201957928.24031237 0.7226002487268975
202632658.21605814 0.721939165638533
203307388.19180393 0.7212789840385425
203982118.16754973 0.7206197026976082
204656848.14329553 0.7199613203880885
205331578.11904132 0.7193038358840157
206006308.09478712 0.7186472479610941
206692283.57012868 0.7179806347660115
207367013.54587448 0.7173258512311388
208041743.52162027 0.7166719605942307
208716473.49736607 0.7160189616376834
209391203.47311187 0.7153668531455536
210065933.44885767 0.7147156339035563
210740663.42460346 0.7140653026990621
211415393.40034926 0.7134158583210953
212101368.87569082 0.7127564977439179
212776098.85143661 0.7121088381226188
213450828.8271824 0.7114620616847327
214125558.8029282 0.7108161672259035
217128107.19499698 0.7079526006630203
217802837.17074278 0.7073114918935564
218477567.14648858 0.7066712573744119
219152297.12223437 0.7060318959134121
219827027.09798017 0.705393406320008
220513002.57332173 0.704745167793181
221187732.54906753 0.7041084328512859
221862462.52481332 0.7034725661953241
222537192.50055912 0.7028375666412539
223211922.47630492 0.7022034330066487
223886652.45205072 0.7015701641106942
224561382.4277965 0.7009377587741863
225236112.4035423 0.7003062158195288
225809632.88292623 0.6997700814773639
226383153.36231014 0.6992345686351122
226990410.34048137 0.6986682316501763
227597667.31865257 0.6981025897714062
227991259.8045043 0.6977363409044337
228384852.290356 0.6973703834583029
229059582.2661018 0.6967437051680434
229745557.74144337 0.6961074582881104
230420287.71718916 0.6954825021903779
231095017.69293496 0.6948583983163137
231769747.66868076 0.6942351455037796
232444477.64442655 0.6936127425922225
233119207.62017235 0.6929911884226717
233793937.59591815 0.692370481837737
234479913.0712597 0.6917402978435613
235154643.0470055 0.6911212970401385
235829373.0227513 0.6905031403394244
236504102.99849707 0.6898858265903556
237178832.97424287 0.6892693546434374
237853562.94998866 0.6886537233507434
238528292.92573446 0.6880389315659122
239214268.40107602 0.6874147526834016
239888998.37682182 0.6868016504254502
240563728.3525676 0.6861893842266339
241238458.3283134 0.6855779529468576
241913188.3040592 0.684967355447581
242587918.279805 0.684357590591816
243262648.2555508 0.6837486572441251
243937378.2312966 0.6831405542706195
244623353.70663816 0.6825231663291739
245298083.68238395 0.6819167345008331
245972813.65812975 0.6813111296354712
246647543.63387555 0.6807063506053971
247322273.60962135 0.6801023962844572
247997003.58536714 0.6794992655480341
248671733.56111294 0.6788969572730434
249357709.0364545 0.678285452507874
250032439.0122003 0.6776847994534706
250707168.98794606 0.6770849654817994
251381898.96369186 0.6764859494759151
252056628.93943766 0.6758877503203957
252731358.91518345 0.6752903669013399
253406088.89092925 0.6746937981063661
254080818.86667505 0.6740980428246087
254755548.84242085 0.6735030999467174
255441524.3177624 0.6728990730390012
256116254.2935082 0.6723057651406374
256790984.269254 0.6717132663087566
257465714.2449998 0.6711215754400718
258140444.2207456 0.670530691432801
258815174.1964914 0.6699406131866648
259501149.67183295 0.6693415251875143
260175879.64757875 0.6687530685522713
260850609.62332454 0.6681654143680676
261525339.59907034 0.6675785615406383
262177578.57562461 0.6670120311810452
262829817.55217886 0.66644624763792
263290883.03560516 0.6660467472204143
263751948.51903147 0.6656476191498053
264426678.49477726 0.6650641997230186
265112653.97011882 0.6644718722150176
265787383.94586462 0.663890056099831
266192221.93131208 0.6635413473299161
266608305.4163553 0.6631832495929799
267283035.3921011 0.6626031907127361
267957765.3678469 0.6620239228319019
268632495.3435927 0.6614454448718279
269307225.3193385 0.6608677557553357
269981955.2950843 0.6602908544067158
270667930.77042586 0.6597051444997406
271342660.74617165 0.6591298285502027
272017390.72191745 0.6585552971323593
272692120.69766325 0.6579815491763805
273108204.1827065 0.6576281280062716
273535533.16734546 0.6572654643471969
274120299.1463252 0.6567696953962319
274705065.1253049 0.6562745124147473
275379795.1010507 0.6557038746591718
276054525.0767965 0.6551340150558539
276729255.05254227 0.6545649325436633
277415230.5278838 0.6539871608569197
278089960.5036296 0.6534196422566421
278764690.4793754 0.652852897555174
279439420.4551212 0.6522869256971858
280114150.430867 0.6517217256287866
280788880.4066128 0.6511572962975225
281463610.3823586 0.6505936366523749
282149585.85770017 0.6500213706330362
282824315.83344597 0.6494592599970647
283499045.80919176 0.648897915885312
284848505.76068336 0.6477775230547947
285523235.73642915 0.647218472249757
286197965.7121749 0.6466601837963887
286872695.6879207 0.6461026566551056
287558671.16326225 0.6455366167752556
288233401.13900805 0.6449806217902382
288908131.11475384 0.6444253849898094
289582861.09049964 0.6438709053400682
290257591.06624544 0.643317181808523
290932321.04199123 0.6427642133640907
291607051.01773703 0.6422119989770936
294317216.420316 0.6400015143331891
294991946.3960618 0.639453067310797
295666676.3718076 0.638905368180186
296341406.3475534 0.6383584159214909
297016136.32329917 0.6378122095162371
297690866.29904497 0.6372667479473384
298376841.7743865 0.636712957865994
299051571.7501323 0.6361689952956145
299726301.7258781 0.6356257745017765
300401031.7016239 0.6350832944729536
301075761.6773697 0.6345415541989987
301750491.6531155 0.6340005526711426
302425221.6288613 0.6334602888819914
303099951.6046071 0.6329207618255246
303785927.07994866 0.6323729968691558
304460657.05569446 0.6318349525024038
305135387.03144026 0.6312976418418128
305810117.00718606 0.6307610638868615
306484846.98293185 0.6302252176383933
307159576.95867765 0.6296901020986136
307834306.93442345 0.6291557162710893
308509036.91016924 0.6286220591607451
309195012.3855108 0.6280802537771965
309869742.3612566 0.6275480632251993
310544472.3370024 0.6270165983967868
311219202.3127482 0.626485858302323
311893932.288494 0.6259558419535219
312568662.2642398 0.6254265483634451
313243392.2399856 0.6248979765464998
313918122.2157313 0.6243701255184375
314604097.6910729 0.6238342148687478
315278827.6668187 0.6233078144431707
315953557.6425645 0.6227821318454507
316628287.6183103 0.6222571660967191
317224299.09688574 0.6217940418494492
317809065.07586545 0.6213401980148303
318202657.56171715 0.6210350282738217
318596250.04756886 0.6207301013535552
319282225.5229104 0.620199237107568
319956955.4986562 0.6196777935326485
320631685.474402 0.6191570610261583
321306415.4501478 0.6186370386184459
321981145.4258936 0.6181177253411826
322655875.4016394 0.6175991202273599
323330605.3773852 0.617081222311288
324005335.353131 0.6165640306285944
324680065.3288768 0.6160475442162211
325366040.80421835 0.6155231717056139
326040770.77996415 0.6150081046642986
326715500.75570995 0.6144937399960284
327390230.73145574 0.6139800767430096
328064960.70720154 0.6134671139487549
328615990.1873939 0.6130487132723484
329155774.16799057 0.6126393032304884
329830504.14373636 0.6121281687869121
330516479.6190779 0.6116092299629369
331191209.5948237 0.6110995001825192
331798466.57299495 0.6106413377132809
332405723.5511662 0.6101837375798268
332821807.0362094 0.6098705210453753
333237890.52125263 0.6095575679697762
333912620.4969984 0.6090506359456985
334598595.97234 0.6085359637068842
335273325.9480858 0.6080304247971752
335948055.9238316 0.607525575267439
336622785.8995774 0.6070214141775999
337196306.3789613 0.6065934178358499
337477443.86885536 0.606383796956838
337871036.3547071 0.6060905278858822
338557011.8300487 0.6055799594385679
339231741.8057944 0.6050784514948289
339906471.7815402 0.6045776274342209
340581201.757286 0.604077486324164
341255931.7330318 0.6035780272333502
341930661.7087776 0.6030792492317414
342605391.6845234 0.6025811513905679
343291367.15986496 0.6020754482215241
343966097.13561076 0.6015787192172471
344640827.11135656 0.6010826675792824
345315557.08710235 0.6005872923839368
345990287.06284815 0.6000925927087769
346665017.03859395 0.599598567632627
347339747.01433975 0.5991052162355677
348014476.99008554 0.598612537598934
348700452.4654271 0.5981123363788704
349375182.4411729 0.5976210116864613
350049912.4169187 0.5971303569907546
350724642.3926645 0.5966403713781064
351399372.3684103 0.5961510539361192
352074102.3441561 0.5956624037536398
352748832.3199019 0.595174419920757
353434807.79524344 0.5946789851881953
354109537.77098924 0.594192342397612
354784267.74673504 0.5937063632192379
355458997.72248083 0.5932210467481358
356133727.69822663 0.5927363920806025
356808457.6739724 0.5922523983141668
357483187.6497182 0.5917690645475887
358169163.1250598 0.591278350881998
358843893.1008056 0.5907963453787385
359518623.0765514 0.590314997164034
360193353.0522972 0.5898343053415704
360868083.028043 0.5893542690162563
361542813.00378877 0.5888748872942202
362217542.97953457 0.5883961592828101
362892272.95528036 0.5879180840905909
363578248.4306219 0.5874327092911783
364252978.4063677 0.5869559479110382
364927708.3821135 0.5864798366682851
365602438.3578593 0.5860043746763566
366277168.3336051 0.5855295610498994
366951898.30935085 0.5850553949047674
367626628.28509665 0.5845818753580205
368301358.26084244 0.5841090015279221
368987333.736184 0.5836289075088907
369662063.7119298 0.5831573331968586
370336793.6876756 0.5826864019488485
373710443.5664046 0.5803413610188654
374396419.04174614 0.5798664903263798
375071149.01749194 0.5794000466481913
375745878.99323773 0.5789342390376169
376420608.96898353 0.5784690666272804
377095338.9447293 0.5780045285509888
377770068.9204751 0.5775406239437301
378444798.8962209 0.5770773519416718
379130774.3715625 0.5766070063585229
379805504.3473083 0.576145007487471
380480234.3230541 0.5756836386228552
381154964.2987999 0.575222898905565
381829694.27454567 0.5747627874776612
382504424.25029147 0.5743033034823745
383179154.22603726 0.5738444460641042
383853884.20178306 0.5733862143684162
384528614.17752886 0.5729286075420416
385214589.6528704 0.5724640136346867
385889319.6286162 0.5720076643706862
386564049.604362 0.5715519374090141
387238779.5801078 0.5710968319010653
387913509.5558536 0.5706423469993923
388588239.5315994 0.570188481857703
389262969.5073452 0.5697352356308594
389937699.483091 0.5692826074748758
390623674.95843256 0.5688230682559494
391298404.93417835 0.5683716839803128
391973134.90992415 0.5679209152364795
392647864.88566995 0.5674707611850772
393322594.86141574 0.5670212209878784
393997324.83716154 0.5665722938077986
394672054.81290734 0.5661239788088945
395346784.7886531 0.5656762751563632
396032760.26399463 0.5652217356318657
396707490.23974043 0.5647752623265117
397157310.223571 0.5644779517491817
397618375.7069973 0.5641734889750273
398293105.6827431 0.5637284451150244
398967835.65848887 0.5632840081406932
399642565.63423467 0.562840177224452
400317295.60998046 0.5623969515398475
400992025.58572626 0.5619543302615531
401666755.56147206 0.5615123125653678
402341485.53721786 0.5610708976282149
402746323.5226653 0.5608063376482789
403128670.50892127 0.560556674258802
403803400.48466706 0.5601165624812865
404478130.46041286 0.5596770508637902
404894213.9454561 0.559406317506892
405310297.4304994 0.5591358118745575
406671002.88158673 0.5582527730783858
407345732.8573325 0.5578158030240571
408020462.8330783 0.5573794288455247
408695192.8088241 0.5569436497302207
409369922.78456986 0.5565084648666847
410044652.76031566 0.5560738734445632
410719382.73606145 0.5556398746546074
411405358.211403 0.555199249248707
412080088.1871488 0.5547664431432016
412754818.1628946 0.5543342272353081
413429548.1386404 0.5539026007202017
414104278.1143862 0.5534715627941545
414779008.090132 0.5530411126545349
415453738.0658778 0.5526112494998059
416139713.54121935 0.5521748228750826
416814443.51696515 0.5517461410395454
417489173.49271095 0.5513180437775446
418163903.46845675 0.5508905302919236
418838633.44420254 0.5504635997866139
419513363.41994834 0.550037251466632
420188093.39569414 0.5496114845380788
420874068.8710357 0.5491792166837555
421548798.8467815 0.5487546198174376
422223528.8225273 0.5483306019541719
423572988.7740189 0.5474843000796361
424247718.7497647 0.5470620144924748
424922448.7255105 0.5466403047565817
425608424.20085204 0.5462121560431492
426283154.17659783 0.5457916052198032
426957884.15234363 0.545371627882108
428307344.1038352 0.5445333905365929
428982074.079581 0.544115128967899
429656804.0553268 0.5436974377631053
430331534.0310726 0.5432803161444327
431017509.5064142 0.5428568256030026
431692239.48216 0.5424408502881406
432366969.45790577 0.5420254422195199
433041699.43365157 0.5416106006236132
433716429.40939736 0.541196324727948
434391159.38514316 0.5407826137611048
435065889.36088896 0.5403694669527165
435751864.8362305 0.5399500119119265
436426594.8119763 0.5395380004840582
437101324.7877221 0.5391265508970619
437776054.76346785 0.5387156623847815
438450784.73921365 0.5383053341821051
439058041.7173849 0.5379365172328838
439665298.6955561 0.5375681529592492
440351274.17089766 0.5371525815632855
441026004.14664346 0.5367443848614173
444399654.02537245 0.5347117357699411
445085629.500714 0.534300124411965
445760359.4764598 0.5338958174735916
446435089.4522056 0.5334920618698346
447109819.4279514 0.5330888568488641
447784549.4036972 0.5326862016598762
448459279.379443 0.5322840955530903
449134009.3551888 0.5318825377797483
449819984.83053035 0.5314748487239997
450494714.80627614 0.5310743944830171
451169444.78202194 0.5306744863229055
451844174.75776774 0.5302751234989996
452518904.73351353 0.5298763052676498
453193634.70925933 0.5294780308862203
453868364.6850051 0.5290802996130881
454554340.1603467 0.5286764954833969
455229070.1360925 0.5282798572269087
455903800.1118382 0.5278837598476103
456578530.087584 0.5274882026079319
457253260.0633298 0.5270931847713105
457927990.0390756 0.5266987056021868
458602720.0148214 0.526304764366005
459277449.9905672 0.5259113603292109
459963425.46590877 0.5255119495073162
460638155.44165456 0.5251196265953635
461312885.41740036 0.5247278386759645
461987615.39314616 0.5243365850195747
462662345.36889195 0.5239458648976443
463337075.34463775 0.5235556775826169
464011805.32038355 0.5231660223479286
464686535.29612935 0.5227768984680059
465372510.7714709 0.5223818331555969
466047240.7472167 0.5219937786380935
466721970.7229625 0.5216062532925317
467396700.6987083 0.5212192563973044
468071430.6744541 0.5208327872317879
468746160.6501999 0.5204468450763421
469420890.6259457 0.5200614292123076
470781596.07703304 0.519285771840807
471456326.05277884 0.5189019392784743
472131056.02852464 0.5185186301307982
472805786.00427043 0.5181358436840223
473480515.98001623 0.5177535792253639
474155245.955762 0.5173718360430117
474829975.9315078 0.5169906134261254
475515951.4068494 0.5166035700191057
476190681.3825952 0.5162233950509505
476865411.358341 0.5158437385097598
477540141.3340868 0.515464599688579
478214871.3098326 0.5150859778814173
478889601.28557837 0.5147078723832464
479564331.26132417 0.5143302824899998
480239061.23706996 0.5139532074985707
480925036.7124115 0.5135703750460348
481599766.6881573 0.5131943363051279
482274496.6639031 0.512818810350804
482949226.6396489 0.5124437964837997
483623956.61539465 0.5120692940058054
484298686.59114045 0.511695302219463
484973416.56688625 0.5113218204283666
485648146.54263204 0.5109488479370587
486334122.0179736 0.5105701806246632
487683581.9694652 0.5098267928022622
488358311.945211 0.5094558590107574
489033041.9209568 0.5090854310444521
489584071.4011492 0.5087832896154761
490135100.88134164 0.5084814847085182
490539938.8667891 0.5082599647168577
490933531.3526408 0.5080447718709693
491608261.3283866 0.5076762681387192
492282991.3041324 0.5073082669179094
492957721.2798782 0.5069407675232882
493621205.75602823 0.5065798818052085
494284690.2321783 0.5062194800136863
494959420.20792407 0.5058534653472433
495645395.6832656 0.5054818620969506
496320125.6590114 0.5051168532858324
496994855.6347572 0.5047523422202923
497557130.61454535 0.504448962731611
498119405.5943335 0.5041459280359031
498794135.5700793 0.5037827409760713
499468865.5458251 0.5034200491775793
500143595.5215709 0.5030578519650625
500818325.4973167 0.5026961486640764
501493055.4730625 0.5023349386010971
502179030.9484041 0.5019682133145225
502853760.9241499 0.5016079959031992
503528490.89989567 0.5012482697036434
504203220.87564147 0.5008890340460126
504877950.85138726 0.5005302882613774
505552680.82713306 0.5001720316817204
506227410.80287886 0.49981426363993575
506902140.77862465 0.4994569834698268
507588116.2539662 0.49909424808064584
508262846.229712 0.4987379497623412
508937576.20545775 0.49838213731151837
509612306.18120354 0.4980268100656223
510287036.15694934 0.49767196736300157
510961766.13269514 0.49731760854290674
511636496.10844094 0.4969637329454896
512311226.08418673 0.496610339911802
512985956.05993253 0.49625742878379386
513671931.5352741 0.4958991291464938
514346661.5110199 0.49554718786359975
515021391.4867657 0.49519572650669985
515696121.4625115 0.4948447444213412
516370851.4382573 0.4944942409539633
517045581.4140031 0.4941442154518972
517720311.3897489 0.4937946672633634
518406286.8650904 0.49343978191339555
519081016.8408362 0.49309119432818516
519755746.816582 0.4927430820956865
520430476.7923278 0.49239544456768314
521105206.7680736 0.49204828109684234
521779936.7438194 0.49170159103671446
522454666.7195652 0.4913553737417311
523140642.1949068 0.4910038701438706
523815372.17065257 0.4906586042984862
524490102.14639837 0.4903138092761107
525164832.12214416 0.4899694844347044
525839562.09788996 0.48962562913310337
526514292.07363576 0.48928224273101767
527087812.5530197 0.48899073248386027
527650087.5328078 0.4887052661780778
528336063.0081494 0.48835743659761127
529010792.9838952 0.4880157795708252
529685522.959641 0.487674588445869
530360252.9353868 0.48733386258741374
531034982.9111326 0.4869936013609972
531709712.8868784 0.48665380413302195
532384442.86262417 0.486314470270755
533070418.3379657 0.4859699552069743
533745148.3137115 0.4856315538777468
534419878.2894573 0.48529361401070503
535094608.2652031 0.4849561349765743
535769338.2409489 0.484619116146938
536444068.2166947 0.48428255689423655
537118798.1924405 0.48394645659176627
537804773.6677821 0.48360522446017506
538479503.6435279 0.4832700478045056
539154233.6192737 0.4829353282136837
539828963.5950195 0.482601065064431
540503693.5707653 0.48226725773431944
541178423.546511 0.4819339056017694
541853153.5222569 0.481601008046049
542527883.4980026 0.48126856444727295
543202613.4737484 0.480936574186401
543888588.94909 0.48059951485157626
544563318.9248358 0.4802684369425818
545238048.9005816 0.4799378105091635
545912778.8763274 0.4796076349356651
546587508.8520732 0.4792779096072698
547262238.827819 0.4789486339099991
547936968.8035648 0.47861980723071185
548611698.7793106 0.478291428957103
549117746.2611198 0.4780454391502541
549623793.7429292 0.47779970096997404
550298523.718675 0.47747244103720343
550973253.6944208 0.4771456273736113
551647983.6701666 0.4768192593706414
552322713.6459124 0.4764933364205667
552997443.6216582 0.4761678579164892
553683419.0969998 0.47583740976479827
554358149.0727456 0.475512825717452
555032879.0484914 0.47518868429030314
555707609.0242372 0.47486498487977113
556382338.999983 0.4745417268830983
557057068.9757288 0.474218909698349
557731798.9514745 0.47389653272440846
558417774.4268161 0.47356923345932034
559092504.4025619 0.47324774241870676
559767234.3783077 0.47292668978050045
560441964.3540535 0.47260607494687235
561116694.3297993 0.4722858973208086
561791424.3055451 0.4719661563061095
562466154.2812909 0.4716468513073883
563140884.2570367 0.4713279817300702
563826859.7323782 0.47100424341514135
564501589.708124 0.47068625013237275
565176319.6838698 0.4703686904822807
565851049.6596156 0.47005156387354063
569224699.5383446 0.4684724058101337
569910675.0136862 0.4681526263667768
571260134.9651778 0.4675248453667449
571934864.9409236 0.467211596777558
573284324.8924152 0.4665863805043551
573959054.868161 0.46627441165612965
574645030.3435025 0.46595767943575106
575319760.3192483 0.4656465679179831
575994490.2949941 0.4653358806485472
576669220.2707399 0.46502561704891554
577343950.2464857 0.4647157765413493
578018680.2222315 0.46440635854889734
578693410.1979773 0.46409736249539535
579368140.1737231 0.46378878780546473
580054115.6490647 0.46347550156791084
580728845.6248105 0.4631677748808536
581403575.6005563 0.46286046782639134
582078305.576302 0.4625535798322905
582753035.5520478 0.462247110327098
583427765.5277936 0.4619410587401398
584102495.5035394 0.4616354245015201
584777225.4792852 0.46133020704212035
585463200.9546268 0.46102032929578673
586137930.9303726 0.4607159506131585
586812660.9061184 0.46041198699760655
587487390.8818642 0.46010843788312294
588162120.85761 0.45980530270447206
588836850.8333558 0.4595025808971886
589511580.8091015 0.45920027189757723
590186310.7848473 0.458898375142711
590872286.2601888 0.45859186880389435
591547016.2359346 0.4582908017000761
592221746.2116804 0.4579901451474872
592896476.1874262 0.45768989858627807
593571206.163172 0.4573900614573624
594920666.1146636 0.45679161326387707
595595396.0904094 0.4564930010849429
596281371.565751 0.45618982947340325
596956101.5414968 0.4558920379190793
597630831.5172426 0.45559465244926944
598305561.4929883 0.455297672510215
598980291.4687341 0.4550010975489125
