5849 0.9992605405336535 5.8665607482465917e-05
5856 0.9723539324207917 0.0009348161133287322
5872 0.9988286083829349 5.415476054797774e-05
5950 0.9916824946104305 0.0001900946457898289
5979 0.9967589460775691 0.00017143070983013304
6024 0.995031565279952 0.00030659407199704584
6026 0.9962800026165548 0.00018283638715368083
6031 0.9935621290483774 0.00033843092084434096
6046 0.9954002763894024 0.0002207282715897812
6050 0.9969696270320768 0.00017021362799452886
6052 0.9966241064782927 0.0001425676683208828
6061 0.998357064444724 5.226912003125382e-05
6091 0.9916939671981883 7.27720451360735e-05
6097 0.997874645747277 6.318173479634622e-05
6140 0.9973103521969031 0.00010460649881081352
6161 0.997499641259472 5.990980228715385e-05
6165 0.9967501249413939 4.960161754845383e-05
6170 0.9858001354524007 7.236168424068055e-05
6171 0.9928355453341934 9.050939338166831e-05
6174 0.9979481881431315 5.335911876205009e-05
6175 0.997248218644038 5.319778361889306e-05
6177 0.9975708264932105 6.054295383939454e-05
6186 0.997588705986269 4.955862260599331e-05
6189 0.9968832193655915 6.578068376329502e-05
6191 0.9982536673217596 5.214867519652989e-05
6240 0.9963754704040328 0.00014044023931072852
6241 0.9985720887223734 5.999745098992795e-05
6243 0.9964084234074128 0.0001823002781406403
6245 0.9982520842826879 6.967809423151543e-05
6252 0.9972391940892692 9.831667182145845e-05
6253 0.9965001287349244 0.00022365489953939452
6255 0.9943437527998938 0.0004127088861042341
6259 0.9979675613683772 0.0001522717704308388
