1.0 0.9744438434954207
1360706.4510873542 0.9723291323225914
2035436.4268331497 0.9712826539243375
3857207.3613467976 0.9684642208321087
5768942.292626551 0.965517640414576
6151289.278882503 0.9649296754916873
6421181.26918082 0.9645149119860593
6927228.750990167 0.9637378333069346
7579467.727544436 0.9627374237441204
8254197.7032902315 0.9617038880900696
8928927.679036027 0.9606717440171466
9603657.654781822 0.9596409890603819
10278387.630527617 0.9586116207601608
10953117.606273413 0.95758363666221
11627847.58201921 0.9565570343175859
12302577.557765005 0.9555318112826605
12864852.537553167 0.9546785106336194
13415882.017745567 0.9538432023073593
14034384.495512547 0.9529067019253115
15316371.449429557 0.9509692575168086
16665831.40092115 0.9489351696151217
17340561.376666944 0.9479201687125146
17824117.859284766 0.9471935874083067
18307674.341902584 0.9464677031335437
18982404.31764838 0.9454560045476846
19657134.293394174 0.944445658977217
20129445.27641623 0.9437392208466338
20433073.765501842 0.9432854311455818
20669229.25701287 0.9429326723176064
21062821.742864583 0.9423451075902121
21737551.71861038 0.9413389188488608
23087011.67010197 0.9393305689777319
24447717.121189322 0.9373109043596499
25122447.09693512 0.9363114308975031
25909632.06863855 0.935147061272098
26505643.547213998 0.9342666704537559
27101655.02578945 0.9333873148711984
27776385.001535248 0.9323930653253965
28451114.97728104 0.931400138158793
29800574.928772636 0.9294182417076488
31161280.379859988 0.9274251571562621
31836010.355605785 0.9264388290865251
33185470.307097375 0.9244700962366643
34546175.75818473 0.9224902384500039
35018486.74120679 0.9218042515229662
35479552.22463308 0.9211352110094926
36840257.67572043 0.9191642518791703
37571215.14944504 0.9181076423257478
38189717.627212025 0.9172147700209502
39842806.06778923 0.9148336697660131
41833259.49623932 0.911976836655149
43857449.4234767 0.9090829631790889
45206909.3749683 0.907160060563723
45881639.350714095 0.9062005065687403
47917074.77754724 0.9033134886342515
48591804.75329304 0.9023589902669809
49266534.729038835 0.9014057451046354
49941264.70478463 0.9004537509807793
50615994.68053042 0.8995030057336149
51256988.15748893 0.8986009525560138
51909227.1340432 0.8976842269255856
53258687.08553479 0.8957912373903887
53933417.061280586 0.8948466011647879
57318312.439605325 0.8901262893230397
57993042.41535112 0.8891890587286312
58667772.39109692 0.8882530515674495
59342502.36684272 0.8873182657366969
60017232.34258851 0.8863846991380615
60691962.318334304 0.885452349677707
61366692.2940801 0.884521215266262
62041422.2698259 0.8835912938188096
62727397.74516746 0.8826471149925219
63402127.720913246 0.8817196333652944
64076857.69665904 0.8807933584394371
64751587.67240484 0.8798682881478171
65426317.64815064 0.8789444204277027
66101047.623896435 0.8780217532207524
66775777.599642225 0.8771002844730051
67450507.57538803 0.8761800121348693
68136483.05072959 0.8752456263021748
68811213.02647537 0.8743277605067069
69485943.00222117 0.8734110849642847
70160672.97796696 0.8724955976427634
70835402.95371276 0.8715812965143165
71510132.92945856 0.8706681795554243
72184862.90520436 0.8697562447468643
72859592.88095015 0.8688454900737013
73534322.85669595 0.8679359135252762
74220298.33203751 0.8670123830409564
74895028.3077833 0.8661051762787517
75569758.28352909 0.8651991416016045
76244488.25927489 0.8642942770159314
76919218.23502068 0.863390580532375
77593948.21076648 0.8624880501657936
78268678.18651228 0.8615866839352508
78943408.16225807 0.8606864798640065
79618138.13800387 0.859787435979506
80292868.11374967 0.8588895503133703
80978843.58909123 0.8579778851960599
81653573.56483702 0.8570823292998229
82328303.5405828 0.8561879257092055
83003033.5163286 0.8552946724725019
83677763.4920744 0.8544025676421316
84352493.4678202 0.853511609274631
85027223.443566 0.8526217954306429
85701953.41931179 0.8517331241749065
86387928.89465335 0.850830811052524
87062658.87039915 0.8499444381463782
87737388.84614494 0.8490592020151702
88412118.82189074 0.8481751007399971
89086848.79763654 0.8472921324060041
89761578.77338232 0.846410295102375
90301362.75397897 0.8457056383198371
90852392.23417136 0.8449870455539112
91527122.20991716 0.8441081587674321
92201852.18566296 0.843230396134097
92719145.16706806 0.8425582049013862
93225192.64887741 0.8419012639897165
93911168.12421897 0.8410117492187791
94585898.09996477 0.8401379434649591
95260628.07571056 0.8392652533177268
95935358.05145636 0.8383936769027761
96610088.02720214 0.837523212349743
99309007.93018533 0.8340524354869618
99994983.40552689 0.8331730961033738
100669713.38127269 0.832309281993534
101344443.35701849 0.8314465667319797
104043363.26000166 0.8280066574445168
104661865.73776865 0.8272208047167241
105269122.71593986 0.8264501296872939
105662715.20179157 0.8259510881906661
106056307.68764329 0.8254524160076335
106742283.16298485 0.8245841832942958
107417013.13873065 0.8237312753691086
108091743.11447644 0.822879448073794
108766473.09022224 0.822028699607434
109182556.57526547 0.8215046083712598
109598640.06030871 0.8209809262855462
110273370.0360545 0.820132580720723
110948100.0118003 0.8192853081876315
111634075.48714186 0.8184250126121624
112308805.46288766 0.817579898600539
112983535.43863346 0.8167358522471572
113658265.41437925 0.8158928717782177
114332995.39012505 0.8150509554236262
114827797.37233862 0.8144342253777145
115210144.35859458 0.8139580521092181
115772419.33838274 0.8132584155779419
116210993.82261752 0.8127132094647688
116368430.81695819 0.8125176034510577
116762023.30280991 0.8120288401494375
117403016.77976842 0.8112336231792242
118044010.25672692 0.8104393577664022
118718740.23247272 0.8096043152633962
119404715.70781428 0.8087564327511189
120079445.68356007 0.807923507893039
120754175.65930587 0.8070916304875929
121428905.63505167 0.8062607988031144
122103635.61079745 0.805431011111542
122643419.5913941 0.8047679314742153
123014521.07805428 0.804312450707656
123531814.05945939 0.803678062945176
124206544.03520519 0.8028515179850367
124881274.01095098 0.8020260099417309
125567249.48629254 0.8011878046523522
126241979.46203834 0.800364382527592
126916709.43778414 0.7995419921727145
127591439.41352993 0.7987206318886607
128266169.38927573 0.7979002999798995
128940899.36502151 0.7970809947544191
129401964.84844781 0.7965217258003974
129874275.83146986 0.7959493118462213
130549005.80721566 0.7951324467480286
131223735.78296146 0.7943166026344616
131898465.75870726 0.7935017778288362
132573195.73445305 0.7926879706579442
133000524.71909206 0.7921730850347933
133214189.21141155 0.7919157949089068
133675254.69483785 0.7913609364113291
134349984.67058364 0.7905498010330444
135024714.64632943 0.7897396772392864
135598235.12571338 0.7890518661349941
136059300.60913965 0.7884994483542944
136734030.58488545 0.78769187983222
137420006.060227 0.7868718828530596
138094736.0359728 0.7860663408956389
138769466.0117186 0.7852618013683739
139444195.9874644 0.7844582626329782
140118925.9632102 0.7836557230545499
140793655.938956 0.7828541810015635
141468385.9147018 0.7820536348458614
142143115.8904476 0.7812540829626474
142817845.86619338 0.7804555237304772
143503821.34153494 0.7796446711149816
144178551.31728074 0.7788481088105799
144853281.29302654 0.7780525342860979
145528011.26877233 0.7772579459334791
146202741.24451813 0.7764643421479799
146877471.22026393 0.7756717213281619
147552201.19600973 0.774880081875885
148226931.1717555 0.7740894221962986
148901661.1475013 0.7732997406978346
149587636.62284285 0.7724978989753185
150262366.59858865 0.771710185314205
150937096.57433444 0.7709234450527905
151611826.55008024 0.7701376766126127
152286556.52582604 0.7693528784184537
152961286.50157183 0.7685690488983309
153636016.47731763 0.7677861864834908
154310746.45306343 0.7670042896084007
154985476.42880923 0.7662233567107415
155671451.90415078 0.7654303948683664
156346181.87989658 0.7646514012526356
156975929.85725933 0.7639252060628889
157605677.83462206 0.7631998452560347
158033006.81926107 0.7627081106914114
158449090.3043043 0.7622296847465824
159123820.2800501 0.7614546302567863
162036404.67535278 0.7581198938585212
162441242.66080028 0.7576577769817102
163115972.63654605 0.7568883383456679
163790702.61229184 0.7561198435899389
164465432.58803764 0.7553522911965632
165140162.56378344 0.7545856796506831
165814892.53952923 0.7538200074405355
166500868.0148708 0.7530425354212926
167175597.9906166 0.7522787529522811
167850327.9663624 0.751515905277191
168525057.94210818 0.7507539908966163
169199787.91785398 0.7499930083142095
169874517.89359978 0.7492329560366738
170549247.86934558 0.7484738325737574
171223977.84509137 0.7477156364382451
171898707.82083717 0.7469583661459512
172584683.29617873 0.7461894222731879
173259413.27192453 0.7454340145957524
173934143.24767032 0.7446795283025283
174608873.22341612 0.7439259619214296
175283603.19916192 0.7431733139833644
175958333.1749077 0.7424215830222286
176633063.15065348 0.7416707675748988
177307793.12639928 0.7409208661812249
177982523.10214508 0.7401718773840237
178668498.57748663 0.7394113394792861
179343228.55323243 0.7386641866645506
180017958.52897823 0.7379179420683549
180692688.50472403 0.737172604245363
181367418.48046982 0.7364281717531698
182042148.45621562 0.7356846431522963
182716878.43196142 0.7349420170061813
183391608.4077072 0.7342002918811756
184066338.383453 0.7334594663465349
184752313.85879457 0.7327072144528571
185427043.83454037 0.7319681987518684
186101773.81028616 0.7312300783426957
186776503.78603196 0.7304928518061945
187451233.76177776 0.7297565177260908
188125963.73752356 0.7290210746889753
188800693.71326935 0.7282865212842963
189475423.68901515 0.7275528561043527
190161399.1643567 0.7268078722769669
190836129.1401025 0.7260759940798651
191510859.11584827 0.7253449998781404
192084379.59523222 0.7247243488049997
192657900.07461613 0.7241043345537217
193343875.5499577 0.7233635840494811
194018605.5257035 0.7226358631473468
194693335.5014493 0.7219090196792791
195368065.47719508 0.7211830522621949
196042795.45294088 0.7204579595157992
196717525.42868668 0.7197337400625765
197392255.40443248 0.7190103925277862
198066985.38017827 0.718287915539455
198741715.35592407 0.7175663077283709
199416445.33166987 0.7168455677280767
200102420.80701143 0.7161137036152873
200777150.78275722 0.7153947095547752
201350671.26214114 0.714784243744925
201811736.74556744 0.7142939290347632
202374011.7253556 0.713696528724513
203048741.7011014 0.7129804370766923
203723471.6768472 0.7122652045816064
204398201.652593 0.7115508298929403
205072931.62833878 0.710837311667081
205747661.60408458 0.7101246485631106
206433637.07942614 0.7094009829799635
207108367.05517194 0.7086900403039362
207783097.03091773 0.7079799487209619
208457827.00666353 0.7072707069008862
209132556.9824093 0.7065623135162187
209807286.9581551 0.7058547672421269
210482016.9339009 0.70514806675643
213866912.31222564 0.7016155039769199
214541642.28797144 0.7009138645576494
215216372.26371723 0.7002130617235361
215891102.23946303 0.699513094173437
216565832.21520883 0.6988139606088053
217240562.19095463 0.6981156597336857
217915292.16670042 0.6974181902547073
218601267.64204198 0.696709947250348
219275997.61778778 0.6960141504965691
219950727.59353358 0.6953191812528629
220625457.56927937 0.6946250382361812
221300187.54502517 0.6939317201660304
222649647.49651673 0.6925475537560891
224010352.9476041 0.691155178251394
224685082.9233499 0.6904659794278213
226034542.87484148 0.6890900324054331
226709272.85058728 0.6884032816836638
227384002.82633308 0.6877173444770488
228058732.80207887 0.6870322195303641
228733462.77782467 0.686347905590876
229408192.75357047 0.6856644014083355
230094168.22891203 0.6849703343165244
230768898.20465782 0.6842884593509064
231443628.18040362 0.6836073903856494
232118358.15614942 0.6829271261804283
232793088.1318952 0.6822476654973746
233467818.107641 0.6815690071010696
234142548.0833868 0.6808911497585405
234817278.0591326 0.6802140922392533
235435780.53689957 0.6795941577534805
236054283.01466656 0.6789748933652746
236729012.99041235 0.6783000953506283
237403742.96615815 0.6776260924646745
238078472.94190395 0.6769528834885905
238753202.91764975 0.6762804672059606
239427932.89339554 0.6756088424027703
240102662.86914134 0.6749380078674003
240777392.8448871 0.674267962390622
241463368.32022867 0.673587557139833
242138098.29597446 0.6729190992626819
242812828.27172026 0.6722514268107074
243487558.24746606 0.671584538584226
244162288.22321185 0.6709184333859165
244837018.19895765 0.6702531100208156
248221913.5772824 0.6669271617334936
248896643.5530282 0.6662665173066175
249571373.528774 0.66560664639413
250246103.5045198 0.6649475478197703
250920833.4802656 0.664289220409586
251595563.45601138 0.6636316629919287
252270293.43175718 0.6629748743974477
252945023.40750298 0.662318853459086
253630998.88284454 0.661652684591885
254305728.85859033 0.6609982082193804
254980458.8343361 0.6603444959962108
255655188.8100819 0.6596915467644761
256329918.7858277 0.659039359368543
257004648.7615735 0.6583879326550398
257679378.7373193 0.6577372654728507
258354108.7130651 0.6570873566731118
259028838.68881088 0.6564382051092046
259703568.66455668 0.6557898096367518
260389544.13989824 0.6551313814944959
261064274.11564404 0.6544845073346024
261739004.09138983 0.6538383858274824
262413734.06713563 0.6531930158377077
263088464.04288143 0.6525483962320651
263763194.01862723 0.6519045258795517
264437923.99437302 0.65126140365137
265112653.97011882 0.6506190284209222
265798629.44546038 0.6499667115539975
267148089.39695197 0.648685710760491
267822819.37269777 0.6480463246645898
268497549.34844357 0.647407679947683
269172279.32418936 0.6467697754963041
269847009.29993516 0.6461326101991516
270521739.27568096 0.6454961829470841
271196469.25142676 0.644860492633115
271882444.7267683 0.6442149618055897
272557174.7025141 0.6435807542916336
273231904.6782599 0.6429472803893744
273906634.6540057 0.6423145390004319
274581364.6297515 0.6416825290285574
275256094.60549724 0.6410512493796275
275930824.58124304 0.6404206989616398
276605554.55698884 0.6397908766847078
277280284.53273463 0.639161781461056
277966260.0080762 0.6385229455284662
278640989.983822 0.6378953132287016
279315719.9595678 0.6372684047135031
279990449.9353136 0.6366422189035269
280665179.9110594 0.6360167547215159
281339909.8868052 0.6353920110922956
282014639.862551 0.634767986942769
282689369.8382968 0.6341446812019123
283364099.81404257 0.6335220928007692
284050075.2893841 0.6328898621993306
284724805.2651299 0.6322687171901201
285230852.7469393 0.6318033271374338
285748145.7283444 0.631328009803292
286434121.20368594 0.630698343525083
287108851.17943174 0.6300797170238872
287783581.15517753 0.6294618009115507
288458311.13092333 0.6288445941345813
288908131.11475384 0.628433516505814
289369196.5981802 0.6280124883067403
290043926.573926 0.6273969443326407
290718656.54967177 0.6267821061794601
291393386.52541757 0.6261679728024951
292068116.50116336 0.6255545431590509
292742846.47690916 0.6249418162084365
293428821.9522507 0.6243195964290142
294103551.9279965 0.6237082834181629
294778281.9037423 0.6230976699728159
295453011.8794881 0.6224877550602848
296127741.85523385 0.6218785376498617
296802471.83097965 0.6212700167128152
297477201.80672544 0.6206621912223863
298151931.78247124 0.6200550601537831
298826661.75821704 0.6194486224841772
299512637.2335586 0.6188327872980157
300187367.2093044 0.6182277448797802
300862097.1850502 0.6176233927868567
301536827.160796 0.617019730004257
302211557.1365418 0.6164167555189336
302886287.1122876 0.6158144683197752
303561017.0880334 0.6152128673976028
304235747.0637792 0.6146119517451651
304910477.039525 0.614011720357134
305596452.51486653 0.613402185544349
306271182.4906123 0.612803331039336
306945912.4663581 0.6122051577775982
307620642.4421039 0.6116076647614891
308295372.4178497 0.6110108509952638
308970102.3935955 0.6104147154850745
309644832.3693413 0.6098192572389667
310319562.3450871 0.6092244752668742
310994292.3208329 0.6086303685806156
311680267.79617447 0.6080270513613172
312354997.77192026 0.607434303503287
313029727.74766606 0.6068422279614499
313704457.72341186 0.6062508237551509
314379187.69915766 0.6056600899055978
315053917.67490345 0.6050700254358578
315661174.6530747 0.604539538926891
316257186.1316501 0.6040194020179951
316931916.1073959 0.6034311955272673
317606646.0831417 0.6028436547370363
318281376.0588875 0.6022567786792035
318967351.53422904 0.6016608018007218
319642081.50997484 0.6010752633492578
320316811.48572063 0.6004903867208593
320991541.46146643 0.5999061709547725
321666271.4372122 0.5993226150920611
322341001.412958 0.598739718175604
323015731.3887038 0.5981574792500892
323690461.3644496 0.5975758973620113
324365191.3401954 0.5969949715596667
325051166.815537 0.5964050352604284
325725896.7912828 0.5958254296767329
326400626.76702857 0.5952464773186741
327075356.74277437 0.594668177241745
327750086.71852016 0.594090528503221
328424816.69426596 0.5935135301621544
329099546.67001176 0.5929371812793718
329774276.64575756 0.5923614809174693
330449006.62150335 0.5917864281408084
331134982.0968449 0.5912024540533541
331809712.0725907 0.5906287044014052
337218797.37815285 0.58605236969269
337893527.35389864 0.5854844003337911
338568257.32964444 0.5849170674383022
339242987.30539024 0.5843503700932384
339917717.281136 0.583784307387326
340592447.2568818 0.5832188784109981
341267177.2326276 0.582654082256391
341941907.20837337 0.5820899180173407
342616637.18411916 0.5815263847893781
343302612.6594607 0.5809541052843497
343977342.6352065 0.5803918418510832
344652072.6109523 0.5798302067106587
345326802.5866981 0.5792691989653799
346001532.5624439 0.5787088177192271
346451352.5462745 0.5783355778351407
346709999.036977 0.5781210907018913
346912418.02970076 0.5779532952372514
347306010.51555246 0.5776271871262529
347823303.4969576 0.5771989107245897
348329350.9787669 0.5767802991263329
349004080.9545127 0.5762226949794647
349690056.4298543 0.575656434697697
350364786.4056001 0.5751000832942899
351039516.38134587 0.574544351752353
351714246.35709167 0.5739892391899128
352388976.33283746 0.5734347447266375
353063706.30858326 0.5728808674838322
353738436.28432906 0.5723276065844372
354413166.26007485 0.5717749611530226
355099141.7354164 0.5712137350038407
355773871.7111622 0.5706623281099219
356448601.686908 0.5701115340529455
357123331.6626538 0.5695613519639946
357798061.6383996 0.5690117809757645
358472791.6141454 0.5684628202225592
359147521.5898912 0.5679144688402875
359822251.565637 0.5673667259664605
360496981.5413828 0.566819590740187
361171711.5171286 0.5662730623021697
361857686.99247015 0.5657180462149453
362532416.96821594 0.56517273885924
363060955.4492168 0.5647460034945301
363600739.42981344 0.5643105708913028
364005577.4152609 0.5639842496621792
364421660.90030414 0.5636490899158793
365096390.87604994 0.5631060740091653
365771120.85179573 0.5625636590753691
366445850.82754153 0.5620218442675354
367120580.8032873 0.561480628740272
367806556.2786289 0.560931006430195
368481286.2543747 0.5603909968869135
369156016.2301205 0.5598515840833734
369830746.2058663 0.5593127671804276
370505476.1816121 0.5587745453404749
371180206.1573579 0.5582369177274566
371854936.13310367 0.5576998835068538
372529666.10884947 0.557163441845683
373204396.08459526 0.5566275919124927
373890371.5599368 0.5560834168949419
374565101.5356826 0.5555487577569568
375239831.5114284 0.5550146878479908
375914561.4871742 0.554481206342714
376566800.4637285 0.5539660660902823
377219039.44028276 0.5534514741557862
377893769.4160285 0.5529197138877856
378568499.3917743 0.5523885387918457
379243229.3675201 0.5518579480500797
379929204.84286165 0.5513191123319185
380603934.81860745 0.550789697555985
381278664.79435325 0.5502608646760007
381953394.77009904 0.5497326128800797
382628124.74584484 0.5492049413578208
383302854.72159064 0.548677849300306
383977584.69733644 0.548151335900096
384652314.67308223 0.5476254003512269
385327044.648828 0.5471000418492076
386013020.1241696 0.5465665180975454
386687750.0999154 0.5460423208655486
387362480.0756612 0.5455186982624085
388037210.051407 0.544995649489516
388711940.0271528 0.5444731737497182
389386670.0028986 0.5439512702473149
390061399.9786444 0.5434299381880562
390736129.95439017 0.5429091767791387
391410859.93013597 0.5423889852292024
392096835.4054775 0.541860707190433
392771565.3812233 0.5413416624548076
393446295.3569691 0.5408231851996068
394121025.3327149 0.5403052746392363
394795755.3084607 0.5397879299895294
395470485.2842065 0.5392711504677438
396145215.2599523 0.5387549352925586
396819945.2356981 0.5382392836840706
397505920.71103966 0.53771561481376
398180650.68678546 0.5372010973648915
398855380.66253126 0.5366871411385733
399530110.63827705 0.5361737453605672
400204840.61402285 0.5356609092580371
400879570.58976865 0.5351486320595474
401554300.56551445 0.5346369129950576
402229030.54126024 0.5341257512959213
402903760.51700604 0.5336151461948822
403578490.49275184 0.533105096926071
404264465.9680934 0.532587115853294
404939195.9438392 0.5320781851888177
405613925.91958493 0.5315698080545702
406288655.8953307 0.5310619836902236
406963385.8710765 0.5305547113368219
407638115.8468223 0.5300479902367774
408312845.8225681 0.5295418196338693
408987575.7983139 0.5290361987732389
409662305.7740597 0.528531126901388
410348281.2494013 0.5280181991794263
411023011.22514707 0.5275142321484747
411697741.20089287 0.5270108118414579
412372471.17663866 0.5265079375103101
413047201.15238446 0.52600560840831
417106826.506455 0.5229947286492671
417781556.4822008 0.5224962043499006
418456286.4579466 0.5219982193417272
419131016.4336924 0.5215007728900215
419805746.4094382 0.5210038642613739
420480476.385184 0.520507492723688
421155206.3609298 0.5200116575461772
421829936.3366756 0.5195163579993622
422515911.81201714 0.519013351805335
423190641.78776294 0.5185191302334655
423865371.76350874 0.5180254420995871
424540101.73925453 0.5175322866794427
425214831.71500033 0.5170396632500679
425889561.6907461 0.5165475710897888
426564291.6664919 0.5160560094782184
427239021.6422377 0.5155649776962545
427924997.1175793 0.515066304460244
428599727.0933251 0.5145763389858349
429274457.0690709 0.5140869011794946
429949187.0448167 0.5135979903272523
430623917.02056247 0.5131096057164077
431141210.00196755 0.5127355334527582
431669748.48296845 0.5123536478908383
432355723.95831 0.5118584889855697
433030453.9340558 0.5113719755173561
433705183.9098016 0.5108859850519478
434379913.8855474 0.510400516883667
435054643.8612932 0.5099155703080883
435729373.837039 0.5094311446220358
436404103.81278473 0.5089472391235809
437078833.7885305 0.5084638531120391
437753563.7642763 0.5079809858879679
438439539.2396179 0.507490601986313
439114269.2153637 0.5070087788611148
439788999.1911095 0.506527472420897
440463729.1668553 0.5060466819711767
441138459.1426011 0.5055664068186995
441813189.11834687 0.5050866462714366
442487919.09409267 0.5046073996385819
443162649.06983846 0.5041286662305495
443837379.04558426 0.5036504453589711
444512109.02133006 0.5031727363366932
445198084.4966716 0.5026875895069144
445872814.4724174 0.5022109106288067
446547544.4481632 0.5017347415344207
447222274.423909 0.5012590815414562
447897004.3996548 0.5007839299688148
448571734.3754006 0.5003092861365976
449246464.3511464 0.4998351493661021
449921194.3268922 0.4993615189798196
450595924.302638 0.4988883943014329
451281899.77797955 0.4984079019366299
451956629.75372535 0.49793579505011326
452631359.72947115 0.4974641918384608
453306089.70521694 0.49699309163011474
453980819.68096274 0.49652249375469604
454655549.65670854 0.4960523975430014
455330279.63245434 0.49558280232700114
456005009.60820013 0.4951137074398361
456679739.58394593 0.49464511221581614
457365715.0592875 0.49416921861050755
458040445.0350333 0.493701629020341
458715175.0107791 0.49323453709220605
459389904.9865249 0.4927679421650799
460064634.9622707 0.4923018435790955
460739364.9380165 0.491836240675539
461132957.4238682 0.4915648676291586
461537795.40931565 0.491285916663696
462212525.38506144 0.49082139371655814
462887255.36080724 0.4903573643625931
463561985.33655304 0.4898938279478848
464236715.31229883 0.48943078381965766
464911445.28804463 0.4889682313262741
465586175.2637904 0.48850616981723205
466260905.2395362 0.48804459864316274
466935635.215282 0.4875835171558277
467621610.6906236 0.48711525230689384
468296340.6663694 0.4866551563872512
468971070.6421152 0.48619554820565003
469645800.617861 0.48573642711836923
470320530.59360677 0.48527779248280634
470995260.56935257 0.48481964365747493
471669990.54509836 0.4843619800020026
472344720.52084416 0.48390480087712784
473019450.49658996 0.4834481056446986
473705425.9719315 0.4829842942253423
474166491.4553578 0.4826728324801203
474638802.4383798 0.48235400755827657
475313532.4141256 0.48189895280166267
475988262.3898714 0.48144437914273874
476662992.3656172 0.4809902859492998
477146548.8482351 0.4806651476954079
477630105.33085287 0.4803402556577999
478304835.30659866 0.4798873289629286
478979565.28234446 0.47943488057128303
479654295.25809026 0.47898290985548986
480329025.23383605 0.47853141618925943
481003755.20958185 0.47808039894738313
481678485.18532765 0.4776298575057314
482353215.16107345 0.47717979124125126
483039190.636415 0.4767227103538083
483713920.6121608 0.4762736004724568
484388650.5879066 0.4758249638952323
485063380.5636524 0.4753768000033829
485738110.5393982 0.4749291081792215
486412840.515144 0.4744818878061238
487087570.4908898 0.4740351382685264
487762300.4666356 0.47358885895192354
488437030.4423814 0.4731430492428662
489123005.91772294 0.4726902901536747
489797735.89346874 0.4722454256247959
490472465.86921453 0.47180102885926517
491147195.8449603 0.4713570992478521
491821925.82070607 0.4709136361823708
492496655.79645187 0.47047063905567843
493171385.77219766 0.47002810726167205
493846115.74794346 0.4695860401952869
494532091.223285 0.4691370811321702
495206821.1990308 0.46869594943021525
495881551.1747766 0.4682552806368699
496556281.1505224 0.46781507415121676
497231011.1262682 0.4673753293733659
497905741.102014 0.4669360457044518
498580471.0777598 0.46649722254663195
499255201.0535056 0.46605885930308427
499929931.0292514 0.46562095537800485
500615906.50459296 0.46517622330627567
501290636.48033875 0.46473924386525817
501965366.45608455 0.4643027219515155
502640096.43183035 0.4638666569733128
503314826.40757614 0.46343104833992255
503989556.38332194 0.46299589546162245
504664286.35906774 0.46256119774969395
505339016.33481354 0.4621269546164193
506013746.31055933 0.4616931654750798
506699721.7859009 0.46125261131572853
507374451.7616467 0.46081973594416586
508049181.7373925 0.46038731280063544
508723911.7131383 0.45995534130240995
509398641.6888841 0.45952382086775084
510073371.6646299 0.45909275091590607
510748101.6403757 0.4586621308671077
511422831.6161215 0.4582319601425699
512097561.59186727 0.45780223816448723
512783537.0672088 0.45736581358626965
513289584.54901814 0.4570441575869645
513806877.5304233 0.45671561364444435
514481607.5061691 0.4562874726240177
515156337.4819149 0.4558597777428975
515831067.4576607 0.4554325284286644
516505797.4334065 0.4550057241098655
517180527.40915227 0.45457936421601275
517855257.38489807 0.4541534481775807
518529987.36064386 0.45372797542600424
519215962.8359854 0.4532958653073923
519890692.81173116 0.4528712847920793
520565422.78747696 0.4524471458542502
521240152.76322275 0.4520234479291782
521914882.73896855 0.4516001904530867
522589612.71471435 0.4511773728631477
523264342.69046015 0.45075499459747964
523939072.66620594 0.45033305509514554
524613802.64195174 0.4499115537961508
525299778.1172933 0.44948347611850265
525974508.0930391 0.4490628568300093
526649238.0687849 0.4486426740612284
527323968.0445307 0.44822292725593094
527998698.0202765 0.447803615858821
528673427.9960223 0.4473847393155329
529348157.9717681 0.4469662970726296
530022887.9475139 0.446548288577601
530697617.9232597 0.4461307132788618
531383593.39860123 0.4457066219105351
532058323.37434703 0.4452899185502536
532733053.3500928 0.4448736467278954
533126645.83594453 0.44463102056688153
533520238.32179624 0.4443885409535714
534194968.29754204 0.44397320225169934
534880943.7728836 0.4435513818459453
535555673.7486294 0.44313690936096106
536230403.7243752 0.44272286558390117
536905133.700121 0.4423092499715977
537579863.6758668 0.4418960619817882
538254593.6516126 0.44148330107311334
538929323.6273584 0.44107096670511525
539604053.6031042 0.44065905833823554
540278783.57885 0.44024757543381365
540964759.0541916 0.4398296700847534
541639489.0299374 0.43941904356143324
542314219.0056832 0.4390088408810307
542988948.981429 0.4385990615084718
543663678.9571747 0.43818970490957093
544338408.9329205 0.4377807705510288
545013138.9086663 0.4373722579004309
545687868.884412 0.43696416642624525
546373844.3597536 0.4365497046447999
547048574.3354994 0.43614246092981496
547723304.3112452 0.4357356367931173
548398034.286991 0.4353292317067022
549072764.2627368 0.43492324514343855
549747494.2384826 0.4345176765770671
550422224.2142284 0.43411252548219803
551096954.1899742 0.43370779133431026
551771684.16572 0.43330347360974847
552457659.6410615 0.43289284360928326
553132389.6168073 0.4324893640824244
553807119.5925531 0.432086299404429
554481849.5682989 0.4316836490551035
555156579.5440447 0.43128141251511165
555831309.5197905 0.4308795892659726
556506039.4955363 0.43047817879005945
557180769.4712821 0.4300771805705972
557855499.4470279 0.4296765940916609
558541474.9223695 0.4292697527316797
559216204.8981153 0.4288699950302481
559890934.8738611 0.42847064751810243
560565664.8496069 0.428071709682715
561240394.8253527 0.42767318101239976
561915124.8010985 0.4272750609963101
562589854.7768443 0.4268773491244374
563264584.7525901 0.42648004488760927
563939314.7283359 0.4260831477774877
564625290.2036774 0.4256800525538002
565300020.1794232 0.42528397493966114
565974750.155169 0.4248883029237803
566649480.1309148 0.42449303600115423
567324210.1066606 0.4240981736676048
567998940.0824064 0.4237037154197785
568673670.0581522 0.4233096607551441
569348400.033898 0.4229160091719908
570023130.0096438 0.42252276016942714
570709105.4849854 0.422123369202349
571383835.4607311 0.42173093055035343
572058565.436477 0.4213388929728694
572733295.4122227 0.4209472559722783
573408025.3879685 0.42055601905177176
574082755.3637143 0.42016518171535056
574757485.3394601 0.41977474346782245
575432215.3152059 0.4193847038148011
578817110.6935307 0.41743400300549577
579491840.6692765 0.41704635117224176
580166570.6450223 0.41665909448706634
580841300.6207681 0.4162722324619814
581516030.5965139 0.41588576460978977
582190760.5722597 0.4154996904440831
582876736.0476012 0.41510758479168275
583551466.023347 0.4147223030840339
584226195.9990928 0.4143374136003033
584900925.9748386 0.4139529158572361
585575655.9505844 0.41356880937235857
586250385.9263302 0.4131850936639765
586925115.902076 0.41280176825117326
587599845.8778218 0.4124188326538088
588274575.8535676 0.4120362863925176
588960551.3289092 0.4116477629904083
589635281.304655 0.4112660004352081
590310011.2804008 0.41088462577467233
590984741.2561466 0.41050363853253113
591659471.2318923 0.4101230382332812
592334201.2076381 0.40974282440218457
593008931.183384 0.4093629965652668
593683661.1591297 0.4089835542493157
594358391.1348755 0.4086044969818792
595044366.6102171 0.40821951633529135
595719096.5859629 0.40784123414834217
596393826.5617087 0.40746333558926945
597068556.5374545 0.4070858201886605
597743286.5132003 0.4067086874778553
598418016.4889461 0.4063319369889449
599092746.4646918 0.40595556825476997
599767476.4404376 0.40557958080891954
600453451.9157791 0.40519771729910786
601128181.8915249 0.4048224973690189
601802911.8672707 0.40444765732476473
602477641.8430165 0.4040731967029241
603152371.8187623 0.40369911504081596
603827101.7945081 0.40332541187649856
604366885.7751048 0.40302672155349994
604917915.2552972 0.4027220578271718
605592645.231043 0.4023493428849539
606267375.2067888 0.40197700477598336
606942105.1825346 0.4016050430417107
607616835.1582804 0.40123345722431714
608291565.1340262 0.400862246866713
608966295.109772 0.4004914115125363
609641025.0855178 0.400120950706151
610327000.5608593 0.39974469904756493
611001730.5366051 0.39937499219622036
611676460.5123509 0.3990056585225507
612351190.4880967 0.39863669757382203
613025920.4638425 0.3982681088980194
613700650.4395883 0.3978998920438452
614375380.4153341 0.3975320465607178
615050110.3910799 0.39716457199877003
615736085.8664215 0.3967913526435154
616410815.8421673 0.3964246247404403
617085545.817913 0.39605826640575953
617760275.7936589 0.395692277192461
618435005.7694046 0.39532665665424005
619109735.7451504 0.39496140434549787
619784465.7208962 0.39459651982134003
620459195.696642 0.3942320026375749
621133925.6723878 0.3938678523507128
621819901.1477294 0.39349800855624656
622494631.1234752 0.3931345968319785
623169361.099221 0.3927715506709882
623844091.0749668 0.3924088696325892
624518821.0507126 0.39204655327679
625193551.0264584 0.39168460116429193
625868281.0022042 0.391323012856488
626543010.97795 0.39096178791546154
627217740.9536958 0.39060092590398476
627903716.4290373 0.3902344211288479
628578446.4047831 0.38987428969813326
629253176.3805289 0.38951451988215774
629927906.3562747 0.38915511124644675
630602636.3320205 0.3887960633572078
631277366.3077663 0.3884373757813288
631952096.2835121 0.3880790480863773
632626826.2592578 0.3877210798405983
633301556.2350036 0.3873634706129135
633987531.7103451 0.38700026883117294
634662261.686091 0.38664338231480366
635336991.6618367 0.38628685352019415
636011721.6375825 0.3859306820189699
636686451.6133283 0.3855748673834261
637361181.5890741 0.3852194091865265
638035911.5648199 0.3848643070019016
638710641.5405657 0.38450956040384787
639385371.5163115 0.38415516896732627
640071346.9916531 0.3837952346593024
640746076.9673989 0.3834415581750162
641420806.9431447 0.3830882355740723
642095536.9188905 0.38273526643408684
642770266.8946363 0.38238265033333374
643444996.8703821 0.3820303868507433
644119726.8461279 0.38167847556590107
644805702.3214694 0.3813210597118855
645480432.2972152 0.38096985741634426
646155162.272961 0.38061900605425664
646829892.2487068 0.3802685052078265
647504622.2244526 0.3799183544599061
648179352.2001984 0.3795685533939953
648854082.1759442 0.3792191015942398
649528812.15169 0.3788699986454301
650203542.1274358 0.3785212441330001
650889517.6027774 0.378167033814362
651564247.5785232 0.3778189807235492
652238977.554269 0.37747127482239384
652913707.5300148 0.3771239156989016
653588437.5057606 0.3767769029417151
654263167.4815063 0.3764302361401129
654937897.4572521 0.3760839148840078
655612627.432998 0.37573793876394623
656287357.4087437 0.3753923073711063
656973332.8840853 0.37504126842755897
657648062.8598311 0.3746963309936275
658322792.8355769 0.37435173705745506
658997522.8113227 0.3740074862127461
659672252.7870685 0.37366357805383044
660346982.7628143 0.3733200121756626
661021712.7385601 0.37297678817382013
661696442.7143059 0.3726339056445031
662382418.1896474 0.37228565804752095
663057148.1653932 0.37194346292870867
663731878.141139 0.37160160806804715
664406608.1168848 0.37126009306422236
665081338.0926306 0.3709189175165361
665756068.0683764 0.3705780810249049
666430798.0441222 0.37023758318985855
667105528.019868 0.36989742361253936
667780257.9956138 0.3695576018947004
668466233.4709554 0.36921246242456124
669140963.4467012 0.3688733208477673
669815693.422447 0.3685345159327655
670490423.3981928 0.3681960472837513
671165153.3739386 0.36785791450552513
671839883.3496844 0.36752011720349115
672514613.3254302 0.3671826549836563
673189343.301176 0.36684552745262894
673864073.2769217 0.3665087342176175
674550048.7522633 0.3661666700575862
675224778.7280091 0.36583054979385043
675899508.7037549 0.36549476264483444
676574238.6795007 0.36515930822014614
677248968.6552465 0.3648241861299874
677923698.6309923 0.36448939598515373
678598428.6067381 0.3641549373970323
679273158.5824839 0.3638208099776014
679700487.5671228 0.36360936705718017
680127816.5517619 0.3633980567184851
680802546.5275077 0.363064678514646
681376067.0068916 0.36278156644455245
681949587.4862756 0.3624986924942159
682343179.9721272 0.3623047009717916
682635562.9616171 0.3621606654650161
683209083.4410009 0.36187831361487804
683613921.4264485 0.3616791493522712
684007513.9123002 0.3614856307410805
684682243.888046 0.36115414423776
685356973.8637918 0.36082298543095775
686031703.8395376 0.360492153938507
686706433.8152834 0.3601616493788189
687381163.7910292 0.35983147137088206
688067139.2663708 0.3594961247648823
688741869.2421165 0.3591666041463588
689416599.2178622 0.3588374089336869
689821437.2033098 0.35864004784332737
690226275.1887573 0.35844280368102827
690642358.6738005 0.35824020227354764
691047196.659248 0.35804319496486614
691721926.6349938 0.35771510870161055
692396656.6107396 0.3573873461758985
693082632.0860811 0.3570544524295841
693757362.061827 0.3567273416308746
694240918.5444448 0.35649311069342904
694713229.5274668 0.3562644868130355
695253013.5080634 0.35600339561525457
695792797.4886601 0.35574251035351573
696467527.4644059 0.3554166930827555
697142257.4401517 0.35509119691565627
697828232.9154932 0.3547606046045865
698502962.891239 0.3544357548648692
699177692.8669848 0.35411122510762494
699852422.8427306 0.35378701496230863
700527152.8184764 0.35346312405893066
701201882.7942222 0.3531395520280561
701876612.769968 0.3528162985008032
702551342.7457138 0.3524933631088429
703237318.2210554 0.35216537121409447
703912048.1968012 0.3518430762768321
704586778.172547 0.3515210983670711
705261508.1482928 0.35119943711869045
705936238.1240386 0.3508780921661154
706610968.0997844 0.35055706314431756
707285698.0755302 0.3502363496888135
707960428.051276 0.3499159514356634
708635158.0270218 0.3495958680214704
709321133.5023633 0.3492707722633249
709995863.4781091 0.3489513226711843
710670593.4538549 0.34863218682503117
711345323.4296007 0.348313364363638
712020053.4053465 0.34799485492631527
712694783.3810923 0.34767665815290955
713369513.356838 0.34735877368380325
714044243.3325838 0.34704120115991266
714718973.3083296 0.34672394022268804
715404948.7836711 0.34640171065373027
716079678.7594169 0.34608507699447644
716754408.7351627 0.345768753843484
717429138.7109085 0.34545274084433497
718103868.6866543 0.3451370376411402
718778598.6624001 0.34482164387853703
719453328.6381459 0.34450655920168965
720128058.6138917 0.3441917832562873
720802788.5896375 0.3438773156885432
721488764.0649791 0.3435579227604463
722163494.0407249 0.34324407601362616
722838224.0164707 0.342930536580374
723512953.9922165 0.34261730410899843
724187683.9679623 0.3423043782483277
724862413.9437081 0.341991758647708
725537143.9194539 0.34167944495700275
726211873.8951997 0.34136743682659165
726886603.8709455 0.34105573390736943
727572579.346287 0.3407391484640156
728247309.3220328 0.34042805999420783
728922039.2977786 0.34011727568556677
729596769.2735244 0.33980679519104656
730271499.2492702 0.33949661816411214
730946229.225016 0.33918674425873724
731620959.2007618 0.33887717312940435
732295689.1765076 0.3385679044311031
732970419.1522534 0.3382589378193296
733656394.627595 0.3379451310900708
734331124.6033407 0.3376367726402717
735005854.5790865 0.3373287152408051
735680584.5548323 0.3370209585491914
736355314.5305781 0.3367135022234524
737030044.5063239 0.3364063459221109
737704774.4820697 0.3360994893041889
738379504.4578155 0.33579293202920757
739054234.4335613 0.3354866737571853
739740209.9089029 0.33517561735024065
740414939.8846487 0.3348699610353848
741089669.8603945 0.33456460270088395
741764399.8361403 0.33425954200874647
742439129.8118861 0.33395477862147405
743113859.7876319 0.3336503122020601
743788589.7633777 0.33334614241398935
744463319.7391235 0.33304226892123706
745138049.7148693 0.3327386913882671
745824025.1902108 0.33243035728425413
746498755.1659566 0.3321273755848659
747173485.1417024 0.33182468883601546
747848215.1174482 0.33152229670412336
748522945.093194 0.3312201988560943
749197675.0689398 0.330918394959317
749872405.0446856 0.33061688468166295
750547135.0204314 0.33031566769148535
751221864.9961772 0.33001474365761874
751907840.4715188 0.3297091042032148
752582570.4472646 0.32940876995918794
753257300.4230103 0.3291087276753605
753932030.3987561 0.32880897702248973
754606760.374502 0.32850951767180914
755281490.3502477 0.3282103492950281
755956220.3259935 0.32791147156433054
756630950.3017393 0.3276128841523739
757316925.7770809 0.32730961756363663
757991655.7528267 0.3270116146340208
758666385.7285725 0.32671390103852427
759341115.7043183 0.3264164764516988
759757199.1893615 0.32623320854463744
760184528.1740005 0.3260451016415698
760791785.1521717 0.3257779907239632
761399042.130343 0.32551111307547387
762073772.1060888 0.32521485565531344
762748502.0818346 0.3249188856074606
763423232.0575804 0.32462320260929245
764109207.5329219 0.3243228854948598
764783937.5086677 0.3240277804007564
765458667.4844135 0.32373296138590035
766133397.4601593 0.32343842812952767
766763145.437522 0.3231637879586636
767404138.9144804 0.32288449857861506
768078868.8902262 0.32259078746760583
768753598.865972 0.322297360873804
769428328.8417178 0.32200421847868615
770114304.3170594 0.3217064813922331
770789034.2928052 0.3214139111640981
771463764.268551 0.32112162417652845
772138494.2442968 0.32082962011282806
772813224.2200426 0.3205378986567539
773487954.1957884 0.3202464594925148
774162684.1715342 0.31995530230477104
774837414.14728 0.319664426778633
775512144.1230258 0.3193738325996606
776186874.0987716 0.31908351945386265
776872849.5741131 0.3187886555304613
777547579.5498589 0.3184989081816205
778222309.5256047 0.3182094409214567
778897039.5013505 0.3179202534377721
779571769.4770963 0.31763134541881355
780246499.4528421 0.31734271655327156
780921229.4285879 0.3170543665302796
781595959.4043337 0.31676629503941284
782281934.8796753 0.31647370757160553
782956664.8554211 0.316186196844736
783631394.8311669 0.3158989637162138
784306124.8069127 0.31561200787738125
784980854.7826585 0.31532532902001875
785655584.7584043 0.31503892683634394
786330314.73415 0.3147528010190104
787005044.7098958 0.31446695126110746
787679774.6856416 0.314181377256159
788365750.1609832 0.31389132605406184
789040480.136729 0.3136063072204303
789715210.1124748 0.31332156321784216
790389940.0882206 0.3130370937415592
791064670.0639664 0.3127528984872738
791739400.0397122 0.3124689771511079
792414130.015458 0.31218532942961286
793212560.4867572 0.3118500326674573
793684871.4697793 0.31165186805796746
794123445.954014 0.31146797773124696
794764439.4309725 0.3111994220579924
795439169.4067183 0.3109169973236958
796113899.382464 0.3106348445477505
796788629.3582098 0.3103529634294701
797463359.3339556 0.31007135366859145
798138089.3097014 0.3097900149652738
798812819.2854472 0.3095089470200979
799487549.261193 0.30922814953406536
800173524.7365346 0.3089429490403352
800848254.7122804 0.30866269607245683
801522984.6880262 0.3083827126642851
802197714.663772 0.3081029985185041
802872444.6395178 0.3078235533382148
803547174.6152636 0.3075443768269347
804221904.5910094 0.3072654686885962
804896634.5667552 0.3069868286275467
805571364.542501 0.3067084563485475
806257340.0178425 0.30642571874144375
806932069.9935883 0.30614788559320183
807606799.9693341 0.3058703193388729
808281529.9450799 0.30559301968487307
808956259.9208257 0.30531598633802837
809630989.8965715 0.30503921900557424
810305719.8723173 0.3047627173951548
810980449.8480631 0.30448648121482214
811655179.8238089 0.3042105101730351
812341155.2991505 0.3039302111176092
813015885.2748963 0.3036547738867324
813690615.2506421 0.3033796009173782
814365345.2263879 0.30310469191963324
815040075.2021337 0.3028300466039877
815714805.1778795 0.3025556646813343
816389535.1536252 0.3022815458629679
817064265.129371 0.3020076898605841
817738995.1051168 0.3017340963862794
818424970.5804584 0.30145621185211235
819099700.5562042 0.30118314693531384
819774430.53195 0.3009103436805035
820449160.5076958 0.30063780180137895
821123890.4834416 0.30036552101203434
821798620.4591874 0.3000935010269599
822473350.4349332 0.29982174156104147
823148080.410679 0.29955024232955935
823822810.3864248 0.2992790030481878
824508785.8617663 0.2990035093044085
825183515.8375121 0.29873279339249686
825858245.8132579 0.2984623365753591
826532975.7890037 0.29819213857024457
827207705.7647495 0.29792219909479284
827882435.7404953 0.29765251786703345
828557165.7162411 0.2973830946053845
829231895.6919869 0.29711392902865247
829917871.1673285 0.2968405412323417
830592601.1430743 0.296571894466434
831267331.1188201 0.2963035045395212
831942061.0945659 0.29603537117196205
832616791.0703117 0.2957674940845003
833291521.0460575 0.2954998729982636
833966251.0218033 0.29523250763476266
835315710.9732949 0.29469854296392456
836676416.4243822 0.294161160919776
837351146.400128 0.29389507424257927
838025876.3758738 0.293629241620595
838700606.3516196 0.29336366277800474
839375336.3273654 0.29309833743936753
840050066.3031112 0.2928332653296195
840724796.278857 0.2925684461740736
841152125.2634959 0.29240085808454097
841568208.7485392 0.29223777752862706
842254184.2238808 0.2919691244704412
842928914.1996266 0.29170512972228296
843603644.1753724 0.29144138676054165
844278374.1511182 0.29117789531250166
844953104.126864 0.2909146551058197
845627834.1026098 0.2906516658685237
846302564.0783556 0.2903889273290129
846977294.0541013 0.2901264392160566
847652024.0298471 0.2898642012587937
848337999.5051887 0.28959784883440837
849012729.4809345 0.28933611453538893
849687459.4566803 0.2890746295771978
850362189.4324261 0.2888133936904518
851036919.4081719 0.2885524066061338
851711649.3839177 0.2882916680555927
852386379.3596635 0.28803117777054205
853061109.3354093 0.28777093548306004
853735839.3111551 0.28751094092558804
854421814.7864966 0.28724686680772654
855096544.7622424 0.2869873710267257
855535119.2464771 0.2868188311993013
855973693.7307119 0.2866503956246163
856648423.7064577 0.28639146737351073
857323153.6822035 0.286132785435977
857997883.6579493 0.28587434954673907
858683859.1332909 0.2856118583532729
859358589.1090367 0.2853539178559743
