1.0 0.9775809949024491
2800130.3993450515 0.9734063742320589
3474860.375090847 0.972403109825257
4149590.350836642 0.9714008794567526
4824320.326582437 0.9703996820607894
5487804.80273247 0.9694161775473628
6151289.278882503 0.968433669820256
6826019.254628298 0.9674355306494029
7500749.230374093 0.966438420234401
8175479.206119888 0.9654423375149386
8861454.681461448 0.9644307058556081
9524939.15761148 0.9634532509268492
10177178.134165749 0.9624933286474997
10570770.620017463 0.9619145279714898
10975608.60546494 0.9613195532553476
11650338.581210736 0.9603287464177566
12325068.556956531 0.9593389607787735
12999798.532702327 0.9583501952858755
13674528.508448122 0.9573624488876249
14349258.484193917 0.9563757205336676
15226407.452663451 0.9550944939243478
15867400.929621957 0.9541592985285625
16260993.415473672 0.9535855095675674
16665831.40092115 0.952995686614099
17340561.376666944 0.952013458967429
18015291.352412738 0.9510322436770198
18690021.328158535 0.9500520396994625
19184823.310372118 0.9493338655911381
19690870.792181466 0.9485999308789193
20365600.76792726 0.9476222338223366
21051576.243268818 0.946629274827719
21726306.219014615 0.9456536088746165
22401036.194760412 0.9446789485148095
22794628.680612125 0.9441108606146251
23188221.166463837 0.9435431143372356
23862951.142209634 0.9425706292087668
24537681.117955428 0.941599146395201
25223656.59329699 0.9406124986484865
25898386.569042783 0.9396430340287061
26573116.54478858 0.9386745686106694
27124146.024980977 0.9378843956820471
27686421.004769143 0.9370787824368412
28361150.980514936 0.936112959925632
29035880.956260733 0.935148132862341
29710610.932006527 0.934184300220986
30385340.907752324 0.9332214609766427
31071316.383093882 0.9322435917260352
31746046.35883968 0.9312827527190116
32420776.334585473 0.9303229040235392
33095506.31033127 0.9293640446189297
33545326.2941618 0.9287253541183247
33995146.27799233 0.9280871025474995
34388738.76384404 0.9275289922454726
34793576.749291524 0.9269552860763406
35468306.725037314 0.9259998975871799
36143036.70078311 0.9250454937918647
36817766.67652891 0.924092073675497
37492496.652274705 0.9231396362242243
38167226.628020495 0.9221881804252399
38841956.60376629 0.9212377052667804
39527932.07910785 0.9202723931065374
40202662.05485365 0.9193238924997952
40877392.030599445 0.9183763694877389
41552122.00634524 0.9174298230627871
41945714.492196955 0.9168781215746049
42350552.47764443 0.916311003307589
43025282.453390226 0.9153665856013619
43700012.42913602 0.9144231412816822
45049472.38062761 0.9125391687900232
45724202.35637341 0.9115986386146568
46398932.332119204 0.9106590778190617
47073662.307865 0.9097204854041239
47759637.78320656 0.9087672414780859
48434367.75895235 0.907830598929221
48827960.24480407 0.9072846699874579
49615145.216507494 0.9061937967986562
50008737.70235921 0.9056488521568893
50694713.177700765 0.9046998746618313
51369443.15344656 0.9037674242412124
52044173.12919236 0.9028359348727735
52718903.10493816 0.9019054055659835
54000890.05885517 0.9001400413098158
55282877.01277218 0.898378132527956
55957606.98851797 0.8974521977610659
57025929.45011548 0.8959880857399968
57430767.43556296 0.8954338886242676
58105497.41130876 0.8945109884123094
58780227.38705455 0.8935890394093817
59454957.362800345 0.8926680406350984
60804417.31429194 0.890828889855972
62165122.765379295 0.8889782494698282
63514582.71687088 0.8871467007129403
64189312.69261668 0.8862323418880984
65538772.644108266 0.8844064504840432
66213502.61985406 0.8834949159632055
66888232.59559986 0.8825843209370788
68237692.54709145 0.8807659454967066
68923668.02243301 0.879843041372554
69497188.50181693 0.8790721753006576
70070708.98120086 0.8783019846157029
70745438.95694666 0.8773967418076487
71420168.93269245 0.8764924320096021
72780874.38377981 0.874671574703225
73455604.3595256 0.8737700736634021
74130334.3352714 0.8728695017770447
74805064.3110172 0.8719698580864987
75479794.28676298 0.8710711416350971
76154524.26250878 0.8701733514671587
76829254.23825458 0.8692764866279876
82699405.027243 0.8615126635295316
83374135.0029888 0.860624725034153
84048864.9787346 0.8597377017136814
84734840.45407616 0.8588368318802622
85409570.42982195 0.8579516512943481
85983090.90920587 0.8571999651546495
86556611.3885898 0.856448937597578
87242586.86393136 0.8555515138714721
87917316.83967716 0.85466971937662
88592046.81542295 0.8537888337242144
89266776.79116875 0.8529088559775355
89941506.76691453 0.8520297852008287
90616236.74266033 0.8511516204593037
91290966.71840613 0.8502743608191341
91965696.69415192 0.8493980053474552
92370534.6795994 0.8488726256776122
92775372.66504689 0.8483475709717976
93180210.65049435 0.8478228410290105
93573803.13634607 0.8473129980836954
94248533.11209187 0.8464396948108792
94923263.08783767 0.8455672916288298
95597993.06358346 0.8446957876098475
96272723.03932926 0.8438251818271885
96947453.01507504 0.8429554733550643
97622182.99082084 0.8420866612686402
98308158.4661624 0.8412042869482522
98982888.4419082 0.8403372797637048
99657618.417654 0.8394711661807115
100332348.39339979 0.8386059452782604
101007078.36914559 0.8377416161362892
101681808.34489138 0.836878177835684
102356538.32063718 0.8360156294582777
103031268.29638298 0.8351539700868498
103705998.27212876 0.8342931988051254
104391973.74747032 0.8334189908071138
105066703.72321612 0.8325600077230055
105741433.69896191 0.8317019099702214
106416163.67470771 0.8308446966362738
107090893.65045351 0.8299883668096154
107765623.6261993 0.8291329195796384
108440353.6019451 0.8282783540366736
109115083.5776909 0.8274246692719894
109789813.5534367 0.8265718643777906
110475789.02877825 0.8257057471233227
110970591.01099183 0.8250815702741623
111476638.49280117 0.8244436956267025
112162613.96814273 0.8235798083582226
112837343.94388853 0.822730966261275
113489582.9204428 0.8219112505317734
114153067.39659284 0.8210782397224371
114546659.88244455 0.8205844797907442
114951497.86789203 0.82007692220248
115491281.84848866 0.8194006670697906
116042311.32868107 0.818710898489215
116435903.81453277 0.8182185621712401
116840741.79998025 0.8177124679782392
117447998.77815147 0.8169539135695034
118066501.25591844 0.8161820351961641
118460093.74177016 0.8156912196240893
118853686.22762188 0.8152006992066683
119539661.70296344 0.8143464971440701
120214391.67870922 0.8135071715786999
120889121.65445502 0.812668711084165
124656364.01903571 0.8080031639644902
125049956.50488743 0.8075172668017772
125443548.99073915 0.8070316618360047
126118278.96648493 0.8061998754794383
126793008.94223073 0.8053689464232425
127467738.91797653 0.8045388737838207
128142468.89372233 0.8037096566784865
128828444.36906388 0.8028674954203658
129503174.34480968 0.8020400009608522
130177904.32055548 0.8012133593781636
130852634.29630128 0.8003875697932626
131527364.27204707 0.7995626313280173
132202094.24779287 0.7987385431052009
132876824.22353865 0.7979153042484908
133551554.19928445 0.7970929138824678
134226284.17503026 0.7962713711326148
134912259.65037182 0.7954370040273471
135586989.62611762 0.7946171679803291
136138019.10631 0.7939482620615449
136700294.08609816 0.7932662854353543
137375024.06184396 0.7924486866910273
137802353.04648298 0.7919313100594436
138218436.5315262 0.7914278731741531
138893166.507272 0.7906121692331018
139567896.4830178 0.7897973060166981
140242626.4587636 0.7889832826584285
140917356.4345094 0.7881700982926736
141592086.4102552 0.7873577520547057
142278061.88559675 0.7865327250196921
142952791.86134255 0.7857220663793905
143627521.83708835 0.7849122432636768
144302251.81283414 0.7841032548113982
144976981.7885799 0.7832951001622888
145651711.7643257 0.7824877784569693
146326441.7400715 0.7816812888369464
147001171.7158173 0.7808756304446121
147675901.6915631 0.7800708024232414
148361877.16690466 0.7792534109648548
149036607.14265046 0.7784502549225334
149711337.11839625 0.7776479266720691
150386067.09414205 0.7768464253602787
151060797.06988785 0.7760457501348583
151735527.04563364 0.7752459001443823
152410257.02137944 0.7744468745383026
153084986.99712524 0.7736486724669478
153759716.97287104 0.7728512930815226
154445692.4482126 0.7720414665329509
155120422.4239584 0.7712457436525072
155795152.3997042 0.7704508409027557
156469882.37545 0.7696567574384094
157144612.35119578 0.7688634924150523
157819342.32694158 0.7680710449891387
158494072.30268735 0.7672794143179924
159168802.27843314 0.7664885995598059
159843532.25417894 0.7656985998736388
160529507.7295205 0.7648962682220874
161181746.70607477 0.7641341752315348
161833985.68262905 0.7633728415409688
162238823.66807652 0.7629006711697992
162654907.15311977 0.7624156892871523
163239673.13209945 0.7617346142092218
169233524.41664127 0.7547885770031535
169908254.39238706 0.7540106362232158
170582984.36813286 0.753233497246426
171268959.84347442 0.7524442270610696
171943689.81922022 0.7516687025410993
172618419.794966 0.750893977333901
173293149.7707118 0.7501200506156444
173967879.7464576 0.7493469215633475
174642609.7222034 0.7485745893548774
175317339.6979492 0.7478030531689477
175789650.68097126 0.7472634510328292
176037051.67207804 0.7469809577066365
176509362.6551001 0.74644194878081
177184092.6308459 0.7456726106515574
177858822.6065917 0.7449040654589267
178533552.5823375 0.7441363123856586
179208282.5580833 0.7433693506153365
179883012.53382906 0.7426031793323853
180568988.00917065 0.7418250480475439
181243717.98491642 0.7410604684367254
181918447.96066222 0.7402966768580483
182379513.44408852 0.7397752054226933
182840578.92751482 0.739254101316365
183369117.4085157 0.7386571896342419
183886410.3899208 0.7380734449073048
184561140.3656666 0.737312731975397
185235870.3414124 0.7365528030903465
185910600.3171582 0.7357936574440566
186585330.292904 0.7350352942292635
187260060.2686498 0.7342777126395358
187822335.24843794 0.7336469911415728
188384610.2282261 0.7330168114135711
188778202.7140778 0.7325760077078789
189171795.19992954 0.7321354690819282
189846525.17567533 0.7313808762658855
190521255.15142113 0.7306270611888572
191195985.12716693 0.729874023049248
191870715.10291272 0.7291217610462889
192354271.58553052 0.7285831169303696
192826582.56855258 0.7280573835777584
193231420.55400008 0.7276070569400663
193625013.03985178 0.7271695064200878
194176042.52004418 0.7265573777040173
194727072.00023657 0.7259457642757327
195120664.4860883 0.7255092127832679
195514256.97194 0.7250729238134528
196188986.9476858 0.7243256101774906
196863716.9234316 0.7235790667780827
197538446.8991774 0.7228332928213665
198213176.8749232 0.7220882875142978
198899152.35026476 0.7213316526081055
199573882.32601056 0.7205881950022001
199967474.81186226 0.720154865313591
200361067.29771397 0.7197217962101821
201035797.27345976 0.7189799978410217
201721772.74880132 0.718226619933324
202396502.72454712 0.7174863626031176
203071232.70029292 0.7167468682367162
203745962.6760387 0.716008136047753
204420692.6517845 0.7152701652506722
205095422.6275303 0.7145329550607269
205770152.6032761 0.7137965046939792
206444882.5790219 0.7130608133672993
207119612.5547677 0.7123258802983647
207805588.03010926 0.7115794748588398
208480318.00585505 0.710846068566634
209155047.98160085 0.7101134181770484
209829777.95734665 0.7093815229109939
210504507.93309242 0.7086503819901845
211179237.9088382 0.7079199946371362
211853967.884584 0.7071903600751668
212528697.8603298 0.7064614775283939
213889403.31141716 0.7049938487206013
214564133.28716296 0.7042672300604431
215238863.26290876 0.7035413603070708
215913593.23865455 0.7028162386886058
216588323.21440035 0.702091864433965
217263053.19014615 0.7013682367728602
217937783.16589195 0.7006453549357969
218612513.14163774 0.6999232181540742
219298488.6169793 0.699189808752943
219973218.5927251 0.6984691721644759
220647948.5684709 0.6977492783172303
221322678.5442167 0.6970301264456825
221997408.5199625 0.6963117157850973
222672138.4957083 0.6955940455715284
223346868.47145408 0.694877115041816
224696328.42294565 0.6934454699852566
225382303.8982872 0.692718848244946
226057033.874033 0.6920048811056703
226731763.8497788 0.6912916498335899
227125356.33563054 0.6908759377841308
227518948.82148224 0.6904604757254076
228193678.79722804 0.6897488362314258
228879654.2725696 0.6890260879816313
229554384.2483154 0.6883159268734576
230229114.2240612 0.6876064977097026
231578574.1755528 0.6861898321986433
232253304.15129858 0.6854825943448788
232928034.12704438 0.6847760854226117
233602764.10279018 0.6840703046805514
234277494.07853594 0.6833652513681815
234963469.5538775 0.6826491921108797
235638199.5296233 0.681945603501944
236312929.5053691 0.6812427400633247
236987659.4811149 0.6805406010476078
237662389.4568607 0.6798391857081495
238247155.4358404 0.6792318772111027
238831921.41482008 0.678625111230019
239236759.40026754 0.6782053600242945
239630351.88611928 0.6777975174874468
240305081.86186507 0.6770989293722329
240979811.83761087 0.6764010612734577
241654541.81335667 0.6757039124490192
242329271.78910246 0.6750074821575801
243004001.76484823 0.6743117696585677
243689977.2401898 0.6736051970255506
244364707.2159356 0.6729109298250262
245039437.19168139 0.6722173781874873
245714167.16742718 0.6715245413754216
246388897.14317298 0.6708324186520775
247063627.11891878 0.6701410092814624
247738357.09466457 0.6694503125283422
250560977.49320117 0.6665686074388371
251235707.46894696 0.6658815926665529
251910437.44469276 0.6651952859823667
252596412.92003432 0.6644982659897822
253271142.8957801 0.6638133850641019
253945872.87152588 0.6631292100272197
254620602.84727168 0.6624457401515946
255295332.82301748 0.6617629747104354
255970062.79876328 0.6610809129777001
256644792.77450907 0.6603995542280947
257319522.75025487 0.659718897737073
257994252.72600067 0.6590389427808355
258680228.20134223 0.6583483736672382
259354958.17708802 0.6576698312741956
260029688.15283382 0.6569919882369921
260704418.12857962 0.6563148438348196
261379148.1043254 0.6556383973476134
262053878.0800712 0.6549626480560513
262728608.055817 0.6542875952415514
263403338.0315628 0.6536132381862735
264078068.0073086 0.6529395761731167
264764043.48265016 0.6522553982360015
265438773.45839596 0.6515831357128503
266113503.43414176 0.6509115660730411
266788233.40988752 0.650240688602437
267462963.38563332 0.6495705025876373
268137693.36137912 0.6489010073159768
268812423.33712494 0.6482322020755245
269487153.31287074 0.6475640861550835
270161883.28861654 0.6468966588441896
270847858.7639581 0.6462188129335944
271522588.7397039 0.6455527721605088
272017390.72191745 0.645064778590527
272500947.20453525 0.644588232194661
273186922.6798768 0.6439128051519681
273861652.6556226 0.6432491411205912
274536382.6313684 0.6425861611103161
275211112.6071142 0.6419238644161405
275885842.58286 0.6412622503337881
276560572.5586058 0.6406013181597092
277235302.5343516 0.6399410671910785
277910032.5100974 0.6392814967257956
278596007.98543894 0.6386116303068703
279270737.96118474 0.6379534300572982
280620197.91267633 0.6366390640281319
281294927.88842213 0.6359828968508613
281969657.8641679 0.6353274059678818
282644387.8399137 0.6346725906821549
283319117.8156595 0.6340184502973598
284679823.2667469 0.6327013172732306
285354553.2424927 0.6320492086282101
286029283.2182385 0.631397772094458
287378743.16973007 0.6300969125905633
288053473.14547586 0.6294474882371073
288728203.12122166 0.6287987332282906
289402933.09696746 0.6281506468742376
290077663.07271326 0.6275032284857833
290763638.5480548 0.6268457038386872
291438368.5238006 0.6261996304207766
292113098.4995464 0.6255542228937845
292787828.4752922 0.6249094805713942
293462558.451038 0.624265402767997
294137288.4267838 0.6236219887986905
294812018.4025296 0.6229792379792783
295486748.3782754 0.6223371496262694
296172723.85361695 0.621685038216946
296847453.82936275 0.621044283761671
297522183.80510855 0.6204041897151991
298196913.78085434 0.6197647553968643
298871643.75660014 0.619125980126702
299546373.7323459 0.6184878632254485
300221103.7080917 0.6178504040145403
300895833.6838375 0.6172136018161133
301570563.6595833 0.616577455953002
302211557.1365418 0.6159737246974891
302852550.6135003 0.615370584594678
303527280.5892461 0.6147363382810542
304202010.5649919 0.6141027456684627
304876740.5407377 0.6134698060831507
305551470.5164835 0.6128375188520607
306226200.4922293 0.6122058833028277
306912175.96757084 0.6115643878664772
307586905.94331664 0.6109340644999429
308261635.91906244 0.6103043907911622
308936365.89480823 0.6096753660705498
309611095.87055403 0.609046989669211
310285825.8462998 0.6084192609189396
310960555.8220456 0.6077921791522191
311635285.7977914 0.6071657437022203
312310015.7735372 0.6065399539028015
312984745.749283 0.6059148090885076
313670721.2246246 0.605279905708046
314345451.2003704 0.6046560595923616
315020181.17611617 0.6040328564584982
315694911.15186197 0.6034102956437517
316369641.12760776 0.6027883764861002
317044371.10335356 0.6021670983242047
317719101.07909936 0.6015464604974077
318393831.05484515 0.6009264623457328
319079806.5301867 0.6002967859677514
319754536.5059325 0.5996780758228215
320429266.4816783 0.5990600033662024
321103996.45742404 0.5984425679406455
321778726.43316984 0.5978257688895797
322453456.40891564 0.5972096055571104
326513081.7629862 0.5935157383108911
331247437.0928025 0.5892367809387388
331922167.0685483 0.5886294700507673
332596897.0442941 0.5880227851021913
333271627.0200399 0.5874167254478719
333946356.9957857 0.5868112904433349
334621086.9715315 0.5862064794447697
335295816.9472773 0.5856022918090299
335970546.9230231 0.5849987268936316
336656522.39836466 0.5843857402762075
337331252.37411046 0.5837834292285509
338005982.34985626 0.5831817389670857
338680712.32560205 0.5825806688519841
339355442.30134785 0.5819802182440776
340030172.27709365 0.5813803865048561
340704902.25283945 0.5807811729964681
341379632.22858524 0.5801825770817194
342054362.20433104 0.5795845981240721
342740337.6796726 0.5789772846616964
343415067.6554184 0.5783805479673185
344089797.6311642 0.5777844263137926
344764527.60691 0.5771889190672121
345439257.5826558 0.576594025594324
346113987.5584016 0.5759997452625278
346788717.5341474 0.5754060774398753
347463447.5098932 0.5748130214950689
348138177.485639 0.5742205767974626
348824152.96098053 0.5736188839854193
349498882.9367263 0.5730276700540089
350173612.91247207 0.5724370654712836
350848342.88821787 0.5718470696092037
351523072.86396366 0.5712576818403767
352197802.83970946 0.5706689015380569
352872532.81545526 0.5700807280761446
353547262.79120106 0.5694931608291853
354221992.76694685 0.5689061991723692
354907968.2422884 0.5683100749918705
355582698.2180342 0.5677243327105814
356257428.19378 0.5671391941384913
356932158.1695258 0.5665546586533728
357606888.1452716 0.5659707256336401
358281618.1210174 0.5653873944583478
358956348.0967632 0.5648046645071909
359631078.072509 0.564222535160503
360047161.5575522 0.5638638545121905
360451999.5429997 0.563515086792165
361137975.0183413 0.5629246116491602
361812704.99408704 0.5623444200236188
362487434.96983284 0.561764826386361
363162164.94557863 0.5611858301210563
363836894.92132443 0.5606074306120086
364511624.8970702 0.5600296272441572
365186354.872816 0.5594524194030748
365861084.8485618 0.5588758064749679
366535814.8243076 0.5582997878466751
367221790.2996492 0.5577147775163485
367896520.275395 0.5571399555301366
368571250.2511408 0.5565657259978622
369245980.2268866 0.5559920883088985
369920710.20263237 0.5554190418532479
370595440.17837816 0.5548465860215417
371270170.15412396 0.5542747202050395
371944900.12986976 0.5537034437956283
372630875.6052113 0.5531232497106418
373305605.5809571 0.5525531600916533
373980335.5567029 0.5519836580490753
374655065.5324487 0.5514147429773085
375329795.5081945 0.5508464142713773
376004525.4839403 0.5502786713269296
376679255.4596861 0.5497115135402368
377353985.4354319 0.5491449403081919
378028715.4111777 0.5485789510283099
378714690.88651925 0.5480041266054152
379389420.86226505 0.5474393131322806
380064150.83801085 0.5468750817975714
380738880.81375664 0.5463114320012931
381413610.78950244 0.545748363144069
382088340.76524824 0.5451858746271405
382763070.74099404 0.5446239658523664
383437800.71673983 0.5440626362222212
384112530.69248563 0.5435018851397961
384798506.1678272 0.5429323806830866
385473236.143573 0.5423727945253867
386147966.1193188 0.5418137851184552
386822696.0950646 0.5412553518678508
387497426.0708104 0.5406974941797439
388172156.0465562 0.5401402114609173
388846886.0223019 0.5395835031187656
389521615.9980477 0.5390273685612934
390196345.9737935 0.5384718071971162
390871075.9495393 0.5379168184354585
391557051.42488086 0.5373531662498563
392231781.40062666 0.5367993304420686
392906511.37637246 0.536246065458315
393581241.35211825 0.535693370710262
394255971.32786405 0.5351412456101824
394930701.30360985 0.5345896895709553
395605431.27935565 0.5340387020060644
396280161.25510144 0.5334882823295982
396966136.730443 0.5329292705530138
397640866.7061888 0.5323799943384337
398315596.6819346 0.5318312842484345
398990326.6576804 0.5312831396995263
399440146.6415109 0.5309180239018785
399901212.12493724 0.5305440406156716
400575942.10068303 0.5299972227949974
401250672.07642883 0.5294509685651017
401936647.5517704 0.5288961872580793
402611377.5275162 0.5283510678366194
403286107.503262 0.5278065102554428
403960837.4790078 0.5272625139354752
404635567.4547536 0.5267190782982396
405310297.4304994 0.5261762027658552
405985027.4062452 0.5256338867610364
406659757.38199097 0.5250921297070928
407334487.35773677 0.5245509310279286
409369922.78456986 0.5229216920830912
410044652.76031566 0.5223827304170316
410719382.73606145 0.5218443242446185
411394112.71180725 0.5213064729933188
412068842.68755305 0.5207691760911901
412743572.66329885 0.5202324329668793
413429548.1386404 0.5196873112346461
414104278.1143862 0.5191516831600538
414779008.090132 0.5186166071432625
415453738.0658778 0.518082082615281
416128468.0416236 0.5175481090077039
416803198.0173694 0.517014685752712
417477927.9931152 0.5164818122830717
418152657.968861 0.5159494880321334
418827387.9446068 0.5154177124338318
419479626.92116106 0.5149041836820649
419929446.90499157 0.5145503240586566
420390512.3884179 0.5141878703229632
421065242.3641637 0.5136579103778081
421739972.3399095 0.5131284966484616
422425947.81525105 0.5125908187237003
423100677.79099685 0.5120625048177201
423775407.76674265 0.5115347354310196
424450137.74248844 0.5110075100023765
425124867.71823424 0.5104808279711481
425799597.69398 0.5099546887772685
426474327.6697258 0.5094290918612496
427081584.647897 0.5089565178224513
427407704.13617414 0.5087029090184381
427598877.62930214 0.5085543005453603
428059943.1127284 0.5081960704609215
429409403.06422 0.5071490416031749
430084133.0399658 0.5066263363940754
430758863.0157116 0.5061041699235187
433986321.39969563 0.5036139080170341
434672296.8750372 0.5030861998840572
435347026.850783 0.502567682139305
436021756.8265288 0.5020496988171856
436696486.8022746 0.5015322493668841
437371216.7780204 0.5010153332381528
438045946.7537662 0.5004989498813108
438720676.729512 0.49998309874724434
439395406.7052578 0.49946777928740527
440070136.6810036 0.4989529909538111
440756112.1563451 0.49843016672853085
441430842.1320909 0.49791644783497313
442105572.1078367 0.4974032584179985
442780302.0835825 0.4968905979318894
443455032.0593283 0.4963784658314906
444129762.0350741 0.49586686157220883
444804492.0108199 0.4953557846100122
445479221.9865657 0.49484523440142925
446153951.9623115 0.494335210403549
446839927.43765306 0.493817224885687
447514657.41339886 0.4933082604302387
448189387.38914466 0.49279982055109894
448864117.36489046 0.4922919047076006
449268955.3503379 0.49198740651390066
449685038.83538115 0.49167464629796975
450359768.81112695 0.4911678901420485
451034498.78687274 0.49066165628639935
451709228.76261854 0.4901559441927012
452383958.73836434 0.48965075332318764
453069934.2137059 0.4891376763792561
453744664.1894517 0.4886335350116575
454419394.1651975 0.4881299132493373
455094124.1409433 0.48762681055675205
455768854.1166891 0.4871242263989102
456443584.0924349 0.4866221602413715
457118314.0681807 0.48612061155024666
457793044.0439265 0.4856195797921966
458467774.0196723 0.4851190644344321
459153749.49501383 0.484610735987404
459828479.47075963 0.4841112604184761
460503209.4465054 0.48361229964591035
461177939.4222512 0.4831138531391196
461852669.397997 0.48261592036806367
462527399.3737428 0.48211850080324875
463202129.3494886 0.48162159391572645
463876859.3252344 0.4811251991770938
464562834.800576 0.48062105567242885
465237564.77632177 0.4801256921623085
465912294.75206757 0.4796308392103592
466587024.72781336 0.4791364962903621
467261754.70355916 0.4786426628766406
467936484.67930496 0.47814933844405993
469285944.63079655 0.47716421442448786
469960674.60654235 0.47667241378993086
470646650.0818839 0.47617293610371497
471849918.53863055 0.47529806697947197
472254756.524078 0.47500408001466454
472940731.99941957 0.4745063504797362
473615461.97516537 0.4740172892358022
474290191.95091116 0.473528732054459
474964921.92665696 0.47304067841618225
475639651.90240276 0.4725531278019835
476314381.87814856 0.4720660796934091
476989111.85389435 0.4715795335725395
477663841.82964015 0.4710934889219893
478349817.3049817 0.47059985707120255
479024547.2807275 0.4701148221475146
479699277.2564733 0.4696302871365947
480374007.2322191 0.469146251523196
481048737.2079649 0.46866271479260235
481723467.1837107 0.4681796764306285
482398197.1594565 0.467697135923619
483072927.1352023 0.46721509275844764
484219968.0939701 0.4663967593265306
484894698.0697159 0.4659160564253948
485569428.0454617 0.4654358489721251
486244158.0212075 0.46495613645607636
486918887.9969533 0.4644769183671298
487604863.47229487 0.46399021964118065
488279593.44804066 0.46351199709734864
488954323.42378646 0.46303426744494347
489629053.39953226 0.46255703017595506
490303783.37527806 0.46208028478289653
490978513.35102385 0.4616040307588044
491653243.32676965 0.4611282675972375
492327973.30251545 0.46065299479227684
493002703.27826124 0.4601782118385246
493688678.7536028 0.4596960174806247
494363408.7293486 0.4592222208582756
495038138.7050944 0.4587489125656722
495712868.6808402 0.458276092099506
496387598.656586 0.45780375895698694
497062328.6323318 0.45733191263584344
497737058.6080776 0.45686055263432146
498411788.5838234 0.4563896784511841
499097764.05916494 0.45591145388015614
499772494.03491074 0.4554415579081994
500447224.01065654 0.4549721462456905
501121953.98640233 0.4545032183934643
501796683.96214813 0.4540347738528703
502471413.9378939 0.45356681212577177
503146143.9136397 0.45309933271454567
503820873.8893855 0.4526323351220816
504495603.86513126 0.45216581885178164
505181579.3404729 0.4516920202209982
505856309.3162186 0.451226473108592
506531039.2919644 0.4507614058233781
507205769.2677102 0.45029681787081133
507880499.243456 0.44983270875685605
508555229.2192018 0.44936907798798575
509229959.1949476 0.448905925071183
509904689.1706934 0.4484432495139379
510579419.1464392 0.44798105082424855
511265394.62178075 0.4475116371718932
511940124.59752655 0.4470503986705985
512434926.57974017 0.4467124592651517
512929728.5619537 0.4463747753186915
513615704.0372953 0.44590704479032184
514290434.0130411 0.4454474601002888
514965163.9887869 0.4449883490921357
515639893.9645327 0.4445297112776513
516314623.9402785 0.4440715461691271
516989353.91602427 0.44361385327935754
517664083.89177006 0.4431566321216393
518338813.86751586 0.44269988220977036
519024789.3428574 0.4422360023911418
519699519.3186032 0.44178020134817786
520374249.294349 0.4413248700873883
521048979.2700948 0.44087000812458077
521723709.2458406 0.4404156149760624
522398439.2215864 0.4399616901586385
523073169.1973322 0.4395082331896124
523747899.173078 0.43905524358678516
524321419.6524619 0.4386705695312407
524906185.6314416 0.43827869985105694
525299778.1172933 0.43801513853566637
525693370.603145 0.4377517357143276
526109454.0881883 0.4374734535356105
526503046.57404 0.43721037645953653
526862902.5611044 0.4369699872931436
527267740.5465519 0.43669970746412484
527942470.5222977 0.43624961253506445
528617200.4980435 0.4357999815070366
529966660.4495351 0.4349021092420484
530641390.42528087 0.43445386705030486
531316120.40102667 0.43400608685002606
531990850.37677246 0.43355876816504935
532676825.852114 0.43310446679560416
533351555.8278598 0.4326580773867582
534026285.8036056 0.4322121480597623
534701015.7793514 0.43176667834042215
535375745.7550972 0.4313216677550322
536050475.730843 0.430877115830375
536725205.7065888 0.43043302209372125
537399935.6823345 0.42998938607282833
538074665.6580803 0.4295462072959406
538760641.1334219 0.42909611045891805
539435371.1091677 0.4286538523577652
540110101.0849135 0.42821205008043195
540784831.0606593 0.42777070315711274
541459561.0364051 0.42732981111848595
542134291.0121509 0.426889373495714
542809020.9878967 0.4264493898204422
543483750.9636425 0.42600985962479904
544158480.9393883 0.4255707824413948
544844456.4147298 0.42512485122409466
545519186.3904756 0.42468668619562555
546193916.3662214 0.4242489727723534
546868646.3419672 0.4238117104888206
547543376.317713 0.42337489888004926
548218106.2934588 0.42293853748154076
548892836.2692046 0.4225026258292751
549567566.2449504 0.42206716345971074
550242296.2206962 0.4216321499097837
550928271.6960378 0.42119034575964087
551603001.6717836 0.42075623592270883
552277731.6475294 0.42032257351139424
552952461.6232752 0.4198893580645472
553627191.599021 0.4194565891214933
554301921.5747668 0.41902426622203265
554976651.5505126 0.41859238890643996
555651381.5262583 0.4181609567154636
556326111.5020041 0.41772996919032523
557012086.9773457 0.4172922539115762
557686816.9530915 0.4168621617356222
558361546.9288373 0.416432512844388
559036276.9045831 0.41600330678099157
559711006.8803289 0.41557454308902186
560385736.8560747 0.4151462213125383
561060466.8318205 0.4147183409960702
561735196.8075663 0.41429090168461635
562409926.7833121 0.41386390292364433
563095902.2586536 0.4134302386740252
563770632.2343994 0.41300412697583355
564445362.2101452 0.4125784544597877
565120092.185891 0.412153220673234
565794822.1616368 0.41172842516398567
566402079.139808 0.4113464835594012
566750689.6272767 0.411127380890849
566953108.6200005 0.4110002135458525
567414174.1034267 0.41071070141107213
568088904.0791725 0.4102873926685741
568763634.0549183 0.40986452021928904
569449609.5302598 0.4094350466934493
570124339.5060056 0.4090130527347944
570799069.4817514 0.4085914937142392
571473799.4574972 0.40817036918350424
572148529.433243 0.4077496786947725
572823259.4089888 0.4073294218006882
573497989.3847346 0.40690959805435667
574172719.3604804 0.4064902070093438
574847449.3362262 0.40607124821967594
575533424.8115678 0.40564574944602816
576208154.7873136 0.40522766101661134
576882884.7630594 0.40481000349996776
577557614.7388052 0.4043927764519668
578232344.714551 0.40397597942893576
578907074.6902968 0.4035596119876592
579581804.6660426 0.4031436736853785
580256534.6417884 0.4027281640797914
580942510.1171299 0.40230616833229477
581617240.0928757 0.4018915219214981
582291970.0686215 0.4014773028758763
582685562.5544733 0.4012358722836952
583090400.5399207 0.4009876951408467
583765130.5156665 0.40057440764577046
584439860.4914123 0.40016154611527033
585114590.4671581 0.3997491101103158
585789320.4429039 0.39933709919232885
586464050.4186497 0.39892551292318346
587150025.8939912 0.39850750175575955
587824755.869737 0.3980967705309227
588499485.8454828 0.39768646263598123
589174215.8212286 0.3972765776346202
589848945.7969744 0.3968671150909744
590523675.7727202 0.3964580745696275
591198405.748466 0.39604945563561234
591873135.7242118 0.39564125785441007
592547865.6999576 0.39523348079194925
593233841.1752992 0.39481933829326515
593908571.151045 0.3944124083617281
594583301.1267908 0.3940058978421932
595258031.1025366 0.39359980630238367
595899024.5794951 0.3932144070262125
596551263.5560493 0.3928226337154681
597225993.5317951 0.39241776173494386
597900723.507541 0.39201330704534576
599261428.9586283 0.3911989243213676
599936158.9343741 0.39079572585550826
600610888.9101199 0.3903929429557273
601285618.8858657 0.3899905751937117
601960348.8616115 0.38958862214159007
602635078.8373573 0.38918708337193153
603309808.8131031 0.388785958457746
604659268.7645947 0.3879849484900343
605097843.2488294 0.3877249757475473
605525172.2334684 0.38747183652818695
605986237.7168947 0.38719889798737034
606447303.200321 0.3869261517068423
607122033.1760668 0.38652735707559505
607796763.1518126 0.3861289734715095
608471493.1275584 0.38573100047095066
609146223.1033041 0.38533343765072037
609820953.07905 0.3849362845880564
610495683.0547957 0.38453954086063247
611181658.5301373 0.38413660392832677
611856388.5058831 0.3837406844107744
612531118.4816289 0.3833451729570795
613205848.4573747 0.3829500691466613
613599440.9432265 0.38271978000875106
613959296.9302908 0.3825093511309571
614611535.9068451 0.3821282436430179
615286265.8825909 0.3817343940897103
615960995.8583367 0.38134095046680233
616635725.8340825 0.3809479123559122
617310455.8098283 0.38055527933908917
617951449.2867868 0.3801826528111999
618592442.7637453 0.3798103911462801
619267172.7394911 0.3794189305427183
619941902.7152369 0.37902787340732824
620627878.1905785 0.3786307118352639
621302608.1663243 0.378240467096212
621977338.14207 0.3778506245721722
622652068.1178159 0.3774611838485922
623326798.0935616 0.3770721445113466
624001528.0693074 0.3766835061467371
624676258.0450532 0.37629526834149185
625350988.020799 0.37590743068276466
626036963.4961406 0.3755135388436804
626711693.4718864 0.3751265068930333
627386423.4476322 0.37473987384606156
628061153.423378 0.37435363929162585
628735883.3991238 0.37396780281901015
629410613.3748696 0.3735823640179221
630085343.3506154 0.373197322478492
630523917.8348501 0.37294725831545905
630951246.8194891 0.3727037672232216
631412312.3029155 0.3724412314392168
631884623.2859374 0.37217248409563425
632289461.271385 0.37194228358234527
632705544.7564282 0.37170583698353665
633380274.732174 0.3713227295312791
634055004.7079198 0.3709400169378194
634729734.6836656 0.3705576987961871
635404464.6594114 0.370175774699831
636079194.6351572 0.36979424424261886
636753924.610903 0.36941310701883723
637439900.0862446 0.3690260202090842
638114630.0619904 0.368645674773655
638789360.0377362 0.36826572135028557
639464090.0134819 0.3678861595349393
640138819.9892277 0.3675069889239959
640813549.9649734 0.3671282091142515
641488279.9407192 0.36674981970291737
642163009.916465 0.3663718202876203
642837739.8922108 0.3659942104664014
643523715.3675524 0.36561070612227886
644198445.3432982 0.36523388076145785
644873175.319044 0.364857443784648
645547905.2947898 0.36448139479155206
646222635.2705356 0.3641057333822854
646897365.2462814 0.36373045915737556
647572095.2220272 0.3633555717177618
648246825.197773 0.3629810706647947
648921555.1735188 0.3626069556002355
