1.0 0.9713107530527889
3047531.390451843 0.9667463350733254
6960965.249777457 0.9609164587881254
7511994.729969856 0.9600984139004859
8580317.191567365 0.9585143919360328
8827718.182674158 0.9581479386361313
14191821.489853231 0.9502369236323716
15417580.945791427 0.9484383533335417
15968610.425983826 0.9476309312740171
16373448.411431303 0.9470381612806918
16778286.396878783 0.9464457620817902
17453016.372624576 0.9454592534413275
19488451.799457725 0.9424895110747098
21512641.726695113 0.9395454271484998
22187371.70244091 0.9385661109329035
23536831.6539325 0.9366105397492143
24222807.12927406 0.935618020326816
25572267.08076565 0.9336685917056687
26921727.03225724 0.9317232248617282
27405283.51487506 0.931027121963167
27877594.49789712 0.930347709573548
28552324.47364291 0.9293779804132525
29766838.429985344 0.927635014376293
30295376.91098622 0.9268775225320369
30970106.886732012 0.9259114104511745
31656082.36207357 0.924930228818797
32330812.337819368 0.9239661464602393
32893087.31760753 0.9231635121649129
33219206.805884663 0.9226983037857024
33455362.29739569 0.922361575104885
33927673.28041775 0.9216884863547814
35277133.23190934 0.9197680809371369
35951863.20765514 0.9188093792392495
36637838.6829967 0.9178357235780386
37312568.65874249 0.916879036033849
37987298.634488285 0.9159233456736146
38662028.61023408 0.9149686514579409
39336758.58597988 0.914014952348517
40011488.561725676 0.9130622473081138
41360948.51321726 0.9111598152908582
42046923.98855882 0.910194265817299
42721653.96430462 0.9092455431923986
43396383.940050416 0.9082978094493807
44745843.891542 0.9064053044871025
49064115.736315094 0.9003757462650714
49738845.71206089 0.8994372577758848
51088305.663552485 0.8975632144215024
51763035.639298275 0.8966276575181251
52449011.11463983 0.8956775076671697
53798471.06613143 0.8938112980273067
54473201.041877225 0.8928796518582678
55822660.99336881 0.8910192717557515
59882286.34743935 0.8854459663197497
60332106.33126988 0.8848305748924081
60781926.31510041 0.8842156111666126
61456656.290846206 0.8832939668681284
62131386.266592 0.8823732832269795
62806116.2423378 0.881453559241844
63480846.21808359 0.8805347939124444
64155576.19382939 0.8796169862395445
64841551.669170946 0.8786848624740491
65516281.64491674 0.8777689830398518
66191011.62066254 0.8768540582541
66865741.59640833 0.875940087121735
67540471.57215413 0.8750270686487357
68215201.54789992 0.8741150018421164
68788722.02728385 0.873340492563228
69350997.00707202 0.8725818359463013
70025726.98281781 0.871672317878644
70700456.95856361 0.8707637478287898
71386432.43390517 0.8698410057760777
72061162.40965095 0.8689343445574373
72735892.38539675 0.8680286283788212
73410622.36114255 0.8671238562551862
74085352.33688834 0.8662200272025158
74760082.31263414 0.8653171402378186
75434812.28837994 0.8644151943791285
76109542.26412573 0.8635141886455028
76784272.23987153 0.8626141220570207
77279074.2220851 0.8619546695374986
77762630.70470293 0.8613106916609332
78437360.68044873 0.8604129218430656
79123336.15579028 0.8595011484858708
79798066.13153608 0.8586052648088145
80472796.10728188 0.8577103149380296
82407022.03775315 0.8551499585902675
83081752.01349895 0.8542586102881902
87141377.36756949 0.8489152419600428
87816107.34331529 0.848030392289026
88490837.31906109 0.8471464649232072
89165567.29480687 0.8462634589012402
89840297.27055266 0.8453813732627808
90515027.24629846 0.8445002070484858
91201002.72164002 0.843605296280197
91875732.69738582 0.842725981323903
92550462.67313161 0.8418475829038086
93236438.14847317 0.840955483102162
93911168.12421897 0.8400789301251597
94585898.09996477 0.839203290805464
95260628.07571056 0.8383285641907423
95935358.05145636 0.8374547493296551
96610088.02720214 0.8365818452718548
97138626.50820303 0.835898705982129
97678410.48879966 0.8352016075808162
98353140.46454546 0.8343310520398484
99027870.44029126 0.8334614039048803
99702600.41603705 0.8325926622300961
100377330.39178284 0.8317248260706649
101052060.36752863 0.8308578944827414
101726790.34327443 0.8299918665234634
102412765.81861599 0.829112330138813
103087495.79436179 0.8282481216333029
103762225.77010758 0.8273848139180884
104436955.74585338 0.8265224060542489
105111685.72159918 0.8256608971038426
105786415.69734497 0.8248002861299051
106461145.67309077 0.823940572196449
107135875.64883657 0.8230817543684619
107810605.62458235 0.8222238317119066
108496581.09992391 0.8213525270576258
109171311.0756697 0.8204964068262615
109846041.0514155 0.8196411789545436
110520771.0271613 0.8187868425123388
111870230.9786529 0.8170808402007834
112544960.95439869 0.81622917247601
113219690.93014449 0.8153783924699027
113894420.90589029 0.8145284992571655
114580396.38123184 0.8136653492910919
115255126.35697763 0.8128172416343424
115929856.33272342 0.8119700179854936
116604586.30846922 0.8111236774231181
117178106.78785315 0.8104049815842799
117740381.7676413 0.8097009960174772
118426357.24298288 0.8088429617217101
119101087.21872866 0.8079998805833261
119775817.19447446 0.8071576782135528
120450547.17022026 0.8063163536964235
121035313.14919995 0.805587915159556
121631324.6277754 0.804846145372726
122024917.11362712 0.8043566718897531
122418509.59947883 0.8038674960839101
123093239.57522462 0.8030296010217266
123767969.55097042 0.8021925793225522
124442699.52671622 0.8013564300760545
125117429.50246201 0.8005211523728502
125803404.97780357 0.7996728458910733
126478134.95354937 0.7988393230378686
127152864.92929517 0.7980066689903893
127827594.90504095 0.7971748828430532
128502324.88078675 0.7963439636912217
128895917.36663847 0.7958596608765865
129289509.85249019 0.7953756525944986
129694347.83793765 0.7948781225912884
130087940.32378937 0.7943947112393915
130762670.29953517 0.7935666899433265
131437400.27528097 0.7927395317185494
132112130.25102676 0.7919132356654557
132786860.22677255 0.7910878008853779
133461590.20251834 0.7902632264805854
134136320.17826414 0.7894395115542838
134811050.15400994 0.7886166552106124
135497025.6293515 0.7877809638384741
136171755.6050973 0.7869598362485444
136846485.5808431 0.7861395645443874
137521215.5565889 0.7853201478338876
138195945.5323347 0.7845015852258601
138589538.0181864 0.7840244844463808
138994376.00363386 0.7835340549204192
139669105.97937965 0.7827173540102959
140310099.45633817 0.7819422766498039
140962338.43289244 0.7811543892640564
141637068.40863824 0.7803401687504075
142311798.38438404 0.7795267969230797
145696693.76270878 0.7754591586058655
146371423.73845458 0.7746508744009611
147046153.71420038 0.7738434326947863
147720883.68994614 0.7730368326091797
148395613.66569194 0.7722310732668944
149070343.64143774 0.7714261537915992
149745073.61718354 0.7706220733078757
150149911.60263103 0.7701400273697634
150554749.5880785 0.7696582829650414
151229479.5638243 0.7688560451857973
151904209.5395701 0.7680546436029132
152578939.5153159 0.7672540773447962
153264914.99065745 0.7664410237420878
153939644.96640325 0.7656421394080695
154614374.94214904 0.7648440877750148
155289104.91789484 0.7640468679749748
155963834.89364064 0.7632504791409053
156638564.86938643 0.7624549204066655
157313294.84513223 0.7616601909070176
157988024.82087803 0.7608662897776259
158662754.7966238 0.760073216155055
159348730.27196535 0.759267772059071
160023460.24771115 0.7584763646191854
160698190.22345695 0.7576857820868739
161372920.19920275 0.7568960236023107
162047650.17494854 0.7561070883065663
162722380.15069434 0.7553189753416063
163397110.12644014 0.7545316838502909
168727476.93483192 0.7483408608188233
169402206.9105777 0.7475608428243596
170076936.8863235 0.7467816378659117
170751666.8620693 0.7460032450960273
171426396.8378151 0.7452256636681385
172101126.8135609 0.7444488927365591
172775856.7893067 0.7436729314564847
173450586.7650525 0.7428977789839913
174136562.24039406 0.7421105355746931
174811292.21613985 0.7413370116340174
175486022.19188565 0.7405642939604113
176160752.16763145 0.7397923817134785
176835482.14337724 0.7390212740536988
177510212.11912304 0.7382509701424271
178184942.09486884 0.7374814691418923
178859672.07061464 0.7367127702151965
179534402.0463604 0.7359448725263142
180220377.52170196 0.735164997061758
180895107.49744776 0.7343987126629876
181569837.47319356 0.7336332269852963
182244567.44893935 0.7328685391961535
182919297.42468515 0.732104648463896
183594027.40043095 0.7313415539577276
184201284.37860218 0.7306554489895271
184808541.35677338 0.7299699876877843
185202133.8426251 0.729526050726176
185606971.82807258 0.7290697115144142
186281701.80381837 0.728309780413529
186956431.77956417 0.7275506414114911
187631161.75530997 0.7267922936826721
188305891.73105577 0.7260347364023046
188980621.70680156 0.7252779687464805
189655351.68254736 0.7245219898921507
190330081.65829316 0.7237667990171235
191004811.63403895 0.723012395300065
191679541.60978472 0.722258777920497
192365517.08512628 0.7214934055115187
193040247.06087208 0.7207413714203028
193714977.03661788 0.7199901211966455
194389707.01236367 0.7192396540234984
195064436.98810947 0.7184899690846644
196413896.93960106 0.7169929426494015
197088626.91534686 0.7162455995248289
197763356.89109266 0.7154990353782805
198449332.36643422 0.7147408262196384
199124062.34218 0.7139958305431777
199798792.3179258 0.7132516113979261
200237366.80216056 0.712768284984935
200664695.78679958 0.7122976665898025
201350671.26214114 0.7115428498985371
202025401.23788694 0.7108011875681584
202700131.21363273 0.7100602982945426
203374861.18937853 0.7093201812719099
204049591.16512433 0.7085808356953198
204724321.14087012 0.7078422607606714
205399051.11661592 0.7071044556647011
206073781.09236172 0.7063674196049836
206748511.06810752 0.7056311517799292
207434486.54344907 0.7048833995462453
208109216.51919484 0.7041486785595512
208783946.49494064 0.7034147233944505
209458676.47068644 0.7026815332527045
210133406.44643223 0.7019491073369069
210808136.42217803 0.701217444850482
211482866.39792383 0.7004865449976844
212157596.37366962 0.6997564069835986
212843571.84901118 0.6990148801745333
213518301.82475698 0.698286276120577
214193031.80050278 0.6975584315123531
214654097.28392908 0.6970615074095887
214845270.77705705 0.6968555695423309
215238863.26290876 0.6964317713733099
215913593.23865455 0.6957058597706847
216588323.21440035 0.6949807048073691
217263053.19014615 0.6942563056946958
217949028.6654877 0.6935206073032306
218623758.6412335 0.6927977300937254
219298488.6169793 0.6920756063606915
219973218.5927251 0.6913542353187581
220647948.5684709 0.6906336161833726
221322678.5442167 0.6899137481708006
221997408.5199625 0.6891946304981242
222672138.4957083 0.6884762623832419
223346868.47145408 0.6877586430448672
224032843.94679564 0.6870298301795695
224707573.92254144 0.6863137185006127
225382303.8982872 0.6855983532462131
225775896.38413894 0.6851814012413948
226169488.86999065 0.6847647028092019
226855464.3453322 0.6840390626007421
227496457.82229072 0.6833617003467982
228137451.29924923 0.6826850088434709
228812181.27499503 0.6819734259013537
229486911.2507408 0.6812625846633562
230172886.72608235 0.6805406556241944
230847616.70182815 0.6798313078053815
231522346.67757395 0.6791226993609525
232197076.65331975 0.6784148295202356
232871806.62906554 0.6777076975133622
233546536.60481134 0.6770013025712658
234221266.58055714 0.676295643925682
234895996.55630293 0.675590720809147
235570726.53204873 0.6748865324549969
236256702.0073903 0.6741713600722965
236875204.48515728 0.6735271822499512
237493706.96292424 0.6728836199462878
237887299.44877598 0.6724744005060462
238280891.93462768 0.6720654299358102
238798184.9160328 0.6715283039890727
239315477.8974379 0.6709916073223873
239990207.8731837 0.6702922127613682
240664937.8489295 0.6695935472001557
241339667.8246753 0.6688956098788916
242014397.8004211 0.6681984000385097
242700373.27576265 0.6674903150214125
243375103.25150844 0.6667945699617659
244049833.22725424 0.6660995500979419
244724563.20300004 0.6654052546740472
245399293.1787458 0.6647116829349764
246074023.1544916 0.6640188341264113
246748753.1302374 0.6633267074948198
247423483.1059832 0.6626353022874554
247828321.0914307 0.662220805133817
248188177.07849512 0.6618525808914341
248840416.0550494 0.6611856962437052
249515146.0307952 0.660496522676212
250189876.00654095 0.659808067454879
250864605.98228675 0.6591203298309527
251539335.95803255 0.65843330905646
252214065.93377835 0.6577470043842071
252900041.4091199 0.6570499946355783
253383597.89173773 0.6565591037856352
253878399.87395132 0.6560571765111625
254564375.34929287 0.6553619574609225
255239105.32503867 0.6546788541500244
255913835.30078447 0.6539964628580768
256588565.27653027 0.6533147828429215
257263295.25227606 0.6526338133631737
257938025.22802186 0.6519535536782207
258612755.20376766 0.6512740030482225
259287485.17951345 0.6505951607341097
259962215.15525925 0.6499170259975839
260636945.13100505 0.6492395981011156
261322920.6063466 0.648551603589463
261997650.58209237 0.647875598913487
262672380.55783817 0.6472002988573431
263347110.53358397 0.6465257026865849
264021840.50932977 0.6458518096675316
264696570.48507556 0.6451786190672675
266046030.43656716 0.6438343421952608
266732005.91190872 0.6431520755942413
267406735.8876545 0.6424816990073066
268081465.8634003 0.6418120211738789
268756195.8391461 0.6411430413656265
269430925.8148919 0.6404747588549771
270105655.7906377 0.6398071729151162
270780385.76638347 0.6391402828199877
271455115.74212927 0.6384740878442918
272129845.71787506 0.6378085872634848
272815821.1932166 0.6371327061114331
273490551.1689624 0.6364686036928058
274165281.1447082 0.6358051934879325
274840011.120454 0.6351424747752985
275514741.0961998 0.6344804468341407
278213660.999183 0.6318392283952898
278899636.47452456 0.631169672929705
279574366.45027035 0.6305117859583783
280136641.43005854 0.6299640706714547
280698916.40984666 0.6294168311758521
281384891.8851882 0.6287498427071001
282059621.860934 0.6280944779969727
282734351.8366798 0.6274397963930256
283409081.8124256 0.6267857971832365
284083811.7881714 0.6261324796563259
284758541.7639172 0.6254798431017552
285433271.739663 0.6248278868097266
286108001.7154088 0.6241766100711823
286793977.19075036 0.6235151746268768
287468707.16649616 0.6228652661673852
288143437.14224195 0.6222160351268611
288818167.11798775 0.6215674807992103
289492897.09373355 0.6209196024790749
290167627.06947935 0.620272399461832
290842357.04522514 0.6196258710435933
291494596.0217794 0.6190015341554937
292158080.49792945 0.6183670782811825
292551672.98378116 0.6179910135024648
292945265.46963286 0.6176151774304859
293619995.44537866 0.6169714187140077
294294725.42112446 0.6163283310064365
294969455.39687026 0.6156859136083596
295655430.8722118 0.6150334756937543
296330160.8479576 0.6143924079619818
297004890.8237034 0.6137520084342225
297679620.7994492 0.6131122764139876
298354350.775195 0.6124732112055138
299029080.7509408 0.6118348121137634
299591355.730729 0.6113033212088674
300131139.7113256 0.610793524310175
300794624.1874756 0.6101674813714955
301390635.6660511 0.6096056509442145
301997892.6442223 0.6090337519956428
302672622.6199681 0.6083989379547903
303347352.5957139 0.6077647855995425
304022082.5714597 0.6071312942402047
304696812.5472055 0.6064984631878012
306957157.9659539 0.6043832813860345
307631887.9416997 0.6037533146693737
311174220.3143651 0.600456746399461
311848950.2901109 0.5998308724273044
312523680.2658567 0.5992056508222523
313209655.74119824 0.5985706769230594
313884385.71694404 0.5979467688573601
314559115.69268984 0.5973235111096421
315245091.1680314 0.5966905317003051
315931066.64337295 0.5960582230546752
316605796.61911875 0.5954369337945632
317280526.59486455 0.5948162921227735
317955256.57061034 0.5941962973643058
318629986.54635614 0.5935769488448628
319304716.52210194 0.5929582458908502
319979446.49784774 0.5923401878293761
320620439.97480625 0.591753629390442
321036523.4598495 0.5913731918521576
321508834.4428716 0.590941640220682
322183564.41861737 0.5903256841274322
322858294.39436316 0.5897103700635863
323533024.37010896 0.5890956973599375
324207754.34585476 0.5884816653479769
324882484.32160056 0.5878682733598926
325557214.29734635 0.5872555207285686
326231944.2730921 0.5866434067875843
326917919.74843365 0.5860217450076387
327592649.72417945 0.5854109170678791
328267379.69992524 0.5848007258122956
328942109.67567104 0.5841911705772536
329391929.6595016 0.5837851534378962
329841749.6433321 0.5833794184834227
330516479.6190779 0.5827713447193923
331191209.5948237 0.5821639047687788
331865939.5705695 0.5815570979709392
332540669.5463153 0.58095092366592
333215399.5220611 0.5803453811944548
333901374.99740267 0.5797303933867299
334576104.97314847 0.5791261231103704
335250834.94889426 0.578522482682939
335858091.9270655 0.5779797442764645
336465348.90523666 0.5774375150377176
337140078.88098246 0.576835634696834
337814808.85672826 0.5762343817137775
338489538.83247405 0.5756337554346345
339164268.80821985 0.5750337552061726
339838998.78396565 0.5744343803758406
340524974.2593072 0.573825656412979
341199704.235053 0.5732275408200442
341874434.2107988 0.5726300486608276
342549164.1865446 0.5720331792855055
347283519.51636094 0.5678626069313899
348632979.46785253 0.5666794236292557
349307709.44359833 0.5660887567678493
349982439.4193441 0.565498705576126
350657169.3950899 0.564909269412355
351331899.3708357 0.5643204476354742
352006629.3465815 0.5637322396050899
352692604.8219231 0.5631348566234852
353367334.7976689 0.5625478843699665
354042064.7734147 0.5619615239351309
354716794.74916047 0.5613757746812618
355391524.72490627 0.5607906359713066
356066254.70065206 0.5602061071688775
356740984.67639786 0.5596221876382494
357415714.65214366 0.5590388767443606
358090444.62788945 0.5584561738528105
358776420.103231 0.5578643818799665
359451150.0789768 0.5572829031994364
359979688.55997765 0.5568278349370565
360519472.5405743 0.55636346791416
361194202.5163201 0.5557835536810134
365253827.87039065 0.5523071400958677
365928557.84613645 0.551731453894164
366603287.8218822 0.5511563677473554
367278017.797628 0.5505818810299862
367952747.7733738 0.5500079931172535
368627477.7491196 0.5494347033850056
369302207.7248654 0.5488620112097407
369976937.7006112 0.5482899159686074
370550458.1799951 0.547804103888341
370854086.66908073 0.5475470835485297
370977787.1646341 0.5474424061337562
371112733.1597833 0.547328235413523
371236433.6553367 0.547223599837082
371483834.6464435 0.5470143886915527
371989882.1282528 0.5465867058944713
372675857.60359436 0.5460074919110715
373350587.57934016 0.545438372020524
374025317.55508596 0.5448698453406093
374700047.53083175 0.5443019112530065
375374777.50657755 0.5437345691400386
376049507.48232335 0.5431678183846731
376724237.45806915 0.5426016583705202
377162811.9423039 0.5422339708545976
377612631.92613447 0.5418571142761406
378006224.4119862 0.5415275796308889
378399816.8978379 0.5411982453947113
379074546.8735837 0.5406341383252176
379749276.8493295 0.540070619241344
380424006.82507527 0.5395076875302155
381098736.80082107 0.5389453425795959
381784712.2761626 0.5383742260936955
382459442.2519084 0.5378130625837305
383134172.2276542 0.5372524839912256
383808902.2034 0.536692489706504
384483632.1791458 0.5361330791205241
385158362.1548916 0.5355742516248794
385833092.1306374 0.5350160066117975
386507822.1063832 0.5344583434741392
387182552.082129 0.5339012616053987
387868527.55747056 0.5333354902956655
388543257.53321636 0.532779578810276
389217987.50896215 0.5322242467680047
389791507.98834604 0.5317526696680799
390376273.96732575 0.5312722761663341
391051003.94307154 0.5307185152305558
391624524.4224555 0.5302482722835111
392209290.40143514 0.5297692378773916
392884020.37718093 0.5292170436032418
393558750.35292673 0.5286654248976503
394233480.3286725 0.5281143811606848
394908210.3044183 0.5275639117930381
395582940.2801641 0.5270140161960281
396257670.2559099 0.5264646937715965
396943645.7312515 0.5259068029390712
397337238.2171032 0.525586968600505
397449693.21306086 0.5254956230923709
397843285.69891256 0.5251760388160469
398405560.6787007 0.5247198269716515
398956590.1588931 0.5242731238602945
399631320.1346389 0.5237266583496767
400317295.60998046 0.5231716689935069
400992025.58572626 0.5226263515621419
401666755.56147206 0.5220816025313966
402341485.53721786 0.5215374213088104
403016215.51296365 0.5209938073025397
403690945.48870945 0.5204507599213581
404365675.46445525 0.5199082785746556
405040405.44020104 0.5193663626724372
405726380.9155426 0.5188159938900954
406401110.8912884 0.5182752165087752
407075840.8670342 0.5177350027958453
407750570.84278 0.5171953521637773
408425300.8185258 0.5166562640256555
409100030.7942716 0.5161177377951752
409774760.7700174 0.5155797728866437
410449490.7457632 0.5150423687149783
411124220.721509 0.5145055246957062
411664004.7021056 0.5140764523976349
412203788.68270224 0.5136477379247533
412878518.65844804 0.5131123475707412
413553248.63419384 0.5125775152700602
414227978.60993963 0.5120432404410347
414902708.58568543 0.5115095225025954
418377567.96077627 0.5087696722933781
419052297.93652207 0.5082393664926357
419727027.91226786 0.5077096134454427
420401757.88801366 0.5071804125756479
421076487.86375946 0.5066517633077003
421751217.83950526 0.506123665066649
422425947.81525105 0.5055961172781418
423100677.79099685 0.5050691193684258
423505515.7764443 0.5047531843259587
423910353.7618918 0.5044374469098108
424303946.2477435 0.5041306693281582
424461383.2420842 0.504008010541225
424911203.2259147 0.5036577212849691
425585933.2016605 0.503132743823199
426260663.1774063 0.502608313561092
426935393.1531521 0.5020844299282855
427610123.1288979 0.5015610923550116
428284853.1046437 0.501038300272096
428970828.57998526 0.5005073536050682
429645558.55573106 0.4999856598654736
430320288.53147686 0.4994645099028206
430995018.50722265 0.4989439031503141
431669748.48296845 0.49842383904175
432344478.45871425 0.4979043170115145
433019208.43446004 0.497385336494583
433693938.41020584 0.4968668969265201
434368668.38595164 0.49634899774347857
435054643.8612932 0.4958230202964624
435729373.837039 0.4953062091771605
436404103.81278473 0.4947899367454994
437078833.7885305 0.49427420243998876
437753563.7642763 0.4937590056997238
438428293.7400221 0.49324434596438416
439103023.7157679 0.4927302226742336
439777753.6915137 0.4922166352701193
440463729.1668553 0.4916950368577618
441138459.1426011 0.49118252845869287
441813189.11834687 0.49067055426241113
442487919.09409267 0.49015911371210097
443162649.06983846 0.4896482062515275
443837379.04558426 0.4891378313250351
444309690.02860636 0.4887808854370023
444782001.0116284 0.4884242000284475
445456730.9873742 0.48791510092014084
446131460.96312 0.48740653246101595
446806190.9388658 0.4868984940979614
447480920.9146116 0.48639098527844205
448155650.8903574 0.48588400545049903
448830380.8661032 0.48537755406274863
449516356.34144473 0.48486320297533736
450191086.3171905 0.4843578156004468
450865816.2929363 0.4838529550058875
451540546.2686821 0.4833486206425806
452215276.2444279 0.4828448119620197
452890006.2201737 0.48234152841627
453564736.1959195 0.48183876945796755
454239466.1716653 0.48133653454031955
454914196.1474111 0.4808348231171027
455600171.62275267 0.4803252859288555
456274901.59849846 0.47982462856022134
456949631.57424426 0.47932449304169195
457624361.54999006 0.4788248788293274
458299091.5257358 0.4783257853797547
458973821.5014816 0.4778272121501672
459648551.4772274 0.47732915859832425
460323281.4529732 0.4768316241825501
460998011.428719 0.4763346083617338
461683986.90406054 0.4758298400185509
462358716.87980634 0.47533386838724156
463033446.85555214 0.4748384137219532
463708176.83129793 0.4743434754838367
464382906.80704373 0.4738490531346047
466429587.73347265 0.47235245563293776
467104317.70921844 0.4718601085830678
467779047.68496424 0.47136827472120957
468375059.1635397 0.47093424792155536
468982316.14171094 0.4704924429599133
469657046.11745673 0.4700020346567173
470331776.09320253 0.4695121375207195
471006506.0689483 0.46902275101911517
471681236.0446941 0.4685338746196547
472355966.0204399 0.46804550779064347
473041941.4957815 0.4675495233474509
473716671.4715273 0.4670621825371237
474391401.4472731 0.4665753496966554
475066131.4230188 0.46608902429657395
475740861.3987646 0.46560320580795894
476415591.3745104 0.46511789370244155
477090321.3502562 0.46463308745220355
477765051.326002 0.46414878652997704
478451026.80134356 0.4636569314141524
479125756.77708936 0.4631736479684728
479800486.75283515 0.46269086826354
480475216.72858095 0.46220859177429
481149946.70432675 0.461726817976206
481824676.68007255 0.4612455463453181
482499406.65581834 0.46076477635820234
483174136.63156414 0.4602845074919806
483691429.6129693 0.45991664040517316
483950076.1036718 0.459732817128536
484118758.59760827 0.45961297196795303
484546087.58224726 0.45930950403341464
485220817.55799305 0.4588307520409326
485895547.53373885 0.4583524990659286
486570277.50948465 0.4578747445882617
488594467.43672204 0.45644446694600516
489280442.9120636 0.4559607760419836
489955172.8878094 0.4554855145285448
490629902.8635552 0.4550107483943536
491304632.839301 0.45453647712306144
491979362.8150468 0.4540627001988579
492654092.7907926 0.4535894171064704
493328822.7665384 0.4531166273311631
494003552.7422842 0.45264433035873697
494678282.71803 0.452172525675529
495364258.19337153 0.45169336171680907
496038988.16911733 0.45122254825657404
496500053.6525436 0.45090110800180927
496972364.6355657 0.4505720651715408
497647094.61131144 0.4501024204721316
498321824.58705723 0.4496332652973972
499007800.0623988 0.4491567921745549
499682530.0381446 0.4486886226563933
500357260.0138904 0.4482209411252812
501031989.9896362 0.447753747072575
501706719.965382 0.4472870399901615
502381449.9411278 0.446820819370457
503056179.9168736 0.44635508470640695
503730909.8926194 0.44588983549148525
504405639.86836517 0.4454250712196939
505091615.3437067 0.4449530574897135
505766345.3194525 0.4444892696495677
506441075.2951983 0.4440259652293176
507115805.2709441 0.4435631437250803
507790535.2466899 0.4431008046334981
508262846.229712 0.44277745403563207
508723911.7131383 0.44246202986594196
509409887.18847984 0.4419931560494776
510084617.16422564 0.44153245340286607
510759347.13997144 0.4410722309603611
511434077.11571723 0.44061248822143156
512108807.091463 0.4401532246860681
512783537.0672088 0.43969443985478274
513458267.0429546 0.4392361332286078
514132997.0187004 0.4387783043090958
514807726.9944462 0.43832095259831894
515493702.4697878 0.43785646705151765
516168432.4455336 0.4374000761992032
516843162.4212794 0.43694416105668343
517517892.39702517 0.436488721128112
518192622.37277097 0.43603375591815907
518867352.34851676 0.43557926493201143
519542082.3242625 0.4351252476753714
520216812.3000083 0.4346717036544566
520891542.2757541 0.4342186323759993
521577517.75109565 0.4337584940283003
522252247.72684145 0.4333063746154679
522926977.70258725 0.4328547264601815
523601707.67833304 0.43240354907123535
524276437.65407884 0.4319528419579356
524951167.62982464 0.43150260463009993
525625897.60557044 0.431052836598057
526300627.58131623 0.4306035373726458
526975357.55706203 0.43015470646521514
527661333.0324036 0.42969887463044387
528336063.0081494 0.4292509866799661
529010792.9838952 0.428803565576455
529685522.959641 0.42835661083330195
530360252.9353868 0.4279101219644057
531034982.9111326 0.4274640984841717
531709712.8868784 0.4270185399075114
532384442.86262417 0.4265734457498419
533059172.83836997 0.4261288155270854
533745148.3137115 0.4256772498998561
534419878.2894573 0.4252335538087584
535094608.2652031 0.4247903201953272
535769338.2409489 0.42434754857750834
536444068.2166947 0.42390523847375006
537118798.1924405 0.42346338940300243
537793528.1681863 0.423022000884717
542527883.4980026 0.4199378373677134
543202613.4737484 0.41950012363744493
543877343.4494942 0.41906286614925004
545226803.4009858 0.4181897179973575
545631641.3864332 0.4179281284816892
546025233.872285 0.41767396221916153
546699963.8480308 0.4172386081934683
547374693.8237766 0.4168037079502581
548049423.7995224 0.41636926101654004
548735399.274864 0.4159280375187173
