1.0 1.0019452250859933
5184176.313646862 0.9842191712073748
10087214.137399642 0.969752450436779
10874399.10910307 0.9676035075851165
15203916.453471925 0.9565138676863064
20702965.755800158 0.9439325422151513
24087861.134124897 0.9368642637039886
24762591.109870695 0.9355080095740882
31521136.366924413 0.9227392688110883
35580761.72099495 0.9156671561962583
38954411.59972393 0.910063256242205
41664577.00230287 0.9057152853656046
42339306.97804867 0.9046520345455682
47939565.77673877 0.8960865317752563
48625541.25208033 0.895066115068223
50649731.17931771 0.8920874848605438
51999191.13080931 0.8901271538841277
54709356.53338825 0.8862466152497371
55384086.50913405 0.8852914869404362
56733546.46062564 0.8833935442024969
57936814.91737231 0.8817144755722666
58465353.39837318 0.8809807349117953
60489543.32561056 0.8781910604005037
61839003.27710216 0.8763483688065394
63188463.228593744 0.8745185530831486
63863193.20433954 0.8736082740279569
66573358.60691849 0.869981331470619
67922818.55841008 0.8681919422804535
69272278.50990167 0.8664128795397289
69958253.98524323 0.8655123300174232
70632983.96098903 0.8646289713115444
71026576.44684073 0.8641147689674441
71318959.43633059 0.8637333023144268
71903725.41531028 0.862971660784634
73927915.34254766 0.8603480985656413
74613890.81788921 0.8594633828283934
75288620.79363501 0.8585952579362603
75963350.76938081 0.8577291600563389
76638080.7451266 0.8568650477846694
78662270.672364 0.8542842305843688
79820557.1307276 0.8528149148574452
80214149.61657932 0.852316831189724
80607742.10243103 0.8518193443762454
83992637.48075578 0.8475646817205498
84667367.45650157 0.8467214600721356
90380081.25114931 0.839642145481372
91054811.22689511 0.8388127049746085
93753731.12987828 0.8355081702609378
94428461.10562408 0.8346852519398388
95103191.08136988 0.8338635851955478
95777921.05711567 0.8330431537027893
97138626.50820303 0.8313923103966867
97813356.48394883 0.8305755115037289
98488086.45969461 0.82975988733986
99162816.4354404 0.8289454240123738
99837546.4111862 0.8281321080661249
100512276.386932 0.8273199264690041
101187006.3626778 0.8265088665978946
101872981.83801936 0.8256854263841477
102547711.81376515 0.8248765918602388
103222441.78951095 0.8240688433252346
104571901.74100254 0.8224565601168012
105921361.69249412 0.8208484919330755
107270821.64398572 0.8192445591152789
107956797.11932728 0.8184307877997824
108631527.09507307 0.8176313714245682
109306257.07081887 0.8168329523972218
109980987.04656467 0.8160355223350243
111330446.99805626 0.8144435968403932
112679906.94954784 0.8128555328233987
113354636.92529364 0.8120629304718398
114715342.376381 0.8104673794038596
116064802.32787259 0.8088887517170988
117245579.78542773 0.8075104656225256
117796609.26562013 0.806868218311825
119146069.21711172 0.8052979041568542
119832044.69245328 0.8045010312966189
121181504.64394487 0.8029360815238288
121856234.61969067 0.802154923672751
123205694.57118225 0.8005952180216972
123880424.54692805 0.7998166610196541
124555154.52267385 0.7990389619802436
125915859.9737612 0.7974731946786278
126590589.949507 0.7966980583471692
127940049.90099859 0.7951503062241223
129289509.85249019 0.7936058898024012
129964239.82823597 0.7928349234747128
130638969.80398177 0.7920647804584452
131999675.25506912 0.7905141495358472
132674405.23081492 0.7897464702734575
133349135.20656072 0.7889796014131123
135373325.1337981 0.7866838275485719
136048055.1095439 0.7859201709746995
136722785.0852897 0.7851573105075166
137397515.06103548 0.7843952434989075
138083490.53637704 0.7836212861162134
138758220.51212284 0.7828608114564237
140107680.46361443 0.7813422173024065
140782410.43936023 0.7805840930654043
141457140.41510603 0.779826747652706
142131870.39085183 0.7790701788294103
142806600.36659762 0.7783143844120095
143481330.34234342 0.777559362266703
144167305.81768498 0.7767925459552966
145190646.28089944 0.7756500818595021
147226081.7077326 0.773382933326483
147900811.6834784 0.7726329200408759
148575541.65922415 0.7718836643627763
149250271.63496995 0.7711351645220831
149925001.61071575 0.7703874187848675
150599731.58646154 0.7696404254521917
151274461.56220734 0.7688941828589677
151690545.0472506 0.7684343734382032
151982928.03674042 0.7681114343337656
153905908.46761596 0.7659909798129828
154591883.94295752 0.7652360226659082
155266613.91870332 0.7644941895762424
155941343.8944491 0.7637530965503916
156616073.87019488 0.7630127421551356
157290803.84594068 0.7622731249824631
157965533.82168648 0.7615342436487561
158640263.79743227 0.7607960967940001
159314993.77317807 0.7600586830810205
159989723.74892387 0.7593220011947455
160563244.2283078 0.758696396023274
161125519.20809597 0.7580835692523703
161800249.18384176 0.7573488447650399
162474979.15958756 0.7566148474398063
167209334.48940387 0.7514849834838839
167884064.46514967 0.7507567729363833
168558794.44089547 0.7500292791604914
169233524.41664127 0.7493025010813038
169908254.39238706 0.7485764376376149
170582984.36813286 0.7478510877814829
171257714.34387866 0.7471264504778101
172607174.29537025 0.7456793094492538
173293149.7707118 0.7449447679581443
173967879.7464576 0.7442229825568724
174642609.7222034 0.7435019046953109
175317339.6979492 0.7427815334075378
177341529.6251866 0.7406246494798099
178016259.6009324 0.7399070950285537
178690989.5766782 0.739190242469222
179376965.05201975 0.7384621609670334
180051695.0277655 0.7377467211337497
180726425.0035113 0.73703198047606
181401154.9792571 0.7363179381098921
182075884.9550029 0.7356045931589085
183425344.9064945 0.7341799920344098
184100074.8822403 0.7334687341448071
184786050.35758185 0.7327463333807712
185460780.33332765 0.7320364741605351
186135510.30907345 0.7313273072333403
186810240.28481925 0.7306188317709024
187484970.26056504 0.7299110469509851
188159700.23631084 0.729203951957219
188834430.21205664 0.7284975459789277
189509160.18780243 0.727791828210959
190183890.16354823 0.7270867978535228
190869865.6388898 0.7263707208623335
191544595.6146356 0.7256670743710328
192219325.59038138 0.7249641129084758
192894055.56612718 0.724261835694872
193568785.54187295 0.7235602419550531
194243515.51761875 0.7228593309183396
194918245.49336454 0.7221591018184123
195592975.46911034 0.7214595538931882
196267705.44485614 0.7207606863846995
196953680.9201977 0.7200508678288599
197628410.8959435 0.7193533702047036
198303140.8716893 0.7186565507345234
198977870.8474351 0.7179604086757505
200327330.79892668 0.7165701538398982
201002060.77467248 0.7158760395951387
201676790.75041828 0.7151825998262399
202351520.72616407 0.7144898338075304
203037496.20150563 0.7137862116312018
203712226.17725143 0.7130948021472701
204386956.15299723 0.7124040642429261
206411146.08023462 0.7103358728845973
207085876.0559804 0.7096478141894559
207760606.03172618 0.7089604235327577
208165444.01717368 0.7085483095057178
208289144.51272708 0.7084224336706683
208615264.0010042 0.7080906866126406
209053838.48523897 0.7076447894804253
209582376.96623984 0.7071078001387625
210268352.4415814 0.7064114653707751
210943082.4173272 0.7057272162262165
211617812.393073 0.7050436311481547
212292542.3688188 0.7043607094494072
212967272.3445646 0.70367845044492
213642002.32031038 0.7029968534517156
214316732.29605618 0.7023159177888461
214991462.27180198 0.7016356427773439
215666192.24754778 0.7009560277401768
219051087.6258725 0.6975565620748392
219725817.6016183 0.6968809036958394
220400547.5773641 0.6962059005915228
221075277.55310988 0.6955315520988846
221750007.52885568 0.6948578575565048
222435983.00419724 0.6941736044813838
223110712.97994304 0.6935012267330631
223785442.95568883 0.6928295009489847
224370208.93466854 0.6922478654628109
224943729.41405246 0.6916778900476112
225629704.88939402 0.6909967716680122
226304434.8651398 0.6903274741045513
226979164.8408856 0.6896588254156191
227653894.8166314 0.6889908249523652
228328624.7923772 0.6883234720672455
229003354.768123 0.6876567661139976
229678084.7438688 0.686990706447618
230352814.7196146 0.6863252924243399
231027544.69536036 0.6856605234016121
231713520.17070192 0.6849853354491913
232388250.14644772 0.6843218652278983
233062980.12219352 0.6836590380759456
233737710.0979393 0.6829968533554588
234412440.0736851 0.6823353104296809
235087170.0494309 0.681674408662954
235761900.0251767 0.6810141474207035
236436630.0009225 0.6803545260694193
237122605.47626406 0.6796845663541048
237797335.45200986 0.6790262335268493
238472065.42775565 0.6783685386857704
239146795.40350145 0.6777114812014826
239821525.37924725 0.6770550604455915
241170985.33073884 0.6757441266102897
242520445.28223044 0.6744357321720069
243206420.757572 0.6737716035885992
243881150.7333178 0.6731190006049568
245230610.68480936 0.6718156910545047
245905340.66055515 0.6711649832467511
246580070.63630095 0.6705149059248101
247254800.61204675 0.6698654584703849
247929530.58779255 0.6692166402660309
248604260.56353834 0.6685684506951467
249290236.0388799 0.6679101017666147
249964966.0146257 0.6672631780677025
250639695.9903715 0.666616881147199
251314425.9661173 0.6659712103918021
