1.0 1.0
1338215.4518958277 0.9996358815553393
6612354.762308796 0.9880084192749187
6814773.755032535 0.9872620615614023
7208366.240884248 0.9864904748537019
26483152.54802247 0.9371448668812759
31172525.879455753 0.9233922623881924
34444966.26182286 0.9169882028427069
44385987.90447758 0.9055515598523264
62345050.758911505 0.8707496655150979
66258484.618237115 0.8633447557938704
66674568.10328036 0.8626429492773094
67585453.57053718 0.8608960417314137
67979046.0563889 0.860175413585036
70689211.45896783 0.8541006324470641
78797216.66751315 0.8385882556229779
82856842.02158369 0.8312237423244232
84206301.97307527 0.8294946552583349
87332550.86069746 0.823579207225071
89457950.28429672 0.8383703552119536
96205250.04175468 0.8363448775328768
98240685.46858783 0.8330112965820321
102007927.83316852 0.8263857825410401
102199101.3262965 0.8259320110669902
102491484.31578633 0.8254064571007562
102840094.80325499 0.8246179008920892
103188705.29072365 0.8242016225044542
103537315.77819231 0.8234744368225404
103885926.26566099 0.822584063606024
104234536.75312965 0.8217900511266267
104740584.234939 0.8210762808622228
106989684.15409164 0.8168579831941588
107450749.63751793 0.8160540092669375
109429957.56637226 0.8124278921340244
112128877.46935545 0.8079466422809253
114164312.8961886 0.8047514203317332
115142671.36102 0.8029984558253065
115502527.34808442 0.8022520981107649
116334694.3181709 0.8006186209187759
116458394.81372431 0.8003413022246445
116582095.3092777 0.8000395053993489
116694550.30523533 0.7996106625730449
116807005.30119297 0.7993907598609762
117200597.78704467 0.7989768842356196
117594190.2728964 0.7983382503172646
117717890.76844978 0.7979829920545971
118021519.2575354 0.7973529680312454
119685853.19770835 0.7946436044302112
119865781.19124056 0.7944559387644441
122710892.58896868 0.7891479888690643
129300755.35208595 0.7778704787537999
129806802.8338953 0.7769866130154213
131156262.78538688 0.7749220404090942
132359531.24213354 0.7728456542260926
133619027.19685903 0.7706957835942505
134597385.66169044 0.7690586021455857
134945996.1491591 0.7685270412762186
135418307.13218117 0.7678830512029545
135935600.11358628 0.7670226123862823
137971035.54041943 0.7638914140131118
143380120.84598154 0.7551918664929738
144054850.82172734 0.7543296256058742
146753770.72471052 0.7503102064894256
148789206.15154368 0.7472081916541049
150138666.10303527 0.7452290672444614
150813396.07878107 0.744319071476685
151488126.05452687 0.7434162839936935
152162856.03027263 0.7425829763564288
152837586.00601843 0.7419134569445928
154873021.43285158 0.7387115272866458
155547751.40859738 0.7381373674629444
156897211.36008897 0.7363346457747965
157571941.33583477 0.735547341004154
158921401.28732637 0.7336980658169808
159607376.76266792 0.7327587863975841
160956836.71415952 0.730812249437053
162306296.6656511 0.7289650266083223
163655756.6171427 0.726959972399898
164330486.5928885 0.7260323063265585
165679946.54438007 0.7239114190029743
166365922.01972163 0.7230085314041617
167040651.99546742 0.7222385965957199
169064841.92270482 0.7191497969462667
171089031.8499422 0.7157287654976939
172449737.30102956 0.7138840455450124
173799197.25252116 0.7120386748451321
174204035.23796862 0.7115430552787424
174620118.72301188 0.7111479011684068
176644308.65024927 0.7078378973114624
182053393.95581138 0.7205348386365611
183402853.90730298 0.7186017671509378
184752313.85879457 0.7165916070745941
185438289.33413613 0.7156585848453203
186113019.30988193 0.714745535569092
186787749.28562772 0.7137853321040379
188137209.23711932 0.7118182715580585
189486669.1886109 0.7099231436764569
190161399.1643567 0.7091772865379454
191522104.61544406 0.7070938422433781
192871564.56693563 0.7051191729534301
193546294.54268143 0.7042812600242759
194221024.51842722 0.7033992964711206
194895754.49417302 0.7024983110595817
196245214.4456646 0.7004943581159628
196874962.42302737 0.6996248588877058
197493464.90079433 0.698810523053477
198179440.3761359 0.6978603811500176
198854170.35188168 0.6970074509625181
199528900.32762748 0.6961334465571675
200203630.30337328 0.6951536205408535
200878360.27911907 0.6943556034593675
201553090.25486487 0.6936595035015519
202902550.20635647 0.6915480770497616
203588525.68169802 0.69071431889489
204263255.65744382 0.6898426671933947
204937985.63318962 0.6889248624520579
206287445.5846812 0.6869589031719091
206962175.560427 0.6861484217665501
207636905.5361728 0.685200882854961
209672340.96300596 0.6824753006159799
210347070.93875176 0.6815334682621108
211021800.91449755 0.6806548085064477
211696530.89024332 0.6797685900631886
212371260.86598912 0.6789917473164
213473319.82637393 0.6774593362692406
213911894.31060869 0.6768523387073865
214586624.28635448 0.6761258538310947
215261354.26210028 0.6753450064811921
215936084.23784608 0.6745468392275122
217296789.68893343 0.6726130669362671
217971519.66467923 0.6719371401610892
218646249.64042503 0.6710619844325099
219320979.61617082 0.6701373718676223
219995709.59191662 0.6692420429553804
220670439.56766242 0.6684922312721779
221345169.54340822 0.6676334944121625
222019899.519154 0.6667256010602264
223380604.97024137 0.6648381820384146
224055334.94598716 0.6641697638924091
225517249.89343637 0.6614889330820258
226191979.86918217 0.6612561155274521
226866709.84492797 0.6603518263184212
227552685.32026953 0.659388268998477
228227415.29601532 0.6585083578047892
228755953.7770162 0.6579178792262949
229284492.25801706 0.6571566043702544
229959222.23376286 0.6564288179975147
230633952.20950866 0.655589153054306
231308682.18525445 0.6547024840944653
231983412.16100025 0.6538342863616308
232658142.13674605 0.6529476674591881
233344117.6120876 0.6522887101860018
234018847.5878334 0.6515819479747406
234693577.5635792 0.6507135500112889
236043037.5150708 0.6487697161574242
236717767.4908166 0.6479448181845456
237392497.4665624 0.6470349225325904
238067227.4423082 0.6464138588070532
238741957.41805398 0.6455991725689884
239427932.89339554 0.6449983821408842
240777392.8448871 0.6432500229263469
241452122.8206329 0.6423579978115971
242126852.7963787 0.6416907810451932
242801582.7721245 0.6409959325254022
243476312.7478703 0.6402201409860211
244825772.6993619 0.6381887565186072
245500502.6751077 0.6373583522186257
246186478.15044925 0.636928608357108
247535938.10194084 0.6350197647136089
248885398.05343243 0.6335286511263865
249560128.02917823 0.6327864982435254
250909587.98066983 0.6308096264229412
251595563.45601138 0.6302539378252208
252270293.43175718 0.6293920973983301
254294483.35899454 0.6265069818240242
254969213.33474034 0.6256585067562203
255643943.31048614 0.6251511737289773
256318673.28623194 0.6245115887180107
257679378.7373193 0.6224580788243128
258354108.7130651 0.6216114558853595
259028838.68881088 0.62092116260006
259703568.66455668 0.6200400500257456
261064274.11564404 0.6177628831048801
261739004.09138983 0.6172057928969411
263099709.5424772 0.6157777017347056
264449169.49396878 0.6136384432989112
265123899.46971458 0.6130555234080125
266473359.42120618 0.6116779402894927
267148089.39695197 0.6109622678378153
267822819.37269777 0.6101707081780943
268497549.34844357 0.6092315789308914
269858254.7995309 0.6071404758349574
270532984.7752767 0.6065521497307266
271207714.7510225 0.6060038195889595
271882444.7267683 0.6055369831012359
273231904.6782599 0.6033718949814567
273906634.6540057 0.6025026460412145
274581364.6297515 0.6020211927543293
275267340.10509306 0.6015788844541426
275942070.08083886 0.601092725760572
276616800.0565846 0.6002827949876158
277291530.0323304 0.5994199033533176
278640989.983822 0.5981271677416807
279315719.9595678 0.5977766148856987
279990449.9353136 0.5968230690709764
280665179.9110594 0.5965315340389176
281351155.38640094 0.5959655335915874
282025885.36214674 0.5951635619654106
282700615.33789253 0.594764853769568
283375345.3136383 0.5940479298808912
284050075.2893841 0.5937921859796157
284724805.2651299 0.5928957057451704
285399535.2408757 0.5921547542439611
286074265.2166215 0.5918960068916319
286748995.1923673 0.5912158252263501
287434970.6677089 0.5905758898125726
288109700.6434547 0.5901327805909431
288784430.61920047 0.5898204216280228
289459160.59494627 0.5889331019209836
290133890.57069206 0.5881861935740392
290808620.54643786 0.5874536016787932
291483350.52218366 0.5870104924581889
292832810.47367525 0.585730321285221
293518785.9490168 0.5849381108772762
294193515.9247626 0.5843777168718451
294587108.4106143 0.5841585149653983
294980700.896466 0.5836934805481019
295655430.8722118 0.582922794875615
296150232.85442543 0.5827293725947298
296645034.836639 0.5822313502681121
297319764.8123848 0.5815771484590091
297994494.7881306 0.5807312763830754
299343954.7396222 0.5791407485482316
300018684.715368 0.5785400582349236
300693414.69111377 0.5780605571927099
301368144.66685957 0.5779354133769248
302042874.64260536 0.5771284359986496
302728850.1179469 0.576466825676195
303403580.0936927 0.5762708004034397
304078310.0694385 0.5760494960811525
304753040.0451843 0.5754830951725883
305427770.0209301 0.5747854434313353
306777229.9724217 0.5729003771133787
307451959.9481675 0.5724765900975962
308137935.42350906 0.5719152950569515
308531527.90936077 0.5714836490091854
308925120.3952125 0.5713800299298833
309599850.37095827 0.5710023458955191
310274580.34670407 0.5705976307975685
310949310.32244986 0.5698689934470133
312984745.749283 0.5671081707096516
314334205.7007746 0.5657563171592955
315008935.6765204 0.5650522079973025
315683665.6522662 0.564931919762447
316358395.628012 0.5641533750590018
317033125.6037578 0.5636787295956673
317707855.5795036 0.5634193815535373
319068561.03059095 0.5619854336603625
319743291.00633675 0.5613967571533206
320418020.9820825 0.5609165052480871
321092750.9578283 0.5606902952874723
326501836.2633904 0.5782999322817942
327176566.2391362 0.5776961884600343
327862541.7144778 0.57713624497221
328537271.6902236 0.5765533250813114
329212001.6659694 0.5759625461584292
329886731.64171517 0.5752954795652443
330561461.61746097 0.574583110911059
331236191.59320676 0.5740356317481329
331910921.56895256 0.5733394817329195
332585651.54469836 0.5727570123586025
333260381.52044415 0.5722367644898797
333946356.9957857 0.5715675954808546
334621086.9715315 0.5707976106139896
335295816.9472773 0.570114075094843
335970546.9230231 0.569647889354318
336645276.8987689 0.5690618158391463
337320006.8745147 0.5684014569547163
337994736.8502605 0.5678417637549071
338691957.8251978 0.5673151585802404
339389178.80013514 0.56679696306996
340063908.77588093 0.5662152445586628
340738638.75162673 0.565620410976294
341424614.2269683 0.5649623046809233
342099344.2027141 0.564415326093002
342774074.1784599 0.5637755909088163
343448804.1542057 0.5632484851591449
344123534.1299515 0.5626139559576745
344798264.1056973 0.5620569158081588
345472994.0814431 0.5613772347178818
346147724.05718887 0.5608691508286443
346822454.03293467 0.5603220220675039
347508429.5082762 0.5596372851677308
348183159.484022 0.5590213273090876
348857889.4597678 0.5583795898248828
349532619.4355136 0.5579518482644095
350207349.4112594 0.5574497712772798
350882079.3870052 0.5567973715396294
351556809.362751 0.55625680031505
352231539.33849674 0.5556742308259373
352906269.31424254 0.555095916226928
353322352.7992858 0.5547011125183782
353738436.28432906 0.5543608214556328
354413166.26007485 0.5539935994440972
355099141.7354164 0.5533284850955839
355773871.7111622 0.5527393580699099
356448601.686908 0.5521066309398921
357123331.6626538 0.5515287168010918
357798061.6383996 0.5509680224512731
358472791.6141454 0.5502021423023178
359147521.5898912 0.5497937730040642
359822251.565637 0.5493329434184485
360496981.5413828 0.5488415286847645
361182957.01672435 0.5480659373749753
361868932.4920659 0.5476785421808021
362554907.96740746 0.5469723306019437
363229637.94315326 0.546402375609923
363904367.91889906 0.545870414280347
364590343.3942406 0.5453495657207984
365265073.3699864 0.544768848360536
365939803.3457322 0.5441821741545384
366614533.321478 0.5436005557590623
367289263.29722375 0.5431313665664582
367817801.77822465 0.5425845381507308
368335094.7596298 0.5421437315765838
368728687.2454815 0.541898699986152
369133525.23092896 0.5414858255108049
369808255.20667475 0.5410264475938309
370482985.18242055 0.540431063378034
371157715.15816635 0.5397788638699754
371832445.13391215 0.5391660095782073
372507175.10965794 0.5386510678069958
373181905.08540374 0.5381176047513803
373856635.06114954 0.5373950243623812
374531365.03689533 0.5369118691198645
375217340.5122369 0.536149843399779
375892070.4879827 0.5357478814648674
376566800.4637285 0.535113552494014
377241530.4394743 0.5346100238392681
377916260.4152201 0.5340741079650013
378590990.3909659 0.5336360044964953
379265720.3667116 0.5330082831185758
379940450.3424574 0.5325644230349518
380615180.3182032 0.5320151918589964
381301155.79354477 0.5315926062228152
381975885.76929057 0.5309855586035632
382650615.74503636 0.5304569010704542
383325345.72078216 0.5299687400758392
384000075.69652796 0.5293637948734525
384674805.67227376 0.5287023347231918
385349535.64801955 0.5281199154062729
386024265.62376535 0.5277124972016561
386698995.59951115 0.5272391532347694
387384971.0748527 0.5268812919812569
388059701.0505985 0.526192500421997
388734431.0263443 0.5256368118242765
389409161.0020901 0.5251538568123767
390083890.9778359 0.524605376498416
390758620.9535817 0.5240466343922435
391433350.9293275 0.5235613266764887
392108080.9050733 0.5229691461423628
392794056.38041484 0.5224196646783924
393468786.35616064 0.5218400986413586
394143516.33190644 0.5216204462162797
394818246.30765224 0.5210503911094629
395492976.28339803 0.5203846760701237
396167706.2591438 0.5199066767529245
396842436.2348896 0.5193830249719137
397517166.2106354 0.5187883916191367
398191896.1863812 0.5181700309992403
398877871.6617228 0.5178633785950655
399552601.6374686 0.517295125558676
400227331.6132144 0.5167635146308859
400902061.5889602 0.5162690463877248
401576791.56470597 0.5158131224404365
402251521.54045177 0.5151624747158154
402926251.51619756 0.5147638666357939
403600981.49194336 0.5142172885080815
404275711.46768916 0.5137603634097585
404950441.44343495 0.5131459072761297
405636416.9187765 0.5126835259081015
406311146.8945223 0.5123718176934053
406985876.8702681 0.5116190526155218
407660606.84601384 0.5113683645247679
408335336.82175964 0.5107490027538367
409010066.79750544 0.5102844689115452
409684796.77325124 0.509596428215305
410359526.74899703 0.5091017096851541
411034256.7247428 0.5086202563982689
411855178.1952336 0.5081047639946547
412541153.67057514 0.5077860977831885
413215883.64632094 0.5071984724845793
413890613.62206674 0.5068726480467514
414565343.59781253 0.5064025077615356
415240073.57355833 0.5059902339770144
415914803.5493041 0.5052525362148742
416589533.5250499 0.5050906001172708
417275509.0003915 0.5046270674260139
417950238.9761373 0.5043782314630854
418624968.9518831 0.5039530428370844
419299698.9276288 0.5033693720821407
419974428.9033746 0.5030225234838597
420649158.8791204 0.5026780275894337
421323888.8548662 0.5020889005647851
421998618.830612 0.5016784288506912
422673348.8063578 0.5011972759092188
423359324.28169936 0.5007601735917476
424034054.25744516 0.5001588325302158
424708784.23319095 0.49978465252293536
425383514.20893675 0.49927211351297707
426058244.18468255 0.4987964168422351
426732974.16042835 0.49847594856034155
427407704.13617414 0.49788086468995774
428082434.11191994 0.49736121751103574
428757164.08766574 0.49690153924864855
429443139.5630073 0.4965516371408903
430117869.5387531 0.49604370342384674
430792599.5144989 0.49551844980200044
431467329.4902447 0.49495199883706353
432142059.4659905 0.494493572012701
432816789.4417363 0.4940671820050482
433491519.4174821 0.49361040707994425
434166249.3932279 0.4930489618671056
434840979.3689737 0.49255189063309956
435526954.84431523 0.49208094942746605
439575334.69879 0.48946559386072075
440250064.6745358 0.48876418780436875
440924794.6502816 0.4885149513822565
441610770.12562317 0.4880967207520002
442285500.10136896 0.4876549130257932
442960230.07711476 0.4871462785031278
443634960.05286056 0.48661046274365705
444309690.02860636 0.4861760134744288
444984420.00435215 0.48559204237509745
445659149.98009795 0.4852647162122551
446345125.4554395 0.48494094413286953
447694585.40693104 0.48317631622298746
448369315.38267684 0.4825530499647635
449044045.35842264 0.4821360707725318
449718775.33416843 0.48150224237668326
450393505.30991423 0.4810382591678196
451068235.28566 0.48053007516276103
451742965.2614058 0.4802319325367433
452428940.7367474 0.47968890849351276
453103670.7124932 0.4791886836352336
453778400.688239 0.47871964461584854
454453130.6639848 0.4783824070625803
455127860.6397306 0.47792958668114194
455802590.61547637 0.4777030763751143
456477320.59122217 0.4772627203185741
457152050.56696796 0.47685960706043384
457838026.0423095 0.476467956976157
458512756.0180553 0.4760947781188863
459187485.9938011 0.4755516539608598
459862215.9695469 0.47509132495024886
460536945.9452927 0.47470137682262853
461222921.42063427 0.47426722789881337
461897651.39638007 0.47394160369057725
462572381.37212586 0.47349834429777904
463247111.34787166 0.4730551349613536
463921841.32361746 0.4725032507361299
464596571.29936326 0.4720149896256939
465271301.27510905 0.47161543045306065
465946031.25085485 0.47140383728955715
466620761.22660065 0.47097985004315757
467306736.7019422 0.4704292172569838
467981466.677688 0.4699040637499335
468656196.6534338 0.4694856328890601
469330926.6291796 0.46917132168249354
470005656.6049254 0.46884820035235697
470680386.5806712 0.4683387148508506
471355116.556417 0.46781045777795044
472029846.5321628 0.4673036753841354
472715822.00750434 0.46712547059118736
473390551.98325014 0.46660902709393637
474065281.95899594 0.4662515162422095
474740011.93474174 0.4658672246149114
475414741.91048753 0.46538071551852994
476089471.88623327 0.46494030940356657
476764201.86197907 0.4645863025789237
477438931.83772486 0.4640781686312631
478113661.81347066 0.46362760083888405
478799637.2888122 0.4632244875807438
479474367.264558 0.462973399029781
480149097.2403038 0.46245044805541735
480823827.2160496 0.46194516738661673
481498557.1917954 0.4612860098828134
482173287.1675412 0.46083909628971215
482848017.143287 0.46074674015365663
483522747.1190328 0.4601749330327853
484197477.0947786 0.45949780487698066
484872207.0705244 0.4592644867484273
485558182.54586595 0.4588192751109575
486232912.52161175 0.45848504100874327
486907642.49735755 0.45781947614159796
487582372.47310334 0.45735794575138544
488257102.44884914 0.45710595616520905
488931832.42459494 0.456702292274666
489606562.40034074 0.4563778694480818
490281292.37608653 0.455910632499124
490956022.35183233 0.4554207695488776
491641997.8271739 0.4548156241148488
492316727.8029197 0.45438923410822113
492991457.7786655 0.45398967493456277
493666187.7544113 0.45350586894484746
494340917.7301571 0.45299458137291376
495015647.7059029 0.4525026160058018
495690377.6816487 0.45195233362141374
496365107.65739447 0.45141391487109783
497051083.132736 0.45125503228297165
497725813.1084818 0.450868988641619
498400543.0842276 0.45054526662065647
499075273.0599734 0.4501500624518977
499750003.0357192 0.44952754705669357
500424733.011465 0.4491960661195686
501099462.9872108 0.44850236892198114
501774192.9629566 0.44812263252917456
502448922.9387024 0.4477492534423119
503134898.41404396 0.4476738668072228
503809628.3897897 0.44721929441275515
504484358.3655355 0.44692966156694475
505159088.3412813 0.4464507111571338
505833818.3170271 0.44587499954896964
506508548.2927729 0.44554972574456964
507183278.2685187 0.4450715261977785
507858008.2442645 0.4446788249060941
508532738.2200103 0.444469234043635
509218713.69535184 0.44402036820688734
509893443.67109764 0.4437587175183
510568173.64684343 0.4433650150755809
511242903.62258923 0.44313980626497573
511917633.598335 0.4427847482329253
512592363.5740808 0.44228001819652746
513267093.5498266 0.44183020126716827
513941823.5255724 0.44143795049309065
514616553.5013182 0.4410231237740972
515302528.9766598 0.4406354282345111
515977258.9524056 0.44022525686480507
516651988.92815137 0.43999394103729605
517326718.90389717 0.43980997962820473
518001448.87964296 0.4392920344059393
518676178.85538876 0.4389419821259872
519350908.83113456 0.43860068991323226
520025638.80688035 0.43807693801742564
520700368.78262615 0.4377898581050623
521386344.2579677 0.4375137407905325
522061074.2337135 0.4369863847528459
522735804.2094593 0.4366948997792103
523410534.1852051 0.4361223918527171
524085264.1609509 0.4358197440496058
524759994.1366967 0.43554387702309094
525434724.1124425 0.43512269299917866
526109454.0881883 0.4348711038721859
526784184.0639341 0.4344604819858982
527470159.53927565 0.43408610174800083
528144889.51502144 0.43385058108778607
528819619.49076724 0.43344967036130716
529494349.46651304 0.43303088909762305
530169079.44225883 0.43259949333787184
530843809.41800463 0.43230410387591817
531518539.39375037 0.43171027144355895
532193269.36949617 0.43104906158131323
532867999.34524196 0.43060034591778473
533553974.8205835 0.4303589685266308
534228704.7963293 0.43028102895809467
534903434.7720751 0.42976989155938006
535578164.7478209 0.42920138823497567
536252894.7235667 0.42880623412464003
536927624.6993126 0.4285216570883259
537602354.6750584 0.4279913977143813
538277084.6508042 0.42757166535808555
538951814.62655 0.4272576044385087
539637790.1018915 0.42706448250303647
540312520.0776373 0.426746867500003
540987250.0533831 0.4263240816342301
542336710.0048747 0.426161695020045
543686169.9563663 0.42628063170207997
544360899.9321121 0.4256402958280936
