1.0 0.9811944609599379
3002549.39206879 0.976064039160351
5589014.299094339 0.9717119275610338
8962664.177823316 0.9661255409446761
9637394.153569112 0.9650201973788493
12347559.556148058 0.9606193841465274
15361353.447812611 0.9557969588676011
15878646.42921772 0.9549766023021545
19263541.807542462 0.9496604643049188
23311921.662017234 0.9434167142374726
23986651.63776303 0.9423878187745897
25347357.088850383 0.9403228291177825
26022087.06459618 0.9393037482313688
29845556.92715569 0.9335886856560193
31195016.87864728 0.9315952968934801
31869746.854393072 0.9306031326158908
32555722.32973463 0.9295974956631724
33905182.281226225 0.9276281135393514
35254642.23271781 0.9256704047885836
36604102.18420941 0.9237241878574262
39988997.562534146 0.9188918219873576
40663727.53827994 0.9179368290605925
41732049.99987745 0.9164302693330424
42609198.96834698 0.9151983059643135
43846203.92388094 0.9134684946068725
44475951.90124369 0.9125912323154037
46511387.32807684 0.9097711144018927
47186117.30382263 0.9088413680890324
48535577.25531422 0.9069893776897172
49210307.23106002 0.9060670959618526
50559767.18255161 0.9042298666751172
51234497.158297405 0.903314882530809
51909227.1340432 0.9024022946163167
53944662.56087635 0.8996636584415221
55294122.51236794 0.8978596840479933
55968852.48811374 0.8969611422547455
56643582.46385953 0.89606487484406
58679017.89069268 0.8933747455580417
59353747.86643848 0.8924874467566797
60028477.842184275 0.8916023400506176
60703207.817930065 0.8907194094984355
61377937.79367586 0.8898386393086224
62052667.76942166 0.8889600138381286
62727397.74516746 0.8880835175909333
63402127.720913246 0.8872091352166251
64076857.69665904 0.886336851508997
64526677.68048958 0.8857564875186291
64976497.664320104 0.885177045143006
65651227.6400659 0.8843095999886859
66337203.11540746 0.8834297978444877
67011933.09115326 0.8825664698828641
67686663.06689905 0.8817051616268847
68361393.04264484 0.8808458587541143
68979895.52041182 0.88005991400747
69598397.99817881 0.8792756315860124
70273127.9739246 0.8784219340232435
70947857.94967039 0.8775701881737156
71622587.92541619 0.8767203803521353
72297317.90116198 0.8758724970013443
72972047.87690778 0.8750265246910842
73646777.85265358 0.8741824501167708
74321507.82839938 0.8733402600982823
75682213.27948673 0.8716475229638441
76356943.25523253 0.8708109394134056
77031673.23097833 0.8699761887085233
77706403.2067241 0.869143258275572
78381133.1824699 0.8683121356583368
79730593.1339615 0.8666552646264235
80405323.1097073 0.86582949187623
81091298.58504885 0.8649917595443795
81766028.56079465 0.8641695222140758
87714897.8469534 0.8569939299979509
89064357.798445 0.8553841647698285
89739087.7741908 0.8545817095738936
90413817.7499366 0.8537808585669191
91088547.7256824 0.8529816013040802
91763277.70142819 0.852183927437433
92438007.67717399 0.8513878267149804
93112737.65291978 0.8505932889797473
94473443.10400712 0.8489956846309316
95125682.0805614 0.848232106170508
95789166.55671144 0.8474568231232101
96463896.53245723 0.8466699009336481
97138626.50820303 0.8458844830529926
97813356.48394883 0.845100559961318
99174061.93503617 0.843524156927738
99848791.91078196 0.8427446863268223
100523521.88652776 0.841966673154241
101198251.86227356 0.8411901083229042
102547711.81376515 0.8396412877537731
103222441.78951095 0.8388690142575511
103897171.76525675 0.8380981535841272
104583147.2405983 0.8373158846291169
106607337.16783568 0.8350159234986235
107282067.14358148 0.8342520211495204
107956797.11932728 0.8334894806113625
108631527.09507307 0.8327282936769194
109306257.07081887 0.8319684522142786
109980987.04656467 0.8312099481661211
110666962.52190623 0.8304401651901326
111341692.49765202 0.829684334052512
112016422.47339782 0.8289298164678041
113365882.4248894 0.8274246909686948
114040612.4006352 0.826674067737039
114715342.376381 0.8259247274224254
115390072.35212679 0.8251766625401357
115794910.33757427 0.8247284327302485
116199748.32302174 0.8242806578145979
116874478.29876754 0.8235353728731216
117549208.27451333 0.8227913398690219
118223938.25025913 0.8220485516003042
119584643.70134649 0.8205543525048784
120259373.67709228 0.8198152762165937
120934103.65283808 0.8190774163906364
121608833.62858388 0.8183407661479982
122283563.60432968 0.8176053186722023
122958293.58007546 0.8168710672087003
123869179.04733229 0.8158817130611239
124543909.02307808 0.8151502459878475
125218638.99882388 0.814419952742658
125893368.97456968 0.8136908268335387
126568098.95031548 0.8129628618272791
127242828.92606127 0.8122360513489106
127917558.90180705 0.8115103890811456
128603534.37714861 0.8107738030646491
129165809.35693678 0.8101709197173704
129728084.33672495 0.8095688214509759
131077544.28821653 0.808126967656106
131752274.26396233 0.8074077138228005
132427004.23970813 0.8066895674198601
133112979.71504968 0.8059605811064656
133787709.69079548 0.8052446501531149
134462439.66654128 0.8045298090160753
135137169.64228708 0.8038160519615813
135811899.61803287 0.8031033733073828
136486629.59377867 0.8023917674222489
137161359.56952447 0.8016812287254794
137836089.54527026 0.800971751686417
138510819.52101606 0.8002633308239679
139196794.99635762 0.7995441800755754
139871524.97210342 0.7988378726962984
140546254.9478492 0.7981326052544748
141895714.89934078 0.7967251690833326
142570444.87508658 0.796022989921681
143245174.85083237 0.7953218298319141
143919904.82657817 0.794621683713436
144594634.80232397 0.7939225465110819
145280610.27766553 0.7932127861367136
145955340.25341132 0.7925156683878469
146630070.22915712 0.7918195445761995
147304800.20490292 0.7911244098247332
147979530.1806487 0.7904302592996938
149328990.1321403 0.7890448918078091
149722582.617992 0.7886415588157104
150127420.6034395 0.7882270453892318
150802150.5791853 0.7875369607554424
151476880.55493107 0.7868478359709644
152826340.50642267 0.7854724476895583
153501070.48216847 0.7847861751630159
154187045.95751002 0.784089430200675
154861775.93325582 0.7834050524224956
155289104.91789484 0.7829720959668712
155469032.91142705 0.7827899101957693
155896361.89606604 0.7823574836082514
156346181.87989658 0.7819026990964917
156784756.36413133 0.7814596793581634
157459486.33987713 0.7807788696654044
162868571.64543927 0.775353816902153
163543301.62118506 0.7746811218639886
164218031.59693086 0.7740093067448499
164904007.07227242 0.7733271927523667
165578737.04801822 0.7726571403855808
165972329.53386992 0.7722666777486688
166365922.01972163 0.7718765098350138
166759514.50557336 0.7714866358979416
167164352.49102083 0.7710859286187064
167839082.46676663 0.7704187703692364
168513812.44251242 0.7697524679378382
169188542.41825822 0.7690870176588436
169863272.39400402 0.76842241589825
170313092.37783456 0.7679798176766028
170751666.8620693 0.7675486449515272
171426396.8378151 0.7668859951369209
172101126.8135609 0.7662241820107922
172775856.7893067 0.7655632020723849
173450586.7650525 0.76490305185103
174136562.24039406 0.7642327461543628
174811292.21613985 0.7635742587596919
175486022.19188565 0.7629165907915954
176160752.16763145 0.7622597388973775
176835482.14337724 0.7616036997530128
177510212.11912304 0.7609484700628699
178184942.09486884 0.7602940465594418
178859672.07061464 0.7596404260030752
179534402.0463604 0.7589876051817059
180220377.52170196 0.7583247205699369
180895107.49744776 0.7576735028880128
181569837.47319356 0.7570230754158384
182244567.44893935 0.7563734350495283
182919297.42468515 0.7557245787114871
183594027.40043095 0.7550765033501581
184268757.37617674 0.7544292059397737
184943487.35192254 0.7537826834801106
185629462.8272641 0.7531261770116947
186304192.8030099 0.7524812083460053
186978922.7787557 0.7518370057326536
187653652.7545015 0.7511935662715791
188328382.7302473 0.7505508870870633
189677842.68173888 0.7492677981651542
190352572.65748468 0.7486273827959543
191027302.63323048 0.7479877164392473
191713278.10857204 0.7473381539760557
192388008.08431783 0.7466999897639394
193062738.06006363 0.746062566315687
193737468.0358094 0.7454258809425097
194412198.0115552 0.7447899309779439
195086927.987301 0.7441547137776383
195761657.9630468 0.7435202267191442
196436387.9387926 0.7428864672017047
197111117.91453838 0.7422534326460491
197797093.38987994 0.7416105880642114
198471823.36562574 0.7409790077556402
199146553.34137154 0.7403481447561594
199821283.31711733 0.7397179965707557
200496013.29286313 0.7390885607248938
201170743.26860893 0.7384598347643215
201845473.24435472 0.7378318162548755
202520203.22010052 0.737204502782291
203194933.19584632 0.736577891952012
203880908.67118788 0.7359415554656629
204555638.64693367 0.7353163544262343
205230368.62267947 0.7346918489230451
205781398.10287187 0.7341823504335725
206343673.08266002 0.7336629293032277
207018403.05840582 0.7330402558140842
207693133.0341516 0.7324182694935333
208367863.0098974 0.731796968092015
209042592.9856432 0.7311763493781097
209728568.46098477 0.7305460845869695
210133406.44643223 0.7301744541326327
210538244.43187973 0.7298030673739547
211224219.9072213 0.7291743281337608
211898949.88296708 0.7285565751565494
212573679.85871288 0.7279394934783607
213248409.83445868 0.7273230809770289
213923139.81020445 0.7267073355473176
214597869.78595024 0.7260922551007597
218657495.1400208 0.722405442147779
219332225.11576658 0.7217949703120892
221356415.04300398 0.7199674400097478
222031145.01874977 0.7193595518802754
222705874.99449557 0.7187523048923272
223391850.46983713 0.7181355924381472
224066580.44558293 0.7175296327027676
224741310.42132872 0.7169243084694672
225416040.39707452 0.716319617897908
226090770.37282032 0.7157155591620071
226765500.34856611 0.7151121304498035
227440230.32431188 0.7145093299633231
228114960.30005768 0.7139071559184461
228789690.27580348 0.7133056065447774
229475665.75114504 0.712694669912049
230150395.72689083 0.7120943749620134
230825125.70263663 0.7114946994243275
231499855.67838243 0.7108956415824234
232174585.65412822 0.7102971997328172
232849315.62987402 0.7096993721849872
233524045.60561982 0.7091021572612491
234198775.58136562 0.7085055532966361
234873505.5571114 0.7079095586387782
235559481.03245297 0.7073042536702695
236234211.00819877 0.706709482805543
236908940.98394457 0.7061153163380411
237583670.95969036 0.7055217526648048
238258400.93543616 0.7049287901948859
238933130.91118196 0.7043364273492346
239607860.88692775 0.7037446625605871
240282590.86267355 0.7031534942733543
240968566.3380151 0.7025530830865477
241643296.3137609 0.7019631130590205
242318026.28950667 0.7013737349098351
242992756.26525247 0.7007849471291973
243667486.24099827 0.700196748218446
244342216.21674407 0.6996091366899485
245016946.19248986 0.6990221110669962
245691676.16823566 0.6984356698837016
246366406.14398146 0.697849811684898
247052381.61932302 0.697254785333809
247727111.5950688 0.6966700984372012
248401841.5708146 0.6960859901992568
249076571.5465604 0.6955024592068586
249751301.5223062 0.6949195040571138
250426031.498052 0.6943371233572561
251100761.4737978 0.6937553157245513
251775491.4495436 0.6931740797862034
252450221.4252894 0.6925934141792609
253136196.90063095 0.692003654086223
253810926.87637675 0.6914241345414028
254485656.85212255 0.6908451812751284
254879249.33797425 0.6905077195200149
255272841.82382596 0.6901704497446952
255947571.79957175 0.6895927188845985
256633547.2749133 0.6890059354173647
257308277.2506591 0.6884293368323325
257983007.2264049 0.6878532977621887
258657737.2021507 0.6872778169303274
259332467.1778965 0.6867028930690853
260007197.1536423 0.6861285249196576
260546981.13423893 0.6856694296723101
261086765.11483556 0.6852106886443342
261761495.09058136 0.6846377595171605
262436225.06632715 0.6840653816421832
263110955.04207295 0.6834935538002932
263785685.01781875 0.6829222747807856
264460414.99356455 0.6823515433812822
265135144.96931034 0.6817813584076533
265809874.94505614 0.6812117186739399
266484604.92080194 0.6806426230022792
267170580.3961435 0.6800645989360448
267845310.3718893 0.679496596905942
268520040.3476351 0.6789291354329532
269194770.3233809 0.6783622133709766
269869500.2991267 0.6777958295816342
270544230.2748725 0.677229982934199
271218960.2506183 0.6766646723055249
271893690.2263641 0.6760998965799746
272568420.2021099 0.6755356546493512
273254395.67745143 0.6749625547657505
273929125.6531972 0.674399385980589
274603855.628943 0.6738367476916685
275278585.6046888 0.673274638819984
275953315.5804346 0.6727130582936297
276628045.5561804 0.6721520050477332
277302775.53192616 0.6715914780243896
277977505.50767195 0.6710314761725975
278663480.9830135 0.6704626782540607
279338210.9587593 0.6699037323290764
280012940.9345051 0.6693453084462998
280687670.9102509 0.668787405581818
281362400.8859967 0.6682300227183066
282037130.8617425 0.6676731588449679
282711860.8374883 0.667116812957471
283386590.8132341 0.6665609840578921
284061320.7889799 0.6660056711546544
284747296.26432145 0.6654416309886371
285422026.24006724 0.6648873556873894
286096756.21581304 0.6643335934290914
286771486.19155884 0.6637803432470768
287446216.16730464 0.6632276041807378
288120946.14305043 0.6626753752754697
288795676.1187962 0.6621236555826152
289470406.094542 0.6615724441594096
290145136.0702878 0.6610217400689263
290831111.5456294 0.66046237670361
291505841.5213752 0.6599126929076717
292180571.497121 0.65936351365289
292855301.4728668 0.6588148380252521
293428821.9522507 0.6583488590398996
294013587.93123037 0.6578741166035633
294407180.4170821 0.6575547904149992
294800772.90293384 0.6572356345864612
295475502.87867963 0.6566889061473654
296150232.85442543 0.6561426769511054
296824962.8301712 0.6555969461157329
297499692.805917 0.6550517127645795
298174422.78166276 0.6545069760262072
298860398.2570043 0.6539536685463267
299535128.2327501 0.6534099306807105
300209858.2084959 0.6528666868302452
300884588.1842417 0.6523239361440248
301559318.1599875 0.6517816777761388
302234048.1357333 0.6512399108856256
305618943.51405805 0.6485294349259169
306293673.48980385 0.6479906076129934
306968403.46554965 0.6474522660121272
307643133.44129544 0.6469144093204355
308317863.41704124 0.6463770367395921
308992593.39278704 0.6458401474757864
309667323.36853284 0.6453037407396823
310342053.34427863 0.6447678157463774
311016783.32002443 0.6442323717153626
311691513.2957702 0.6436974078704829
312366243.271516 0.643162923439897
313040973.2472618 0.6426289176560389
313726948.7226034 0.6420865016683094
314401678.6983492 0.6415534588377784
315076408.674095 0.6410208923639938
315751138.6498408 0.640488801496174
316425868.62558657 0.6399571854876224
317100598.60133237 0.6394260435956897
317775328.57707816 0.6388953750817375
318450058.55282396 0.6383651792111026
319124788.52856976 0.63783545525306
319810764.0039113 0.6372973855891186
320485493.9796571 0.6367686111146098
321160223.9554029 0.6362403063718469
321834953.9311487 0.6357124706455728
322509683.9068945 0.6351851032242941
323184413.8826403 0.6346582034002485
323859143.8583861 0.6341317704693699
324533873.8341319 0.6336058037312562
325208603.80987763 0.6330803024891367
325894579.2852192 0.6325465193764972
326569309.260965 0.6320219547798113
327244039.2367108 0.6314978535988629
327918769.2124566 0.6309742151511404
332653124.5422729 0.6273129761788799
333327854.5180187 0.6267930230543239
334002584.4937645 0.6262735266620698
334677314.4695103 0.6257544863530071
335352044.4452561 0.6252359014811983
336026774.4210019 0.6247177714038515
336701504.3967477 0.6242000954812921
337376234.3724935 0.6236828730769347
338062209.84783506 0.6231574945652738
338736939.82358086 0.6226411848320337
339411669.79932666 0.6221253267150745
340086399.77507246 0.6216099195899488
340761129.75081825 0.6210949628351643
341300913.7314149 0.6206833212822104
341672015.2180751 0.6204004845209411
342189308.1994802 0.6200064537755025
342864038.175226 0.6194928967198889
343538768.1509718 0.6189797875067088
344213498.12671757 0.618467125529188
344888228.10246336 0.6179549101833525
345562958.07820916 0.6174431408680031
346237688.05395496 0.6169318169846919
346923663.5292965 0.6164124270522852
347598393.5050423 0.6159019996476349
348273123.4807881 0.615392015886127
348947853.4565339 0.6148824751801221
349453900.9383432 0.6145006100537759
349959948.4201526 0.6141189935711941
350465995.9019619 0.6137376254873619
350983288.88336706 0.6133480390429972
351658018.85911286 0.6128402720755544
352332748.83485866 0.6123329452548889
353007478.81060445 0.6118260580088569
353682208.78635025 0.6113196097678123
354356938.76209605 0.6108135999645841
355031668.73784184 0.6103080280344562
355706398.71358764 0.6098028934151453
356392374.1889292 0.6092897876127137
357067104.164675 0.6087855332029962
357741834.1404208 0.6082817144224034
358416564.1161666 0.6077783307182153
359091294.0919124 0.6072753815400408
359766024.0676581 0.6067728663397987
360440754.0434039 0.6062707845716974
361115484.0191497 0.605769135692215
361790213.9948955 0.6052679191600804
362476189.4702371 0.6047587916795054
363150919.4459829 0.6042584454104806
363825649.4217287 0.6037585298694084
364500379.39747447 0.6032590445238643
365175109.37322026 0.6027599888435794
365849839.34896606 0.6022613623004218
366524569.32471186 0.6017631643683786
367199299.30045766 0.6012653945235376
367874029.27620345 0.6007680522440698
368560004.751545 0.6002628587047211
369234734.7272908 0.5997663771031797
369909464.7030366 0.5992703215052686
370584194.6787824 0.5987746913973486
371258924.6545282 0.5982794862677769
371933654.630274 0.5977847056068896
372608384.6060198 0.5972903489069847
373283114.5817656 0.5967964156623068
373957844.5575114 0.5963029053690295
374643820.03285295 0.5958016029707454
375318550.00859874 0.5953089441046928
375993279.98434454 0.5948167066816905
376668009.96009034 0.5943248902055001
377342739.93583614 0.5938334941817328
378017469.91158193 0.5933425181178342
378692199.88732773 0.5928519615230681
379366929.8630735 0.5923618239085026
380041659.8388193 0.5918721047869939
380727635.3141609 0.591374652193306
381402365.2899067 0.5908857755582076
382077095.2656525 0.5903973159573026
382751825.2413983 0.5899092729104828
383426555.2171441 0.5894216459393559
384101285.19288987 0.5889344345672303
384776015.16863567 0.588447638319102
385450745.14438146 0.5879612567216401
386125475.12012726 0.5874752893031729
386811450.5954688 0.5869816465342143
387486180.5712146 0.5864965129486756
388160910.54696035 0.5860117921291721
388835640.52270615 0.5855274836105613
389510370.49845195 0.5850435869292933
390185100.47419775 0.5845601016233971
390859830.44994354 0.5840770272324685
391534560.42568934 0.5835943632976566
394919455.8040141 0.5811791776603471
395594185.7797599 0.5806989737035717
396268915.7555057 0.5802191770259517
396943645.7312515 0.5797397871806438
397618375.7069973 0.5792608037222492
398304351.18233883 0.5787742533515934
398979081.15808463 0.5782960880911442
399653811.1338304 0.5778183278826181
400328541.1095762 0.5773409722863003
401003271.085322 0.576864020863862
401588037.0643017 0.576450989558403
402184048.54287714 0.5760303271044905
402858778.51862293 0.5755544849112822
403533508.49436873 0.5750790452603851
404208238.4701145 0.574604007719909
404894213.9454561 0.5741214646622856
405568943.9212019 0.5736472367361489
406243673.8969477 0.5731734096255464
406918403.8726935 0.5726999829038456
407593133.8484393 0.5722269561456966
408267863.8241851 0.5717543289270234
408942593.7999309 0.571282100825012
409617323.77567667 0.570810271418103
410292053.75142246 0.5703388402859798
410978029.226764 0.569859959823293
411652759.2025098 0.569389330605148
412327489.1782556 0.5689190984012699
413002219.1540014 0.56844926279624
413676949.1297472 0.5679798233758353
415026409.0812388 0.5670421314379347
415701139.0569846 0.5665738780978891
416375869.0327304 0.5661060192973516
417061844.50807196 0.5656307668869637
417736574.48381776 0.5651637025000629
418411304.45956355 0.5646970314241848
419086034.43530935 0.5642307532543663
419479626.92116106 0.5639589389408639
419603327.41671443 0.5638735391566233
419996919.9025662 0.5636019002571785
420682895.37790775 0.5631287912069162
421357625.35365355 0.5626638328587265
422032355.3293993 0.5621992656612153
422707085.3051451 0.5617350892153073
423381815.2808909 0.5612713031229986
424056545.2566367 0.5608079069873473
424731275.2323825 0.560344900412467
425406005.2081283 0.559882283003518
426091980.68346983 0.5594123538476119
426766710.6592156 0.5589505200598232
427441440.6349614 0.5584890742531302
428116170.6107072 0.5580280160368206
428790900.586453 0.5575673450211899
429465630.5621988 0.5571070608175351
430140360.5379446 0.5566471630381467
430815090.5136904 0.5561876512963008
431489820.4894362 0.5557285252062529
432175795.96477777 0.5552621419647271
432850525.94052356 0.5548037924363953
433525255.91626936 0.5543458274020566
434199985.89201516 0.5538882464798267
434874715.86776096 0.5534310492887649
435549445.84350675 0.5529742354488666
436224175.81925255 0.5525178045810574
436898905.79499835 0.5520617563071858
437573635.77074414 0.5516060902500172
438259611.2460857 0.5511432211958437
438934341.2218315 0.5506883247985825
439609071.1975773 0.5502338094855177
440283801.1733231 0.5497796748830295
440958531.1490689 0.549325920618382
441633261.1248147 0.5488725463197168
442307991.1005605 0.548419551616047
442982721.0763063 0.547966936137251
443657451.0520521 0.5475146995140658
444343426.52739364 0.5470553136136821
445018156.50313944 0.5466038398962214
445692886.47888523 0.5461527439255724
446367616.45463103 0.5457020253358627
447042346.4303768 0.5452516837620485
447717076.4061226 0.5448017188399097
448391806.3818684 0.5443521302060439
449066536.35761416 0.5439029174978605
449741266.33335996 0.5434540803535753
450427241.8087015 0.5429981472232656
451101971.7844473 0.5425500663689533
451776701.7601931 0.5421023599919863
452350222.23957705 0.5417221037365024
452934988.21855676 0.541334669551006
453609718.19430256 0.5408879786960198
454284448.17004836 0.5404416609894952
454959178.14579415 0.5399957160756993
455633908.12153995 0.5395501435996589
456308638.09728575 0.5391049432071547
456983368.07303154 0.5386601145447167
457669343.5483731 0.5382082527825865
458344073.5241189 0.5377641727036203
459018803.4998647 0.5373204632929073
459693533.4756105 0.5368771241999357
460368263.4513563 0.5364341550749191
461042993.427102 0.53599155556879
461717723.4028478 0.5355493253331957
462392453.3785936 0.5351074640204936
463067183.3543394 0.5346659712837465
463753158.829681 0.5342174978193561
464427888.8054268 0.5337767473249851
465102618.7811726 0.5333363643642022
465777348.7569184 0.5328963485928566
466452078.73266417 0.5324566996674808
467126808.70840997 0.5320174172452848
467801538.68415576 0.5315785009841535
468487514.1594973 0.5311326444659776
469162244.1352431 0.5306944655917306
469848219.6105847 0.5302493580464039
470522949.5863305 0.5298119151758302
471208925.06167203 0.5293675551998249
471883655.0374178 0.5289308469550807
473255605.98810095 0.5280439949860796
474605065.93959254 0.5271731460270168
475358514.41250867 0.5266875528457318
476100717.3858291 0.5262096487131076
476786692.86117065 0.5257683385990252
477461422.8369164 0.5253346274244256
478136152.8126622 0.5249012772519746
478810882.788408 0.5244682877499638
479485612.7641538 0.5240356585872896
480160342.7398996 0.5236033894334483
480835072.7156454 0.5231714799585326
481509802.69139117 0.5227399298332284
482184532.66713697 0.5223087387288112
482870508.1424785 0.5218707288140058
483545238.1182243 0.5214402607375094
484219968.0939701 0.5210101506937818
484894698.0697159 0.5205803983564306
485569428.0454617 0.5201510033996343
486244158.0212075 0.5197219654981408
486918887.9969533 0.5192932843272622
487593617.9726991 0.518864959562873
488279593.44804066 0.5184298610850214
488954323.42378646 0.5180022540900626
489629053.39953226 0.5175750025271838
490303783.37527806 0.5171481060744824
490978513.35102385 0.5167215644106017
491653243.32676965 0.5162953772147267
492327973.30251545 0.515869544166582
