1.0 1.0
674730.9757457955 0.9975727732703277
1147041.9587678523 0.9952893228792722
1484406.9466407502 0.9933328038740477
2024190.9272373866 0.9932394263972688
2777639.4001535247 0.9908067630577618
3407387.3775162674 0.9892020075203135
5780187.7922223145 0.9865297659276356
6454917.76796811 0.9839449509231187
7129647.743713906 0.9818953483082573
7736904.721885121 0.9796175549386776
8332916.200460575 0.9783916724626783
9007646.176206369 0.9759568785600611
9693621.65154793 0.9740453952698637
10368351.627293725 0.9721001902850215
11043081.60303952 0.9694338261104144
11515392.586061576 0.9683121943383864
11762793.577168368 0.9678295848517492
12201368.061403135 0.966589449638809
12876098.03714893 0.9643818179408669
17610453.366965264 0.9889193037111077
18285183.342711058 0.9870417625046268
18959913.318456855 0.9849573361895767
19645888.793798413 0.9832600847842987
20320618.769544207 0.9812534607919013
20995348.745290004 0.9793696013591136
21670078.721035797 0.9771482312030136
22344808.696781594 0.9758048738361452
23019538.672527388 0.9738321919274644
23694268.648273185 0.9719748543465423
24368998.624018982 0.9698885913355239
25043728.599764775 0.9683035251523744
25729704.075106334 0.9665741683518249
26404434.05085213 0.9649983590964945
27079164.026597925 0.9624862036794606
28428623.978089515 0.9566577885827594
29103353.953835312 0.9550606736888031
29778083.92958111 0.9528718497286875
30452813.905326903 0.9509947493304428
31127543.8810727 0.9489466160738608
31813519.35641426 0.9469812809340068
32488249.332160052 0.9449145603437162
33162979.30790585 0.9430251173675228
33837709.28365164 0.9414658383533376
35187169.23514324 0.9360068189786251
35861899.210889034 0.93492067211914
36536629.18663482 0.9330526817226666
37222604.66197638 0.9310224011168918
37897334.63772218 0.9294081682399832
38572064.61346798 0.9276753584591383
39246794.58921377 0.9256831341372528
39921524.56495956 0.9228752711207102
40596254.54070536 0.9216044998707779
41270984.51645116 0.9194862783980591
41945714.492196955 0.9171714572871101
42620444.46794275 0.9150303873544623
43306419.94328431 0.9129554383713494
43981149.9190301 0.910934928972177
45330609.870521694 0.9051051914582906
46635087.82363023 0.899376912865388
47118644.306248054 0.8969233846954913
47467254.793716714 0.895960296277804
47815865.28118537 0.8946181143945499
48333158.26259048 0.892711406501833
49007888.23833628 0.8900113941106513
51043323.665169425 0.8807413099252566
51718053.64091522 0.878631684175526
52392783.61666102 0.8765971424435307
53067513.59240682 0.8737426274201107
53742243.568152614 0.8716602581976238
54416973.5438984 0.868902132830565
55091703.5196442 0.8664550698205462
55777678.99498576 0.8644421276018419
56452408.97073156 0.8619988114392604
57801868.92222315 0.856248859870043
58476598.89796894 0.853772703636812
59556166.85916222 0.8482377921059621
59893531.84703511 0.8470242522079114
63874438.7039353 0.8759330676645534
64549168.6796811 0.8743189817287388
65223898.6554269 0.8731961744730966
65898628.631172694 0.8715807661200969
66573358.60691849 0.8707501400131209
67248088.58266428 0.869418023203611
67934064.05800584 0.8683709611780583
68608794.03375164 0.867451439117119
69283524.00949743 0.8655965994445194
69958253.98524323 0.8646493800556233
70632983.96098903 0.8636092974536854
71307713.93673483 0.8622522016286592
71982443.91248062 0.8611325534786474
72657173.8882264 0.8600825527440593
73331903.8639722 0.8586338426601524
74017879.33931376 0.8572240704615608
74692609.31505956 0.8555295373687232
75367339.29080535 0.8544617574388286
76042069.26655115 0.8525953098636584
76716799.24229695 0.8510668138275596
77391529.21804275 0.8499496635858701
79314509.64891826 0.8695410081748618
81766028.56079465 0.8721427207582132
82440758.53654045 0.8706973167135076
82856842.02158369 0.8695927294538849
83261680.00703116 0.8691038752114879
83936409.98277695 0.8679280977226614
84611139.95852275 0.866176700608108
85297115.43386431 0.8646950769754815
85971845.40961011 0.8634188691081913
86646575.3853559 0.8619121929895015
87321305.3611017 0.8608120137971935
87996035.3368475 0.8595615930988677
88670765.3125933 0.8579553682106633
89345495.2883391 0.8566829071983336
90020225.26408488 0.8549770600700674
90694955.23983067 0.853714590668458
91290966.71840613 0.8525792939012962
91718295.70304513 0.8517785691559342
92224343.18485448 0.8508313497670382
92910318.66019604 0.8494141573290725
93585048.63594183 0.847982638691142
94136078.11613424 0.8467632948455677
94687107.59632663 0.8456938251607988
95361837.57207243 0.8444588326905513
96047813.04741399 0.8430517053338531
96722543.02315979 0.8417945256085074
97397272.99890558 0.8403597743943996
98072002.97465138 0.8391167004724239
98746732.95039716 0.8376438929669036
99421462.92614296 0.8363040620508777
100096192.90188876 0.8344936703514981
100770922.87763456 0.833400397119781
101445652.85338035 0.8324597898243338
102131628.32872191 0.8313601983738329
102806358.30446771 0.830093247441885
103481088.2802135 0.8286127258298487
104155818.2559593 0.8271660728385051
104830548.2317051 0.8262491956194592
105505278.20745088 0.8250850260332033
106180008.18319668 0.8240863057694022
106854738.15894248 0.8225268798216462
107495731.63590099 0.820982367815662
107945551.61973152 0.8204042502816127
108429108.10234934 0.8196652384259943
109115083.5776909 0.8182488541414769
109789813.5534367 0.8167980869574836
110464543.52918248 0.8155955672201965
111139273.50492828 0.8144941390737274
111814003.48067407 0.8131528387994221
112488733.45641987 0.8119882284124533
113163463.43216567 0.8108203854417839
113838193.40791146 0.8093415535846219
114524168.88325302 0.8079004841442071
115198898.85899882 0.8065346456550986
115873628.83474462 0.8054007447681458
116548358.81049041 0.8043067368685738
117223088.7862362 0.8030673363310116
117897818.761982 0.8018900160208818
118572548.73772779 0.8004180166688099
119247278.71347359 0.7990255828572886
119922008.68921939 0.797994095985862
120607984.16456094 0.7968848067917826
121282714.14030674 0.7955241110378438
121957444.11605254 0.7941014819975666
122632174.09179834 0.7928199844540126
126680553.9462731 0.786814585602833
127366529.42161466 0.7857679643855164
128041259.39736046 0.7845492817447731
128715989.37310626 0.7833299378991987
129390719.34885205 0.782050644389302
130065449.32459785 0.7811798314353265
130740179.30034363 0.7802555339769066
131414909.27608943 0.7789477349856051
132089639.25183523 0.7777614516147981
132764369.22758102 0.776864263750051
133450344.70292258 0.7756386016781698
134125074.67866838 0.7745794909418103
134799804.65441418 0.7730102203169049
135474534.63015997 0.7717503957496659
136149264.60590577 0.7708381470020528
136823994.58165157 0.7697317230464618
137498724.55739737 0.7685228850828677
138162209.0335474 0.7676076241556721
138825693.5096974 0.7665686435743244
139219285.99554914 0.7658820876806303
139376722.98988983 0.7657460989190766
139826542.97372034 0.7649336928081201
140501272.94946614 0.7638108120819308
141176002.92521194 0.7626737520893477
141850732.90095773 0.761167810646036
142525462.87670353 0.76054105747557
143200192.85244933 0.7594529269865455
143886168.3277909 0.7584334153553786
144560898.30353668 0.7572176714236706
145235628.27928248 0.7559575529892896
145910358.25502828 0.7548130727573326
146585088.23077407 0.7539105952163216
147259818.20651987 0.7527725801367193
147934548.18226567 0.7518380706664702
148609278.15801147 0.7507050513974944
149284008.13375726 0.7494828423096701
149801301.11516237 0.7486685260359598
150127420.6034395 0.7482536537876986
150633468.08524886 0.7475782649838251
151308198.06099463 0.7465451618228051
151982928.03674042 0.7455695104230511
152657658.01248622 0.7443455381098055
153332387.98823202 0.7434009635582892
154007117.9639778 0.7424110594193374
154693093.43931937 0.7412775993443822
155367823.41506517 0.7404405815435614
156042553.39081097 0.7393903604018461
156717283.36655676 0.7384244802094468
157392013.34230256 0.7374862238819803
158066743.31804836 0.7358456160958046
158741473.29379416 0.7349991209577805
159416203.26953995 0.733966825941181
160090933.24528575 0.7330758093616467
160776908.7206273 0.732069448452849
161451638.6963731 0.7310143784416013
162126368.6721189 0.7298584372421493
162801098.6478647 0.7294134432266514
163475828.6236105 0.7283474999919727
164150558.5993563 0.7271417476747466
164825288.57510206 0.7259052858477245
165500018.55084786 0.7250926593318976
166174748.52659366 0.7241248689790014
166860724.0019352 0.7229875151147626
167535453.977681 0.7221641623105802
168210183.9534268 0.7209773646662565
168884913.9291726 0.7200070029427662
169559643.9049184 0.7189481860773104
170234373.8806642 0.7181152824691391
170909103.85641 0.7173224922389252
171583833.8321558 0.7162506715861757
172258563.8079016 0.7152957380854975
172944539.28324315 0.7146079332353852
173338131.76909485 0.7138649541236973
173742969.75454235 0.7133997564833929
174372717.73190507 0.7123050873677051
174800046.7165441 0.7118250492463959
175272357.69956616 0.7111552439896897
175947087.67531192 0.7100798968860976
176621817.65105772 0.7091857211941622
177296547.62680352 0.7082376936593411
177971277.6025493 0.7073917127955862
178657253.07789087 0.7065317730642894
179331983.05363667 0.7052014929515
180006713.02938247 0.7042727874287747
180681443.00512826 0.7026458446392375
181356172.98087406 0.7018407118310748
182030902.95661986 0.7015823993068628
182705632.93236566 0.7006429674957823
183380362.90811145 0.6997727422828613
184055092.88385725 0.6991851474116086
184741068.3591988 0.6981732029548913
185415798.3349446 0.697091684562325
185809390.8207963 0.6963254161809674
186202983.30664802 0.6959149519970117
186877713.2823938 0.6949986625197728
187406251.76339468 0.6942460591350537
187946035.74399135 0.6936470767661007
188620765.71973714 0.6926712784312711
189295495.69548294 0.6919222014981468
189970225.6712287 0.6908035819034444
190644955.6469745 0.6899311526591232
191319685.6227203 0.6891130160636668
191735769.10776356 0.6883858325124801
192151852.5928068 0.6878458447276008
192545445.07865852 0.687417380950239
192950283.064106 0.6868554997826699
193625013.03985178 0.6859988660980973
194299743.01559758 0.6851074821801219
194974472.99134338 0.6843052146134566
195649202.96708918 0.6832588137934872
196323932.94283497 0.6825298670176315
196998662.91858077 0.6818895223188172
197673392.89432654 0.6809201156755754
198359368.3696681 0.6798443277660043
199034098.3454139 0.6790794552716265
199708828.3211597 0.6782625676273222
200383558.2969055 0.6773232827520694
201058288.27265128 0.6765715609808132
201733018.24839708 0.675659899969741
202407748.22414288 0.6747404513808533
202846322.70837766 0.6741870190011967
206366164.08185154 0.6697939428649244
207040894.05759734 0.6688675148411373
207715624.03334314 0.6681896281342076
208390354.00908893 0.6674351145897438
209065083.98483473 0.6663798241751304
209739813.96058053 0.6658561462250215
210414543.93632632 0.6645591469918701
211089273.91207212 0.6637900868373051
211764003.88781792 0.6630590094975868
212449979.36315948 0.6622597541074947
213124709.33890527 0.6614186221140246
213799439.31465107 0.6606691043741687
214474169.29039687 0.6596898530560344
215148899.26614267 0.6586996550461792
215823629.24188846 0.6578387602346338
216498359.21763426 0.6569822000183515
217173089.19338003 0.6562413514705263
217847819.16912583 0.6554204231011102
218533794.64446738 0.654610514890953
219208524.62021318 0.65362810446117
219883254.59595898 0.6528765296249893
220557984.57170478 0.6522671148385846
221232714.54745057 0.6514336234886062
221907444.52319637 0.6505451048113758
222582174.49894217 0.6491021986749927
223256904.47468796 0.6483806721392634
223931634.45043376 0.6475642253016906
224617609.92577532 0.646728970726291
225292339.90152112 0.645887618329455
225967069.8772669 0.6450943138249717
226641799.8530127 0.6441019852520061
227316529.8287585 0.6434254209637661
227991259.8045043 0.6425564447019974
228665989.7802501 0.6418331549408467
229340719.7559959 0.641120738403127
230026695.23133746 0.6401160672514604
230701425.20708326 0.6393438479844943
231376155.18282902 0.638505875103425
232050885.15857482 0.6378679548393767
232725615.13432062 0.6369571019734773
233400345.1100664 0.6363272631596526
233838919.5943012 0.635729235870948
234153793.58298257 0.6354272835179363
234704823.06317496 0.6347624005983002
235379553.03892076 0.6338507395879802
236065528.51426232 0.63292129938762
243498803.74706182 0.6442265130468171
244173533.72280762 0.6434922765946977
244848263.6985534 0.6425700362310979
245522993.6742992 0.6416232576481811
246197723.650045 0.640833038788561
246872453.6257908 0.639860619968746
247547183.6015366 0.6383418951392495
248221913.5772824 0.6379732340903821
248907889.05262396 0.6371985169211118
249582619.02836975 0.6364514970843124
250257349.00411555 0.6357476028027953
250932078.97986135 0.63491984193506
251606808.95560715 0.6338364133812446
252281538.93135294 0.6331682978824217
252956268.90709874 0.6322069726886511
253630998.88284454 0.6314310800357669
254305728.85859033 0.630661799477836
254991704.3339319 0.6298311733693553
255666434.30967766 0.6288882151074323
256341164.28542346 0.6280067493326391
256734756.7712752 0.6275533799960141
257128349.2571269 0.6272470195786972
257521941.7429786 0.6267289986440456
257926779.7284261 0.6261949617440228
258601509.7041719 0.6253325975779598
259276239.6799177 0.6244359974512582
259950969.6556635 0.6236200648872022
260625699.63140926 0.6227983283733657
261300429.60715505 0.6218034284298058
261975159.58290085 0.6212170825097052
262649889.55864665 0.6202438555447173
263324619.53439245 0.6193161785697783
264010595.009734 0.6185527754299183
264685324.9854798 0.6178432241336962
265360054.9612256 0.6170402218893961
266034784.9369714 0.6163127444680581
266709514.9127172 0.6154143443821664
267384244.888463 0.6146278723760022
268058974.8642088 0.613300273835866
268733704.83995456 0.6127259766228104
269419680.3152961 0.6118438129041511
270094410.2910419 0.6111254454800706
270769140.2667877 0.6104634278019321
271443870.2425335 0.6093949131966594
272118600.2182793 0.6087906778852115
272793330.1940251 0.6081154360164135
273468060.1697709 0.6074184844352749
274142790.1455167 0.6067649155458011
274817520.1212625 0.6060999224248582
275503495.59660405 0.6051083285287754
276178225.57234985 0.6043403703895343
276852955.54809564 0.6034388846595315
277527685.52384144 0.602820359875117
278202415.49958724 0.6020602627834859
278877145.47533303 0.6014068040953189
279551875.45107883 0.6006056018109612
280226605.4268246 0.5998902832979751
280901335.4025704 0.59918264216225
281587310.877912 0.5982181211223093
282262040.8536578 0.5975641481606253
282936770.8294036 0.5968197364281888
283611500.8051494 0.5960296645036444
284286230.7808952 0.5950506703226448
284679823.2667469 0.5944711201670942
284859751.2602791 0.5941015040379783
285320816.7437054 0.5939583521741854
285995546.7194512 0.5933698756902219
286670276.695197 0.5924218848891697
287356252.17053854 0.5917159335105756
288030982.14628434 0.5908118764099788
288705712.12203014 0.5901829926764025
289380442.09777594 0.5896957914521015
290055172.07352173 0.5888487820405603
290729902.04926753 0.588050444996948
291404632.0250133 0.5872297002971287
292079362.0007591 0.586830586876352
292754091.9765049 0.5860604614402318
293440067.4518465 0.5855126860760326
294114797.4275923 0.585006089372098
294789527.4033381 0.5841849038655472
295464257.3790839 0.5834267904027032
296138987.35482967 0.5829740822754231
296813717.33057547 0.5822496170306584
297488447.3063212 0.5813769673822192
298163177.282067 0.5807783156179386
298837907.2578128 0.5803130077763274
299523882.73315436 0.5794459416750556
300198612.70890015 0.5786921628074746
300873342.68464595 0.5777370456371995
301548072.66039175 0.5770566610279658
302222802.63613755 0.5762400305207961
302897532.61188334 0.5758774672933652
303572262.58762914 0.5749197052849582
304246992.56337494 0.57406571643927
304921722.53912073 0.5734076292849364
305607698.0144623 0.5729211994720393
306282427.9902081 0.5723172947652639
306957157.9659539 0.5716073026623104
307631887.9416997 0.5709539541754501
308306617.9174455 0.5704507002535134
308981347.8931913 0.5697677075399168
309656077.8689371 0.5691142488517498
310330807.8446829 0.5683522048651007
311005537.82042867 0.5677017583542593
311691513.2957702 0.5668950459902722
312366243.271516 0.5662178204926872
313040973.2472618 0.5655173424599538
313715703.2230076 0.5647583106498779
314390433.1987534 0.5641198026447749
314784025.6846051 0.5637002284620571
315177618.1704568 0.5632596792438812
315582456.1559043 0.5629976933329989
315976048.64175606 0.562607028700887
316650778.6175018 0.5618712494259598
317325508.5932476 0.5611002056426077
318000238.5689934 0.5605833234578015
318674968.5447392 0.5599718883088407
319169770.5269528 0.5594011910141654
319529626.5140172 0.5589350750273815
320080655.99420965 0.5585293862446679
320766631.4695512 0.5579802884617788
321441361.44529694 0.5571873145627203
322116091.42104274 0.5564812162490507
322790821.39678854 0.5558184271595081
323465551.37253433 0.555310397835577
324140281.34828013 0.554459421166462
324815011.3240259 0.553705642298881
325489741.2997717 0.5530949418275553
326175716.7751133 0.5524372954792008
326850446.7508591 0.5519194949471627
327525176.7266049 0.5513185656831917
328199906.7023507 0.5506132755146949
328874636.6780965 0.5501127031646589
329549366.6538423 0.5493752708656171
330224096.62958807 0.5488848737958985
330898826.60533386 0.5481385886359815
331573556.58107966 0.5475059947819659
332248286.55682546 0.546841148596851
332934262.032167 0.5462039997442065
333608992.0079128 0.5456120335424173
334283721.9836586 0.5449308040542419
334958451.9594044 0.5439977639355013
335633181.9351502 0.5437245741972678
336307911.910896 0.5428784096639161
336982641.8866418 0.542149132283388
337657371.8623876 0.541562712894997
338332101.8381334 0.5409766241120308
339018077.31347495 0.5402396693534895
339692807.28922075 0.5396084346526848
340367537.26496655 0.53898171821674
341042267.24071234 0.5384608687743598
341716997.21645814 0.5378356216929326
342391727.19220394 0.5371761019178503
343066457.16794974 0.5365653647127556
343741187.14369553 0.5358503033369042
344415917.11944133 0.5354002033139871
345101892.5947829 0.5348277795276594
345776622.5705287 0.5341025428714907
346451352.5462745 0.5333470742467786
347126082.5220203 0.532778470782197
347800812.4977661 0.532066164445784
348475542.4735118 0.5314233585776823
349150272.4492576 0.5308028868990019
349825002.4250034 0.5302686663301345
350499732.4007492 0.5295833961168472
351185707.87609076 0.5290048010415452
351860437.85183656 0.5284940901457134
352535167.82758236 0.5277649229657396
353209897.80332816 0.5272206005848451
353884627.77907395 0.5265892556827337
354559357.75481975 0.5258611170512986
355234087.73056555 0.5252715752850277
355908817.70631135 0.524744481085383
356583547.68205714 0.5241335969444604
357269523.1573987 0.523548499976264
357944253.1331445 0.5229416565597008
358618983.1088903 0.5222119751069625
359293713.0846361 0.5210540135449545
359968443.0603819 0.5209826029153942
360643173.0361277 0.5204054404608409
361317903.0118735 0.5198196822825472
361790213.9948955 0.519457963934058
362273770.4775134 0.5189635996067653
362948500.45325917 0.5182493463753343
363623230.42900497 0.5176426866291203
364297960.40475076 0.5171957089848355
364972690.38049656 0.5164826679715399
365647420.35624236 0.515719191364142
366322150.33198816 0.515067716304762
366996880.30773395 0.514638554583534
367682855.7830755 0.5139140893387693
368357585.7588213 0.51325578178107
369032315.7345671 0.5126059597458045
369707045.7103129 0.5119040858260911
370381775.6860587 0.5113557227200848
371056505.66180444 0.5107166637069436
371731235.63755023 0.5099430118192286
372405965.61329603 0.5091463645334996
373080695.5890418 0.5083132405219628
373766671.0643834 0.5071481525914843
374441401.0401292 0.5058334109028136
375116131.015875 0.5043622564259218
375790860.9916208 0.5030079891003489
376465590.9673666 0.5020433945936228
377140320.9431124 0.5009708392632383
377815050.9188582 0.5001043609037734
378489780.89460397 0.4990794126605148
379164510.87034976 0.497958552300643
379850486.3456913 0.4969576647369535
380525216.3214371 0.49583500441713924
381199946.2971829 0.4950185208457975
381874676.2729287 0.4944912797110772
382549406.2486745 0.4936711962206028
383224136.2244203 0.49284170886196743
383898866.2001661 0.4919278070857258
384573596.1759119 0.4912522713460244
385934301.62699926 0.49160884695407786
387351234.5760654 0.49167004556955207
390038908.97945285 0.49227281152648217
390713638.95519865 0.492168009815225
392063098.90669024 0.4919853323152819
392737828.88243604 0.49177477381251916
393423804.3577776 0.49124786328247133
394098534.3335234 0.49080011422753483
394773264.3092692 0.4901756385567592
395447994.285015 0.4897960675514441
396122724.2607608 0.4895705951008909
396797454.2365066 0.48919161183663057
397472184.2122524 0.48890802641471415
398146914.1879982 0.488541202059558
398821644.163744 0.4880098467321881
399507619.63908553 0.48750953151853454
400182349.6148313 0.4872281501287708
400857079.5905771 0.48690397378839695
401531809.5663229 0.48628442045544373
402206539.5420687 0.4858700624814518
402881269.5178145 0.48547116946404084
403555999.49356025 0.48474622667877576
404174501.97132725 0.484208406191528
404793004.44909424 0.48396239951149583
405467734.42484003 0.4834031999158274
405872572.4102875 0.48314393231136704
406041254.904224 0.48282522931610145
406491074.8880545 0.4825088038205263
407165804.8638003 0.482037875697979
407840534.8395461 0.48149505940537113
408515264.8152919 0.48098695661314983
409189994.7910377 0.4804541686650312
409875970.26637924 0.4798838754425661
410550700.24212503 0.4794065188939099
411225430.21787083 0.4788864041284123
411900160.1936166 0.4783564079535012
412574890.1693624 0.4778214159739821
413249620.1451082 0.4772769833910286
413924350.120854 0.4767930514811878
417983975.47492456 0.486818714491849
418658705.45067036 0.4862727390875923
419333435.42641616 0.48569116856873357
420008165.40216196 0.48515871122603965
420682895.37790775 0.4844535679926185
421357625.35365355 0.4838603895741984
422043600.8289951 0.48341554249377616
422718330.80474085 0.4827313742965654
423393060.78048664 0.4820643240792976
424067790.75623244 0.4815942775687087
424742520.73197824 0.4810721057068864
425417250.70772403 0.4802665688265134
426091980.68346983 0.47971769144699017
426766710.6592156 0.47904674743968634
427441440.6349614 0.4785441179933257
428127416.110303 0.47803377443593514
428802146.0860488 0.4773809034895751
429476876.0617946 0.47675910939145266
430151606.0375404 0.4760475377326748
430826336.0132862 0.4755226842989517
431501065.989032 0.4750564213763399
432175795.96477777 0.4743924200694143
432850525.94052356 0.4734975097005962
433525255.91626936 0.47323078512224054
434211231.3916109 0.4726376434368371
434885961.3673567 0.4720548239675788
435560691.3431025 0.4714671556280359
436145457.3220822 0.47094748166926986
436741468.80065763 0.4705052059594416
437135061.2865094 0.4700881296797801
437539899.27195686 0.4697186237519709
438214629.24770266 0.46917499931419016
438889359.22344846 0.46863258709454475
439564089.19919425 0.4682853418878668
440238819.17494005 0.4677011632653975
440913549.15068585 0.46693298472354305
441588279.12643164 0.4663601201312362
442263009.10217744 0.465917807687639
442937739.07792324 0.4652975564115721
443623714.5532648 0.46485733779806865
444298444.5290106 0.4643004524358597
444973174.5047564 0.463588072631909
445647904.4805022 0.4631486254298095
446322634.4562479 0.46265183666699833
446997364.4319937 0.46200113301902224
447672094.4077395 0.46154886569847364
448346824.3834853 0.46101923686275614
449032799.8588269 0.4605304193481095
449707529.8345727 0.4600532464682978
450382259.81031847 0.4593622457727677
450854570.79334056 0.45893374526163694
451326881.7763626 0.45848166160993287
452001611.7521084 0.45801135796296166
452676341.7278542 0.4574946594469999
453351071.7036 0.4569532757751408
454025801.6793458 0.4564611522130174
454700531.6550916 0.45605270839086526
455375261.6308374 0.45540295982313755
456049991.6065832 0.4547718720581608
456735967.08192474 0.45421483976012395
457410697.05767053 0.4537189326107757
458085427.03341633 0.45316542676358135
458760157.0091621 0.452643401837587
459434886.9849079 0.45212020142722614
460109616.9606537 0.4515897277125669
460784346.9363995 0.45122819303367445
461459076.9121453 0.45058329333623137
462133806.8878911 0.44999415564217077
462819782.3632327 0.44942371548463
463494512.33897847 0.44887616052304424
464169242.31472427 0.4484215422352673
464843972.29047006 0.4478728117908197
465518702.26621586 0.4473638273858878
466193432.24196166 0.4468310394377692
466868162.21770746 0.4462812069772452
467542892.1934532 0.4456949712584511
468217622.169199 0.44514253069356413
468903597.64454055 0.44464570519773644
469578327.62028635 0.44414193700077814
470253057.59603214 0.4435680071269162
470927787.57177794 0.442985003988061
471602517.54752374 0.44255995645948265
472176038.0269077 0.4422533756395523
472625858.0107382 0.4420097199267484
473311833.48607975 0.4412597246471446
473986563.46182555 0.44068983549764207
474661293.43757135 0.44030181570290977
475336023.41331714 0.4398467933429226
476010753.38906294 0.4392730104033839
476685483.36480874 0.43874896511483363
477360213.34055454 0.43836579419038596
478034943.31630033 0.4378771236115672
478709673.2920461 0.43723446467929344
479395648.7673877 0.43672761083897643
480070378.7431335 0.4360951639200364
480745108.7188793 0.43562243583829896
481419838.6946251 0.4351276307042749
482094568.6703709 0.43453404821289227
482769298.6461167 0.43399795421729687
483444028.6218625 0.43335301778533253
484118758.59760827 0.4327548802953212
484793488.57335407 0.4322062967859492
485479464.0486956 0.43170157350949484
489156742.4165102 0.4387509120098517
489561580.4019577 0.4383285093194052
490236310.3777035 0.4376940420386616
490911040.3534493 0.4371474054243077
491315878.33889675 0.4368471060946583
491720716.3243442 0.43663526190697466
492395446.30009 0.43583975337109093
493070176.2758358 0.4351473200548121
493744906.2515816 0.4345152037412968
494419636.2273274 0.4339244497576429
495094366.2030732 0.4332151188640343
495769096.178819 0.4324571523362659
496455071.65416056 0.43198593034206284
497129801.62990636 0.43096098209880424
497804531.60565215 0.43035373461003085
498479261.58139795 0.4298982714433122
499153991.55714375 0.4291441987048277
499828721.53288954 0.42853368190309876
500503451.50863534 0.42796147852013683
501178181.48438114 0.4270722618997926
501852911.46012694 0.42651875605259826
502538886.9354685 0.4257398879569096
503213616.9112143 0.4255104849825513
503888346.8869601 0.4247351800714741
504563076.8627059 0.42395484262126776
505237806.8384517 0.4234747310324206
505912536.8141975 0.4227321927267119
506587266.7899433 0.4220354248144178
507261996.7656891 0.4214393811545002
507936726.7414349 0.4207543313445787
508622702.21677643 0.4202362369416371
509297432.1925222 0.41966410702621293
509972162.168268 0.4191190867014523
510646892.14401376 0.4186301957200202
511321622.11975956 0.41821602141487285
511996352.09550536 0.4174145252596116
512671082.07125115 0.4166643463104109
513345812.04699695 0.41602150370929253
514020542.02274275 0.41546384693567967
514706517.4980843 0.4146737015435975
515381247.4738301 0.4145236437139474
516055977.4495759 0.41401936124347216
516730707.4253217 0.4132393543979383
517405437.4010675 0.4125266439885628
518080167.3768133 0.4118561775225117
518754897.3525591 0.4113041777636039
519429627.3283049 0.41097662190821543
520104357.3040507 0.4103987982443173
520790332.77939224 0.4094534890151658
521465062.75513804 0.4091236189255656
522083565.23290503 0.4086042388377031
522465912.219161 0.4081905053392872
522904486.7033957 0.40776391498865333
523590462.1787373 0.4072713873543197
524265192.1544831 0.40659265576920056
524939922.1302289 0.40596215574527855
525614652.1059747 0.40538154030742063
526289382.0817205 0.4050031080519508
526964112.05746627 0.4047111105751384
527638842.03321207 0.40397040896314107
528313572.00895786 0.4031625211155398
528988301.98470366 0.402713523108699
529674277.4600452 0.4022809818724566
530349007.435791 0.4021438910955788
531023737.4115368 0.4013531946962108
531698467.3872826 0.400681111939814
532373197.3630284 0.4000309225653549
533047927.3387742 0.39945262136095633
533722657.31452 0.39926156853988626
534397387.2902658 0.39867746338570703
535072117.2660116 0.3979666264038118
535758092.74135315 0.39754315843181015
536432822.71709895 0.3969911219391335
537107552.6928447 0.39624193480470243
537782282.6685905 0.3958887387124158
538457012.6443363 0.39534125721912017
539131742.6200821 0.3949945997542493
539806472.5958279 0.39450659038552777
540481202.5715737 0.3938531684311297
541155932.5473195 0.3933264415706787
541841908.0226611 0.39270321485180737
542516637.9984069 0.392238164147331
543191367.9741527 0.39171514740656693
543866097.9498985 0.3913347682553267
544540827.9256443 0.3908624442457996
545215557.9013901 0.3903204360983645
545890287.8771359 0.38984565091955
546565017.8528817 0.38915068296644595
547239747.8286275 0.3885782224463493
547925723.303969 0.3879783584646857
548600453.2797148 0.3874095713305072
549275183.2554606 0.3871844294846264
549949913.2312064 0.3866866856423192
550624643.2069522 0.3861883540574525
551299373.182698 0.38548071292172736
551974103.1584438 0.3850211355623592
552648833.1341896 0.3846172100050668
553323563.1099354 0.38426757709814396
554009538.585277 0.38362928949565434
554684268.5610228 0.3831913851156103
555358998.5367686 0.3827279507007271
556033728.5125144 0.3819730698170698
556708458.4882601 0.38155055692531664
557383188.464006 0.381070261667625
558057918.4397517 0.38058739503933925
558732648.4154975 0.38016043735026406
559407378.3912432 0.3797541975595123
560093353.8665848 0.37923022573849985
560768083.8423306 0.3785814322517729
561442813.8180764 0.3779876660907935
562117543.7938222 0.37760052790952414
562792273.769568 0.3773456683678645
563467003.7453138 0.3770026108221262
564141733.7210596 0.3764067140972842
564816463.6968054 0.3758077317283312
565491193.6725512 0.3754124386293005
566177169.1478927 0.3748416311333184
566851899.1236385 0.3744084286877311
567526629.0993843 0.3740461593312036
568201359.0751301 0.373513371383085
568876089.0508759 0.3732030804427152
569550819.0266217 0.37273935215692855
570225549.0023675 0.3723435080498597
570900278.9781133 0.3718714411767149
571473799.4574972 0.37143063482140437
571934864.9409236 0.3711405107720723
572508385.4203075 0.37069063115252093
573194360.8956491 0.37015472082652234
573869090.8713949 0.3697251917668531
574543820.8471407 0.369144759998592
575218550.8228865 0.36863529805315975
575893280.7986323 0.36820095685772714
576568010.7743781 0.3679117878886434
577242740.7501239 0.36742972940553054
577917470.7258697 0.3669795926488445
578603446.2012112 0.36652879468281363
579278176.176957 0.3659556362196032
579952906.1527028 0.3654947364415453
580627636.1284486 0.3649031743119662
581302366.1041943 0.36455919841974843
581943359.5811528 0.3641934393461474
582449407.0629622 0.3639115436821144
582989191.0435588 0.36349292458039734
583495238.5253682 0.36306313838359344
584012531.5067732 0.36275056994428556
584687261.482519 0.3624147122353078
585361991.4582648 0.3617502701224031
586036721.4340106 0.36126854224321037
586711451.4097564 0.3609117462325434
587386181.3855022 0.36047453979561317
588060911.361248 0.36000757893063995
588735641.3369938 0.35954443838666034
589421616.8123354 0.3590800121570076
590096346.7880812 0.35855905251256837
590771076.763827 0.35805212520396124
591445806.7395728 0.3578625050036399
592120536.7153186 0.3575777808318782
592795266.6910644 0.35725871049892355
593469996.6668102 0.35640990112744
594144726.642556 0.35592582228177116
594830702.1178975 0.3555280312796843
595505432.0936433 0.35488294791264435
596180162.0693891 0.3544186686188195
596854892.0451349 0.35406635413924353
597529622.0208807 0.35377865452467755
598204351.9966265 0.3529011192729371
598879081.9723723 0.3524611210627994
599553811.9481181 0.3520610525617743
600228541.9238639 0.35156900246718875
600914517.3992054 0.3509268210754153
601589247.3749512 0.3503225857639674
602263977.350697 0.34998709539343104
602938707.3264428 0.3496302993827642
603613437.3021886 0.3491813013759234
604288167.2779344 0.3487312013537586
604962897.2536802 0.34827930137165136
