1.0 0.9999999988281898
1551879.9442153296 0.9938990035644255
16485903.407388937 0.9585928010714024
23795478.144635055 0.945624192471341
28990898.95787768 0.9370561190987164
34220056.269907594 0.9288233026554885
38954411.59972393 0.9216398763127349
43688766.92954026 0.9146704923107962
45038226.88103185 0.9127187696454376
47737146.78401503 0.9088577782132041
49772582.21084818 0.9059813679379485
53146232.08957716 0.9012764078052504
53820962.06532295 0.9003443297076202
55631487.50024084 0.8978572859130204
61715302.78154876 0.8896411135277885
63076008.23263612 0.8878313945273786
66449658.111365095 0.883385570738357
67799118.06285669 0.8816230557576716
69159823.51394404 0.8798546911411474
69834553.48968983 0.8789810468355562
70509283.46543562 0.8781095133968566
72533473.39267302 0.8755073560576847
75918368.77099776 0.8711964057043387
79966748.62547253 0.8661039379682428
84026373.97954306 0.8610632247109653
84701103.95528886 0.8602315899445937
85375833.93103465 0.8594016711377688
86174264.40233384 0.8584217981366784
87523724.35382544 0.8567710298432494
92258079.68364178 0.8510314126150792
94282269.61087915 0.848601306373354
94956999.58662495 0.8477943665883586
95429310.56964701 0.8472304195704883
95631729.56237075 0.8469889565506799
95856639.55428602 0.846720824651131
96340196.03690383 0.8461449108465521
99713845.91563281 0.8421482577843062
101063305.86712441 0.8405598770326131
101749281.34246597 0.839754663449644
103773471.26970334 0.8373872099064498
104448201.24544914 0.8366008795486853
105797661.19694073 0.8350323986022745
107833096.62377389 0.8326770232459435
108507826.59951968 0.8318989680697558
109182556.57526547 0.8311222601936068
109857286.55101126 0.8303468919265636
112556206.45399445 0.82725866496188
113242181.92933601 0.8264770811416539
115266371.8565734 0.824178546544179
115941101.83231919 0.8234149273904305
120675457.16213553 0.8180921719501725
121350187.13788132 0.8173385398127098
122699647.0893729 0.815834923073229
124723837.0166103 0.8135885288341033
125398566.99235609 0.8128421160351262
126084542.46769765 0.8120844760197954
126759272.44344345 0.8113404438551739
128108732.39493504 0.8098558908419996
128783462.37068084 0.8091153592959321
129458192.34642662 0.8083759840302456
130132922.32217242 0.8076377598519927
131482382.27366401 0.8061647442861605
133517817.70049717 0.8039515281115645
134192547.67624296 0.8032201233493619
134867277.65198874 0.8024898348714115
136891467.57922614 0.8003056200062307
138252173.0303135 0.7988429022784951
138926903.0060593 0.7981192318704968
139601632.9818051 0.7973966455579071
140276362.95755088 0.7966751389478421
140951092.93329668 0.7959547076934796
141625822.90904248 0.795235347493276
142547953.87589505 0.7942539463002078
143222683.85164085 0.793537104047962
145258119.278474 0.7913810163843848
145932849.2542198 0.7906683945797596
146607579.2299656 0.7899568133993906
147282309.2057114 0.7892462688928077
148631769.157203 0.7878282742921026
149992474.60829034 0.786402614625474
150386067.09414205 0.7859910066411337
150779659.57999375 0.7855797441229396
152129119.53148535 0.7841723138340277
152803849.50723115 0.7834701091347924
153478579.48297694 0.7827689065648146
154839284.9340643 0.781357848436634
155514014.9098101 0.7806596473784077
157515713.83785596 0.7785941171602513
158190443.81360176 0.7778998146935491
159551149.26468912 0.7765025985818693
160214633.74083915 0.7758227404470032
160878118.21698916 0.7751438149247862
161552848.19273496 0.7744543354621976
162227578.16848075 0.7737658140796582
166287203.5225513 0.7696432558248153
166961933.4982971 0.7689613686696363
167636663.4740429 0.7682804147385314
168311393.4497887 0.7676003910453305
168986123.4255345 0.7669212946280499
171021558.85236764 0.7648782753312464
171696288.82811344 0.7642028741068025
173720478.7553508 0.7621821357822262
175069938.7068424 0.7608395033958213
175744668.6825882 0.7601695368762357
176419398.658334 0.7595004665101895
177105374.13367555 0.7588211608742615
177780104.10942134 0.7581538895716092
178454834.08516714 0.7574875063511647
179804294.03665873 0.7561573936339828
180479024.01240453 0.7554936589242244
181153753.98815033 0.7548308018701343
181828483.96389613 0.7541688199125245
182503213.93964192 0.7535077105107036
183863919.39072928 0.7521771171077858
185213379.34222087 0.7508609948386334
185888109.31796667 0.7502042250511911
187237569.26945823 0.7488932559992161
187912299.24520403 0.748239051916807
190622464.64778298 0.7456198766294534
191297194.62352878 0.7449699152520156
191971924.59927458 0.7443207926015933
192646654.57502037 0.743672506389358
193321384.55076617 0.7430250543416498
193782450.03419247 0.7425831073736432
194232270.01802298 0.7421523132722153
194906999.99376878 0.7415068126466704
196942435.42060193 0.7395645517139283
197617165.39634773 0.7389223581601951
198966625.34783933 0.7376404224968174
199641355.32358512 0.7370006760937443
200316085.29933092 0.7363617411366321
201002060.77467248 0.7357129869300869
201676790.75041828 0.735075681974623
203700980.67765567 0.7331685894907747
204375710.65340146 0.7325344925858376
205050440.62914726 0.7319011925714806
205725170.60489306 0.7312686874236534
206399900.58063883 0.730636975130453
207085876.0559804 0.7299955450236405
207760606.03172618 0.7293654255829132
208435336.00747198 0.7287360929998288
209110065.98321778 0.7281075453099589
210459525.93470937 0.7268527968095264
211134255.91045517 0.7262265921271208
211808985.88620096 0.7256011645940017
212483715.86194676 0.7249765123020324
213169691.33728832 0.7243422419126962
213844421.31303412 0.7237191472638216
215193881.2645257 0.7224752647526481
215868611.2402715 0.7218544731707506
216543341.2160173 0.7212344455755635
217892801.1675089 0.7199966750195119
218567531.1432547 0.7193789284209786
219253506.61859626 0.7187516617696174
219928236.59434205 0.7181354393661683
220602966.57008785 0.7175199700658427
221277696.54583362 0.7169052520941058
221952426.5215794 0.7162912836859575
222627156.4973252 0.7156780630858377
223020748.98317695 0.7153206957162094
223223167.97590068 0.7151370055236983
224370208.93466854 0.7140973587554665
225056184.4100101 0.713476633879094
225730914.38575587 0.7128668308468054
226405644.36150166 0.712257765961554
227755104.31299326 0.7110418438587549
228429834.28873906 0.7104349832763204
229104564.26448485 0.7098288541109814
229779294.24023065 0.7092234547017378
230454024.21597645 0.7086187833960168
231814729.6670638 0.7074015709910634
232489459.6428096 0.7067990862031088
233164189.6185554 0.7061973229641857
233838919.5943012 0.7055962796628291
234513649.570047 0.7049959546955404
235188379.5457928 0.7043963464667111
235829373.0227513 0.7038273810820554
236470366.49970978 0.7032590597659704
237145096.47545558 0.7026615211274172
237819826.45120138 0.702064693078503
239180531.90228873 0.7008632449847149
239855261.87803453 0.7002685511393197
240529991.85378033 0.6996745616707238
241204721.82952613 0.6990812750505773
241879451.80527192 0.6984886897577405
242554181.78101772 0.6978968042782199
243228911.75676352 0.697305617105105
243903641.73250932 0.6967151267385066
244589617.20785087 0.6961155076503226
245264347.18359667 0.6955264179761059
246613807.13508826 0.6943503141266643
247288537.11083406 0.6937632970135532
247963267.08657983 0.6931769678274002
248637997.06232563 0.6925913251158868
249312727.03807142 0.6920063674332446
249987457.01381722 0.6914220933401954
250673432.48915878 0.6908287806428789
251348162.46490458 0.6902458807703351
252022892.44065037 0.6896636601843429
252697622.41639617 0.689082117471154
253372352.39214197 0.6885012512232421
257431977.7462125 0.6850205731646237
257825570.23206422 0.684684399595645
258230408.21751168 0.6843388574827333
258905138.19325748 0.6837634859379533
259591113.66859904 0.6831792053460639
260040933.65242958 0.682796442316377
260490753.63626012 0.6824139733021793
260996801.11806947 0.6819840466079038
261514094.09947458 0.6815449494912837
262188824.07522038 0.6809727958135853
262863554.05096617 0.6804012994330707
263538284.02671194 0.6798304590300324
264213014.00245774 0.6792602732902233
264898989.4777993 0.6786812542263242
265573719.4535451 0.6781123847483647
266248449.4292909 0.6775441660016402
266923179.4050367 0.6769765966934094
267597909.38078249 0.6764096755361816
268272639.35652828 0.675843401247676
268947369.3322741 0.675277772550781
269622099.3080199 0.6747127881735165
270296829.2837657 0.6741484468489921
270982804.75910723 0.6735753577533737
271657534.734853 0.6730123094187809
272332264.7105988 0.6724499003455986
273006994.6863446 0.6718881292870019
273681724.6620904 0.6713269950010657
274356454.6378362 0.6707664962507309
275031184.613582 0.6702066318037667
275705914.5893278 0.6696474004327342
276380644.5650736 0.669088800914953
276830464.5489041 0.6687167516643623
277291530.0323304 0.6683356916865111
277966260.0080762 0.6677785722379808
278640989.983822 0.6672220805809329
279315719.9595678 0.6666662155129798
279990449.9353136 0.6661109758363073
280665179.9110594 0.6655563603576429
281339909.8868052 0.665002367888224
282014639.862551 0.6644489972437626
282689369.8382968 0.6638962472444168
283364099.81404257 0.6633441167147569
284050075.2893841 0.6627834178449304
284724805.2651299 0.6622325330215212
285399535.2408757 0.6616822641483376
285973055.72025967 0.6612150190319114
286546576.19964355 0.6607482173940389
287221306.17538935 0.6601996058142126
287896036.15113515 0.6596516059211404
288570766.12688094 0.6591042165724169
289245496.10262674 0.6585574366297864
289920226.07837254 0.6580112649591169
290594956.05411834 0.6574657004303686
291280931.5294599 0.6569116644035953
291955661.5052057 0.6563673208568936
292630391.4809515 0.6558235810676829
293305121.4566973 0.6552804439220886
293979851.4324431 0.6547379083101932
294654581.4081889 0.6541959731260074
295329311.3839347 0.6536546372674471
296004041.3596805 0.6531138996363034
296678771.3354263 0.6525737591382207
297364746.8107678 0.652025227318687
298039476.7865136 0.6514862877256806
298714206.7622594 0.6509479419875042
299388936.7380052 0.6504101890250175
300063666.713751 0.6498730277628049
300738396.6894968 0.6493364571291539
301413126.6652426 0.648800476056029
302087856.6409884 0.648265083479048
302762586.6167342 0.6477302783374604
303448562.09207577 0.6471871608899867
304123292.06782156 0.6466535371978406
304798022.04356736 0.6461204977629115
305472752.01931316 0.6455880415387968
306147481.99505895 0.6450561674826087
306822211.97080475 0.6445248745549522
307496941.94655055 0.6439941617199041
308171671.92229635 0.6434640279449894
308857647.3976379 0.6429256511634598
309532377.3733837 0.6423966820331662
310207107.3491295 0.6418682888690543
310881837.3248753 0.6413404706522889
311556567.3006211 0.640813226367377
312231297.2763669 0.6402865550021485
312906027.2521127 0.639760455547735
313580757.2278585 0.6392349269985496
314255487.2036042 0.6387099683522672
314941462.6789458 0.6381768435949668
315616192.6546916 0.6376530312171766
316290922.6304374 0.6371297857381695
316965652.6061832 0.6366071061685228
317640382.58192897 0.6360849915219791
318315112.55767477 0.635563440815425
318989842.53342056 0.6350424530688733
319664572.50916636 0.6345220273054458
320339302.48491216 0.634002162551352
321025277.9602537 0.6334742074965383
321700007.9359995 0.6329554711616768
322374737.9117453 0.6324372929170821
323049467.8874911 0.631919671801191
323443060.3733428 0.6316179830540727
323836652.8591945 0.6313164833694365
324511382.8349403 0.6308000660813057
325197358.3102819 0.6302756098659652
325872088.28602767 0.6297603090467809
326546818.26177347 0.6292455604198747
327221548.23751926 0.628731363041953
327896278.21326506 0.6282177159726161
328571008.18901086 0.6277046182743422
333305363.5188272 0.6241197552468387
333980093.494573 0.6236110281313891
334654823.4703188 0.6231028420609581
335329553.4460646 0.6225951961259678
336004283.4218104 0.6220880894195453
336679013.3975562 0.6215815210375069
337364988.87289774 0.6210670607770693
338039718.84864354 0.6205615752764048
338714448.82438934 0.6200566253886551
339389178.80013514 0.6195522102202957
339850244.2835614 0.619207833601417
340052663.2762852 0.619056722533138
340468746.7613284 0.6187462559445216
341143476.7370742 0.6182432268836218
341829452.21241575 0.6177323588862172
342504182.18816155 0.6172304008288501
343178912.16390735 0.6167289725204776
343853642.13965315 0.6162280730846352
344528372.11539894 0.6157277016473831
345203102.09114474 0.6152278573372956
345877832.06689054 0.6147285392854469
346552562.04263633 0.6142297466253963
347227292.01838213 0.6137314784931779
347913267.4937237 0.6132254427179087
348587997.4694695 0.6127282297654743
349262727.4452153 0.6122315387494282
349937457.4209611 0.6117353688156094
350612187.3967069 0.6112397191122679
351286917.3724527 0.6107445887900492
351680509.8583044 0.6104560022849344
352085347.84375185 0.6101593543540117
352760077.81949764 0.6096653550738305
353434807.79524344 0.6091718724868179
354109537.77098924 0.6086789057535174
354784267.74673504 0.608186454036806
355458997.72248083 0.607694516501884
356133727.69822663 0.6072030923162628
356808457.6739724 0.6067121806497529
357483187.6497182 0.6062217806744531
357888025.6351657 0.6059277859574996
358292863.62061316 0.6056339749741705
358978839.0959547 0.6051365475123489
359653569.0717005 0.6046477878892146
360328299.0474463 0.6041595364912116
361003029.0231921 0.6036717925021902
361677758.9989379 0.60318455510822
362352488.9746837 0.6026978234975771
363038464.45002526 0.6022034973571032
363713194.42577106 0.6017177832826677
364387924.40151685 0.601232572556125
365062654.37726265 0.6007478643745107
365737384.35300845 0.6002636579370133
366412114.32875425 0.599779952444966
367086844.30450004 0.5992967471018352
367761574.28024584 0.5988140411132099
368436304.25599164 0.5983318336867929
369122279.7313332 0.5978420997508925
369797009.707079 0.5973608953567999
370471739.6828248 0.5968801871475173
371146469.6585706 0.5963999743391328
371821199.6343164 0.5959202561497988
372495929.6100622 0.5954410317997207
373170659.585808 0.5949623005111472
373845389.5615538 0.5944840615083621
374520119.5372996 0.5940063140176737
375206095.01264113 0.5935211071415099
375880824.9883869 0.5930443485216614
376555554.9641327 0.5925680790921111
377230284.9398785 0.5920922980872065
377905014.9156243 0.5916170047432727
378579744.89137006 0.5911421982986038
379254474.86711586 0.5906678779934543
379929204.84286165 0.59019404307003
380615180.3182032 0.5897128077024145
381289910.293949 0.5892399493349738
381964640.2696948 0.5887675740749767
382639370.2454406 0.588295681172378
383314100.2211864 0.5878242698790381
383988830.1969322 0.5873533394487175
384663560.172678 0.5868828891370669
385338290.1484238 0.5864129182016176
386013020.1241696 0.5859434259017756
386698995.59951115 0.5854665986367443
387115079.0845544 0.5851776158878637
387542408.0691934 0.58488101148425
387936000.5550451 0.5846079922173214
388340838.5404926 0.5843273413080179
389015568.5162384 0.5838599700044326
389690298.4919842 0.5833930733327809
390365028.46773 0.5829266505643536
391039758.4434758 0.5824607009722552
391714488.4192216 0.581995223831395
392400463.89456314 0.5815224723207354
393075193.87030894 0.5810579457582628
393749923.84605473 0.5805938894705255
394424653.82180053 0.5801303027396036
395099383.7975463 0.5796671848493439
395774113.7732921 0.5792045350853497
396448843.7490379 0.5787423527349776
397123573.7247837 0.5782806370873267
397798303.7005295 0.5778193874332317
398484279.1758711 0.577350927263776
399159009.1516169 0.5768906152132436
399833739.12736267 0.5764307670273967
400508469.10310847 0.57597138200397
401183199.07885426 0.5755124594423977
401857929.05460006 0.5750539986438067
402532659.0303458 0.5745959989110093
403207389.0060916 0.5741384595484952
403882118.9818374 0.5736813798624271
404568094.45717895 0.5732171527002823
405242824.43292475 0.5727609979246302
405917554.40867054 0.5723053007424013
406592284.38441634 0.5718500604664014
407267014.36016214 0.5713952764110736
407941744.33590794 0.5709409478924911
408616474.31165373 0.5704870742283505
409291204.28739953 0.5700336547379664
409752269.77082586 0.5697240789497913
410202089.7546564 0.5694222576564621
410876819.7304022 0.5689699028042341
411551549.70614797 0.5685179998571613
412237525.1814895 0.5680590277653575
412912255.1572353 0.5676080341126297
413586985.1329811 0.5671574903374519
414261715.1087269 0.5667073957708498
414936445.0844727 0.5662577497454139
415611175.0602185 0.5658085515952903
416285905.0359643 0.5653598006561766
416960635.0117101 0.5649114962653161
417635364.9874559 0.5644636377614893
418321340.46279746 0.5640087713653831
418996070.43854326 0.5635618100620099
419670800.41428906 0.5631152926602537
420345530.39003485 0.5626692185050154
421020260.36578065 0.562223586942703
421694990.3415264 0.5617783973212289
422088582.82737815 0.5615189072073232
422493420.8128256 0.5612521596124102
423168150.7885714 0.5608079326362462
423842880.7643172 0.5603641455350439
424517610.740063 0.5599207976629383
425192340.7158088 0.5594778883755365
425867070.6915546 0.5590354170299132
426541800.6673004 0.5585933829846048
427227776.14264196 0.5581444293390302
427902506.11838776 0.5577032752374043
428577236.09413356 0.5572625565098073
429251966.06987935 0.5568222725205898
429926696.04562515 0.556382422635536
430601426.02137095 0.5559430062218577
431276155.9971167 0.5555040226481901
431950885.9728625 0.5550654712845862
432625615.9486083 0.5546273515025104
433311591.42394984 0.5541823715086166
433986321.39969563 0.5537451201764665
434661051.37544143 0.553308298538267
435335781.3511872 0.552871905971102
436010511.326933 0.5524359418534424
436685241.3026788 0.5520004055651392
437359971.2784246 0.5515652964874196
438034701.2541704 0.5511306140028813
438709431.2299162 0.5506963574954875
439395406.7052578 0.5502552994317508
440070136.6810036 0.5498219001099383
440744866.65674937 0.5493889249151158
441419596.63249516 0.5489563732366824
442094326.60824096 0.5485242444653771
442769056.58398676 0.548092537993275
443443786.55973256 0.5476612532137822
444118516.53547835 0.5472303895216307
444793246.51122415 0.546799946312875
445479221.9865657 0.5463627594833153
446153951.9623115 0.5459331624176775
446828681.9380573 0.545503984021489
447503411.9138031 0.5450752236960632
448178141.8895489 0.5446468808440124
448852871.8652947 0.5442189548692413
449527601.8410405 0.5437914451769434
450202331.8167863 0.5433643511735969
450877061.7925321 0.542937672266959
451563037.26787364 0.5425043069678046
452237767.24361944 0.5420784633765626
452912497.21936524 0.541653033103136
453587227.19511104 0.5412280155603767
454261957.17085683 0.5408034101623928
454936687.14660263 0.5403792163245453
455611417.1223484 0.5399554334634442
456286147.0980942 0.5395320609969425
456960877.07384 0.5391090983441331
457646852.5491816 0.5386795058321909
458321582.5249274 0.5382573678750164
458996312.5006732 0.5378356379865992
459671042.4764189 0.5374143155909689
460345772.4521647 0.5369934001133728
461020502.4279105 0.5365728909802736
461695232.4036563 0.5361527876193425
462369962.3794021 0.5357330894594581
463730667.83048946 0.5348879283933107
465080127.78198105 0.5340513728096805
465754857.75772685 0.5336336988313899
466429587.73347265 0.5332164266431181
467779047.68496424 0.532383085386704
468453777.66071004 0.5319670151965277
469128507.63645583 0.5315513445522951
