1.0 0.9999999984034122
2249100.9191526514 0.9931557601170546
2698920.902983182 0.9918709315329185
4093362.852857826 0.9880791357302062
4498200.838305303 0.9870223433935953
5971361.28535029 0.9833057974554994
6432426.7687765835 0.9821780072522498
10885644.608698834 0.971900232944247
11290482.594146311 0.9710090843630309
11762793.577168368 0.9699766988216505
12043931.067062449 0.969365762274483
12516242.050084507 0.968345157821655
14551677.476917656 0.9640226936235835
15226407.452663451 0.9626145664011739
15901137.428409247 0.9612176462332994
16575867.404155042 0.9598313653745408
17250597.37990084 0.9584552079688291
17925327.355646633 0.957088703655443
18600057.33139243 0.9557314221515303
19286032.80673399 0.9543605670921315
19960762.78247978 0.9530207164091944
20635492.75822558 0.9516889898078713
21310222.733971376 0.9503650776101236
21984952.70971717 0.9490486926812878
22659682.685462967 0.9477395681968329
23334412.66120876 0.9464374556849213
24009142.636954557 0.945142123304296
24695118.112296116 0.9438319292732725
25369848.08804191 0.942549625086013
26044578.063787706 0.9412734878567983
26528134.546405528 0.940362616400113
26865499.534278423 0.9397289126333304
31442417.86975407 0.9312669679203873
32117147.845499866 0.9300393953858151
32791877.82124566 0.928816589983583
33466607.796991456 0.9275984484297662
34141337.77273725 0.9263848723348538
34816067.74848305 0.9251757678805923
35490797.724228844 0.9239710455236299
36165527.69997464 0.9227706197233163
36840257.67572043 0.9215744086912875
37526233.15106199 0.9203625008659091
38133490.12923321 0.9192931689005437
38751992.60700019 0.9182073609962806
39426722.582745984 0.9170266096910448
40101452.55849178 0.9158497238535398
40787428.03383334 0.9146571199585108
41462158.00957913 0.9134878374466421
42136887.98532493 0.9123222348303467
42811617.961070724 0.9111602552223926
43486347.93681652 0.910001843834821
44161077.91256232 0.9088469478685741
44835807.88830811 0.9076955164104517
45510537.864053905 0.9065475003367995
46196513.33939546 0.905383803025875
46871243.31514126 0.9042425320535494
47545973.29088706 0.9031045382339148
48220703.26663285 0.9019697787794023
48895433.242378645 0.900838212293465
49570163.21812444 0.8997097987051866
50244893.19387024 0.8985844992077718
50919623.169616036 0.8974622762006534
54394482.54470688 0.8917302140026382
55069212.52045268 0.8906261497296657
55743942.49619847 0.8895249237989856
56418672.471944265 0.8884265066575169
57104647.94728582 0.8873126323332784
57779377.92303162 0.8862197929400172
58454107.89877742 0.885129677939941
59499939.3611834 0.8834453220113485
60174669.336929195 0.8823620358433937
60849399.31267499 0.8812813830189149
61524129.28842079 0.8802033393494386
62210104.76376235 0.8791099787151918
62884834.73950814 0.8780371256728604
63559564.715253934 0.8769668123437202
64234294.69099973 0.8758990168063692
64909024.66674553 0.8748337176531853
65583754.64249132 0.8737708939719923
66258484.618237115 0.8727105253285581
66933214.59398291 0.8716525917498888
67607944.5697287 0.8705970737082592
68293920.04507026 0.8695264202754507
68968650.02081606 0.8684757159034978
69643379.99656186 0.8674273707064042
70318109.97230765 0.8663813667978099
70992839.94805345 0.8653376866664666
71667569.92379925 0.8642963131639957
72342299.89954504 0.8632572294931575
73017029.87529084 0.8622204191966126
73500586.35790865 0.8614787612615733
73972897.34093072 0.8607554648066781
74366489.82678242 0.8601535545322804
74546417.82031465 0.8598786480039614
75018728.8033367 0.8591577693427558
75693458.77908249 0.8581298209503204
76368188.75482829 0.8571040688739707
76930463.73461644 0.8562509426489003
77279074.2220851 0.8557227615896039
77560211.7119792 0.8552972296670164
77908822.19944786 0.8547700899169042
78426115.18085296 0.8539889392881376
79100845.15659876 0.8529719353876072
79663120.13638692 0.8521260560466788
80214149.61657932 0.8512985186236867
80888879.59232512 0.8502871171875144
81563609.56807092 0.8492778060134928
82249585.04341248 0.8482538026734197
82924315.01915826 0.8472486683621279
86972694.87363304 0.8412605490126799
87647424.84937884 0.8402695352141059
88322154.82512464 0.8392804933143581
89008130.3004662 0.8382769777240696
89682860.27621198 0.8372918798161175
90357590.25195777 0.8363087217370246
91032320.22770357 0.8353274931778961
91707050.20344937 0.834348183983425
92381780.17919517 0.8333707841480458
93056510.15494096 0.8323952838122164
93731240.13068676 0.8314216732588218
94405970.10643256 0.8304499429096891
95091945.58177412 0.8294639347920645
95766675.55751991 0.8284959676020207
96441405.5332657 0.8275298525302693
97116135.50901149 0.8265655805238332
97790865.48475729 0.8256031426528087
98465595.46050309 0.8246425301074911
99140325.43624888 0.8236837341955893
99815055.41199468 0.8227267463395277
100489785.38774048 0.8217715580738247
101175760.86308204 0.8208022862206446
101850490.83882783 0.8198507018221187
102525220.81457363 0.8189008921302035
103199950.79031941 0.8179528491048368
103874680.76606521 0.8170065648060499
104549410.741811 0.816062031391781
105224140.7175568 0.8151192411157531
105865134.19451532 0.8142251979642323
106303708.67875008 0.813614383335276
106776019.66177213 0.8129573972263914
107450749.63751793 0.812020305507177
108136725.11285949 0.8110693494330817
108811455.08860528 0.8101357005194993
109486185.06435108 0.8092037478997656
110160915.04009688 0.8082734844693173
110835645.01584268 0.8073449032038995
111510374.99158847 0.8064179971579376
112185104.96733427 0.8054927594629511
112859834.94308005 0.8045691833260133
113534564.91882585 0.8036472620282505
114209294.89457165 0.8027269889233788
114726587.87597676 0.8020225582934593
115232635.3577861 0.8013343722220068
115907365.3335319 0.8004182181291858
116593340.80887346 0.7994884610016751
117110633.79027857 0.7987884397567708
117616681.27208792 0.7981045544161294
118291411.24783371 0.7971941151127323
118977386.72317527 0.7962701453701647
119652116.69892107 0.7953629330830474
120326846.67466687 0.794457311814716
121001576.65041266 0.793553275576349
121676306.62615846 0.7926508184378755
122351036.60190424 0.7917499345269111
123025766.57765004 0.790850618027712
123700496.55339584 0.7899528631801632
124386472.0287374 0.7890417407804889
125061202.0044832 0.7881471179641313
125735931.98022899 0.7872540397501748
126410661.95597479 0.7863625005921974
127085391.93172058 0.7854724949946679
127760121.90746638 0.7845840175120686
128434851.88321218 0.7836970627480415
129109581.85895796 0.7828116253545482
129784311.83470376 0.7819277000310565
130459041.81044956 0.7810452815237406
131077544.28821653 0.7802377171394719
131572346.27043012 0.7795925714303964
132134621.25021829 0.7788604258657182
132820596.72555985 0.7779686081420405
133495326.70130564 0.7770929065052012
134170056.67705144 0.7762186835894436
134788559.15481842 0.7754186073545843
135137169.64228708 0.7749681995617754
135530762.12813878 0.7744601451660176
136205492.10388458 0.7735903531250675
136891467.57922614 0.7727075602125038
137386269.56143972 0.7720717249078581
137892317.04324907 0.771422245695956
138578292.51859063 0.7705431397113718
139253022.49433643 0.7696798996244445
139927752.47008222 0.7688180971433206
140602482.44582802 0.7679577276316608
141277212.42157382 0.7670987864892403
141951942.3973196 0.7662412691514062
142626672.3730654 0.7653851710885422
143312647.84840697 0.7645162550450414
143987377.82415277 0.7636630055485347
144662107.79989856 0.7628111618697044
145168155.2817079 0.7621731990339221
145674202.76351726 0.7615360226565746
146348932.73926303 0.7606876743690926
147023662.71500883 0.7598407166614775
147698392.69075462 0.7589951452515166
148091985.17660636 0.758502533770471
148496823.16205382 0.7579963374178786
149171553.13779962 0.7571537780257487
149846283.11354542 0.7563125915033752
150521013.08929121 0.7554727736950507
151195743.065037 0.7546343204742229
151870473.0407828 0.7537972277430909
152545203.0165286 0.7529614914322155
153219932.9922744 0.7521271075001286
153905908.46761596 0.7512801994077433
154580638.44336176 0.7504485305915221
155255368.41910756 0.7496182021280074
155930098.39485332 0.7487892100843501
156323690.88070506 0.7483062470036965
156616073.87019488 0.7479477674955489
157178348.84998307 0.7472590847418848
157853078.82572886 0.7464338801487289
158539054.30107042 0.7455962768649687
159213784.27681622 0.7447737334312878
159888514.25256202 0.7439525038603779
160563244.2283078 0.7431325843922181
161237974.2040536 0.7423139712907024
161912704.17979938 0.7414966608433379
162587434.15554518 0.7406806493609468
163262164.13129097 0.739865933177379
163936894.10703677 0.7390525086492229
164622869.58237833 0.7382268474392877
165297599.55812413 0.7374160167581856
170020709.3883447 0.7317758667855042
170706684.86368626 0.730961850057915
171381414.83943206 0.7301624412153782
172056144.81517786 0.7293642818711945
172730874.79092366 0.728567368654448
173405604.76666945 0.727771698213455
174080334.74241525 0.7269772672155427
174755064.71816105 0.7261840723468346
175429794.6939068 0.7253921103120405
176104524.6696526 0.7246013778342466
176790500.14499417 0.7237987235893767
177465230.12073997 0.7230104608242711
178139960.09648576 0.7222234178400956
178814690.07223156 0.7214375914317277
179489420.04797736 0.7206529784114302
180164150.02372316 0.7198695756086628
180838879.99946895 0.7190873798698983
181513609.97521475 0.7183063880584402
182188339.95096055 0.7175265970542425
182874315.4263021 0.7167350373283333
183549045.4020479 0.7159576585284573
184223775.3777937 0.7151814712228165
184898505.3535395 0.7144064723565011
185573235.3292853 0.7136326588903975
186247965.3050311 0.7128600278010245
186922695.2807769 0.7120885760803737
187597425.2565227 0.7113183007357522
188283400.73186424 0.710536390348257
188958130.70761004 0.7097684783203515
189632860.6833558 0.7090017337317437
190307590.6591016 0.708236153649716
190982320.6348474 0.7074717351561126
191657050.6105932 0.706708475347194
192331780.586339 0.7059463713334964
193006510.5620848 0.7051854202396922
193681240.5378306 0.7044256192044529
194367216.01317215 0.703654330853181
195041945.98891795 0.7028968404554337
195716675.96466374 0.7021404915680303
196391405.94040954 0.7013852813845308
197021153.9177723 0.7006814434463727
197650901.89513502 0.69997859275211
198325631.8708808 0.6992266314186363
199000361.8466266 0.698475798061899
199675091.8223724 0.6977260899392194
200091175.30741566 0.6972643296407118
200271103.30094787 0.697064781557367
200720923.2847784 0.6965662597128224
201395653.26052418 0.695819408610138
202070383.23626998 0.6950736731071547
202745113.21201578 0.6943290505182618
203431088.68735734 0.6935731556886396
204105818.66310313 0.6928307693570787
204780548.63884893 0.6920894879116586
205455278.61459473 0.6913493087152303
206130008.59034052 0.6906102291424421
206804738.56608632 0.689872246579638
207479468.54183212 0.6891353584247534
208154198.51757792 0.6883995620872162
208828928.4933237 0.6876648549878466
209514903.96866527 0.6869190167435428
210189633.94441107 0.686186498475011
210864363.92015687 0.6854550617321548
211539093.89590266 0.6847247039805799
212213823.87164843 0.6839954226968056
212888553.84739423 0.6832672153681741
213563283.82314003 0.6825400794927593
214238013.79888582 0.6818140125792782
214912743.77463162 0.6810890121470035
215598719.24997318 0.6803530191191657
216273449.22571898 0.6796301619206413
216948179.20146477 0.678908363782867
217622909.17721057 0.6781876222666473
218297639.15295637 0.6774679349429173
218972369.12870216 0.6767492993926618
219647099.10444796 0.6760317132068343
220321829.08019376 0.6753151739862788
220996559.05593956 0.67459967934165
221682534.5312811 0.6738733281687402
222357264.5070269 0.673159932857207
223031994.4827727 0.6724475749724095
223706724.4585185 0.6717362521636434
224224017.4399236 0.6711916041908329
224538891.428605 0.6708603760881169
225022447.9112228 0.6703521409658707
225697177.88696858 0.6696438580259616
226371907.86271438 0.668936600968337
227046637.83846018 0.6682303674882898
227732613.31380174 0.6675134103930533
228407343.28954753 0.6668092341542372
229082073.26529333 0.6661060745952165
229756803.24103913 0.6654039294473585
230431533.21678492 0.6647027964508432
231106263.19253072 0.6640026733546003
231780993.16827652 0.6633035579162442
232455723.14402232 0.6626054479020105
233141698.61936387 0.6618967311264592
233816428.59510967 0.661200641957654
234491158.57085547 0.6605055515260501
235165888.54660127 0.6598114576318865
235840618.52234706 0.6591183580837188
236515348.49809286 0.6584262506983554
237190078.47383863 0.6577351333008022
237864808.44958442 0.6570450037242044
238539538.42533022 0.6563558598097871
239225513.90067178 0.6556562383870652
239900243.87641758 0.6549690756907682
240574973.85216337 0.6542828921927447
241249703.82790917 0.653597685766119
241924433.80365497 0.6529134542918212
242599163.77940077 0.652230195658532
243273893.75514656 0.6515479077626312
243948623.73089236 0.6508665885081456
244623353.70663816 0.6501862358066955
245309329.18197972 0.6494955325996972
245984059.1577255 0.6488171227917663
246658789.1334713 0.648139673282429
247333519.1092171 0.6474631820133043
248008249.0849629 0.6467876469333573
248682979.0607087 0.6461130659988475
249357709.0364545 0.6454394371732843
250032439.0122003 0.6447667584273786
250695923.4883503 0.6441062154925895
252034137.94024613 0.6427767153138377
252708867.91599193 0.6421077853671119
253383597.89173773 0.6414397955263518
254058327.86748353 0.6407727438042815
254744303.34282508 0.6400955342140376
255419033.31857088 0.6394303683477508
256093763.29431668 0.6387661346467469
256768493.27006248 0.6381028311511469
257443223.24580827 0.6374404559077865
258072971.22317103 0.6368230747865414
258579018.70498037 0.6363275486190716
259130048.18517277 0.6357885661453879
259804778.16091856 0.6351294244996585
260490753.63626012 0.6344602398102266
261165483.61200592 0.6338029506150845
261840213.58775172 0.6331465771056467
262514943.5634975 0.6324911173779133
263043482.04449838 0.6319783109457235
263560775.0259035 0.6314769562253377
267620400.379974 0.6275608932183925
268295130.3557198 0.6269131844427768
268969860.3314656 0.6262663715506218
269644590.3072114 0.6256204527033877
270319320.2829572 0.6249754260685236
271005295.75829875 0.624320561748447
271680025.73404455 0.6236773288584712
272354755.70979035 0.6230349826885945
273029485.68553615 0.6223935214299716
273704215.66128194 0.6217529432795736
274378945.63702774 0.6211132464401584
275053675.61277354 0.6204744291202351
275728405.58851933 0.6198364895340335
276414381.0638609 0.6191888155854224
277089111.0396067 0.618552640686727
277763841.0153525 0.617917338169014
278438570.9910983 0.6172829062691696
279113300.9668441 0.6166493432296447
279788030.9425899 0.616016647298422
280462760.9183357 0.6153848167289855
281137490.8940815 0.614753849780293
281531083.3799332 0.6143861838613329
281744747.87225264 0.6141867164876198
282239549.85446626 0.6137251231769053
282914279.83021206 0.6130964221406725
283589009.80595785 0.6124685784449893
284274985.2812994 0.6118311478118876
284949715.2570452 0.6112050278718297
285624445.232791 0.610579760111625
286299175.2085368 0.6099553428311306
286973905.1842826 0.6093317743354281
287648635.1600284 0.608709052934795
288334610.63536996 0.6080768194977784
289009340.61111575 0.6074558012867557
289684070.58686155 0.6068356251046843
290358800.56260735 0.6062162892824426
291033530.53835315 0.6055977921559726
291708260.51409894 0.6049801320662527
292248044.49469554 0.6044866055492726
292765337.4761007 0.6040141435493044
293428821.9522507 0.603408876133826
294778281.9037423 0.6021803018182671
295453011.8794881 0.6015672573555739
296127741.85523385 0.6009550391857617
296802471.83097965 0.6003436456870137
297477201.80672544 0.5997330752423338
298163177.282067 0.5991131707064209
298837907.2578128 0.5985042551883745
299512637.2335586 0.5978961578754314
300187367.2093044 0.5972888771697238
300862097.1850502 0.5966824114780876
301536827.160796 0.5960767592120392
302211557.1365418 0.5954719187877516
302886287.1122876 0.5948678886260336
303561017.0880334 0.594264667152305
304123292.06782156 0.5937625992058266
304426920.5569072 0.5934917152509285
304663076.04841816 0.5932811404530784
305146632.531036 0.5928502709351204
305731398.5100157 0.5923297706250703
306181218.49384624 0.5919297957856073
306721002.47444284 0.5914502958954655
307395732.45018864 0.5908516407830193
308070462.42593443 0.5902537839518941
308745192.40168023 0.5896567238622136
309419922.377426 0.5890604589785245
310105897.8527676 0.5884550699651218
310780627.8285134 0.5878604040942116
311455357.8042592 0.5872665288239354
312130087.780005 0.5866734426364008
312804817.7557508 0.5860811440180356
313479547.7314966 0.5854896314595692
314154277.70724237 0.5848989034560108
314829007.68298817 0.5843089585066311
315503737.65873396 0.5837197951149414
316189713.1340755 0.5831216120003117
316864443.1098213 0.5825340202151118
317539173.0855671 0.5819472054986953
318213903.0613129 0.5813611663714148
318888633.0370587 0.5807759013577686
319563363.0128045 0.5801914089863803
320238092.9885503 0.5796076877899825
320912822.9642961 0.5790247363053963
321587552.9400419 0.5784425530735133
322273528.41538346 0.5778514528535853
322734593.89880973 0.577454600602732
323206904.8818318 0.577048439089421
323881634.8575776 0.5764688570570219
324556364.8333234 0.575890036905155
325231094.8090692 0.5753119771963834
325905824.784815 0.5747346764972274
326580554.7605608 0.5741581333781469
327255284.73630655 0.5735823464135225
327941260.2116481 0.5729977366972929
328615990.1873939 0.5724234703235868
329290720.1631397 0.5718499558273092
329965450.1388855 0.5712771917984237
331314910.0903771 0.5701339095218523
331708502.5762288 0.5698010149750112
336431612.4064494 0.5658259870003366
337106342.3821952 0.5652610799661203
337781072.357941 0.5646969073418453
338455802.33368677 0.5641334677645852
339130532.30943257 0.5635707598750498
339805262.28517836 0.5630087823175726
340479992.26092416 0.5624475337400929
341154722.23666996 0.5618870127941433
341840697.7120115 0.561317894369462
342515427.6877573 0.5607588367265415
343190157.6635031 0.5602005026688858
343864887.6392489 0.5596428908623077
344539617.6149947 0.5590859999761377
345214347.5907405 0.558529828683211
345889077.5664863 0.5579743756598529
346563807.5422321 0.5574196395858643
347238537.5179779 0.556865619144508
347924512.99331945 0.556303097298202
348599242.96906525 0.5557505160580899
349273972.94481105 0.5551986464992843
349948702.92055684 0.5546474873188132
350623432.89630264 0.5540970372170962
351298162.87204844 0.5535472948979324
351972892.84779423 0.552998259068486
352647622.82354003 0.5524499284392731
353322352.7992858 0.5519023017241492
354008328.2746274 0.5513462681844534
354683058.2503732 0.5508000571307363
355357788.226119 0.5502545461313316
356032518.2018648 0.5497097339133739
356707248.1776106 0.5491656192072694
357381978.1533564 0.5486222007466859
358056708.1291021 0.5480794772685389
358731438.1048479 0.5475374475129787
359406168.0805937 0.546996110223379
360092143.55593526 0.5464464592273531
360766873.53168106 0.5459065146014196
361441603.50742686 0.5453672586700199
362116333.48317266 0.544828690189347
362791063.45891845 0.5442908079187534
363465793.43466425 0.5437536106207417
364140523.41041005 0.54321709706095
364815253.38615584 0.5426812660081413
365489983.36190164 0.542146116234192
366175958.8372432 0.5416027444400141
366850688.812989 0.5410689648553332
367525418.7887348 0.54053586286341
368200148.7644806 0.5400034372485053
368874878.7402264 0.5394716867979338
369549608.7159722 0.538940610302053
370224338.691718 0.5384102065542522
370899068.6674638 0.5378804743509399
371573798.6432096 0.5373514124915342
372934504.09429693 0.5362865052566451
373609234.0700427 0.5357594583579742
374283964.0457885 0.5352330770109592
374958694.0215343 0.5347073600299445
375633423.9972801 0.5341823062322152
376308153.9730259 0.5336579144379898
376994129.4483675 0.5331254602129267
377668859.4241133 0.5326023998823164
378343589.3998591 0.5320799980138518
379018319.37560487 0.5315582534394179
379693049.35135067 0.5310371649937775
380367779.32709646 0.5305167315145622
381042509.30284226 0.5299969518422598
381717239.27858806 0.5294778248202053
382391969.25433385 0.5289593492945714
383077944.7296754 0.5284328991980138
383752674.7054212 0.5279157340252743
384427404.681167 0.5273992168853234
384933452.1629763 0.5270122536144666
385428254.1451899 0.5266342409021475
386114229.6205315 0.5261107516878589
386788959.59627724 0.5255964936834564
387463689.57202303 0.5250828785923055
388138419.54776883 0.5245699052843292
388678203.5283655 0.5241599879641732
389139269.01179177 0.5238101745071692
389735280.49036723 0.5233584187165651
390410010.46611303 0.5228475978078962
391095985.9414546 0.5223289161020335
391770715.9172004 0.5218193784255489
392445445.8929462 0.5213104753827861
393120175.868692 0.520802205863685
393794905.8444378 0.5202945687608582
394469635.8201836 0.5197875629695797
395144365.7959294 0.5192811873877766
395819095.77167517 0.5187754409160197
399203991.1499999 0.5162477352340006
399878721.1257457 0.5157457508483765
400553451.1014915 0.5152443879320543
401228181.0772373 0.5147436454064713
401902911.0529831 0.5142435221956272
402588886.52832466 0.513735697375025
403263616.50407046 0.51323681985298
403713436.487901 0.512904577173149
404163256.4717315 0.5125726079925694
404669303.95354086 0.5121994691887797
405062896.43939257 0.5119094888679939
405681398.91715956 0.5114542270335171
406288655.8953307 0.5110077432279887
406974631.3706723 0.5105039774699751
407649361.3464181 0.5100090855117898
408324091.3221639 0.5095148027549918
408998821.2979097 0.509021128150012
409673551.2736555 0.5085280606497463
410348281.2494013 0.508035599209546
411023011.22514707 0.507543742787212
411641513.70291406 0.5070934050033916
412147561.18472344 0.5067253237445329
412709836.16451156 0.5063167418671048
413395811.6398531 0.5058188374738333
414070541.6155989 0.50532970079716
414745271.5913447 0.5048411634325298
415420001.5670905 0.5043532243535005
416094731.5428363 0.5038658825360175
416769461.5185821 0.5033791369584073
417444191.4943279 0.5028929866013674
418118921.4700737 0.5024074304479611
418793651.4458195 0.5019224674836084
419479626.92116106 0.5014300288609176
420154356.89690685 0.5009462590845591
420829086.87265265 0.5004630794508046
421503816.84839845 0.49998048895446356
422178546.82414424 0.4994984865926635
422853276.79989004 0.4990170713648436
423528006.77563584 0.4985362422727463
424202736.75138164 0.49805599832041025
424877466.72712743 0.49757633851416305
425563442.202469 0.49708928218673365
426238172.1782148 0.4966107973951571
426912902.1539606 0.4961328937658818
427587632.1297064 0.4956555703143552
428262362.1054522 0.49517882605827546
428937092.081198 0.4947026600175868
429611822.0569438 0.49422707121447007
430286552.0326896 0.49375205867333777
430961282.00843537 0.49327762142082554
431647257.4837769 0.4927958656304251
432321987.4595227 0.49232258559153075
432996717.4352685 0.4918498779183402
433671447.41101426 0.4913777416463497
434346177.38676006 0.490906175813243
435020907.36250585 0.4904351794588866
435695637.33825165 0.48996475162532066
436370367.31399745 0.48949489135675395
437045097.28974324 0.48902559769955545
437731072.7650848 0.4885490623559472
438405802.7408306 0.48808090847301583
439080532.7165764 0.4876133183376914
439755262.6923222 0.4871462910049552
440429992.668068 0.48667982553191586
441104722.6438138 0.48621392097780364
441779452.6195596 0.48574857640396185
442454182.5953054 0.485283790873842
443140158.07064694 0.4848118310524288
443814888.04639274 0.48434817008689945
444489618.02213854 0.4838850653525396
445164347.99788433 0.48342251592120056
445839077.97363013 0.48296052086680885
446513807.9493759 0.4824990792653598
447188537.9251217 0.4820381901949108
447863267.9008675 0.48157785273557524
448537997.8766133 0.4811180659695169
449223973.3519549 0.48065117968376275
449898703.3277007 0.48019250069891506
450573433.3034465 0.4797343696508922
451248163.27919227 0.4792767856300279
451922893.25493807 0.47881974772867414
452597623.23068386 0.47836325504119603
453272353.20642966 0.4779073066639643
453947083.18217546 0.47745190169535046
454621813.15792125 0.4769970392357195
455296543.13366705 0.47654271838742585
455825081.6146679 0.47618721144291914
456342374.59607303 0.47583958933804404
458872612.00511974 0.47414382379296255
459164994.9946096 0.4739483553769365
459626060.47803587 0.4736403210461021
460300790.45378166 0.4731899893246547
460975520.42952746 0.47274019173732384
461650250.40527326 0.47229092740489487
462336225.8806148 0.4718347210895986
463010955.8563606 0.47138652948799453
463685685.8321064 0.4709388685006443
464360415.8078522 0.4704917372560382
465035145.783598 0.4700451348845699
465709875.7593438 0.46959906051853256
466215923.2411532 0.4692648507266559
466564533.72862184 0.4690347896161375
467081826.7100269 0.4686936673632569
467756556.6857727 0.46824918932513104
468431286.6615185 0.4678052358118385
469106016.6372643 0.4673618059651423
469780746.6130101 0.46691889892867044
470455476.5887559 0.4664765138479102
471130206.5645017 0.4660346498702032
471804936.5402475 0.46559330614473904
472490912.01558906 0.4651451391461872
473165641.99133486 0.46470484201558143
473840371.96708065 0.4642650625817527
474515101.94282645 0.46382580000126133
475189831.91857225 0.46338705343248965
475864561.89431804 0.46294882203563587
476539291.87006384 0.46251110497270975
477214021.84580964 0.46207390140752663
477888751.82155544 0.46163721050570217
478574727.296897 0.46119376611507334
479249457.2726428 0.4607581065536278
479924187.2483886 0.4603229571493386
480598917.2241344 0.4598883170750009
481273647.1998802 0.45945418550518585
481948377.175626 0.4590205616162332
482623107.1513718 0.4585874445862477
483297837.1271176 0.4581548335950931
483972567.1028634 0.45772272782438767
484658542.57820493 0.4572839373701621
485333272.55395067 0.456852847978457
486008002.52969646 0.4564222613489941
486682732.50544226 0.45599217667038805
487357462.48118806 0.455562593132983
488032192.45693386 0.4551335099288464
488706922.43267965 0.45470492625176673
489381652.40842545 0.45427684129724644
490067627.883767 0.4538421320258408
490742357.8595128 0.45341505038831487
491417087.8352586 0.45298846505678664
492091817.8110044 0.45256237523359644
492766547.7867502 0.452136780122776
493441277.762496 0.4517116789300419
494116007.7382418 0.4512870708627924
494790737.7139876 0.45086295513010144
495465467.6897334 0.45043933094271404
496140197.6654792 0.4500161975130431
496826173.14082074 0.44958651414421247
498175633.09231234 0.4487427102883555
498850363.06805813 0.44832154016730363
499525093.04380393 0.44790085687789366
500199823.0195497 0.44748065964246775
500874552.9952955 0.44706094768500354
501358109.4779133 0.4467604521973994
501841665.9605312 0.44646020527164665
502527641.43587273 0.44603469944427115
503202371.41161853 0.4456166557615168
503877101.3873643 0.4451990939231223
504551831.3631101 0.44478201316189203
505226561.3388559 0.4443654127122362
505901291.3146017 0.44394929181016557
506576021.2903475 0.44353364969328773
507261996.7656891 0.4431115702448632
507925481.2418391 0.4427037987734946
508442774.2232442 0.44238619494724307
508791384.71071285 0.44217231539020174
509983407.6678638 0.4414419437908387
510658137.6436096 0.44102918215618814
511332867.6193553 0.4406168939767876
512007597.5951011 0.44020507850293705
512682327.5708469 0.43979373498649327
513638195.0364868 0.43921180478230326
514312925.0122326 0.43880159875033303
514987654.9879784 0.4383918621313047
515662384.9637242 0.4379825941839017
516348360.43906575 0.437566984794965
517023090.41481155 0.4371586597533102
517697820.39055735 0.43675080115625486
518372550.36630315 0.4363434082686195
519047280.34204894 0.43593648035674337
519722010.31779474 0.43553001668847857
520396740.29354054 0.43512401653318666
521071470.26928633 0.4347184791617346
521746200.24503213 0.434313403846491
522432175.7203737 0.4339020501992632
