1.0 0.9999999991599742
1754298.9369390684 0.9955940833218441
2159136.9223865457 0.9946347185592643
2305328.4171314677 0.9942973170978803
3193722.8851967654 0.9923352613697962
6421181.26918082 0.9860829046903471
9446220.660441136 0.9809688777819454
10795680.611932728 0.9788364642731728
11279237.094550548 0.9780901564797883
11504147.086465813 0.97774597900761
11841512.074338712 0.9772330769973191
12257595.55938195 0.976605857714891
12932325.535127748 0.9756006932396125
14810323.96762021 0.9728733439213176
15327616.949025322 0.9721385566374954
16688322.400112676 0.9702360298143723
18037782.351604268 0.9683888384986595
18431374.83745598 0.9678569115900744
18779985.32492464 0.9673882206047175
19398487.80269162 0.9665621375800333
20084463.27803318 0.965653796473849
21321468.233567137 0.9640355120853047
21658833.221440036 0.9635983454960895
22569718.688696858 0.9624264850101744
22907083.676569756 0.9619955046830979
23514340.654740974 0.9612237302807962
24863800.606232565 0.9595262381593956
25538530.58197836 0.958686132025177
26899236.033065714 0.9570083866538098
27326565.017704718 0.9564858416777028
27495247.511641167 0.9562801273197787
27630193.506790325 0.9561157786074065
27877594.49789712 0.955814982237108
28035031.492237803 0.9556239066768446
29283281.947367523 0.9541180710808264
29856802.42675145 0.9534314628817675
30531532.402497247 0.9526277679909477
31015088.885115065 0.9520544290626779
31408681.37096678 0.9515893492828474
31521136.366924413 0.9514567278751375
31914728.852776125 0.9509934460431418
32589458.828521922 0.950202426578339
34197565.27071607 0.9483327544281654
35513288.72342037 0.946818582855654
36188018.699166164 0.9460472653755296
37053922.16803993 0.945062370710471
37728652.14378573 0.9442986830647475
38122244.62963744 0.9438546853532097
38515837.11548916 0.9434117642265825
39201812.59083072 0.9426423452304297
39876542.56657651 0.9418886125250863
41226002.518068105 0.9403900145516844
41900732.4938139 0.9396450193026206
42575462.46955969 0.938902810860179
43936167.92064705 0.9374142638424788
44610897.896392845 0.936680115430048
45285627.87213864 0.9359485310716322
46635087.82363023 0.9344928549096985
47984547.77512182 0.933046853884193
52044173.12919236 0.9287516800282013
52718903.10493816 0.9280453726395715
53393633.08068395 0.9273411276306985
54023381.05804669 0.9266856635967494
54653129.035409436 0.9260319407988635
55327859.01115523 0.9253334267653099
55833906.49296457 0.9248108154023976
56182516.98043324 0.9244514222062425
56699809.96183835 0.9239190634511066
57374539.93758415 0.9232263410955037
57891832.918989256 0.9226965096642002
58409125.900394365 0.922167754617176
58926418.881799474 0.9216400640110938
59263783.86967237 0.9212964858592777
59781076.85107748 0.9207705284222223
60298369.83248259 0.9202456049965504
60646980.31995125 0.9198924299203445
61153027.8017606 0.9193805763443288
61557865.78720807 0.9189717866283655
61704057.281953 0.9188243184626638
61850248.77669792 0.9186769296992181
62547469.75163524 0.9179750838894535
63267181.72576409 0.9172524606079543
63874438.7039353 0.9166441998077561
64549168.6796811 0.9159698938245238
65898628.631172694 0.914626062885537
66483394.61015238 0.9140456839747226
66820759.59802528 0.9137113783079196
66978196.592365965 0.9135555004286847
67090651.5883236 0.9134442101066271
67338052.57943039 0.9131995205939722
67574208.07094142 0.9129661440207774
68057764.55355924 0.9124888555208586
68732494.52930504 0.9118241585137787
69407224.50505082 0.9111609449004703
70081954.48079662 0.9104991974527227
70756684.45654242 0.9098388993566126
71206504.44037294 0.9093994976997303
71656324.42420349 0.9089607281291674
72331054.39994928 0.9083037486907416
72724646.88580099 0.907921156403864
72904574.8793332 0.9077464144709122
73196957.86882305 0.9074626684855331
73489340.85831289 0.9071791810127596
73939160.84214342 0.9067435484528922
74613890.81788921 0.9060912320421022
75288620.79363501 0.9054402618035694
75963350.76938081 0.9047906236957637
76649326.24472237 0.9041315097528084
77121637.22774443 0.9036784783721282
77605193.71036224 0.9032153181475753
78291169.1857038 0.9025594090737746
78965899.1614496 0.9019155365781472
79640629.1371954 0.9012729249142095
80225395.11617509 0.9007170052463803
80641478.60121833 0.900322013808321
81158771.58262344 0.8998315958377215
81833501.55836923 0.8991929989721413
82350794.53977434 0.8987042285678845
82631932.02966842 0.8984388891600446
83070506.51390319 0.8980253745338297
83745236.48964898 0.8973901792544985
84419966.46539478 0.8967561636692756
84836049.95043802 0.896365770846262
85252133.43548127 0.8959758201919505
85926863.41122706 0.8953444015185744
86601593.38697284 0.8947141292096694
87096395.36918643 0.8942526523626524
87456251.35625085 0.8939174145210065
87804861.84371953 0.8935929578200141
88310909.32552886 0.893122503607703
88715747.31097634 0.8927465908932727
88884429.80491279 0.8925900782963914
89345495.2883391 0.892162628955847
89739087.7741908 0.8917981390010393
90143925.75963828 0.8914236230133791
90818655.73538408 0.8908002988114989
91493385.71112987 0.890178053402832
92168115.68687567 0.8895568781675147
92842845.66262145 0.8889367646419298
93517575.63836725 0.8883177045146884
94192305.61411305 0.8876996896227409
94878281.0894546 0.8870724377288355
95271873.57530633 0.8867130199238011
95665466.06115803 0.8863539507917072
96351441.53649959 0.8857289734479876
97026171.51224539 0.8851152626017522
97700901.48799118 0.8845025567934064
98251930.96818359 0.8840029208218151
98814205.94797175 0.8834937700490222
99488935.92371754 0.8828836925039403
100163665.89946334 0.8822745938590684
100838395.87520914 0.8816664672291166
101513125.85095493 0.8810593058420887
102199101.3262965 0.8804430077403607
102873831.30204229 0.8798377727752984
103548561.27778809 0.8792334832840148
104223291.25353387 0.8786301329234439
104898021.22927967 0.8780277154511829
105572751.20502546 0.877426224723192
106247481.18077126 0.876825654691564
106933456.65611282 0.876216012863922
109632376.55909601 0.8738264830531872
110307106.5348418 0.8732313300370093
110993082.01018336 0.8726271607035667
111667811.98592915 0.8720337784589194
112342541.96167494 0.8714412662926262
113017271.93742074 0.8708496190109217
113692001.91316654 0.8702588314953468
114366731.88891234 0.8696688987011615
115052707.3642539 0.8690700047762848
116402167.31574549 0.8678943963929159
116840741.79998025 0.8675130448023588
117279316.28421502 0.8671320447767809
117954046.25996082 0.8665465744312397
118628776.23570661 0.8659619285489503
119303506.21145241 0.8653781025800007
119978236.1871982 0.864795092036502
121338941.63828556 0.8636218165044393
122013671.61403134 0.8630412392476232
122564701.09422375 0.8625676933058462
122879575.08290513 0.8622973336994866
123048257.57684158 0.8621525692286819
123441850.06269328 0.8618149777512153
124116580.03843908 0.861236873823421
126826745.44101803 0.8589226925614282
127501475.41676383 0.8583484871949169
128176205.39250961 0.8577750472442893
128850935.3682554 0.8572023689327147
129525665.3440012 0.8566304485304259
130200395.319747 0.8560592823538453
130875125.2954928 0.8554888667647309
131561100.77083436 0.8549097100011748
132235830.74658015 0.8543407972103716
132910560.72232595 0.8537726242980122
133585290.69807175 0.8532051877997657
134260020.67381755 0.8526384842926533
134934750.64956334 0.8520725103943088
135609480.62530914 0.8515072627622512
136295456.1006507 0.8509333354551553
136970186.0763965 0.8503695424517962
137644916.0521423 0.8498064658661612
138319646.0278881 0.8492441025090272
138994376.00363386 0.8486824492276692
139669105.97937965 0.8481215029052316
140343835.95512545 0.8475612604601097
141029811.430467 0.84699239907215
141704541.4062128 0.8464335668797998
142379271.3819586 0.8458754294761107
143054001.3577044 0.845317983915122
143537557.84032223 0.8449189052181659
144009868.8233443 0.8445294479967961
144695844.29868585 0.8439644051152994
145370574.27443165 0.8434093129019521
146045304.25017744 0.8428548998531816
146720034.22592324 0.8423011631924573
147394764.20166904 0.8417481001728011
148069494.17741483 0.8411957080763037
148744224.1531606 0.8406439842136543
150104929.60424796 0.8395333629187244
150779659.57999375 0.8389836388844871
151454389.55573955 0.83843457256098
152129119.53148535 0.8378861613955816
152803849.50723115 0.837338402861633
153478579.48297694 0.8367912944580278
154153309.45872274 0.8362448337088119
154828039.43446854 0.8356990181627945
155514014.9098101 0.8351447646123618
156188744.8855559 0.8346002428689763
156863474.8613017 0.8340563590805343
157538204.8370475 0.8335131108915177
158212934.81279328 0.8329704959693205
158887664.78853908 0.8324285120039019
159562394.76428488 0.8318871567074463
160237124.74003068 0.83134642781403
160923100.21537223 0.8307973266090353
161597830.19111803 0.8302578541567389
162272560.16686383 0.8297190014012888
162699889.15150282 0.8293780475193435
163127218.13614184 0.8290373407794804
163801948.1118876 0.8284998846265414
164487923.5872292 0.8279540989064538
165162653.56297496 0.8274178760876983
165837383.53872076 0.8268822616678152
166512113.51446655 0.826347253569592
167186843.49021235 0.8258128497346195
167861573.46595815 0.8252790481230223
168536303.44170395 0.8247458467131936
169211033.41744974 0.8242132435015382
169638362.40208876 0.82387623663323
169818290.39562097 0.8237344104288273
170234373.8806642 0.823406599170895
170807894.36004812 0.8229551209082268
171212732.3454956 0.8226366877778885
171730025.32690072 0.8222301102598835
172404755.30264652 0.8217003118667326
173079485.27839231 0.8211711005197208
173754215.2541381 0.8206424743301209
174428945.2298839 0.820114431425366
174957483.71088478 0.8197012040212021
175486022.19188565 0.8192883325018749
176160752.16763145 0.8187617782341782
176835482.14337724 0.8182358007007867
177319038.62599507 0.8178592039027673
177813840.60820863 0.8174741540251609
178488570.58395442 0.8169495819076409
179163300.55970022 0.816425580372026
179838030.53544602 0.8159021476676116
180524006.01078758 0.815370572425889
181198735.98653337 0.8148482815971291
181873465.96227917 0.8143265544041401
182536950.4384292 0.8138140706443746
182998015.9218555 0.8134582570104921
183166698.41579196 0.8133281465526234
183560290.90164366 0.8130246912419814
184246266.37698522 0.8124962654400559
184920996.35273102 0.8119770630887317
185595726.32847682 0.811458415192122
186101773.81028616 0.8110697921545126
186607821.2920955 0.810681479405681
187282551.2678413 0.8101642105782858
187957281.2435871 0.8096474905843715
188429592.22660914 0.8092861122989091
188632011.2193329 0.8091313178456804
188845675.7116524 0.808967976980143
189239268.1975041 0.8086672289893765
189835279.67607957 0.8082121630814867
190510009.65182537 0.8076975053275494
191106021.1304008 0.8072433413605576
191713278.10857204 0.8067810416431062
192388008.08431783 0.8062678869943811
193062738.06006363 0.8057552695301003
193737468.0358094 0.8052431877597146
194412198.0115552 0.8047316402036638
195086927.987301 0.8042206253932398
195761657.9630468 0.8037101418704568
196436387.9387926 0.8032001881879208
196998662.91858077 0.8027756304879001
197560937.89836892 0.8023514389083786
198235667.87411472 0.8018428911362047
198910397.84986052 0.8013348679857456
199585127.82560632 0.8008273680573817
200259857.8013521 0.8003203899613877
200934587.7770979 0.7998139323178147
201609317.75284368 0.7993079937563786
202284047.72858948 0.7988025729163442
202970023.20393103 0.7982892577390619
203521052.68412346 0.7978773082024162
203667244.17886838 0.797768073028074
203914645.16997516 0.7975832684248592
204162046.16108194 0.7973985328107513
207783097.03091773 0.7947025285650874
208457827.00666353 0.7942017832796103
209132556.9824093 0.7937015424197836
209807286.9581551 0.7932018047241771
210482016.9339009 0.792702568939665
211156746.9096467 0.7922038338213332
211831476.8853925 0.7917055981323876
212506206.86113828 0.7912078606440637
213180936.83688408 0.790710620135539
213866912.31222564 0.7902056005081886
214294241.29686466 0.7898912565954986
214462923.7908011 0.7897672280107021
214890252.7754401 0.7894531602580429
215564982.7511859 0.78895766608259
216250958.22652745 0.788454417563641
216925688.20227325 0.7879599134578508
217600418.17801905 0.7874658985257911
218275148.15376484 0.7869723716038628
218949878.12951064 0.7864793315356976
219455925.61132 0.7861098702907673
219961973.09312934 0.7857406817722961
220636703.06887513 0.7852488538262087
221311433.04462093 0.7847575087424568
221986163.02036673 0.7842666453962829
222660892.99611253 0.7837762626697496
223346868.47145408 0.7832781984542392
224021598.44719988 0.7827887816041881
224662591.92415836 0.7823242777013446
225033693.41081855 0.782055550902484
225427285.89667028 0.7817706948567241
226102015.87241608 0.7812827461467143
226608063.35422543 0.7809170956985589
227125356.33563054 0.7805435947594239
227800086.31137633 0.7800568367652134
228474816.28712213 0.7795705500301746
229093318.7648891 0.7791252002759398
229723066.74225184 0.7786721583596187
230397796.71799764 0.7781872089412212
231072526.69374344 0.7777027267503105
231747256.66948923 0.7772187107542324
232421986.64523503 0.7767351599262103
233096716.62098083 0.7762520732452867
233771446.5967266 0.7757694496962652
234446176.5724724 0.7752872882696529
234997206.05266482 0.7748938652102269
235548235.5328572 0.7745007491471664
236222965.508603 0.7740197998551588
236897695.4843488 0.7735393090648666
237572425.4600946 0.7730592757925028
238247155.4358404 0.7725796990596756
238921885.4115862 0.7721005778933377
239607860.88692775 0.7716139373955798
240282590.86267355 0.771135732016675
240957320.83841935 0.7706579793007556
241632050.81416512 0.7701806782957256
242306780.7899109 0.7697038280545805
242981510.7656567 0.7692274276353583
244330970.7171483 0.768275972519768
245005700.6928941 0.7678009159642656
245691676.16823566 0.7673183991123839
246366406.14398146 0.7668442412585804
247041136.11972725 0.7663705276630343
247715866.09547305 0.7658972574178613
248390596.07121885 0.7654244296198528
249065326.04696465 0.7649520433704353
249740056.02271044 0.7644800977756255
250426031.498052 0.7640007372362385
250898342.48107406 0.7636709494582937
251370653.4640961 0.7633413764221687
252045383.4398419 0.7628709297136769
252720113.4155877 0.7624009197652214
253394843.3913335 0.7619313457069703
254069573.3670793 0.761462206673422
254755548.84242085 0.7609856937289737
255430278.81816664 0.7605174293799885
256105008.79391244 0.7600495974706158
256779738.76965824 0.7595821971523593
257454468.74540403 0.7591152275808607
258129198.72114983 0.7586486879158665
258803928.69689563 0.7581825773211899
259489904.1722372 0.7577091372154725
260164634.14798298 0.757243889385465
260839364.12372878 0.7567790681275572
261514094.09947458 0.7563146726215425
262188824.07522038 0.7558507020511064
262863554.05096617 0.755387155603792
263538284.02671194 0.7549240324709697
264224259.50205353 0.7544536237457748
264898989.4777993 0.7539913518528903
265573719.4535451 0.7535295008579717
266248449.4292909 0.7530680699674256
266923179.4050367 0.752607058391324
267597909.38078249 0.7521464653433712
268947369.3322741 0.7512265317047135
269633344.80761564 0.7507595373785462
270308074.78336143 0.750300617568961
270971559.2595115 0.7498497507560062
271398888.24415046 0.7495595738929003
271533834.23929965 0.7494679735533533
271769989.73081064 0.7493077127307737
272231055.214237 0.7489949683298023
272557174.7025141 0.7487738751821051
272950767.1883658 0.7485071668256501
273445569.1705794 0.748172075042565
273929125.6531972 0.7478448125891128
274603855.628943 0.7473885196514662
275278585.6046888 0.746932636538047
275953315.5804346 0.746477162505123
276358153.5658821 0.7462040741358323
276751746.0517338 0.7459387123371427
277426476.0274796 0.7454841288944465
278101206.0032254 0.7450299521862214
278775935.9789712 0.744576181482164
279461911.45431274 0.7441152633941314
280136641.43005854 0.743662309256478
280811371.40580434 0.7432097589388514
281486101.38155013 0.7427576117234229
282160831.35729593 0.7423058668954078
282835561.3330417 0.7418545237430423
283510291.3087875 0.7414035815575593
284196266.7841291 0.7409455339881846
284870996.7598749 0.7404953982753986
285545726.7356207 0.740045661409298
286220456.7113665 0.7395963226929176
286895186.6871123 0.7391473814321737
287367497.6701343 0.7388333586654916
288030982.14628434 0.7383925593704153
288379592.633753 0.738161106300215
288896885.6151581 0.7378178542237119
289571615.5909039 0.737370482755578
290257591.06624544 0.7369160590487237
290932321.04199123 0.7364694815543168
291607051.01773703 0.7360232967470196
292281780.9934828 0.7355775039549726
292956510.9692286 0.7351321025090074
293631240.9449744 0.7346870917426247
294305970.9207202 0.7342424709919747
295666676.3718076 0.7333470028066461
296341406.3475534 0.7329035546080871
297016136.32329917 0.7324604937850983
297690866.29904497 0.7320178196868282
298365596.27479076 0.7315755316649597
299040326.25053656 0.7311336290736895
299715056.22628236 0.7306921112697126
300389786.20202816 0.7302509776122021
304449411.5560987 0.7276048963482943
305124141.5318445 0.7271664403008881
305798871.5075903 0.7267283633500957
306484846.98293185 0.7262833731051153
307159576.95867765 0.7258460587845031
307834306.93442345 0.7254091216993692
308509036.91016924 0.7249725612373513
309183766.88591504 0.7245363767883433
309858496.86166084 0.7241005677444813
310533226.83740664 0.7236651335001278
311207956.81315243 0.7232300734518562
311893932.288494 0.7227881453859741
312568662.2642398 0.7223538381398833
313243392.2399856 0.7219199032827738
313895631.2165398 0.7215007863382852
314390433.1987534 0.7211830669761582
314896480.68056273 0.7208583329684959
315301318.66601026 0.7205986957644794
315470001.1599467 0.7204905529152212
315931066.64337295 0.7201950803735706
316617042.1187145 0.7197557940918476
317291772.0944603 0.7193240811541346
317966502.0702061 0.7188927364868308
318641232.0459519 0.7184617595098803
319091052.0297825 0.7181746455121396
319327207.52129346 0.7180239759211602
319777027.50512403 0.7177371104152953
320463002.9804656 0.7172999537688526
320901577.46470034 0.7170206582256595
321182714.95459443 0.7168417037843529
321700007.9359995 0.716512593128982
322093600.4218512 0.7162623263899792
322228546.4170004 0.7161765491844723
322644629.90204364 0.7159121611232142
323319359.87778944 0.715483717678313
323994089.85353523 0.7150556373930312
324668819.82928103 0.7146279197050285
325343549.8050268 0.7142005640538827
325770878.7896658 0.7139300924746822
326198207.7743048 0.713659765746932
326715500.75570995 0.713332721731013
327232793.737115 0.7130058895199067
327907523.7128608 0.7125799045312198
328582253.6886066 0.7121542789156778
329256983.6643524 0.7117290121237426
329931713.6400982 0.7113041036077122
330606443.615844 0.7108795528217091
331292419.09118557 0.7104482923514005
331967149.06693137 0.7100244613345312
332641879.04267716 0.7096009864118888
333069208.02731615 0.7093329695627637
333496537.0119552 0.7090650951944142
334171266.987701 0.7086424254271767
334564859.4735527 0.7083960317338653
334744787.4670849 0.7082834347466858
334992188.4581917 0.7081286549775662
335228343.94970274 0.707980955011839
335678163.93353325 0.7076997415243286
336364139.4088748 0.7072711930942215
337038869.3846206 0.7068500256049974
337713599.3603664 0.7064292102037799
338388329.3361122 0.7060087463649114
339063059.311858 0.7055886335644196
339737789.2876038 0.7051688712800065
340412519.2633496 0.7047494589910399
341087249.2390954 0.7043303961785409
341773224.71443695 0.703904706714473
342447954.69018275 0.7034863471075725
342886529.1744175 0.7032145999677117
343156421.1647158 0.7030474439608944
343673714.1461209 0.7027272169438031
344359689.62146246 0.7023028825917882
344876982.6028676 0.7019831296343687
345338048.0862939 0.7016983038956912
345956550.56406087 0.7013164740993418
346361388.54950833 0.7010667062654321
346586298.5414236 0.700928000026792
347092346.02323294 0.7006160510376
347767075.99897873 0.7002004203878686
348453051.4743203 0.6997782151278045
349127781.4500661 0.699363277545822
349802511.4258119 0.6989486828811317
350319804.407217 0.6986310588923114
350825851.88902634 0.6983205343097934
351511827.3643679 0.6978999077855512
352186557.3401137 0.6974865207920246
352861287.3158595 0.6970734744749332
356167464.1970139 0.6950544557498871
356842194.1727597 0.6946434094948498
357235786.6586114 0.6944037883216239
357629379.1444631 0.6941642818368221
358304109.1202089 0.6937539658434146
358978839.0959547 0.6933439861352794
359664814.5712963 0.6929275176792806
360339544.5470421 0.6925182146965418
361014274.52278787 0.6921092465639705
361689004.49853367 0.6917006128086268
362363734.47427946 0.691292312958946
363038464.45002526 0.69088434654473
363713194.42577106 0.6904767130971394
364387924.40151685 0.6900694121486856
365073899.8768584 0.6896556632283757
365748629.8526042 0.6892490314033062
366423359.82835 0.6888427306752299
367098089.8040958 0.6884367605820114
367772819.7798416 0.6880311206628296
368447549.7555874 0.6876258104581711
369122279.7313332 0.687220829509821
369797009.707079 0.6868161773608585
370471739.6828248 0.6864118535556487
371157715.15816635 0.68600112714994
371551307.64401805 0.6857656172887187
371944900.12986976 0.6855302187544757
372619630.10561556 0.6851269371577079
373294360.08136135 0.6847239820124013
373969090.05710715 0.6843213528694744
374643820.03285295 0.6839190492810887
375318550.00859874 0.6835170708006425
375993279.98434454 0.6831154169827645
376668009.96009034 0.682714087383307
378017469.91158193 0.6819123990691409
379366929.8630735 0.6811120023291907
380041659.8388193 0.6807122872019945
380716389.8145651 0.6803128936536694
381391119.7903109 0.6799138212484537
382065849.7660567 0.6795150695517594
382740579.7418025 0.6791166381301661
383415309.7175483 0.6787185265514137
384101285.19288987 0.678314107218624
384776015.16863567 0.6779166393461147
385450745.14438146 0.6775194900194357
386125475.12012726 0.6771226588109309
386800205.09587306 0.676726145294075
387474935.0716188 0.6763299490434688
388149665.0473646 0.6759340696348328
388835640.52270615 0.6755319166068695
389510370.49845195 0.675136674876829
390185100.47419775 0.6747417487155762
390859830.44994354 0.6743471377032735
391534560.42568934 0.6739528414211738
392209290.40143514 0.6735588594516178
392884020.37718093 0.6731651913780263
393558750.35292673 0.6727718367848958
394244725.8282683 0.6723722472156841
394919455.8040141 0.6719795235486226
395594185.7797599 0.6715871121150493
396268915.7555057 0.6711950125037272
396943645.7312515 0.6708032243044686
397618375.7069973 0.67041174710813
398293105.6827431 0.6700205805066072
398967835.65848887 0.6696297240928282
399653811.1338304 0.6692326709724483
400328541.1095762 0.6688424388699079
401003271.085322 0.668452515733327
401678001.0610678 0.6680629011597368
402352731.0368136 0.6676735947471769
403027461.0125594 0.6672845960946927
403702190.9883052 0.6668959048023264
404309447.96647644 0.666546345102335
404927950.4442434 0.6661905673622442
405602680.41998917 0.6658027396596198
406277410.39573497 0.665415217799713
406952140.37148076 0.6650280013873147
407626870.34722656 0.6646410900281858
408301600.32297236 0.6642544833290568
408976330.29871815 0.6638681808976199
409662305.7740597 0.6634757516055566
410337035.7498055 0.6630900615912061
411011765.7255513 0.6627046746668734
411686495.7012971 0.6623195904440732
412361225.6770429 0.66193480853526
413035955.6527887 0.6615503285538252
413710685.6285345 0.6611661501140915
414396661.10387605 0.6607758774258775
415071391.07962185 0.6603923059258594
415746121.05536765 0.6600090348096842
416420851.03111345 0.6596260636953752
417095581.00685924 0.6592433922018656
417770310.98260504 0.6588610199489942
418445040.95835084 0.6584789465575034
419119770.93409663 0.6580971716490333
419805746.4094382 0.6577093394228728
420480476.385184 0.6573281653079004
421155206.3609298 0.6569472885399628
421829936.3366756 0.6565667087442677
422504666.3124214 0.6561864255469001
423179396.2881672 0.6558064385748196
423606725.27280617 0.655565933204466
424034054.25744516 0.6553255464097028
424708784.23319095 0.6549462295051031
425383514.20893675 0.6545672076132363
425923298.1895334 0.6542642022606758
426474327.6697258 0.6539550786061354
426924147.65355635 0.6537028781651961
427373967.63738686 0.6534508083034462
427902506.11838776 0.653154792924683
428194889.10787755 0.6529911170574205
428363571.60181403 0.6528967137111464
428622218.0925166 0.6527519974811908
429488121.56139034 0.6522678258156498
430162851.53713614 0.6518908830725648
430837581.51288193 0.6515142323808327
431512311.48862773 0.651137873377897
432187041.4643735 0.6507618057020246
432873016.9397151 0.6503797685102197
433547746.9154609 0.6500042872469441
434222476.8912067 0.6496290962244635
434897206.8669525 0.6492541950843213
435571936.8426983 0.6488795834688664
436077984.32450765 0.6485988145431559
436595277.30591273 0.648311974270494
436988869.79176444 0.6480938398928145
437168797.7852967 0.6479941540121205
437629863.26872295 0.6477388025128141
438304593.24446875 0.6473653598314364
439159251.2137468 0.6468927454434666
439676544.19515187 0.6466069133341897
440070136.6810036 0.6463895454017421
440250064.6745358 0.6462902097132834
440711130.1579621 0.6460357550588502
441385860.1337079 0.6456636234798634
442510410.0932842 0.6450440398441363
442915248.0787317 0.6448211839895261
443432541.0601368 0.6445365732046389
444107271.0358826 0.6441655935328499
444782001.0116284 0.6437948985827302
445456730.9873742 0.643424488008066
446142706.46271574 0.643048195092056
446817436.43846154 0.642678356957853
447840776.901676 0.6421179764129508
450483469.3066804 0.6406738461672515
450944534.79010665 0.640422334497419
451619264.76585245 0.6400545053260132
452293994.74159825 0.6396869570638525
452979970.2169398 0.6393135706199211
453429790.2007703 0.6390688843114468
453879610.1846009 0.6388243224491696
454554340.1603467 0.6384577127745276
455229070.1360925 0.6380913825441855
455903800.1118382 0.6377253314232889
456589775.5871798 0.6373534652318787
457264505.5629256 0.6369879759660204
457939235.5386714 0.6366227648037499
458613965.5144172 0.6362578314130459
459288695.49016297 0.6358931754625846
459963425.46590877 0.6355287966217389
460638155.44165456 0.6351646945605746
461324130.9169961 0.6347948075299452
461998860.8927419 0.6344312626403489
462673590.8684877 0.6340679935393014
463348320.8442335 0.6337049998996254
464023050.8199793 0.6333422813948207
464697780.7957251 0.6329798376990659
465372510.7714709 0.632617668487213
466058486.24681246 0.632249744171474
466733216.22255826 0.6318881275158538
467407946.19830406 0.6315267843673316
468082676.17404985 0.6311657144034427
468757406.14979565 0.6308049173023831
469432136.12554145 0.6304443927430071
470106866.10128725 0.6300841404048263
470781596.07703304 0.6297241599680059
471456326.05277884 0.6293644511133621
472142301.5281204 0.6289990251922392
472817031.5038662 0.6286398630600658
473491761.479612 0.6282809715511215
474166491.4553578 0.6279223503488147
474841221.4311036 0.6275639991371934
475515951.4068494 0.627205917600942
476190681.3825952 0.6268481054253805
476876656.85793674 0.6264846055219478
477551386.83368254 0.6261273356024842
478226116.80942833 0.6257703340982432
478900846.78517413 0.6254136006970695
479575576.7609199 0.6250571350874299
480250306.7366657 0.6247009369584119
480925036.7124115 0.6243450059997218
481599766.6881573 0.6239893419016809
482274496.6639031 0.6236339443552249
482926735.64045733 0.6232906464757929
483578974.6170116 0.6229475971076899
484253704.5927574 0.6225929796687171
484928434.5685032 0.622238627571588
485603164.544249 0.621884540510234
486277894.5199948 0.6215307181791866
486952624.4957406 0.6211771602735761
487638599.97108215 0.6208179804953513
488313329.94682795 0.6204649549227773
488988059.92257375 0.6201121928595544
489662789.89831954 0.6197596940031952
490337519.87406534 0.6194074580518001
491012249.84981114 0.6190554847040564
491686979.82555693 0.6187037736592331
492361709.80130273 0.618352324617183
493047685.2766443 0.6179952863715272
493722415.2523901 0.6176443647911017
494397145.2281359 0.617293704311505
495071875.2038817 0.6169433046349052
495746605.1796275 0.6165931654640413
496421335.1553733 0.6162432865022215
497096065.1311191 0.6158936674533221
497782040.60646063 0.6155384875624477
498456770.5822064 0.6151893917728208
499131500.5579522 0.6148405550062255
499806230.533698 0.614491976968797
500480960.5094438 0.6141436573672295
501155690.4851896 0.6137955959087722
501830420.4609354 0.613447792301228
502505150.4366812 0.6131002462529522
503179880.412427 0.6127529574728503
503865855.88776857 0.6124001439825202
504540585.86351436 0.6120533731433462
505215315.83926016 0.6117068586975238
505890045.81500596 0.61136060035615
506564775.79075176 0.6110145978308612
507239505.76649755 0.6106688508338335
507914235.7422433 0.6103233590777802
509949671.16907644 0.6092826690816493
511299131.12056804 0.6085939840458334
511973861.09631383 0.6082500219555254
512648591.07205963 0.607906313105352
513323321.0478054 0.6075628572122675
514009296.523147 0.607213936079215
514684026.4988928 0.6068709894574138
515358756.4746386 0.6065282949420007
516033486.4503844 0.6061858522520129
516708216.4261302 0.6058436611070037
517382946.401876 0.6055017212270384
518057676.37762177 0.6051600323326934
518732406.35336757 0.6048185941450539
519418381.8287091 0.6044717220431588
520093111.8044549 0.6041307886010385
520767841.7802007 0.6037901050273022
522117301.7316923 0.6031094863779402
522645840.2126932 0.6028431823495772
523174378.69369406 0.6025770310020492
523849108.66943985 0.602237484982125
524523838.64518565 0.6018981872956025
525198568.62093145 0.6015591376683663
525873298.59667724 0.6012203358267929
526548028.57242304 0.6008817814977494
527222758.54816884 0.600543474408592
527908734.0235104 0.6001997820426249
528583463.9992562 0.5998619727265593
529258193.975002 0.5995244098308524
529932923.9507478 0.5991870930848091
530607653.9264936 0.5988500222182165
531282383.9022394 0.5985131969613411
531957113.8779852 0.5981766170449276
532631843.853731 0.5978402822001985
533317819.32907254 0.5974985927306644
533992549.30481833 0.5971627512981958
534667279.2805641 0.5968271541294715
535342009.2563099 0.5964918009576144
536016739.2320557 0.5961566915162164
536691469.2078015 0.5958218255393376
537366199.1835473 0.5954872027615045
538040929.159293 0.5951528229177091
538715659.1350389 0.5948186857434067
539401634.6103804 0.5944792281139113
540076364.5861262 0.5941455795202752
540751094.561872 0.5938121728008855
541425824.5376178 0.5934790076930452
542100554.5133636 0.5931460839345152
542775284.4891094 0.5928134012635113
543450014.4648552 0.5924809594187036
544124744.440601 0.5921487581392137
544799474.4163468 0.5918167971646154
545485449.8916883 0.5914795495850051
546160179.8674341 0.5911480724349343
546834909.84318 0.5908168348068538
547509639.8189257 0.5904858364421355
548184369.7946715 0.5901550770825957
548859099.7704173 0.5898245564704935
549533829.7461631 0.5894942743485296
550219805.2215047 0.5891587317452719
550894535.1972505 0.5888289297975592
551569265.1729963 0.5884993655664621
552243995.1487421 0.5881700387964423
552918725.1244879 0.5878409492323977
553593455.1002337 0.5875120966196584
554268185.0759795 0.5871834807039886
554942915.0517253 0.5868551012315834
555628890.5270668 0.5865214908939707
556303620.5028126 0.5861935874785398
556978350.4785584 0.5858659197433282
557653080.4543042 0.5855384874362517
558327810.43005 0.5852112903056489
559002540.4057958 0.5848843281002842
559677270.3815416 0.5845576005693439
560352000.3572874 0.5842311074624358
560936766.3362671 0.5839483361995526
561262885.8245442 0.583790713180516
561678969.3095875 0.5835896872553714
562353699.2853333 0.5832638881372301
563028429.2610791 0.5829383224540247
563714404.7364206 0.582607569723357
564389134.7121664 0.5822824740456979
565063864.6879122 0.5819576110551414
565626139.6677004 0.5816870694651746
566177169.1478927 0.5814220951758841
566851899.1236385 0.5810978476123406
567526629.0993843 0.5807738318360705
568212604.5747259 0.5804446531578613
568887334.5504717 0.5801211040726754
569562064.5262175 0.5797977860351684
570236794.5019633 0.5794746988009838
570911524.477709 0.5791518421261685
571586254.4534549 0.5788292157671708
572260984.4292006 0.5785068194808394
572946959.9045422 0.5781792855292721
573621689.880288 0.5778573524848257
574296419.8560338 0.5775356487819562
574971149.8317796 0.5772141741791101
575645879.8075254 0.5768929284351297
576320609.7832712 0.5765719113092512
576714202.269123 0.5763847568006608
577119040.2545704 0.5761923360442976
577793770.2303162 0.5758718172331548
578468500.206062 0.5755515262762916
579143230.1818078 0.5752314629345806
579694259.6620002 0.5749702465520801
580234043.6425968 0.5747145080278617
580908773.6183426 0.5743950391504513
581583503.5940884 0.5740757970265825
582269479.06943 0.5737514664098617
582944209.0451758 0.5734326808507424
583618939.0209216 0.5731141213303427
584293668.9966674 0.5727957876124722
584765979.9796895 0.5725730882361764
585069608.468775 0.5724299826792206
585586901.4501802 0.5721862782757823
586261631.425926 0.571868601803105
586936361.4016718 0.571551150211531
587453654.3830768 0.5713079228061072
587791019.3709497 0.5711493673252648
588308312.3523549 0.5709063578458411
588983042.3281007 0.5705895869617184
589657772.3038465 0.5702730400158582
590343747.779188 0.5699514466153888
591018477.7549338 0.5696353505705396
591693207.7306796 0.5693194777627326
592367937.7064254 0.5690038279602618
593042667.6821712 0.5686884009317895
593717397.657917 0.5683731964463458
594392127.6336628 0.5680582142733257
595066857.6094086 0.5677434541824912
595572905.0912179 0.567507529717502
596427563.060496 0.5671093625943135
597788268.5115833 0.5664761713866714
598462998.4873291 0.5661625256265181
599643775.9448842 0.5656141764705008
599992386.4323529 0.5654524119642594
600340996.9198215 0.5652907062352217
601206900.3886954 0.5648893041810196
601881630.3644412 0.5645767742961044
603231090.3159328 0.5639523729527417
603905820.2916785 0.5636405010428587
604580550.2674243 0.5633288480071391
605255280.24317 0.5630174136207454
605941255.7185116 0.5627010125757637
606615985.6942574 0.5623900184496888
607965445.645749 0.5617686838936526
608640175.6214948 0.5614583430171646
609314905.5972406 0.5611482194445898
609989635.5729864 0.5608383129535285
610664365.5487322 0.5605286233219255
611339095.524478 0.5602191503280692
612025070.9998195 0.559904741306566
612699800.9755653 0.5595957045258186
613374530.9513111 0.5592868837160557
614723990.9028027 0.5586698891284506
616073450.8542943 0.5580537557850681
617366683.3078071 0.55746410120596
617782766.7928504 0.557274553840597
617985185.7855741 0.557182371080873
618378778.2714258 0.557003182020706
619053508.2471716 0.5566961702679323
619728238.2229174 0.5563893724245892
620402968.1986632 0.5560827882734896
621077698.174409 0.5557764175977781
621752428.1501548 0.5554702601809286
622427158.1259006 0.5551643158067447
622955696.6069014 0.554924808044785
623315552.5939659 0.5547618136031203
623832845.575371 0.5545276150021725
624350138.556776 0.5542935412323595
624687503.544649 0.5541409516329001
625204796.5260541 0.553907083893716
625879526.5018 0.553602226216851
626419310.4823965 0.5533584925293433
626666711.4735034 0.553246826512036
627060303.959355 0.5530692346226731
627735033.9351008 0.552764958681655
628409763.9108466 0.5524608938806306
629084493.8865924 0.5521570400066076
629759223.8623382 0.5518533968469145
630445199.3376797 0.5515449087604491
631119929.3134255 0.5512416898957172
631794659.2891713 0.5509386811056898
632469389.2649171 0.5506358821789749
633144119.2406629 0.5503332929044963
633818849.2164087 0.5500309130714951
634493579.1921545 0.5497287424695262
635168309.1679003 0.549426780888459
635854284.6432419 0.549120000673544
636529014.6189877 0.5488184599800623
637203744.5947335 0.5485171276754853
637878474.5704793 0.548216003550937
638553204.5462251 0.5479150873978526
639227934.5219709 0.5476143790079764
639902664.4977167 0.5473138781733623
640577394.4734625 0.5470135846863717
641263369.948804 0.5467084986543217
641938099.9245498 0.5464086226880288
642612829.9002956 0.5461089534448453
643287559.8760414 0.5458094907183628
643962289.8517872 0.5455102343024795
644637019.827533 0.5452111839913965
645311749.8032788 0.5449123395796176
645986479.7790246 0.5446137008619503
646672455.2543662 0.5443102954861468
647347185.230112 0.5440120709620083
648021915.2058578 0.5437140515148069
648696645.1816036 0.5434162369405576
649371375.1573493 0.5431186270355737
650046105.1330951 0.5428212215964674
650720835.108841 0.5425240204201471
651395565.0845867 0.5422270233038199
652081540.5599283 0.5419252852166471
652756270.5356741 0.5416286990056504
653431000.5114199 0.5413323162446757
654105730.4871657 0.5410361367321146
654780460.4629115 0.5407401602666516
655455190.4386573 0.5404443866472644
656129920.4144031 0.5401488156732221
656815895.8897446 0.5398485260492849
657490625.8654904 0.539553363133958
658165355.8412362 0.5392584022602014
658840085.816982 0.5389636432284505
659514815.7927278 0.5386690858394299
660189545.7684736 0.538374729894152
660864275.7442194 0.5380805751939162
661539005.7199652 0.5377866215403088
662224981.1953068 0.5374879745556229
662899711.1710526 0.5371944257436779
663574441.1467984 0.5369010773815437
664249171.1225442 0.5366079292719517
664923901.09829 0.5363149812179162
665598631.0740358 0.5360222330227348
666273361.0497816 0.5357296844899873
666948091.0255274 0.5354373354235349
667622821.0012732 0.5351451856275193
668308796.4766147 0.5348483707465038
668983526.4523605 0.5345566222179147
669658256.4281063 0.5342650723706195
670332986.4038521 0.5339737210098818
671007716.3795979 0.5336825679412431
671682446.3553437 0.5333916129705224
672357176.3310895 0.5331008559038144
673313043.7967293 0.5326892884550651
673999019.2720709 0.5323941725358668
674673749.2478167 0.5321040934676758
675348479.2235625 0.5318142114471662
676023209.1993083 0.5315245262819246
676697939.1750541 0.53123503777981
677372669.1507999 0.5309457457489537
678047399.1265457 0.5306566499977579
678733374.6018872 0.5303629370007295
679408104.577633 0.530074236498481
680082834.5533788 0.5297857316995442
680757564.5291246 0.5294974224134055
681432294.5048704 0.5292093084498192
682107024.4806162 0.5289213896188076
682781754.456362 0.5286336657306601
683467729.9317036 0.5283413460926036
684142459.9074494 0.5280540147632545
684817189.8831952 0.5277668778060887
685491919.858941 0.5274799350324627
686166649.8346868 0.5271931862539978
686841379.8104326 0.5269066312825781
687516109.7861784 0.5266202699303519
688190839.7619241 0.5263341020097291
688876815.2372657 0.526043362724919
689551545.2130115 0.5257575843218182
690226275.1887573 0.5254719987860101
690901005.1645031 0.5251866059309537
691575735.1402489 0.524901405570368
692250465.1159947 0.5246163975182306
692925195.0917405 0.5243315815887782
693599925.0674863 0.5240469575965055
694274655.0432321 0.5237625253561646
694960630.5185736 0.5234735489601524
695635360.4943194 0.5231895028570975
696984820.445811 0.5226219840507327
697659550.4215568 0.5223385109792386
699009010.3730484 0.521772136581075
699526303.3544534 0.5215552282733559
700043596.3358586 0.5213384317232386
701393056.2873502 0.5207734009525771
702067786.263096 0.520491170104603
702742516.2388418 0.5202091287053656
703394755.215396 0.5199366685967476
703777102.2016519 0.5197770327622603
704170694.6875037 0.5196127651457644
704845424.6632495 0.5193313130298663
706194884.6147411 0.5187689747229022
706869614.5904869 0.5184880881705072
708219074.5419785 0.5179268793664207
710254509.9688116 0.5170818100095622
710929239.9445574 0.5168020528423928
711603969.9203032 0.5165224827558886
712278699.896049 0.5162430995714746
712953429.8717948 0.5159639031108184
714302889.8232864 0.5154060696486583
716338325.2501196 0.5145660792541527
717013055.2258654 0.514288002497409
717833976.696356 0.51394992587313
719025999.653507 0.5134595082286825
723074379.5079818 0.5117982425230381
723760354.9833233 0.5115174072602943
724435084.9590691 0.5112413611122198
725784544.9105607 0.5106898192977714
726459274.8863065 0.5104143232840149
727134004.8620523 0.5101390103013699
727808734.8377981 0.5098638801767259
728483464.8135439 0.5095889327372054
729169440.2888855 0.5093095899400136
729844170.2646313 0.50903501039057
730518900.2403771 0.5087606130061317
731193630.2161229 0.508486397614747
731868360.1918687 0.5082123640446922
732543090.1676145 0.5079385121244736
733217820.1433601 0.5076648416828259
733903795.6187017 0.50738679593158
734578525.5944475 0.507113490951687
735253255.5701933 0.5068403669350923
735927985.5459391 0.5065674237114436
736602715.5216849 0.5062946611106145
737277445.4974307 0.5060220789627036
737952175.4731765 0.5057496770980361
738626905.4489223 0.5054774553471607
739312880.9242638 0.505200881034314
739987610.9000096 0.5049290219983974
740662340.8757554 0.5046573425664547
741337070.8515012 0.5043858425699335
742011800.827247 0.5041145218405045
742686530.8029928 0.5038433802100604
743361260.7787386 0.5035724175107157
744047236.2540802 0.5032971220227769
744721966.229826 0.5030265196580409
745272995.7100184 0.5028056600917987
745824025.1902108 0.5025849194347999
746498755.1659566 0.5023147865661113
746937329.6501914 0.5021392956572424
747724514.6218948 0.5018245004460798
748399244.5976406 0.5015548684809336
749073974.5733864 0.5012854140342798
749748704.5491322 0.5010161369403108
750434680.0244738 0.5007425535352139
751784139.9759654 0.5002048905166387
752458869.9517112 0.4999363241231301
753133599.927457 0.49966793425377215
753808329.9032028 0.49939972074405714
754483059.8789486 0.4991316834296927
755157789.8546944 0.4988638221466002
755843765.3300359 0.498591676796376
756518495.3057817 0.49832417001145773
759824672.186936 0.4970159210970124
760431929.1651073 0.4967760871167004
762456119.0923446 0.49597766122653586
763142094.5676862 0.4957074392776287
763816824.543432 0.49544182259161584
764491554.5191778 0.4951763796888858
765166284.4949236 0.49491111040849045
765841014.4706694 0.4946460145896901
766515744.4464152 0.49438109207195186
767190474.422161 0.4941163426949506
768539934.3736526 0.4935873627228903
769225909.8489941 0.49331872942154764
770575369.8004857 0.492790790682086
771250099.7762315 0.49252707966259124
772599559.7277231 0.4920001735296562
773274289.7034689 0.49173697809906086
773960265.1788105 0.4914695719356843
774634995.1545563 0.4912067222944495
775096060.6379826 0.49102720686215656
776400538.5910912 0.4905197422135701
777075268.566837 0.49025751109991733
777749998.5425828 0.48999545064459105
779099458.4940743 0.4894718410813802
779785433.9694159 0.4892059339441893
780460163.9451617 0.48894455738736625
781134893.9209075 0.4886833507035965
782484353.872399 0.48816144633168407
783833813.8238906 0.4876402195833657
784508543.7996364 0.4873798599298309
785183273.7753822 0.4871196692167201
785869249.2507237 0.48685531501960444
787218709.2022153 0.4863357825196045
787893439.1779611 0.4860762688267448
788568169.1537069 0.4858169232999646
789242899.1294527 0.48555774578549676
789917629.1051985 0.4852987361297694
790592359.0809443 0.4850398941794035
791953064.5320317 0.48451840574960137
792627794.5077775 0.4842600687831326
793977254.459269 0.4837438959715066
794651984.4350148 0.4834860598217211
796001444.3865064 0.4829708872740738
796687419.861848 0.48270926303604156
797317167.8392107 0.48246923463269836
797946915.8165735 0.4822293508651131
799296375.7680651 0.48171580068802694
799971105.7438109 0.48145927406480615
800645835.7195567 0.4812029128843671
801320565.6953025 0.48094671699637026
802006541.170644 0.4806864204698378
802681271.1463898 0.4804305574650635
803356001.1221356 0.4801748593003471
804030731.0978814 0.4799193258261032
804705461.0736272 0.4796639568929338
805380191.049373 0.47940875235162667
806054921.0251188 0.4791537120531561
806729651.0008646 0.47889883584868276
807415626.4762062 0.4786398797733684
808765086.4276978 0.4781309519523552
809439816.4034436 0.47787673336293124
810114546.3791894 0.47762267812361736
810789276.3549352 0.47736878608668526
812138736.3064268 0.47686149102996983
812824711.7817683 0.4766038657051775
814174171.7332599 0.4760975521851232
814848901.7090057 0.4758446389745272
815523631.6847515 0.47559188793489465
816198361.6604973 0.4753392989199592
816873091.6362431 0.47508687178363573
817559067.1115847 0.47483040332603066
818233797.0873305 0.4745783022012797
818908527.0630763 0.47432636251554244
819583257.038822 0.47407458412345754
820257987.0145679 0.4738229668798423
820932716.9903136 0.47357151063969327
821607446.9660594 0.4733202152581861
822293422.441401 0.47306489637366433
822968152.4171468 0.4728139249506154
823642882.3928926 0.47256311395040007
824317612.3686384 0.47231246322890824
824992342.3443842 0.47206197264220706
825667072.32013 0.4718116420465407
826341802.2958758 0.4715614712983295
827016532.2716216 0.47131146025417037
827702507.7469631 0.47105744593046667
828377237.722709 0.470807756520657
829051967.6984547 0.47055822638336414
829726697.6742005 0.47030885537588973
830401427.6499463 0.4700596433557098
831076157.6256921 0.4698105901804749
831919570.0953743 0.4694994968705567
832436863.0767794 0.469308815540339
833111593.0525252 0.46906024068669744
833786323.028271 0.4688118241079817
834461053.0040168 0.4685635656627129
835147028.4793583 0.46831133153977256
835821758.4551041 0.4680633915673049
836496488.4308499 0.4678156093025332
837171218.4065957 0.46756798460466925
837845948.3823415 0.46732051733309726
838520678.3580873 0.4670732073473713
839195408.3338331 0.4668260545072174
839870138.3095789 0.46657905867253113
840556113.7849205 0.4663281070487634
841230843.7606663 0.4660814274162945
842400375.7186257 0.4656542202356862
842917668.7000308 0.46546541308453077
843592398.6757766 0.4652192808859381
844267128.6515224 0.4649733047839584
844953104.126864 0.4647233889578747
845627834.1026098 0.4644777272286041
846302564.0783556 0.46423222117764806
846977294.0541013 0.4639868706666807
847652024.0298471 0.4637416755575435
848326754.005593 0.46349663571224453
849687459.4566803 0.46300294374549283
850362189.4324261 0.46275837144510873
851036919.4081719 0.4625139538559723
851430511.8940235 0.4623714483209397
851576703.3887684 0.46231853108458554
851992786.8738117 0.46216796017290435
852667516.8495575 0.4619239159033499
854691706.7767949 0.4611927080082915
855377682.2521365 0.46094522406032246
856052412.2278823 0.4607019522034532
856727142.2036281 0.4604588339062856
858076602.1551197 0.4599730574481219
858751332.1308655 0.45973039901606527
860100792.082357 0.45924554106956983
860786767.5576986 0.45899930591531085
861461497.5334444 0.45875726128588024
862136227.5091902 0.45851536913225904
862810957.484936 0.45827362931997107
863485687.4606818 0.4580320417147001
864160417.4364276 0.4577906061822912
865509877.3879192 0.4573081908002383
866870582.8390065 0.4568223695772149
867545312.8147523 0.4565816949246607
868220042.7904981 0.4563411715411711
871604938.1688229 0.45513682413362955
872796961.1259737 0.4547136042640733
873314254.1073788 0.4545300887515126
873988984.0831246 0.45429085330333535
874663714.0588704 0.4540517678601526
875338444.0346162 0.4538128322904279
876013174.010362 0.45357404646278093
876687903.9861078 0.4533354102459868
877362633.9618536 0.4530969235089754
878048609.4371952 0.4528546150956019
878723339.412941 0.45261642941142916
879398069.3886868 0.4523783928125842
880072799.3644326 0.4521405051686184
880747529.3401784 0.45190276634923776
881422259.3159242 0.451665176224301
882771719.2674158 0.4511904415379647
883457694.7427573 0.45094934555910304
884132424.7185031 0.45071235138209687
884807154.6942489 0.4504755052489739
885481884.6699947 0.45023880703051333
886156614.6457405 0.450002256597647
886831344.6214863 0.4497658538214574
887269919.1057211 0.44961227113682606
887416110.600466 0.44956109075373984
887809703.0863177 0.44942333180816163
888484433.0620635 0.4491872902469439
889159163.0378093 0.4489513958988007
889833893.013555 0.4487156486354875
890519868.4888966 0.4484761229014548
891194598.4646424 0.44824067186973215
891869328.4403882 0.44800536753687853
892544058.416134 0.4477702097752518
893218788.3918798 0.4475351984573594
893893518.3676256 0.44730033345585835
894568248.3433714 0.44706561464355404
895254223.818713 0.4468271335843132
895928953.7944587 0.44659270920059463
896603683.7702045 0.44635843062326996
897278413.7459503 0.44612429772574125
897953143.7216961 0.4458903103815579
898470436.7031013 0.44571101857742257
898976484.1849107 0.4455357070782126
899651214.1606565 0.4453020854847023
900325944.1364022 0.44506860900102263
901011919.6117438 0.4448313898706819
901686649.5874896 0.4445982056426953
902361379.5632354 0.44436516614553007
903036109.5389812 0.4441322712538412
903710839.514727 0.44389952084242956
904385569.4904728 0.4436669147862413
905060299.4662186 0.44343445296036793
905577592.4476236 0.4432563298252469
906083639.929433 0.4430821608382706
906600932.9108381 0.442904205100471
906949543.3983067 0.44278432609176854
907455590.8801161 0.44261037645588225
908141566.3554577 0.4423747070687384
908816296.3312035 0.4421430458486491
909502271.806545 0.44190767062645653
910008319.2883544 0.441734128102914
910525612.2697595 0.44155681233044597
911200342.2455053 0.4413256572848613
911886317.7208469 0.44109079622559233
912279910.2066985 0.4409561065524341
912673502.6925503 0.4408214654639996
913359478.1678919 0.4405869213358395
914034208.1436377 0.44035636596500377
914484028.1274681 0.4402027415364041
914776411.116958 0.4401029195935236
915293704.0983632 0.43992637700392107
915687296.5842148 0.4397921071269032
915867224.577747 0.4397307427245668
916227080.5648115 0.43960804423796374
916800601.0441954 0.4394125770377165
917475331.0199412 0.43918274693083803
918150060.995687 0.43895305865947915
918824790.9714328 0.43872351210164556
919499520.9471786 0.4384941071354836
920174250.9229244 0.43826484363927987
920860226.398266 0.43803190398584047
921534956.3740118 0.43780292541772664
922209686.3497576 0.43757408795324926
922884416.3255033 0.4373453914712556
923559146.3012491 0.43711683585073247
924233876.276995 0.4368884209708052
924908606.2527407 0.4366601467107385
925583336.2284865 0.4364320129499345
926269311.7038281 0.4362002208668694
926944041.6795739 0.43597237007997497
930992421.5340487 0.43460820402415534
931667151.5097945 0.4343813316752394
932353126.985136 0.4341508209205216
933027856.9608817 0.43392422936892083
933702586.9366275 0.4336977768761755
934377316.9123733 0.4334714633234737
935052046.8881191 0.433245288592139
935726776.8638649 0.43301925256362983
936401506.8396107 0.4327933551195401
937087482.3149523 0.43256383466440873
937762212.290698 0.43233821633927827
938436942.2664438 0.43211273624219093
939111672.2421896 0.431887394255281
939786402.2179354 0.43166219026081676
940461132.1936812 0.43143712414120006
941135862.169427 0.4312121957789664
941810592.1451728 0.4309874050567851
942485322.1209186 0.4307627518574581
943171297.5962602 0.4305344952974945
943846027.572006 0.4303101190799721
944520757.5477518 0.43008588003256254
945195487.5234976 0.4298617780386004
945870217.4992434 0.42963781298155324
946544947.4749892 0.42941398474502046
947219677.450735 0.4291902932127332
947905652.9260765 0.42896301350936134
948580382.9018223 0.4287395973108368
949255112.8775681 0.42851631746660923
949929842.8533139 0.42829317386093724
950604572.8290597 0.42807016637820944
951279302.8048055 0.4278472949029458
951954032.7805513 0.42762455931979637
952628762.7562971 0.427401959513541
953314738.2316387 0.4271757887820513
953989468.2073845 0.4269534624425855
954664198.1831303 0.4267312715332209
955338928.1588761 0.42650921593925817
956013658.1346219 0.4262872955461276
956688388.1103677 0.42606551023938877
957363118.0861135 0.4258438599047291
958049093.561455 0.4256186536452491
958723823.5372008 0.42539727515709147
959398553.5129466 0.42517603129695014
960073283.4886924 0.4249549219510286
960748013.4644382 0.4247339470056575
961422743.440184 0.4245131063472958
962097473.4159298 0.4242923998625298
962524802.4005688 0.42415268843497184
962659748.395718 0.42410858020387576
963053340.8815696 0.4239799618007179
963536897.3641875 0.42382200727816705
963750561.856507 0.4237522353161129
964144154.3423587 0.4236237431330696
964717674.8217427 0.4234365931164493
965291195.3011266 0.4232495396414201
965965925.2768724 0.4230296002357813
966640655.2526182 0.4228097942433878
967315385.228364 0.4225901215518043
967990115.2041098 0.4223705820487218
968664845.1798556 0.42215117562195686
969339575.1556014 0.4219319021594512
970025550.630943 0.42170911033068603
970700280.6066887 0.42149010467242
971375010.5824345 0.42127123164112845
972049740.5581803 0.4210524911252551
972724470.533926 0.4208338830133679
973399200.5096718 0.4206154071941588
974073930.4854176 0.4203970635564441
974759905.9607592 0.4201752162480073
975434635.936505 0.4199571388386114
976109365.9122508 0.4197391932760555
976784095.8879966 0.41952137944965245
977458825.8637424 0.4193036972488377
978133555.8394881 0.41908614656317045
978808285.815234 0.41886872728233226
979494261.2905755 0.41864781894142067
980168991.2663213 0.41843066432525283
980843721.2420671 0.4182136407818623
981518451.2178129 0.417996748201422
982193181.1935587 0.4177799864742264
982867911.1693045 0.41756335549069223
983542641.1450503 0.41734685514135744
984217371.1207961 0.41713048531688124
984903346.5961376 0.41691064302218567
985578076.5718834 0.41669453609074114
989637701.925954 0.41539703711508896
990987161.8774456 0.41496677517995967
991661891.8531914 0.41475183825610495
992336621.8289372 0.4145370305508239
993011351.804683 0.414322351956341
993686081.7804288 0.4141078023649993
994360811.7561746 0.4138933816692603
995046787.2315161 0.4136755193204227
995721517.2072619 0.41346135823752145
996396247.1830077 0.4132473257265333
997070977.1587535 0.4130334216803944
997745707.1344993 0.4128196459921596
998420437.1102451 0.41260599855500063
999095167.0859909 0.41239247926220735
999769897.0617367 0.41217908800718595
1000455872.5370783 0.41196227137798824
1001130602.512824 0.41174913800871493
1001805332.4885699 0.41153613235636627
1002480062.4643157 0.4113232543148181
1003829522.4158072 0.4108978806402099
1004504252.391553 0.41068538479548355
1005178982.3672988 0.41047301613822423
1005864957.8426404 0.4102572382793659
1006539687.8183862 0.4100451257959089
1007214417.794132 0.40983314018188105
1007889147.7698778 0.409621281332087
1008563877.7456236 0.409409549141446
1009238607.7213694 0.4091979435049932
1009913337.6971152 0.40898646431787755
1011274043.1482025 0.40856036549839
1011948773.1239483 0.4083492671326998
1012623503.0996941 0.40813829479634883
1013298233.0754399 0.40792744838506
1013972963.0511857 0.40771672779466916
1014647693.0269315 0.4075061329211259
1015333668.5022731 0.40729215690311193
1016008398.4780189 0.407081815242506
1016683128.4537647 0.4068715989855487
1017357858.4295105 0.40666150802864476
1018032588.4052563 0.40645154226831104
1018707318.3810021 0.406241701601177
1019382048.3567479 0.4060319859239849
1020056778.3324937 0.40582239513358875
1020742753.8078352 0.4056094390834539
1021417483.783581 0.40540009983480363
1022766943.7350726 0.40498179496376185
1023441673.7108184 0.4047728291360889
1024791133.66231 0.4043552701840702
1025465863.6380558 0.40414667685511074
1026826569.0891432 0.4037263906042516
1027501299.064889 0.4035181709165063
1028176029.0406348 0.4033100748831153
1028850759.0163805 0.40310210240238126
1029525488.9921263 0.4028942533727168
1030200218.967872 0.402686527692645
1030874948.9436178 0.40247892526079804
1031560924.4189594 0.40226798903058925
1032235654.3947052 0.4020606348414354
1032910384.370451 0.4018534035953777
1033585114.3461968 0.4016462951914876
1034181125.8247722 0.40146345153491225
1034608454.8094113 0.4013324149942688
1035125747.7908164 0.40117385760032814
1035800477.7665622 0.40096715181986164
1036475207.742308 0.4007605684504837
1037161183.2176496 0.4005506674098682
1037667230.6994588 0.4003959033491469
1038015841.1869276 0.400289328074725
1038521888.6687369 0.4001346800164589
1039196618.6444827 0.3999285893542587
1042581514.0228075 0.39889653898144106
1043256243.9985533 0.3986911802892487
1043930973.9742991 0.3984859429052048
1044616949.4496406 0.39827740915356824
1045291679.4253864 0.39807241610608257
1045966409.4011322 0.3978675440679112
1046641139.376878 0.3976627929402065
1047315869.3526238 0.39745816262422684
1047720707.3380712 0.39733544238323004
1047844407.8336246 0.3972979531964211
1048238000.3194764 0.3971786963927993
1048912730.2952222 0.3969743516051396
1051622895.6978011 0.39615477956634343
1052016488.1836528 0.39603591584726283
1052230152.6759723 0.39597140693368327
1052556272.1642494 0.3958729691588612
1052904882.6517181 0.39576777355893994
1053422175.6331232 0.3956117358424649
1054096905.608869 0.39540831422509826
1054771635.5846148 0.39520501233537453
1055446365.5603606 0.3950018300758179
1056121095.5361063 0.39479876734905656
1056807071.0114479 0.3945924426809653
1057313118.4932573 0.3944403150249137
1057830411.4746624 0.3942848760926972
1058685069.4439404 0.39402821741270116
1059202362.4253455 0.39387296418812257
1059877092.4010913 0.3936705650856789
1060563067.8764329 0.39346491454918336
1061237797.8521787 0.3932627551212426
1061912527.8279245 0.39306071439457924
1062587257.8036703 0.3928587922728111
1063261987.7794161 0.3926569886596586
1063936717.7551619 0.3924553034589445
1064611447.7309077 0.39225373657459406
1065297423.2062492 0.3920489314339449
1065972153.181995 0.3918476028624357
1066646883.1577408 0.3916463923180821
1067321613.1334866 0.39144529970521885
1067996343.1092324 0.3912443249282814
1068671073.0849782 0.3910434678918075
1069345803.060724 0.3908427285004358
1069840605.0429375 0.3906955943282624
1070357898.0243427 0.39054183978958995
1071043873.4996842 0.3903380543270026
1071561166.4810894 0.3901844602439438
1071909776.968558 0.39008099005817
1072258387.4560267 0.3899775511552861
1072775680.4374318 0.38982411879274415
1073450410.4131776 0.38962409302702866
1074136385.888519 0.38942085341108396
1074811115.864265 0.3892210634430108
1075317163.3460743 0.38907129761026743
1075834456.3274794 0.3889182715021806
1076509186.3032253 0.38871877525530624
1077183916.278971 0.38851939555312676
1077858646.2547169 0.3883201323015463
1078544621.7300584 0.38811766727691627
1079219351.705804 0.3879186385815609
1079894081.68155 0.3877197260535504
1080568811.6572957 0.38752092959918744
1081243541.6330416 0.38732224912487345
1081918271.6087873 0.38712368453710866
1082593001.5845332 0.38692523574249127
1083278977.0598748 0.3867235980758432
1083953707.0356205 0.38652538251369917
1084628437.0113664 0.38632728246353754
1085291921.4875164 0.3861325966309139
1085797968.9693255 0.3859841824041832
1086146579.4567943 0.3858819792097727
1087012482.925668 0.3856282527026238
1087529775.9070733 0.3854767662832085
1088339451.877968 0.3852397928130108
1089014181.853714 0.3850424413280613
1089407774.3395658 0.38492737265746957
1089610193.3322895 0.38486820969126995
1090093749.8149073 0.3847269177327183
1091443209.7663987 0.38433292600354385
1092117939.7421446 0.3841361019125742
1093309962.6992955 0.3837886588586346
1093827255.6807005 0.3836379926449468
1095008033.1382558 0.3832943319606752
1095356643.6257243 0.3831929370104792
1096222547.094598 0.3829412166264087
1096638630.5796413 0.3828203267790211
1096818558.5731735 0.3827680634902326
1097245887.5578127 0.3826439705964647
1097920617.5335584 0.38244812729237665
1098595347.5093043 0.3822523975948169
1099944807.4607959 0.38186127865534714
1101305512.911883 0.38146735940702925
1101980242.887629 0.38127219826400344
1103329702.8391206 0.38088221506871
1104004432.8148663 0.3806873928356622
1104679162.7906122 0.3804926833919841
1105353892.766358 0.3802980866475215
1106714598.2174454 0.37990599232193406
1107389328.193191 0.37971173500819094
1108064058.168937 0.37951759003248803
1108738788.1446826 0.37932355730514145
1110088248.0961742 0.3789358282372475
1110762978.0719202 0.3787421317177977
1111448953.5472617 0.37854532162587173
1112123683.5230074 0.3783518506609075
1112798413.4987533 0.3781584914066657
1113473143.474499 0.3779652437741152
1113967945.4567125 0.37782359973385904
1115148722.9142678 0.3774858276912772
1115823452.8900135 0.37729296818040015
1119703150.250552 0.3761861817096817
1120209197.7323613 0.37604208848517917
1120726490.7137663 0.3758948575193486
1121075101.201235 0.3757956733146566
1121592394.18264 0.37564855112734236
1122267124.158386 0.37545675019770514
1122941854.1341317 0.3752650596500457
1123616584.1098776 0.37507347939670915
1124291314.0856233 0.374882009350132
1124966044.061369 0.37469064942284097
1125652019.5367105 0.37449621296091423
1126326749.5124564 0.37430507484180797
1127001479.488202 0.3741140465786574
1127518772.4696074 0.37396766591939445
1128024819.9514167 0.3738245298417305
1128710795.4267583 0.3736305993895376
1129385525.402504 0.37343995858704293
1130060255.37825 0.37324942724631993
1130734985.3539956 0.3730590052806648
1131409715.3297415 0.37286869260346267
1131915762.8115509 0.3727260297640542
1132421810.29336 0.37258342831425817
1133107785.7687016 0.37239022207285294
1133782515.7444475 0.372200293040134
1134457245.7201931 0.37201047290576755
1135143221.1955347 0.3718176006496522
1135817951.1712806 0.37162799986508227
1136492681.1470263 0.37143850771932707
1137009974.1284316 0.37129330392657567
1137516021.610241 0.371151318440375
1138201997.0855825 0.3709589465887031
1138876727.0613282 0.37076983761307
1139551457.037074 0.3705808368877386
1140057504.5188835 0.37043915733158905
1140406115.006352 0.3703415912347326
1140754725.4938207 0.3702440539830165
1141103335.9812894 0.3701465455646792
1141384473.4711833 0.37006793073788935
1141823047.955418 0.3699453290226161
1142486532.4315681 0.3697599412570976
1143003825.4129734 0.369615473959312
1143678555.388719 0.3694271335082424
1144195848.3701243 0.3692828120658226
1144544458.8575928 0.36918558763108505
1145241679.8325303 0.3689912248676692
1145758972.8139353 0.36884709438080304
1146950995.7710862 0.3685152078423197
1147299606.258555 0.36841820995840746
1147648216.7460237 0.3683212406882045
1147996827.2334921 0.3682243000200721
1148345437.7209609 0.3681273879423764
1148694048.2084296 0.3680305044434903
1149211341.1898346 0.3678867944744601
1149728634.1712399 0.36774314736880986
1150110981.1574957 0.3676370138025894
1150380873.147794 0.3675621166475393
1150639519.6384966 0.3674903562429614
1151044357.623944 0.3673780671059431
1151437950.1097958 0.3672689339458944
1151943997.5916052 0.3671286732174629
1152809901.060479 0.3668888106045643
1153327194.041884 0.36674559976173193
1154001924.0176299 0.36655889702566247
1154676653.9933755 0.3663723006450823
1155351383.9691215 0.36618581053647176
1156026113.9448671 0.3659994266163974
1156700843.920613 0.3658131488015101
1157218136.902018 0.3656704076148817
1157566747.3894868 0.3655742475977358
1158072794.8712962 0.3654347107827164
1158758770.3466377 0.3652456559330499
1159433500.3223834 0.3650598069935751
1160625523.2795343 0.3647317320992239
1161131570.7613437 0.36459255465060014
1161536408.7467911 0.364481255411664
1161705091.2407277 0.36443489193148776
1162166156.724154 0.3643081986949958
1162559749.2100055 0.36420008485434685
1163043305.6926234 0.36406730833038314
1163391916.180092 0.36397161925354177
1163909209.161497 0.36382968076005556
1164583939.137243 0.3636446364605811
1165258669.1129887 0.36345969721648697
1165933399.0887346 0.363274862945577
1166619374.5640762 0.36308705563093424
1167294104.5398219 0.362902432806261
1167968834.5155678 0.3627179147073188
1168643564.4913135 0.36253350125224615
1169318294.4670594 0.36234919235926444
1169993024.442805 0.3621649879466783
1170667754.418551 0.3619808879328745
1171342484.3942966 0.36179689223632316
1172017214.3700426 0.36161300077557657
1172703189.8453841 0.36142615122945443
1173377919.8211298 0.3612424697301687
1174052649.7968757 0.36105889222148685
1174727379.7726214 0.3608754186222917
1175402109.7483673 0.3606920488515483
1176076839.724113 0.36050878282830356
1176751569.699859 0.3603256204716867
1177437545.1752005 0.36013951159853735
1178112275.1509461 0.35995655805729077
1178787005.126692 0.3597737079392053
1179461735.1024377 0.3595909611637371
1180136465.0781837 0.3594083176504238
1180811195.0539293 0.35922577731888455
1181485925.0296752 0.3590433400888192
1182171900.5050168 0.35885796784889107
1182846630.4807625 0.35867573829620447
1183521360.4565084 0.3584936116032435
1184870820.408 0.35812966647667904
1185545550.3837457 0.357947847883366
1186220280.3594916 0.35776613183036055
1186895010.3352373 0.3575845182380092
1187569740.3109832 0.35740300702673805
1188255715.7863247 0.35721857550149516
1188930445.7620704 0.35703727051701495
1189605175.7378163 0.35685606767405265
1190954635.689308 0.35649396809575173
1191629365.6650536 0.3563130712021468
1192304095.6407995 0.35613227613352677
1192978825.6165452 0.3559515828109571
1193664801.0918868 0.35576798215555805
1194339531.0676327 0.35558749378107535
1195014261.0433784 0.355407106915003
1195688991.0191243 0.35522682147872414
1196363720.99487 0.35504663739370024
1197038450.9706159 0.354866554581472
1197713180.9463615 0.35468657296365896
1198387910.9221075 0.3545066924619578
1199073886.397449 0.35432391752931847
1199748616.3731947 0.3541442407072495
1200423346.3489406 0.35396466476555555
1201098076.3246863 0.3537851896262485
1201772806.3004322 0.3536058152114185
1202447536.276178 0.3534265414432335
1203796996.2276695 0.3530682955358595
1204482971.703011 0.3528863412201054
1205157701.678757 0.3527074709333471
1205832431.6545026 0.3525287009039487
1206507161.6302485 0.3523500310545453
1207181891.6059942 0.35217146130784877
1207856621.5817401 0.35199299158664765
1208531351.5574858 0.35181462181380885
1209206081.5332317 0.3516363519122747
1209892057.0085733 0.35145521314832007
1210566786.984319 0.3512771444198383
1211916246.9358106 0.3509213058040695
1212590976.9115565 0.3507435357633614
1213265706.8873022 0.3505658651319506
1213940436.863048 0.35038829383331693
1214626412.3383896 0.3502078647641319
1215301142.3141353 0.3500304935541506
1216650602.265627 0.34967604836518285
1217325332.2413726 0.34949897423384335
1218000062.2171185 0.3493219989764902
1218674792.1928642 0.349145122517136
1219349522.16861 0.34896834477986866
1220035497.6439517 0.3487887218726563
1220710227.6196973 0.3486121429943282
1221384957.5954432 0.3484356626095416
1222059687.571189 0.3482592806426871
1222734417.5469348 0.3480829970182295
1223409147.5226805 0.34790681166070897
1224083877.4984264 0.34773072449474024
1224769852.973768 0.34755180312501827
1225444582.9495137 0.34737591374967636
1226119312.9252596 0.3472001223389267
1226794042.9010053 0.3470244288176839
1227243862.884836 0.34690735414953544
1227525000.3747299 0.34683420454826225
1228031047.8565392 0.3467025780206542
1228717023.3318808 0.34652423866344456
1229391753.3076267 0.3463489213171369
1229785345.7934785 0.34624669790814466
1230178938.27933 0.34614450767039484
1230640003.7627563 0.3460248412746628
1231101069.2461827 0.34590522035387655
1231775799.2219286 0.3457302472668892
1232461774.6972702 0.3455524576693981
1233327678.166144 0.34532817815740124
1233676288.6536124 0.3452379289650036
1234193581.6350176 0.34510405855048015
1234587174.1208694 0.3450022388206298
1234767102.1144016 0.34495570364735895
1235228167.597828 0.34483648872557715
1236082825.5671058 0.3446156246009619
1236600118.548511 0.3444820191349603
1237274848.5242567 0.34430783657793695
1237949578.5000026 0.344133750679711
1238635553.9753442 0.34395686236246975
1239310283.9510899 0.34378297116842194
1240491061.408645 0.3434788935846672
1240828426.396518 0.34339206846532716
1241345719.377923 0.34325898335739885
1242031694.8532646 0.34308258814739023
1242537742.335074 0.3429525242305742
1242897598.3221383 0.34286006721844337
1243246208.809607 0.3427705255405421
1243752256.2914164 0.342640591286726
1244157094.2768638 0.34253668274626087
1244786842.2542267 0.34237511586162134
1245472817.7295682 0.34219921836295386
1246147547.705314 0.34202630099539333
1246822277.6810598 0.3418534793220017
1247497007.6568055 0.3416807532699331
1248171737.6325514 0.34150812276641235
1248677785.1143606 0.34137871254876806
1249026395.6018293 0.3412895945135619
1249375006.089298 0.3412005019405451
1249892299.070703 0.3410683469601439
1250285891.5565548 0.3409678317801499
1250679484.0424066 0.3408673490111035
1251140549.525833 0.34074968182661153
1251432932.5153227 0.3406750866361717
1251781543.0027914 0.34058616956167775
1252130153.49026 0.3404972778704205
1252647446.4716651 0.34036542082721605
1253041038.957517 0.34026513222224997
1253209721.4514532 0.34022216128335114
1253670786.9348795 0.34010473765416505
1254356762.410221 0.33993011619622837
1254874055.3916261 0.33979849926018796
1255380102.8734355 0.3396697974554519
1256066078.348777 0.3394954200523544
1256740808.324523 0.33932399671469254
1257415538.3002687 0.3391526679357204
1258090268.2760146 0.3389814336437048
1258764998.2517602 0.3388102937669826
1259439728.2275062 0.3386392482339604
1260114458.2032518 0.3384682969731154
1260789188.1789978 0.3382974399129939
1261475163.6543393 0.3381238317304448
1262149893.630085 0.3379531644247205
1262824623.605831 0.33778259110459175
1263499353.5815766 0.3376121116988857
1264174083.5573225 0.33744172613649803
1264848813.5330682 0.3372714343463946
1265523543.508814 0.3371012362576101
1266209518.9841557 0.33692829751779696
1266884248.9599013 0.33675828817775855
1267558978.9356472 0.3365883723253797
1268233708.911393 0.33641854988997283
1268908438.8871388 0.3362488208009192
1269583168.8628845 0.3360791849876688
1270269144.338226 0.3359068174588629
1270943874.313972 0.33573736953749556
1272293334.2654636 0.33539875281466547
1272968064.2412093 0.33522958387272217
1275655738.6445968 0.33455664847274014
1276150540.6268103 0.3344329210167061
1276499151.114279 0.3343457792787595
1277365054.5831528 0.3341294372474979
1278039784.5588984 0.333960964535837
1278714514.5346444 0.3337925841519238
1279400490.009986 0.33362149200533914
1280075219.9857316 0.3334532976041996
1280749949.9614775 0.3332851953211742
1281424679.9372232 0.3331171850869068
1282099409.912969 0.33294926683210774
1282774139.8887148 0.3327814404875551
1283448869.8644607 0.3326137059840939
1284123599.8402064 0.33244606325263637
1284809575.315548 0.3322757204835549
1285484305.2912939 0.3321082626157575
1286159035.2670395 0.3319408963119529
1286833765.2427855 0.3317736215033215
1287508495.2185311 0.33160643812111046
1288183225.194277 0.33143934609663245
1288857955.1700227 0.3312723453612676
1289532685.1457686 0.3311054358464618
1290218660.6211102 0.3309358379495527
1290893390.5968559 0.33076911218795024
1291568120.5726018 0.3306024774405033
1292242850.5483475 0.33043593363892426
1292917580.5240934 0.3302694807149904
1293592310.499839 0.33010311860054553
1294267040.475585 0.3299368472274989
1294953015.9509265 0.3297678976173151
1295605254.9274807 0.3296073438597099
1296268739.4036307 0.3294441087374401
1296954714.8789723 0.3292754322002463
1297629444.8547182 0.3291096120089825
1298304174.830464 0.32894388215307724
1298978904.8062098 0.3287782425648969
1299653634.7819555 0.32861269317687314
1300328364.7577014 0.32844723392150244
1301003094.733447 0.3282818647313462
1301677824.709193 0.32811658553903134
1302363800.1845345 0.32794864388441397
1303038530.1602802 0.3277835459830723
1304387990.1117718 0.32745361949824564
1305062720.0875177 0.3272887907805979
1305737450.0632634 0.32712405165679304
1306412180.0390093 0.3269594020599108
1307086910.014755 0.32679484192309505
1307772885.4900966 0.3266276307574743
1308447615.4658425 0.3264632508286909
1309122345.4415882 0.32629896015868
1309797075.417334 0.3261347586808433
1310471805.3930798 0.3259706463286462
1311146535.3688257 0.32580662303561736
1311821265.3445714 0.3256426887353495
1312495995.3203173 0.3254788433614995
1313170725.296063 0.3253150868477872
1313856700.7714045 0.3251486920845715
1314531430.7471504 0.3249851145707846
1315206160.722896 0.32482162571757534
1315880890.6986418 0.3246582254589182
1316555620.6743877 0.3244949137288515
1317230350.6501334 0.3243316904614757
1317905080.6258793 0.32416855559095475
1318557319.6024334 0.32401094251374624
1319052121.5846472 0.3238914289957123
1319569414.5660522 0.32376653377078185
1320244144.541798 0.3236037048338627
1320918874.5175438 0.3234409640004991
1321593604.4932897 0.3232783112051981
1322437016.962972 0.3230751189149246
1323111746.9387176 0.32291266396613116
1323786476.9144635 0.32275029684298073
1324461206.8902092 0.322588017480246
1325135936.865955 0.322425825812762
1325810666.8417008 0.322263721775426
1326485396.8174467 0.3221017053031969
1326912725.8020856 0.32199914013190106
1327182617.792384 0.3219343802048813
1327879838.7673213 0.32176714846563254
1328385886.2491307 0.3216458290205005
1329071861.7244723 0.3214814521833932
1329746591.700218 0.32131985802760865
1330421321.6759639 0.32115835105875995
1331096051.6517096 0.3209969312122286
1331770781.6274555 0.3208355984234575
1332276829.1092646 0.32071465592473414
1332794122.0906699 0.32059107636353656
1333468852.0664155 0.32042996238486426
1334143582.0421615 0.3202689352374142
1334818312.0179071 0.3201079948569063
1335493041.993653 0.3199471411791212
1336167771.9693987 0.3197863741399016
1336842501.9451447 0.31962569367515004
1337517231.9208903 0.3194650997208305
1338034524.9022956 0.31934203623601454
1338540572.384105 0.3192216971830972
1339215302.3598506 0.3190613206637346
1339890032.3355966 0.31890103043009305
1340564762.3113422 0.3187408264184101
1341239492.2870882 0.31858070856498477
1341925467.7624297 0.3184180103392461
1342600197.7381754 0.3182580660447847
1343274927.7139213 0.3180982077167804
1343949657.689667 0.3179384352917737
1344624387.6654127 0.3177787487063657
1345299117.6411586 0.317619147897217
1345973847.6169043 0.3174596328010488
1346648577.5926502 0.3173002033546417
1347323307.5683959 0.3171408594948364
1348009283.0437374 0.3169789475771436
1348684013.0194833 0.3168197761251106
1349358742.995229 0.3166606900695107
1350033472.970975 0.3165016893474242
1350708202.9467206 0.3163427738959911
1351382932.9224665 0.3161839436524103
1352057662.8982122 0.3160251985539412
1352743638.3735538 0.31586389492478034
1353418368.3492997 0.3157053213450127
1354093098.3250453 0.3155468327214451
1354767828.3007913 0.31538842899157404
1355442558.276537 0.31523011009295465
1356117288.2522829 0.3150718759632011
1356792018.2280285 0.3149137265399865
1358152723.679116 0.31459504927712323
1358827453.6548617 0.31443715500829084
1359502183.6306076 0.31427934519624223
1360176913.6063533 0.31412161977894515
1360851643.5820992 0.31396397869442527
1361526373.5578449 0.31380642188076674
1362201103.5335908 0.31364894927611164
1362875833.5093365 0.31349156081866114
1363561808.984678 0.31333163541917997
1364236538.960424 0.31317441647084665
1364911268.9361696 0.3130172814836423
1365585998.9119155 0.31286023039599975
1366260728.8876612 0.3127032631464116
1367374033.347642 0.31244445031210755
1367542715.8415782 0.3124052561259949
1367666416.3371317 0.3123765170460612
1368071254.3225791 0.31228248153082705
1368745984.298325 0.3121258225551653
1369420714.2740707 0.3119692471302629
1370095444.2498167 0.3118127551949389
1370770174.2255623 0.3116563466880704
1371444904.2013083 0.31150002154859185
1372119634.177054 0.31134377971549476
1372794364.1527998 0.31118762112782805
1373480339.6281414 0.3110289451723902
1374155069.603887 0.3108729542778395
1374829799.579633 0.3107170464451959
1375504529.5553787 0.3105612216137377
1376179259.5311246 0.31040547972279975
1376853989.5068703 0.31024982071177415
1377528719.4826162 0.31009424452010914
1378203449.4583619 0.30993875108731006
1378889424.9337034 0.30978075087432855
1379564154.9094493 0.3096254241547937
1380238884.885195 0.3094701800119758
1380913614.860941 0.3093150183856067
1381588344.8366866 0.30915993921547524
1382263074.8124323 0.309004942441427
1382937804.7881782 0.3088500280033627
1383623780.2635198 0.3086926160019232
1384298510.2392654 0.30853786742551387
1384973240.2150114 0.3083832010041312
1385647970.190757 0.30822861667790175
1386322700.166503 0.3080741143870077
1386997430.1422486 0.30791969407168773
1387672160.1179945 0.3077653556722355
1388346890.0937402 0.3076110991290011
1389032865.5690818 0.3074543554959397
1389707595.5448277 0.3073002638481933
1390382325.5205734 0.30714625387705685
1391057055.4963193 0.30699232552310307
1391731785.472065 0.3068384787269607
1392406515.447811 0.3066847134293131
1393081245.4235566 0.3065310295708992
1393755975.3993025 0.30637742709251325
1394430705.3750482 0.3062239059350042
1395116680.8503897 0.30606790939581285
1395791410.8261356 0.3059145520557054
1396466140.8018813 0.3057612758583702
1397140870.7776272 0.3056080807448774
1397815600.753373 0.3054549666563521
1398490330.7291188 0.3053019335339735
1399165060.7048645 0.3051489813189763
1399851036.180206 0.3049935627811779
1400525766.155952 0.3048407735508683
1401200496.1316977 0.3046880650509942
1401875226.1074436 0.30453543722300885
1402549956.0831892 0.3043828900084201
1403224686.0589352 0.3042304233487898
1403899416.0346808 0.30407803718573423
1404574146.0104268 0.303925731460924
1405260121.4857683 0.3037709697076679
1405934851.461514 0.30361882602277873
1406609581.43726 0.3034667626005011
1407284311.4130056 0.3033147793827232
1407959041.3887515 0.30316287631138594
1408633771.3644972 0.30301105332848427
1409308501.340243 0.3028593103760673
1409983231.3159888 0.3027076473962377
1410657961.2917347 0.30255606433115106
1411343936.7670763 0.3024020367457856
1412018666.742822 0.30225061466636644
1412693396.7185678 0.3020992723275191
1413368126.6943135 0.3019480096716146
1414042856.6700594 0.3017968266410771
1414717586.6458051 0.3016457231783838
1415392316.621551 0.3014946992260657
1416067046.5972967 0.3013437547267064
1416753022.0726383 0.30119037587687747
1417427752.0483842 0.3010395914332186
1418102482.0241299 0.3008888862696343
1418777211.9998758 0.300738260328921
1419451941.9756215 0.300587713553928
1420126671.9513674 0.30043724588755727
1420801401.927113 0.3002868572727638
1421487377.4024546 0.30013404316115333
1422162107.3782005 0.2999838137937345
1422836837.3539462 0.29983366330612515
1423511567.3296921 0.299683591641491
1424186297.3054378 0.2995335987430509
1424861027.2811837 0.2993836845540747
1425535757.2569294 0.2992338490178858
1426210487.2326753 0.299084092077859
1426896462.7080169 0.29893191970249744
1427571192.6837626 0.2987823210927016
1428245922.6595085 0.29863280090856525
1428920652.6352541 0.2984833590936725
1429595382.611 0.29833399559165974
1430270112.5867457 0.2981847103462147
1430944842.5624917 0.29803550330107725
1431619572.5382373 0.2978863744000391
1432305548.013579 0.29773484006798356
1432980277.9893248 0.2975858685867804
1433655007.9650705 0.2974369750804272
1434329737.9408164 0.29728815949292214
1435004467.916562 0.2971394217683159
1435679197.892308 0.29699076185070983
1436353927.8680537 0.29684217968425697
1437028657.8437996 0.29669367521316137
1437703387.8195453 0.2965452483816786
1438389363.2948868 0.2963944273036467
1439064093.2706325 0.2962461568760266
1439738823.2463784 0.29609796392016574
1440413553.222124 0.29594984838052485
1441088283.19787 0.29580181020161495
1441763013.1736157 0.29565384932799843
1442437743.1493616 0.2955059657042882
1443112473.1251073 0.29535815927514825
1443798448.6004488 0.2952079684836888
1444473178.5761948 0.29506031756214957
1445147908.5519404 0.29491274366855647
1445822638.5276864 0.2947652467477764
1446497368.503432 0.2946178267447268
1447172098.479178 0.29447048360437555
1447846828.4549236 0.2943232172717408
1448521558.4306695 0.29417602769189105
1449196288.4064152 0.29402891480994475
1449882263.8817568 0.29387942861611505
1450556993.8575027 0.2937324702415406
1451231723.8332484 0.29358558839961474
1451906453.8089943 0.2934387830356573
1452581183.78474 0.29329205409503845
1453255913.760486 0.2931454015231773
1453930643.7362316 0.29299882526554377
1454605373.7119775 0.29285232526765703
1455291349.187319 0.2927034617238614
1455966079.1630647 0.2925571153509464
1456640809.1388106 0.29241084507372866
1457315539.1145563 0.29226465083792685
1457990269.0903022 0.2921185325893092
1458664999.066048 0.29197249027369265
1459339729.0417938 0.29182652383694474
1460014459.0175395 0.29168063322498156
1460689188.9932854 0.29153481838376827
1461375164.468627 0.29138665091509425
1462049894.4443727 0.2912409887140646
1462724624.4201186 0.29109540212107865
1463399354.3958642 0.2909498910822993
1464074084.3716102 0.29080445554393786
1464748814.3473558 0.2906590954522556
1465423544.3231018 0.29051381075356164
1466098274.2988474 0.2903686013942143
1466784249.774189 0.290221049056927
1467458979.749935 0.29007599146896024
1468133709.7256806 0.2899310090588165
1468808439.7014265 0.28978610177304964
1469483169.6771722 0.2896412695582621
1470157899.652918 0.28949651236110485
1470832629.6286638 0.2893518301282775
1471507359.6044097 0.2892072228065272
1472193335.0797513 0.28906028210216217
1472868065.055497 0.2889158256892984
1473542795.0312428 0.28877144402716026
1474217525.0069885 0.2886271370626892
1474892254.9827344 0.2884829047428749
1475566984.9584801 0.28833874701475465
1476241714.934226 0.28819466382541475
1476927690.4095676 0.28804825560769154
1477602420.3853133 0.2879043225774646
1478277150.3610592 0.287760463926683
1478951880.3368049 0.28761667960262466
1479626610.3125508 0.2874729695526152
1480301340.2882965 0.2873293337240278
1480976070.2640424 0.28718577206428364
1481650800.239788 0.2870422845208513
1482336775.7151296 0.2868964814437729
1483011505.6908755 0.2867531432086383
1485035695.6181128 0.28632357204269343
1485710425.5938587 0.2861805293262192
1486385155.5696044 0.2860375603587938
1487059885.5453503 0.2858946650882652
1487734615.521096 0.2857518434625286
1488420590.9964375 0.28560671691884026
1489095320.9721835 0.2854640436517987
1489770050.9479291 0.2853214438726503
1490444780.923675 0.28517891752947855
1491119510.8994207 0.2850364645704143
1491794240.8751667 0.28489408494363433
1492468970.8509123 0.2847517785973628
1493154946.326254 0.284607175548028
1493829676.3019998 0.2844650168268122
1494504406.2777455 0.28432293123019636
1495179136.2534912 0.28418091870659107
