1.0 0.9999999992188897
3497351.374282373 0.9920245443914119
5049230.3184977025 0.989060526575749
5184176.313646862 0.9888149439508196
5364104.307179074 0.9884901134411246
5577768.799498576 0.9881081133802252
5892642.788179947 0.9875522078733109
7152138.742905432 0.9854034435551151
8501598.694397023 0.9832132419180891
9176328.670142818 0.9821545210554214
16812022.89566607 0.9713194112115141
17497998.37100763 0.970421109696166
18588811.831796665 0.9690116524637922
19690870.792181466 0.9676096845979487
20759193.253778975 0.9662701663943499
20894139.248928133 0.9661022606941774
21310222.733971376 0.9655863169644483
22659682.685462967 0.9639305994154753
24009142.636954557 0.9623001220832463
24683872.61270035 0.961493728437142
25369848.08804191 0.9606796326451867
27394038.015279297 0.9583090915629557
28068767.991025094 0.9575288282502364
28743497.966770887 0.9567532465161886
30092957.918262478 0.955215527725153
31453663.369349834 0.9536822110508677
32735650.323266845 0.9522524928383301
33095506.31033127 0.9518536547599474
33410380.29901264 0.9515055410551286
34636139.75495084 0.9501579148494755
36637838.6829967 0.9479817826424696
37514987.65146623 0.9470373069194703
37931071.13650947 0.9465911490697049
39280531.08800106 0.9451521395391338
39966506.563342616 0.944425191591812
40641236.53908841 0.9437130595180122
41136038.521302 0.9431926185286014
41810768.4970478 0.9424853167118957
42485498.47279359 0.9417807182364316
44509688.40003098 0.939682573752986
45859148.351522565 0.9382963212227681
47219853.80260992 0.9369081830809723
49244043.729847305 0.9348603518546179
51268233.657084696 0.9328320619492756
51954209.132426254 0.9321489481437736
52628939.10817205 0.9314790721706998
53303669.08391784 0.9308111844497267
53978399.05966364 0.930145252103575
56677318.96264682 0.9275004538404787
57363294.43798838 0.9268329111171336
60062214.34097156 0.9242240888076924
60736944.31671736 0.923576134964714
62097649.76780471 0.922274430382829
62772379.74355051 0.9216313916910008
63447109.71929631 0.9209899377687568
64121839.695042096 0.9203500474154256
68181465.04911263 0.9165319176253415
68856195.02485843 0.9159024467701014
72454754.89550267 0.9125687167313261
73129484.87124847 0.9119479151415164
73804214.84699427 0.9113284256902148
74478944.82274006 0.9107102339015785
74973746.80495365 0.9102577097887665
75479794.28676298 0.9097956092853812
76154524.26250878 0.909180579514714
76829254.23825458 0.9085667994822206
77503984.21400037 0.9079542561069237
78178714.18974617 0.9073429365930953
78853444.16549197 0.906732828421601
79528174.14123777 0.9061239193415783
80214149.61657932 0.9055060786529621
81496136.57049634 0.9043546723847771
82103393.54866755 0.903810727609267
82778123.52441335 0.9032074305925054
83329153.00460574 0.9027155787974035
83621535.9940956 0.9024549010094618
84037619.47913882 0.9020842986965008
84712349.45488462 0.9014842206604334
85398324.93022618 0.9008752718662913
86073054.90597197 0.9002774076845361
86747784.88171777 0.8996806263604599
87422514.85746357 0.8990849182590375
88097244.83320937 0.8984902739310404
88614537.81461447 0.8980350945621831
89120585.29642382 0.8975904061982765
89784069.77257386 0.8970082567272792
90458799.74831966 0.8964172637600999
90942356.23093747 0.8959943488434241
91425912.71355529 0.895571956421853
92100642.68930109 0.8949834389715954
92775372.66504689 0.8943959244983614
93450102.64079268 0.89380940486206
94136078.11613424 0.8932141215050083
94810808.09188002 0.8926295839551875
95204400.57773174 0.8922890526905706
95597993.06358346 0.8919488503763964
96272723.03932926 0.8913664074286441
96947453.01507504 0.8907849193908758
97622182.99082084 0.8902043789715551
98308158.4661624 0.8896151269324066
98982888.4419082 0.8890364758712461
99657618.417654 0.8884587511790771
100332348.39339979 0.8878819460494755
101681808.34489138 0.8867310678175245
103042513.79597874 0.8855742432696607
103717243.77172454 0.8850019524734328
104391973.74747032 0.8844305425932356
105066703.72321612 0.8838600075655787
105662715.20179157 0.8833567578923013
106258726.68036702 0.882854182137927
106933456.65611282 0.8822860367308367
107540713.63428403 0.8817754352207908
108136725.11285949 0.8812749570738655
108811455.08860528 0.8807091715602897
109486185.06435108 0.880144223467959
114794060.87355134 0.8757285683094334
115468790.84929714 0.8751708186727536
116143520.82504293 0.8746138566620135
116818250.80078873 0.8740576776197821
117504226.27613029 0.8734930268454365
118178956.25187609 0.872938412889499
118853686.22762188 0.8723845682456717
119528416.20336767 0.8718314885130135
120203146.17911346 0.8712791693512345
120877876.15485926 0.8707276064794818
121552606.13060506 0.8701767956751574
122227336.10635085 0.8696267327727666
123588041.55743821 0.8685196975454362
124116580.03843908 0.8680905007137403
124645118.51943995 0.8676617533967889
125117429.50246201 0.8672789962888874
125600985.98507982 0.8668874948554892
126275715.96082562 0.8663418349489944
126961691.43616718 0.8657878190470579
127636421.41191298 0.8652436078068144
128311151.38765877 0.8647001093109583
129660611.33915037 0.8636152359941014
130335341.31489617 0.8630738540084512
131010071.29064196 0.8625331704361967
131684801.26638776 0.8619931818057428
132370776.74172932 0.8614449022423477
133045506.7174751 0.8609063046915951
133720236.6932209 0.8603683918663724
134394966.6689667 0.8598311604625001
135069696.6447125 0.8592946072156152
135744426.62045828 0.8587587289004593
136419156.59620407 0.8582235223301874
137105132.07154563 0.8576800810361633
137779862.04729143 0.8571462196106353
138454592.02303723 0.85661302054227
139129321.99878302 0.8560804807918335
139804051.97452882 0.8555485973552537
140478781.95027462 0.8550173672630129
141153511.9260204 0.8544867875795571
141828241.9017662 0.8539568554027164
142514217.37710777 0.8534187518494528
143188947.35285357 0.8528901167828611
143582539.83870527 0.8525820415758332
143694994.8346629 0.8524940599449594
144088587.32051462 0.8521862634667141
144763317.29626042 0.8516591149702409
145438047.2720062 0.8511325989978021
146112777.247752 0.850606712846486
146787507.2234978 0.8500814538428741
147473482.69883937 0.8495480807102098
148148212.67458516 0.8490240784400962
148822942.65033096 0.8485006954266994
149497672.62607676 0.847977929110287
150172402.60182256 0.847455776958292
153557297.9801473 0.8448454949846419
155581487.90738466 0.8432917572924384
156256217.88313046 0.8427750327841969
156930947.85887626 0.8422588984793528
157616923.33421782 0.841734764646696
158291653.3099636 0.8412198137332748
158966383.2857094 0.8407054462728261
159359975.77156115 0.840405667156221
159753568.25741285 0.8401060853968889
160327088.73679677 0.8396699044003602
160900609.2161807 0.8392341402144025
161575339.19192648 0.8387220083255122
162250069.16767228 0.8382104494137421
162924799.14341807 0.8376994613871026
167096879.49344626 0.8345524065771619
170481774.871771 0.8320147901681259
171156504.84751678 0.831510605797651
171831234.82326257 0.8310069664622133
172505964.79900837 0.8305038703276978
173090730.77798808 0.8300682916614738
173675496.75696775 0.8296331184602427
174653855.22179917 0.8289059437082655
175328585.19754496 0.8284051004386426
176003315.17329076 0.8279047911187986
176689290.64863232 0.8273966888924116
178038750.6001239 0.8263987420681729
178713480.5758697 0.8259005600957037
179388210.5516155 0.8254029035071704
180062940.5273613 0.8249057706384275
180737670.50310707 0.8244091598392851
181423645.97844866 0.8239048057005229
182098375.95419443 0.8234092427780804
182773105.92994022 0.8229141970298582
183447835.90568602 0.8224196668598898
184122565.88143182 0.8219256506852675
184797295.85717762 0.8214321469359722
185472025.8329234 0.8209391540547077
186158001.30826497 0.8204384667437912
186832731.28401077 0.8199464994270382
187507461.25975657 0.8194550383558978
188182191.23550236 0.8189640820225473
188856921.21124816 0.8184736289310892
189531651.18699396 0.817983677597401
190206381.16273975 0.817494226548986
190881111.13848555 0.8170052743248277
191567086.6138271 0.8165086827667463
192241816.5895729 0.8160207321067326
192916546.5653187 0.8155332759316831
193591276.5410645 0.8150463128252678
194266006.5168103 0.814559841381939
194940736.4925561 0.814073860206799
195615466.46830186 0.8135883679154688
196301441.94364342 0.8130952838434459
196976171.91938922 0.8126107732989759
197650901.89513502 0.8121267475245475
198325631.8708808 0.8116432051767625
198719224.35673255 0.8113613615256358
199112816.84258425 0.8110796816567544
199798792.3179258 0.8105891445774962
200473522.2936716 0.8101071323059775
201159497.76901317 0.8096175764161095
201834227.74475896 0.8091365266093596
202520203.22010052 0.8086479465613544
203194933.19584632 0.8081678539976496
203880908.67118788 0.8076802445210685
204555638.64693367 0.8072011040536123
205241614.12227523 0.806714459953295
205916344.09802103 0.8062362665084658
206602319.5733626 0.8057505826627757
207288295.04870415 0.8052653809933664
207963025.02444994 0.8047886025975478
208649000.4997915 0.8043043536138825
210684435.92662466 0.8028702946319124
211370411.4019662 0.8023879362528824
212045141.37771198 0.8019139473148661
212731116.85305357 0.8014325269887587
213394601.32920358 0.8009673391317896
214058085.8053536 0.8005025909045906
214732815.7810994 0.8000304153479195
215407545.7568452 0.7995586922107805
216093521.23218676 0.799079569661797
216768251.20793256 0.7986087555109185
217442981.18367836 0.7981383904291616
218117711.15942416 0.7976684733203557
218792441.13516995 0.7971990030954015
219467171.11091575 0.7967299786721934
220141901.08666155 0.7962613989755456
220760403.5644285 0.795832257354322
221378906.0421955 0.7954034877112713
222053636.0179413 0.7949361622939476
222447228.503793 0.7946637593703724
222840820.98964474 0.7943915061888748
223493059.96619898 0.7939406728969808
226889200.8441195 0.7915998302305551
227563930.8198653 0.7911360734703784
227957523.30571702 0.7908657484134403
228351115.79156873 0.7905955702743239
228980863.76893145 0.7901635903508811
229329474.25640014 0.789924619827729
229520647.7495281 0.78979362019057
229981713.23295438 0.7894778216933013
230442778.7163807 0.7891622234273578
230915089.69940275 0.7888391349351491
232118358.15614942 0.7880169743195076
232646896.6371503 0.7876562666744584
233321626.61289608 0.7871961677373229
234671086.56438768 0.7862772411116459
235323325.54094195 0.7858336990703082
235975564.5174962 0.785390550694732
236661539.99283776 0.7849249046682782
241395895.3226541 0.7817229541011237
242070625.2983999 0.7812682822404319
242745355.2741457 0.7808140226306257
243420085.2498915 0.7803601743960271
244094815.2256373 0.7799067366657759
244769545.20138308 0.7794537085737849
245286838.1827882 0.7791066639145918
245804131.1641933 0.7787598591389929
246478861.1399391 0.7783078649528917
247153591.1156849 0.7778562773824315
247828321.0914307 0.7774050955825978
248503051.0671765 0.7769543187129052
249177781.0429223 0.7765039459373533
249863756.51826385 0.7760464803443166
250538486.49400964 0.7755969199670537
251213216.4697554 0.7751477611887528
251887946.4455012 0.7746990031910146
252562676.421247 0.7742506451597209
253237406.3969928 0.7738026862849949
253912136.3727386 0.7733551257611632
254586866.3484844 0.7729079627867159
255272841.82382596 0.7724537538174104
255947571.79957175 0.7720073901462868
256622301.77531755 0.7715614216315096
257297031.75106335 0.7711158474879194
257971761.72680914 0.7706706669343353
258646491.70255494 0.7702258791935208
259321221.67830074 0.7697814834921456
259995951.65404654 0.7693374790607543
260681927.1293881 0.7688864748723748
261356657.1051339 0.7684432571771813
262031387.0808797 0.7680004284538989
262706117.0566255 0.7675579879482873
263380847.03237128 0.7671159349098107
264055577.00811708 0.7666742685916053
264449169.49396878 0.7664168081998509
264831516.48022473 0.766166829444031
265495000.95637476 0.7657333362001376
266169730.93212056 0.7652928768092456
266844460.90786636 0.7648528010898625
267530436.38320792 0.7644057833407856
268879896.3346995 0.7635275564367361
269554626.3104453 0.7630890144932273
270229356.2861911 0.7626508526013307
270904086.2619369 0.7622130700497101
271578816.2376827 0.7617756661303657
272253546.2134285 0.7613386401386052
272939521.68877006 0.7608947170855526
273614251.66451585 0.7604584511175451
274288981.64026165 0.7600225609710601
274963711.61600745 0.7595870459544144
275638441.59175324 0.7591519053790967
276313171.56749904 0.7587171385597413
276987901.54324484 0.7582827448141016
277662631.51899064 0.7578487234630246
278337361.49473643 0.7574150738304255
279023336.970078 0.7569745770732358
279518138.95229155 0.7566570793982847
280024186.43410087 0.7563325716078555
280698916.40984666 0.755900217709475
281373646.38559246 0.7554682325244952
282059621.860934 0.7550294248889
282734351.8366798 0.7545981812724154
283409081.8124256 0.7541673043882134
284083811.7881714 0.7537367935853516
284758541.7639172 0.7533066482157275
285433271.739663 0.7528768676340566
286119247.21500456 0.7524402973387205
286793977.19075036 0.7520112504612875
288143437.14224195 0.7511542446468056
288818167.11798775 0.7507262844440862
289492897.09373355 0.7502986852050937
290167627.06947935 0.7498714463036987
290842357.04522514 0.7494445671164189
291517087.02097094 0.7490180470223958
292203062.4963125 0.7485847857432945
292844055.973271 0.7481802693433138
293496294.9498253 0.7477689871290516
294171024.9255711 0.7473438734944919
294654581.4081889 0.7470394277896224
295138137.89080673 0.746735164742149
295812867.86655253 0.7463109164843048
296498843.3418941 0.7458799609315256
297173573.3176399 0.7454564271660578
297679620.7994492 0.745139008787848
298174422.78166276 0.7448288361162213
298860398.2570043 0.744399137540823
299535128.2327501 0.7439768380495763
300209858.2084959 0.7435548898788706
300884588.1842417 0.7431332924422839
301559318.1599875 0.7427120451557379
302234048.1357333 0.7422911474374807
302908778.1114791 0.7418705987080704
303583508.0872249 0.7414503983903566
304269483.56256646 0.741023551311803
304944213.53831226 0.7406040518780159
305618943.51405805 0.7401848991285747
306293673.48980385 0.739766092495369
306968403.46554965 0.7393476314124982
307643133.44129544 0.7389295153162553
308317863.41704124 0.7385117436451104
308992593.39278704 0.7380943158396974
309678568.8681286 0.7376702828399349
310353298.8438744 0.73725354680432
311016783.32002443 0.7368440900562808
311691513.2957702 0.7364280321628232
312366243.271516 0.736012315370155
313445811.2327093 0.7353478766276966
313839403.718561 0.7351058497657408
314514133.6943068 0.7346912151802429
315188863.6700526 0.7342769194220671
315762384.14943653 0.7339250340285359
317010634.6045663 0.7331600091123595
317685364.5803121 0.7327469623511444
318360094.5560578 0.7323342519049331
319034824.5318036 0.731921877244785
320384284.4832952 0.7310981331765645
321070259.95863676 0.730679909374486
321744989.93438256 0.730268878164725
322419719.91012836 0.7298581801164108
323769179.86161995 0.729037781435941
324443909.83736575 0.7286280797743182
325118639.81311154 0.7282187092151854
325793369.78885734 0.7278096692483769
326479345.2641989 0.7273941503278107
327154075.2399447 0.7269857755110435
327828805.2156905 0.7265777297584946
328503535.1914363 0.7261700125671788
329178265.1671821 0.7257626234358693
329852995.1429279 0.7253555618650844
330527725.1186737 0.7249488273570778
331888430.56976104 0.7241295722756211
332563160.54550683 0.7237238214088115
333237890.52125263 0.7233183956227456
333912620.4969984 0.7229132944282084
334587350.4727442 0.722508517337652
335262080.44849 0.7221040638651877
335948055.9238316 0.7216932007558367
336622785.8995774 0.7212893984418973
337297515.8753232 0.7208859182902092
337972245.851069 0.7204827598214302
338646975.8268148 0.7200799225578217
339321705.80256057 0.7196774060232395
339996435.77830637 0.7192752097431228
342706601.1808853 0.7176629384260244
343381331.1566311 0.7172623416490365
344056061.1323769 0.7168620623041142
344730791.1081227 0.7164620999275331
345405521.0838685 0.716062454057075
346091496.55921006 0.7156564714099228
346766226.53495586 0.7152574624269189
347440956.5107016 0.7148587685647083
348115686.4864474 0.714460389367028
348790416.4621932 0.7140623243790754
349465146.437939 0.7136645731474979
350139876.4136848 0.7132671352203864
350814606.3894306 0.7128700101472643
351489336.3651764 0.7124731974790801
352175311.84051794 0.7120700910634452
352850041.81626374 0.7116739070517168
353524771.79200953 0.7112780340988312
354199501.7677553 0.7108824717613742
354593094.25360703 0.7106518703326161
354728040.24875623 0.7105728312667836
354952950.24067146 0.7104411270289229
355436506.7232893 0.7101580794139835
356088745.6998436 0.7097765459332465
356740984.67639786 0.7093953011425603
357415714.65214366 0.709001213353672
358090444.62788945 0.708607433649899
358765174.60363525 0.7082139615970201
359439904.57938105 0.7078207967621418
360114634.55512685 0.7074279387136913
360800610.0304684 0.7070288470862752
361475340.00621414 0.7066366064163611
362150069.98195994 0.7062446712388805
362824799.95770574 0.705853041127485
363499529.93345153 0.7054617156571078
364174259.90919733 0.7050706944039564
364848989.8849431 0.7046799769455057
365523719.8606889 0.7042895628604903
366209695.3360305 0.7038929524410061
366884425.3117763 0.7035031488827719
367559155.2875221 0.7031136474347153
368233885.2632679 0.7027244476805594
368908615.2390137 0.7023355492052512
369583345.21475947 0.7019469515949551
370258075.19050527 0.7015586544370458
370932805.16625106 0.7011706573201016
371618780.6415926 0.7007765007453349
372293510.6173384 0.7003891074644069
372968240.5930842 0.7000020129905457
373642970.56883 0.6996152169170972
374317700.5445758 0.6992287188385768
374992430.5203216 0.6988425183506644
375667160.4960674 0.6984566150501962
376341890.4718132 0.6980710085351605
376814201.45483524 0.6978012603472573
377174057.44189966 0.6975958353111841
377488931.43058103 0.6974161574480753
378084942.9091565 0.6970762292029861
378478535.3950082 0.6968518746493831
378872127.8808599 0.6966276205194323
379558103.35620147 0.6962370174056899
380232833.33194727 0.6958531145672734
380907563.30769306 0.6954695058237709
381582293.28343886 0.6950861907818975
382257023.25918466 0.6947031690494657
382931753.23493046 0.6943204402353799
383606483.21067625 0.6939380039496289
384292458.6860178 0.6935494932070355
384967188.6617636 0.6931676456714811
385450745.14438146 0.6928941675192619
385934301.62699926 0.6926208388698611
386620277.1023408 0.6922333497748335
387295007.0780866 0.6918525057975385
387969737.0538324 0.6914719518523227
388644467.0295782 0.6910916875570989
389319197.005324 0.6907117125308186
389993926.9810698 0.6903320263934647
390668656.9568156 0.6899526287660471
391343386.9325614 0.689573519270598
392018116.9083072 0.689194697530164
392704092.38364875 0.6888098566953845
393378822.35939455 0.6884316141183952
394053552.33514035 0.6880536581653851
394728282.31088614 0.6876759884634308
396077742.26237774 0.6869215063259428
396752472.23812354 0.6865446931494923
397438447.7134651 0.6861618916793317
398113177.6892109 0.6857856524101916
398787907.6649567 0.6854096971690744
399462637.6407025 0.6850340255898982
400137367.6164482 0.6846586373075367
401486827.5679398 0.6839087091774995
402161557.5436856 0.6835341686043047
402836287.5194314 0.6831599098768771
403522262.994773 0.682779702063518
404196992.97051877 0.6824060106296783
404871722.94626456 0.6820325999571503
405546452.92201036 0.6816594696882955
406221182.89775616 0.6812866194663885
407570642.84924775 0.6805417577410562
408256618.3245893 0.6801635476867537
408931348.3003351 0.6797918187443251
409606078.2760809 0.6794203680728974
410280808.2518267 0.6790491953211467
410955538.2275725 0.6786783001386301
411630268.2033183 0.6783076821757846
412304998.1790641 0.6779373410839196
413665703.63015145 0.6771913273206948
414340433.60589725 0.6768218193525488
415015163.58164304 0.6764525868635318
415689893.55738884 0.6760836295092746
416364623.53313464 0.6757149469462571
417039353.50888044 0.6753465388318043
417714083.48462623 0.6749784048240819
418388813.46037203 0.6746105445820929
419074788.9357136 0.6742368336333211
419749518.9114594 0.6738695244517022
420424248.8872052 0.6735024880121734
421098978.862951 0.6731357239770583
421773708.8386968 0.6727692320095016
422448438.8144426 0.6724030117734581
423123168.7901884 0.6720370629336945
423809144.26552993 0.671665292820746
424483874.2412757 0.6712998902803767
425158604.2170215 0.6709347581298671
425833334.1927673 0.6705698960371993
426508064.1685131 0.6702053036711461
427182794.1442589 0.6698409807012679
427857524.1200047 0.6694769267979095
428532254.09575045 0.6691131416321962
429206984.07149625 0.66874962487603
429892959.5468378 0.6683803243269117
430567689.5225836 0.6680173478684689
431242419.4983294 0.6676546388344825
431917149.4740752 0.6672921968999403
432591879.449821 0.6669300217405898
433266609.4255668 0.6665681130329338
433941339.4013126 0.6662064704542281
434627314.87665415 0.6658390729864276
435302044.85239995 0.6654779661224293
435976774.82814574 0.6651171244182966
436651504.80389154 0.664756547554275
437326234.77963734 0.6643962352113467
438000964.75538313 0.6640361870712257
438675694.73112893 0.6636764028163566
440036400.1822163 0.6629516393004125
440711130.1579621 0.6625926491828267
441385860.1337079 0.6622339216822632
442060590.1094537 0.6618754564847789
442735320.0851995 0.6615172532771405
443410050.0609453 0.6611593117468234
444084780.03669107 0.660801631582006
444770755.5120326 0.6604382576963375
445445485.4877784 0.6600811036729679
446120215.4635242 0.6597242100786765
446794945.43927 0.6593675766044423
447469675.4150158 0.6590112029419333
448144405.3907616 0.6586550887835041
448819135.3665074 0.6582992338221931
449505110.84184897 0.6579377133421839
450179840.81759477 0.6575823801641123
450854570.79334056 0.6572273052612707
451529300.76908636 0.6568724883294128
452204030.74483216 0.6565179290649644
452878760.72057796 0.6561636271650155
453553490.69632375 0.6558095823273207
454228220.67206955 0.6554557942502957
454902950.64781535 0.6551022626330137
455588926.1231569 0.6547431014194398
458962576.00188583 0.6529805773178385
459569832.98005706 0.6526639993998181
460177089.9582283 0.6523476273030505
460863065.43356985 0.6519904913098701
462212525.38506144 0.6512886932406159
462887255.36080724 0.6509381737743769
463561985.33655304 0.650587906963233
464236715.31229883 0.6502378925150882
464911445.28804463 0.6498881301384668
465305037.77389634 0.6496842183777773
465709875.7593438 0.649474569888203
466384605.7350896 0.6491253568578068
467059335.7108354 0.6487763949751638
467734065.6865812 0.6484276839513621
468408795.662327 0.6480792234980957
469083525.6380728 0.6477310133276636
469758255.6138186 0.6473830531529662
470444231.08916014 0.6470295496270418
471118961.06490594 0.6466820927395464
471793691.04065174 0.6463348849853237
472468421.01639754 0.645987926079667
473143150.99214333 0.6456412157384599
473817880.96788913 0.6452947536781738
474492610.9436349 0.6449485396158652
475167340.9193807 0.6446025732691738
475853316.3947223 0.6442510944691509
476528046.3704681 0.6439056268257649
477607614.33166134 0.6433533919638926
478023697.8167046 0.6431407199277563
478698427.79245037 0.642796045376754
479373157.76819617 0.6424516167943285
480047887.74394196 0.6421074339022698
480722617.71968776 0.6417634964229334
481408593.1950293 0.6414140779487775
482083323.1707751 0.6410706345428464
482758053.1465209 0.6407274357154762
483432783.1222667 0.6403844811912696
484107513.0980125 0.6400417706953829
484782243.0737583 0.639699303953525
485456973.0495041 0.6393570806919543
486131703.0252499 0.6390151006374771
486817678.50059146 0.6386676699554226
487492408.47633725 0.6383261795398028
488167138.45208305 0.6379849315104411
488841868.42782885 0.6376439255963238
489516598.40357465 0.6373031615269749
490191328.37932044 0.6369626390324543
490866058.35506624 0.6366223578433554
491540788.33081204 0.6362823176908038
492226763.8061536 0.6359368570216971
492901493.7818994 0.6355973021438056
493576223.7576452 0.635257987494557
494250953.733391 0.6349189128071928
495600413.6848826 0.6342414822536904
496275143.6606283 0.6339031258566372
496949873.6363741 0.6335650083596346
497635849.1117157 0.6332215002044368
498310579.0874615 0.6328838636861844
498985309.06320727 0.632546465272634
499660039.03895307 0.6322093047011588
500334769.01469886 0.6318723817096387
501009498.99044466 0.6315356960364583
501684228.96619046 0.6311992474205069
502370204.441532 0.6308574340755639
503044934.4172778 0.6305214627328147
503719664.3930236 0.6301857276626404
504394394.3687694 0.6298502286059324
505069124.3445152 0.6295149653040786
505743854.320261 0.6291799374989583
506418584.2960068 0.6288451449329422
507093314.2717526 0.6285105873488903
507779289.74709415 0.62817069442969
508454019.72283995 0.6278366099457461
509128749.69858575 0.6275027596710073
509792234.1747358 0.6271747017065508
510466964.1504816 0.6268413151922223
511152939.62582314 0.6265026115525006
511827669.60156894 0.6261696955674587
512502399.57731473 0.6258370125204511
513177129.55306053 0.6255045621586726
513851859.5288063 0.6251723442297903
514526589.5045521 0.6248403584819425
515201319.4802979 0.624508604663736
515876049.4560437 0.6241770825242458
516562024.9313853 0.6238402722604454
517236754.9071311 0.6235092165783294
517911484.8828769 0.6231783918207885
518586214.85862267 0.6228477977387591
519249699.3347727 0.6225229382576812
519913183.81092274 0.6221983013506731
520306776.29677445 0.6220058252192204
520700368.78262615 0.6218134272819046
521375098.75837195 0.6214837840263159
522049828.73411775 0.6211543701749163
522724558.70986354 0.6208251854814375
523399288.68560934 0.6204962297000614
524074018.66135514 0.6201675025854181
524759994.1366967 0.619833530848219
525434724.1124425 0.6195052641336072
526109454.0881883 0.6191772253482336
526784184.0639341 0.6188494142485159
527458914.0396799 0.6185218305913128
527931225.0227019 0.618292657229583
528403536.00572395 0.6180635951126343
529078265.98146975 0.6177365563280802
529752995.95721555 0.6174097441626425
530427725.93296134 0.6170831583751045
531102455.90870714 0.6167567987246829
531777185.88445294 0.6164306649710263
532451915.86019874 0.6161047568742143
533137891.3355403 0.6157736480585216
533812621.3112861 0.615448194308301
534487351.2870319 0.6151229654937594
535162081.2627777 0.6147979613766922
535836811.2385235 0.6144731817193173
536511541.2142693 0.6141486262842766
537186271.1900151 0.6138242948346315
537872246.6653566 0.6134947872331558
538546976.6411024 0.61317090676838
539221706.6168482 0.6128472495767737
539896436.592594 0.6125238154230758
540571166.5683398 0.6122006040724397
541245896.5440856 0.6118776152904315
541920626.5198314 0.6115548488430296
542595356.4955772 0.6112323044966215
543281331.9709188 0.6109046118550814
543956061.9466646 0.610582514703407
544630791.9224104 0.6102606389504702
545024384.408262 0.6100729802454914
545417976.8941138 0.6098853967526559
546092706.8698596 0.6095639999017124
546767436.8456054 0.6092428237162968
547453412.3209469 0.6089165205694562
548128142.2966927 0.6085957886915139
548802872.2724385 0.6082752767843611
549477602.2481843 0.6079549846184982
550152332.2239301 0.6076349119648206
550827062.1996759 0.6073150585946198
551501792.1754217 0.6069954242795794
552187767.6507633 0.6066706870529704
553537227.6022549 0.6060325189283648
554211957.5780007 0.605713762192488
555561417.5294923 0.6050769022417899
556236147.505238 0.6047587985754086
556910877.4809839 0.60444091214794
557596852.9563254 0.6041179500816545
558271582.9320712 0.6038005010691939
558946312.907817 0.6034832686185981
559621042.8835628 0.6031662525061947
560295772.8593086 0.6028494525086895
560970502.8350544 0.6025328684031657
561645232.8108002 0.6022164999670823
562319962.786546 0.6019003469782731
563005938.2618876 0.6015791454077335
563646931.7388461 0.6012792070860375
564299170.7154003 0.600974205666801
564973900.6911461 0.6006588979555878
565648630.6668919 0.600343804601078
566323360.6426377 0.6000289253833065
566998090.6183835 0.5997142600826751
567672820.5941293 0.5993998084799528
568336305.0702794 0.5990908059101759
569011035.0460252 0.5987767774944814
569685765.021771 0.5984629621248192
570360494.9975168 0.5981493595834054
571035224.9732624 0.5978359696528162
571721200.448604 0.5975175742885869
572395930.4243498 0.5972046124632655
573070660.4000956 0.5968918625950501
573745390.3758414 0.5965793244679556
574420120.3515872 0.5962669978663531
575094850.327333 0.595954882574967
575769580.3030788 0.595642978378876
576444310.2788246 0.5953312850635114
577130285.7541661 0.5950146128207687
577805015.7299119 0.5947033441302876
578479745.7056577 0.5943922856753733
579042020.6854459 0.5941332307390946
579615541.1648299 0.5938691448298725
580290271.1405756 0.5935586494546132
580965001.1163214 0.5932483635314816
581639731.0920672 0.5929382868485888
582989191.0435588 0.5923187603576806
583663921.0193046 0.5920093101276015
584349896.4946462 0.5916949160274464
585024626.470392 0.5913858858473924
586374086.4218836 0.590768449195566
587048816.3976294 0.5904600423051349
587723546.3733752 0.5901518427598135
588398276.349121 0.5898438503511118
589073006.3248668 0.5895360648708737
589758981.8002083 0.5892233615488184
590433711.7759541 0.5889159927425033
591108441.7516999 0.5886088302387309
591783171.7274457 0.588301873830678
592457901.7031915 0.5879951233118517
593132631.6789373 0.5876885784760866
593807361.6546831 0.5873822391175461
594493337.1300247 0.5870710045338776
595168067.1057705 0.5867650789296194
595842797.0815163 0.5864593581836195
596517527.0572621 0.5861538420913478
597192257.0330079 0.5858485304485976
597866987.0087537 0.5855434230514843
598541716.9844995 0.5852385196964447
599216446.9602453 0.5849338201802363
599891176.935991 0.5846293242999359
600577152.4113326 0.584319962034536
601251882.3870784 0.5840158762040293
602601342.33857 0.583408313418424
603276072.3143158 0.5831048360603454
603950802.2900616 0.5828015611239544
604625532.2658074 0.5824984884085469
605277771.2423617 0.5822057101508964
605705100.2270006 0.5820139921834804
606379830.2027464 0.5817114443055769
607054560.1784922 0.5814090979287054
607729290.154238 0.5811069528535949
608404020.1299838 0.5808050088812815
609078750.1057296 0.5805032658131105
609764725.5810711 0.5801966994439908
610439455.5568169 0.5798953609294879
611114185.5325627 0.5795942227217104
611788915.5083085 0.5792932846232327
612463645.4840543 0.5789925464369337
613138375.4598001 0.5786920079659947
613813105.4355459 0.5783916690139013
614487835.4112917 0.5780915293844388
615162565.3870375 0.5777915888816946
615848540.8623791 0.5774868533014709
616523270.8381249 0.5771873137762341
617198000.8138707 0.576887972788527
617872730.7896165 0.5765888301436367
618547460.7653623 0.5762898856471487
619222190.7411081 0.5759911391049436
619896920.7168539 0.5756925903231979
620571650.6925997 0.5753942391083828
621257626.1679412 0.5750911177076731
621932356.143687 0.5747931643320207
622607086.1194328 0.5744954079412647
623686654.080626 0.5740194069646356
623821600.0757753 0.5739599422260381
624046510.0676905 0.5738608517895752
624293911.0587972 0.5737518775116963
624485084.5519253 0.5736676881927903
624912413.5365642 0.5734795572665212
625587143.51231 0.5731826685954606
626261873.4880558 0.5728859758708549
626936603.4638016 0.5725894789019177
628297308.914889 0.5719921380230374
628972038.8906348 0.5716962304307325
629646768.8663806 0.5714005178306557
630321498.8421264 0.5711050000334532
630940001.3198934 0.5708342796867799
631918359.7847247 0.5704063828905951
632593089.7604705 0.5701115195415977
633267819.7362163 0.5698168501719385
633942549.7119621 0.5695223745937751
634617279.6877079 0.5692280926195452
635292009.6634537 0.5689340040619643
636652715.114541 0.5683415130453617
638002175.0660326 0.5677546932808238
638474486.0490547 0.5675494883341691
638946797.0320768 0.5673443776396593
639621527.0078226 0.5670515257343006
640296256.9835684 0.5667588658652025
640970986.9593142 0.5664663978473998
641656962.4346558 0.5661692518464718
642331692.4104016 0.5658771701672635
643006422.3861474 0.5655852797830204
643681152.3618932 0.5652935805098679
644355882.337639 0.5650020721642006
645030612.3133848 0.564710754562682
645705342.2891306 0.5644196275222437
647054802.2406222 0.5638379443936754
647740777.7159637 0.5635425469419952
648415507.6917095 0.5632521834828611
649090237.6674553 0.562962009670443
650439697.6189469 0.5623822302601499
651114427.5946927 0.5620926243001312
652463887.5461842 0.5615139789669605
653149863.0215257 0.5612201235008557
653824592.9972715 0.5609312752872728
654499322.9730173 0.5606426152730278
655174052.9487631 0.5603541432787503
655848782.9245089 0.5600658591253286
656523512.9002547 0.5597777626339099
657198242.8760005 0.5594898536258982
657872972.8517463 0.5592021319229548
658547702.8274921 0.5589145973469976
659233678.3028337 0.558622462175949
659908408.2785795 0.5583353044320957
660583138.2543253 0.558048333279559
661257868.2300711 0.5577615485412811
661932598.2058169 0.5574749500404557
662607328.1815627 0.5571885376005301
663282058.1573085 0.556902311045203
663956788.1330543 0.556616270198426
664631518.1088 0.5563304148843995
665317493.5841416 0.5560399853310178
665992223.5598874 0.5557545036409803
666666953.5356332 0.5554692069548829
667341683.511379 0.555184095097929
668016413.4871248 0.5548991678955704
668691143.4628706 0.5546144251735058
669377118.9382122 0.5543251256779109
670051848.913958 0.5540407544619215
670726578.8897038 0.5537565672019112
671401308.8654495 0.5534725637245679
672076038.8411953 0.5531887438568223
672750768.8169411 0.5529051074258508
673425498.7926869 0.5526216542590717
674100228.7684327 0.5523383841841482
674786204.2437743 0.5520505804584884
675460934.2195201 0.5517676790955731
676135664.1952659 0.5514849603060922
676810394.1710117 0.5512024239186779
677485124.1467575 0.5509200697622024
678159854.1225033 0.5506378976657772
678845829.5978448 0.5503512091620059
679520559.5735906 0.5500694037011794
680195289.5493364 0.5497877797863367
680870019.5250822 0.5495063372475455
681544749.500828 0.5492250759151119
682219479.4765738 0.5489439956195766
682894209.4523196 0.5486630961917183
683580184.9276612 0.5483777003470207
684254914.903407 0.5480971651551918
684929644.8791528 0.5478168103219745
686279104.8306444 0.5472566410584854
686953834.8063902 0.5469768262923508
687639810.2817317 0.5466925321498411
688314540.2574775 0.5464130795807021
688989270.2332233 0.5461338063611936
689664000.2089691 0.5458547123244301
690338730.1847149 0.5455757973037555
691013460.1604607 0.5452970611327438
691688190.1362065 0.545018503645198
692362920.1119523 0.5447401246751488
693048895.5872939 0.5444572888899775
693723625.5630397 0.5441792694262976
694398355.5387855 0.5439014279808218
697783250.9171102 0.542510270860654
698435489.8936645 0.5422427199597051
700448434.3213061 0.5414180440110457
701123164.2970519 0.5411419678300299
701797894.2727977 0.5408660678693756
702472624.2485435 0.5405903439664792
703147354.2242893 0.5403147959589568
703822084.2000351 0.5400394236846449
704485568.6761851 0.5397688121554849
704980370.6583986 0.5395671105883689
705486418.140208 0.5393609224013866
706172393.6155496 0.5390815801610082
706847123.5912954 0.5388069937698017
707521853.5670412 0.5385325822265024
708196583.542787 0.5382583453703631
708871313.5185328 0.5379842830408531
709546043.4942786 0.5377103950776582
710220773.4700243 0.5374366813206792
710895503.4457701 0.5371631416100329
711581478.9211117 0.5368852211612822
712256208.8968575 0.5366120319586132
712930938.8726033 0.5363390163212616
713605668.8483491 0.5360661740902033
714280398.8240949 0.5357935051066286
714955128.7998407 0.5355210092119392
715629858.7755865 0.5352486862477495
716304588.7513323 0.5349765360558856
716990564.2266738 0.5347000269802877
717665294.2024196 0.5344282247323381
718340024.1781654 0.5341565947808332
719014754.1539112 0.5338851369684448
719689484.129657 0.5336138511380532
721038944.0811486 0.5330717947958294
721713674.0568944 0.5328010239708024
722388404.0326402 0.5325304245013815
723074379.5079818 0.5322554905432091
723749109.4837276 0.5319852361663799
724423839.4594734 0.5317151526749488
725098569.4352192 0.5314452399134595
726448029.3867108 0.5309059259595101
727122759.3624566 0.5306365244571641
728483464.8135439 0.5300937487102959
729158194.7892897 0.5298248599040816
729832924.7650355 0.5295561407427826
730316481.2476532 0.5293636629466772
730811283.2298669 0.5291667989765196
731486013.2056127 0.528898494795593
732160743.1813585 0.5286303597297553
732846718.6567 0.5283579289547623
733521448.6324458 0.5280901344721183
734196178.6081916 0.5278225086432468
734870908.5839374 0.5275550513156274
735545638.5596832 0.5272877623369394
736220368.535429 0.5270206415550609
736895098.5111748 0.5267536888180686
737581073.9865164 0.5264824589817382
738930533.938008 0.5259493979539503
740279993.8894995 0.5254170066729779
740954723.8652453 0.5251510618103384
741629453.8409911 0.5248852839321441
742978913.7924827 0.5243542285279063
744339619.2435701 0.523819422144603
745014349.2193159 0.5235544797066669
745689079.1950617 0.5232897033515362
746363809.1708075 0.5230250929300341
747038539.1465533 0.5227606482931759
749748704.5491322 0.5217001296348337
750423434.524878 0.521436514442604
751098164.5006238 0.521173064142675
751784139.9759654 0.5209053918897298
752458869.9517112 0.5206422736737025
753133599.927457 0.5203793199051637
753808329.9032028 0.5201165304370414
754483059.8789486 0.5198539051224528
755157789.8546944 0.5195914438147025
755832519.8304402 0.5193291463672833
756507249.806186 0.5190670126338761
757181979.7819318 0.5188050424683479
757867955.2572733 0.5185388736627424
758542685.2330191 0.5182772329153565
759217415.2087648 0.5180157552961459
759892145.1845106 0.5177544406597256
760566875.1602564 0.5174932888608962
761241605.1360022 0.5172322997546427
761916335.111748 0.5169714731961353
762591065.0874938 0.516710809040728
763277040.5628353 0.516445966819548
763951770.5385811 0.5161856297378219
764626500.5143269 0.5159254546239593
765301230.4900727 0.5156654413340498
765975960.4658185 0.5154055897243667
766650690.4415643 0.5151458996513637
767325420.4173101 0.514886370971678
768000150.3930559 0.5146270035421264
768686125.8683975 0.5143634784784562
769360855.8441433 0.5141044358018796
770035585.8198891 0.5138455539445989
770710315.7956349 0.5135868327641565
771385045.7713807 0.5133282721182746
772059775.7471265 0.5130698718648541
772734505.7228723 0.5128116318619758
773206816.7058944 0.5126309591331236
773679127.6889164 0.5124503648090148
774353857.6646622 0.5121925088294718
775028587.640408 0.5119348126192769
775703317.6161538 0.5116772760372931
776378047.5918996 0.5114198989425616
777064023.0672412 0.5111583955810454
777738753.042987 0.5109013396908858
778413483.0187328 0.510644442863819
779088212.9944786 0.5103877049595937
779762942.9702244 0.5101311258381332
780437672.94597 0.5098747053595364
781112402.9217159 0.5096184433840762
781787132.8974617 0.5093623397722012
782473108.3728032 0.5091021299677894
783147838.348549 0.5088463452986945
783822568.3242948 0.5085907185732559
784497298.3000406 0.5083352496526176
785172028.2757864 0.5080799383980978
785846758.2515322 0.5078247846711866
786521488.227278 0.5075697883335466
787196218.2030238 0.5073149492470116
787882193.6783653 0.5070560239043422
788388241.1601747 0.5068651174083685
789580264.1173257 0.506415775177704
790254994.0930715 0.5061616472346144
790929724.0688173 0.5059076757812031
791604454.044563 0.5056538606804183
792279184.0203089 0.5054002017953783
792965159.4956504 0.5051424752641616
793639889.4713962 0.5048891309985268
794314619.447142 0.5046359425367327
794989349.4228878 0.5043829097425744
795664079.3986336 0.5041300324800153
796338809.3743794 0.5038773106131859
797013539.3501252 0.5036247440063842
797688269.325871 0.5033723325240744
798374244.8012125 0.5031158730683347
799048974.7769583 0.5028637740088245
799465058.2620015 0.5027083900526659
799881141.7470448 0.5025530649001676
800555871.7227906 0.5023013111887523
801230601.6985364 0.5020497118929953
801905331.6742822 0.5017982668783985
802580061.650028 0.5015469760106264
803254791.6257738 0.5012958391555102
803940767.1011153 0.5010406744323673
804615497.0768611 0.5007898477619886
805290227.0526069 0.5005391747005126
805964957.0283527 0.5002886551144266
807314416.9798443 0.4997880758351887
807775482.4632705 0.4996171849757385
808236547.9466969 0.4994463655517908
808911277.9224427 0.4991965145812229
809586007.8981885 0.4989468163723034
810260737.8739343 0.4986972707925518
810946713.3492758 0.4984437224495013
811621443.3250216 0.4981944842695807
812296173.3007674 0.4979453983201533
812970903.2765132 0.49769646446938337
813645633.252259 0.4974476825855958
814320363.2280048 0.4971990525372745
814995093.2037506 0.4969505741930628
815681068.6790922 0.4966981099256544
816355798.654838 0.4964499371191501
817030528.6305838 0.49620191562145866
817705258.6063296 0.4959540453018604
818379988.5820754 0.4957063260297938
819054718.5578212 0.4954587576748547
819729448.533567 0.4952113401067961
820404178.5093127 0.4949640731955285
821090153.9846543 0.4947128394792694
821764883.9604001 0.49446587599746
822349649.9393798 0.49425196253248094
822945661.4179553 0.4940340514022915
823620391.3937011 0.49378750083863854
824295121.3694469 0.49354110018464203
824981096.8447884 0.49329074639828474
825655826.8205342 0.4930446476697566
826330556.79628 0.49279869846210156
827005286.7720258 0.4925528986467517
827680016.7477716 0.4923072480952928
828186064.2295809 0.49212310805896486
828534674.7170496 0.4919963048062442
828883285.2045182 0.49186954132113947
829231895.6919869 0.49174281758600363
829749188.673392 0.4915548491308763
830423918.6491379 0.4913098042661578
831098648.6248837 0.49106490801705704
831784624.1002252 0.49081608238403884
832369390.0792048 0.49060408981202086
832954156.0581845 0.4903922085910576
833628886.0339303 0.4901478685163514
834314861.5092719 0.4898996078386038
834989591.4850177 0.4896555661236374
835664321.4607635 0.4894116721645999
836339051.4365093 0.4891679258350311
837013781.412255 0.48892432700862043
837688511.3880008 0.4886808755592078
838363241.3637466 0.48843757136078264
839049216.8390882 0.4881903629153569
839723946.814834 0.4879473552904001
840398676.7905798 0.4877044945372055
841073406.7663256 0.4874617805303614
841748136.7420714 0.4872192131446055
842422866.7178172 0.4869767922548236
843097596.693563 0.4867345177360496
843772326.6693088 0.4864923894634652
844458302.1446503 0.4862463755138131
845133032.1203961 0.48600454179197194
845807762.0961419 0.48576285394067753
846482492.0718877 0.4855213118357033
847157222.0476335 0.4852799153529678
847831952.0233793 0.4850386643685369
848506681.9991251 0.4847975587586219
849181411.9748709 0.48455659839958043
849867387.4502125 0.4843117708095692
850542117.4259583 0.48407110299761774
851216847.4017041 0.4838305800644308
851891577.3774499 0.4835902018869499
852566307.3531957 0.48334996834225874
853241037.3289415 0.483109879307587
853814557.8083254 0.48290591715751996
854388078.2877094 0.48270205925211496
855074053.7630509 0.482458366012041
855748783.7387967 0.48221881299923985
856423513.7145425 0.48197940391932625
857098243.6902883 0.48174013865034926
857772973.6660341 0.48150101707050086
858447703.6417799 0.4812620390581153
859122433.6175256 0.48102320449166885
859808409.0928671 0.4807805362760019
860483139.0686129 0.480541990623126
861157869.0443587 0.48030358805045226
861832599.0201045 0.48006532843702476
862507328.9958503 0.47982721166203046
863182058.9715961 0.4795892376047951
863856788.9473419 0.47935140614478683
864542764.4226835 0.4791097568849699
865217494.3984293 0.4788722126299684
865892224.3741751 0.47863481060943486
866566954.3499209 0.4783975507033986
867241684.3256667 0.4781604327920276
867916414.3014125 0.4779234567556297
868591144.2771583 0.4776866224746511
869277119.7524998 0.47744598615155254
869951849.7282456 0.47720943738090804
870626579.7039914 0.4769730300058683
871301309.6797372 0.4767367639074351
871976039.655483 0.47650063896674716
872369632.1413348 0.47636296455822613
872763224.6271864 0.47622533811860335
873449200.102528 0.47598558948056197
874123930.0782738 0.47574991310218173
874798660.0540196 0.47551437738580155
875473390.0297654 0.4752789822132708
876148120.0055112 0.4750437274665754
876822849.981257 0.47480861302783695
877497579.9570028 0.47457363877931336
878104836.935174 0.47436228172107103
878554656.9190046 0.47420579403576885
878903267.4064732 0.47408455884462763
879420560.3878783 0.4739047302470364
880095290.3636241 0.47367029463403376
880488882.8494759 0.4735336050117457
880837493.3369445 0.47341257671757925
881478486.813903 0.473190137989827
882153216.7896488 0.4729561278556562
882827946.7653946 0.4727222569862855
883513922.2407361 0.47248463091471776
884019969.7225455 0.47230942510723367
884537262.7039506 0.47213040661671873
884930855.1898023 0.47199425157207664
885954195.6530168 0.47164046941504356
886583943.6303796 0.471422915821624
887258673.6061254 0.4711899565685351
887944649.0814669 0.47095325652571357
888619379.0572127 0.47072057623315466
889294109.0329585 0.4704880340939973
889968839.0087043 0.4702556299929702
890643568.9844501 0.4700233638149334
891318298.9601959 0.46979123544487855
891993028.9359417 0.46955924476792854
892667758.9116875 0.469327391669337
893353734.387029 0.4690918152712118
894028464.3627747 0.4688602392738056
894703194.3385205 0.46862880050939715
895377924.3142663 0.4683974988637646
896052654.2900121 0.4681663342228143
896727384.2657579 0.46793530647258397
897402114.2415037 0.4677044154992394
898088089.7168453 0.4674698164411013
898594137.1986547 0.46729684203169114
899100184.680464 0.4671239443825016
899774914.6562098 0.466893533505715
900449644.6319556 0.4666632588932728
901124374.6077014 0.4664331204320531
901799104.5834472 0.4662031180090596
902473834.559193 0.4659732515114261
903159810.0345346 0.46573969313165553
903834540.0102804 0.46551010040736374
904509269.9860262 0.4652806432687218
905183999.961772 0.4650513216033743
905858729.9375178 0.4648221352990925
906533459.9132636 0.46459308424377477
907208189.8890094 0.4643641683254453
907714237.3708186 0.4641925700030582
908220284.852628 0.46402104758516916
908906260.3279696 0.46378866051940615
909412307.8097789 0.46361731671270745
909929600.7911841 0.4634422435556993
910604330.7669299 0.4632140061311437
911290306.2422714 0.46298210259323214
911683898.7281231 0.46284910589091194
912077491.2139748 0.4627161548832639
912763466.6893164 0.4624845494238773
913438196.6650622 0.46225687600251775
914112926.640808 0.46202933657948725
914787656.6165538 0.4618019310442168
915462386.5922996 0.4615746592862626
916137116.5680454 0.4613475211953039
916811846.5437912 0.46112051666114373
917205439.0296428 0.4609881589830444
917531558.51792 0.460878525576625
918127569.9964955 0.4606782415455291
920151759.9237329 0.4599988072567594
920826489.8994787 0.4597725951138433
921501219.8752245 0.45954651576525707
922187195.350566 0.459316804447572
922861925.3263118 0.4590909925687823
