1.0 0.9999999991786672
674730.9757457955 0.9969613200518748
2755148.4009619984 0.9889767216488556
2935076.3944942104 0.9884005018759646
5049230.3184977025 0.9823751945592426
5476559.303136706 0.9812833795201149
6826019.254628298 0.9780325969583821
9524939.15761148 0.9721984351559335
10885644.608698834 0.9695030948343166
11560374.584444629 0.9682145819122964
12729906.542404009 0.9660467244564561
13809474.503597282 0.9641112985766617
15136443.455897346 0.9618079687937247
15608754.438919403 0.9610063417297747
15811173.431643141 0.9606655236694395
16227256.916686382 0.9599699332000454
19612152.29501112 0.9545326748495914
20286882.27075692 0.9534904182050385
25707213.075914808 0.9455143737015448
26381943.051660605 0.9445639872012294
29114599.453431077 0.9407951918281598
29789329.42917687 0.9398830115306182
31150034.880264226 0.9380638120309909
32510740.33135158 0.9362703497531573
33691517.78890672 0.9347336330485273
34253792.768694885 0.9340079619100833
34939768.24403644 0.9331277805834288
35614498.21978224 0.9322673841289235
36030581.704825476 0.9317393870437952
36334210.19391109 0.9313553100932006
36896485.17369925 0.9306467225708789
37571215.14944504 0.9298008922161404
39303022.08719259 0.9276514000373388
39977752.062938385 0.9268219702317961
41327212.01442997 0.9251759957211212
42676671.965921566 0.923546505140829
43351401.94166736 0.922737696293957
46061567.344246306 0.9195267478083631
46567614.82605565 0.9189336093392041
61839003.27710216 0.9018277631847624
62300068.76052845 0.9013319540813417
62873589.239912376 0.9007166858325193
64223049.19140397 0.8992753104355795
64909024.66674553 0.8985459439549982
65583754.64249132 0.8978306828025905
66933214.59398291 0.896406430226943
67607944.5697287 0.895697379827654
68282674.5454745 0.8949903419885532
68957404.5212203 0.8942852891081683
69632134.4969661 0.8935821942918815
70318109.97230765 0.8928693614984387
71667569.92379925 0.8914727922515008
73230694.36761034 0.88986437143258
73905424.34335613 0.8891730951803588
75164920.29808162 0.8878874590570045
75749686.27706131 0.8872926257447619
77099146.2285529 0.885924846699373
78459851.67964025 0.8845524783129249
79134581.65538605 0.8838744516648489
79809311.63113184 0.8831980484023391
81158771.58262344 0.8818500392691275
81833501.55836923 0.8811783980072894
82508231.53411503 0.8805083093249921
83182961.50986081 0.879839756465313
85218396.93669397 0.8778320956666873
85893126.91243976 0.8771695498957566
86567856.88818556 0.8765084610461049
87242586.86393136 0.8758488143510333
87917316.83967716 0.8751905953423611
89278022.29076451 0.8738674723027843
89952752.26651031 0.8732134753921265
90627482.2422561 0.8725608508976169
91302212.21800189 0.8719095857286029
92651672.16949348 0.8706110822604629
93326402.14523928 0.8699638190160303
95361837.57207243 0.8680191264513726
96036567.54781823 0.8673770515586752
96711297.52356403 0.8667362396330625
98060757.4750556 0.8654583607250798
98735487.4508014 0.8648212722566552
99410217.4265472 0.8641854037733633
100096192.90188876 0.8635401775483182
100770922.87763456 0.8629067383087322
102120382.82912615 0.8616434187117794
102795112.80487195 0.8610135190378393
103469842.78061774 0.8603847801772383
104144572.75636354 0.8597571928778434
104819302.73210932 0.8591307480430745
105505278.20745088 0.8584950244261308
106180008.18319668 0.8578708565066016
106854738.15894248 0.8572478045162424
107529468.13468827 0.8566258599474907
108878928.08617987 0.8553852597326447
109553658.06192566 0.8547665877501448
110228388.03767146 0.8541489905104032
110914363.51301302 0.8535221936555475
111589093.48875882 0.8529067400719258
112263823.4645046 0.8522923379318176
112938553.4402504 0.8516789797521696
113613283.4159962 0.85106665816528
117313052.7830023 0.8477272041090478
117987782.7587481 0.8471214318862663
118662512.7344939 0.8465166445418785
119348488.20983545 0.8459027803625767
120023218.18558125 0.8452999595651528
120697948.16132705 0.8446981043719274
121372678.13707285 0.8440972085775017
122047408.11281864 0.8434972660648983
122722138.08856444 0.8428982708037693
123396868.06431024 0.8423002168486483
124071598.04005603 0.8417030983372522
124746328.01580182 0.8411069094888194
125432303.49114338 0.8405017313169394
126107033.46688917 0.8399074000286646
126781763.44263497 0.8393139814424561
128131223.39412656 0.8381298605732695
128805953.36987236 0.8375391475719014
129480683.34561816 0.8369493258330047
130155413.32136396 0.8363603901742029
130830143.29710975 0.8357723354814313
131516118.77245131 0.835175377787267
132190848.7481971 0.8345890844249682
132865578.72394289 0.8340036570021945
133540308.69968869 0.8334190906665516
134215038.67543449 0.8328353806277747
134889768.65118027 0.8322525221565847
135564498.62692606 0.831670510583566
136250474.10226762 0.8310796622533547
136925204.07801342 0.8304993446264477
137599934.05375922 0.829919860163386
138274664.029505 0.8293412044244513
138949394.0052508 0.8287633730245515
139624123.9809966 0.8281863616322493
140298853.9567424 0.827610165968811
140973583.9324882 0.8270347818072743
141648313.908234 0.8264602049715424
142334289.38357556 0.8258768752231568
143683749.33506715 0.8247317477924312
144358479.31081295 0.8241603726372491
145033209.28655875 0.8235897845947071
145707939.26230454 0.8230199797766472
146382669.23805034 0.822450954339931
147057399.21379614 0.8218827044856831
147732129.18954194 0.8213152264585437
148418104.6648835 0.8207390778674031
149092834.6406293 0.8201731451087049
149767564.61637506 0.8196079731047753
150442294.59212086 0.8190435582678492
151117024.56786665 0.8184798970501728
151791754.54361245 0.8179169859433444
152466484.51935825 0.8173548214776756
153152459.9946998 0.8167840494778807
153827189.9704456 0.8162233803388972
154501919.9461914 0.8156634476024142
155176649.9219372 0.8151042479480352
155851379.897683 0.8145457780910482
156526109.8734288 0.8139880347818628
157200839.8491746 0.8134310148054513
158561545.30026194 0.812309878503576
159236275.27600774 0.8117550214448358
159911005.25175354 0.8112008751425904
160585735.22749934 0.8106474365472165
161260465.20324513 0.8100947026405396
161935195.17899093 0.8095426704353531
162609925.15473673 0.8089913369749442
163284655.1304825 0.808440699332631
167940291.9631285 0.8046600332965768
168536303.44170395 0.8041783698054109
169211033.41744974 0.8036337224569752
169885763.39319554 0.8030897437876016
170560493.36894134 0.8025464311672661
171235223.34468713 0.802003781991134
171909953.32043293 0.8014617936791928
172584683.29617873 0.8009204636758996
173270658.7715203 0.8003707837543024
173945388.74726608 0.7998307736645143
174620118.72301188 0.799291414318873
175294848.69875768 0.7987527032566482
175969578.67450348 0.7982146380398853
176644308.65024927 0.797677216253084
177319038.62599507 0.7971404355028833
177993768.60174084 0.7966042934177561
178668498.57748663 0.7960687876477037
179354474.0528282 0.795525006692333
180029204.028574 0.7949907770956154
180703934.0043198 0.7944571768522642
181378663.98006558 0.7939242036958161
182053393.95581138 0.7933918553798978
182728123.93155718 0.7928601296779527
183402853.90730298 0.7923290243829764
184088829.38264453 0.7917897010813011
184763559.35839033 0.7912598403053792
185438289.33413613 0.7907305933944314
185944336.81594548 0.7903340597774423
186450384.29775482 0.7899378693681015
187125114.27350062 0.7894101478360247
187799844.24924642 0.7888830327895734
188474574.22499222 0.7883565221605898
189160549.70033377 0.7878218538524422
189835279.67607957 0.7872965559119175
190510009.65182537 0.7867718562547195
191184739.62757117 0.7862477528814222
191859469.60331696 0.7857242438091615
192534199.57906273 0.7852013270714205
193208929.55480853 0.7846790007178238
193894905.0301501 0.7841485721567244
194569635.00589588 0.7836274305431706
195244364.98164168 0.7831068735258429
195919094.95738748 0.7825868992171566
196593824.93313327 0.7820675057446687
197268554.90887907 0.7815486912508901
197943284.88462487 0.7810304538930968
198629260.35996643 0.7805041690061038
199303990.33571222 0.7799870899932171
199978720.31145802 0.7794705826450579
200653450.28720382 0.7789546451763981
201328180.26294962 0.7784392758158887
202002910.2386954 0.7779244728058854
202677640.2144412 0.7774102344022862
203352370.190187 0.7768965588743653
204713075.64127436 0.7758623517368057
205387805.61702016 0.7753503638647086
206062535.59276596 0.774838932048094
206737265.56851172 0.7743280546209599
207411995.54425752 0.7738177299297464
208086725.52000332 0.7733079563331908
208761455.49574912 0.7727987322021806
209436185.4714949 0.7722900559196142
210122160.94683647 0.7717734616650701
210796890.92258227 0.771265885339481
211471620.89832807 0.7707588520554219
212146350.87407386 0.7702523602426345
212539943.35992557 0.7699571561192172
212663643.85547897 0.7698644155751695
213079727.34052223 0.769552602939066
213754457.316268 0.7690473953682894
214429187.2920138 0.7685427240392985
215103917.2677596 0.7680385874305279
215789892.74310115 0.7675265951501034
216464622.71884695 0.7670235323092057
217139352.69459274 0.7665209996632268
221873708.0244091 0.7630096836715015
222548438.00015488 0.7625113488218997
223223167.97590068 0.7620135311936662
223897897.95164648 0.7615162293965393
224572627.92739227 0.7610194420495715
225247357.90313807 0.7605231677810262
225933333.37847963 0.7600191468467167
226608063.35422543 0.7595239031507809
227282793.32997122 0.7590291684500083
227957523.30571702 0.7585349414086755
228632253.2814628 0.7580412206997879
229306983.2572086 0.7575480050049825
229981713.23295438 0.7570552930144413
230656443.20870018 0.7565630834267971
231331173.18444598 0.7560713749490473
231915939.16342568 0.7556456319506639
232489459.6428096 0.7552284401792724
233164189.6185554 0.7547380865877733
234524895.06964275 0.7537507154310933
235199625.04538855 0.7532618554323124
235874355.02113435 0.7527734880484369
236549084.99688014 0.7522856120482682
237223814.97262594 0.7517982262082463
237898544.94837174 0.7513113293123674
239259250.3994591 0.7503309029311556
239709070.3832896 0.7500072296092744
240068926.37035403 0.7497484460178334
240462518.85620576 0.7494655590610614
240968566.3380151 0.7491020888317157
241440877.32103714 0.7487630947428621
241901942.80446345 0.7484323995254284
242576672.78020924 0.74794885980315
243251402.75595504 0.7474657996370978
243926132.73170084 0.7469832178755006
244600862.70744663 0.746501113373427
245275592.68319243 0.7460194849927164
245950322.65893823 0.7455383316019132
246636298.1342798 0.7450496447590855
247311028.11002558 0.7445694458499011
247985758.08577138 0.744089718557361
248660488.06151718 0.7436104617762888
249335218.03726295 0.7431316744078907
250009948.01300874 0.7426533553596965
252720113.4155877 0.7407368037198105
253394843.3913335 0.7402608178095282
254069573.3670793 0.739785293776499
254744303.34282508 0.7393102305709466
255419033.31857088 0.7388356271489517
256093763.29431668 0.7383614824723963
256779738.76965824 0.7378799045981751
257454468.74540403 0.7374066819238501
258129198.72114983 0.7369339148979072
258803928.69689563 0.7364616025049883
259478658.67264143 0.7359897437352729
260153388.64838722 0.7355183375844232
260828118.62413302 0.7350473830535371
261502848.59987882 0.7345768791490968
263538284.02671194 0.7331602458273967
264213014.00245774 0.7326915420364131
264887743.97820354 0.7322232839672719
265562473.95394933 0.7317554706578338
266237203.92969513 0.7312881011510115
266911933.90544093 0.7308211744947252
267597909.38078249 0.7303469187345053
268272639.35652828 0.7298808822842501
268947369.3322741 0.7294152858423035
269622099.3080199 0.7289501284762493
270296829.2837657 0.728485409258461
270971559.2595115 0.7280211272660557
271646289.23525727 0.7275572815808568
272332264.7105988 0.7270861514680607
273681724.6620904 0.7261606478875818
274356454.6378362 0.7256985455458373
275705914.5893278 0.724775635283356
276391890.0646694 0.7243071490619389
277066620.04041517 0.7238467756202367
278416079.99190676 0.7229273125221385
279090809.96765256 0.7224682211236683
279765539.94339836 0.7220095553379586
280440269.91914415 0.7215513143045547
281114999.89488995 0.7210934971671712
281789729.87063575 0.7206361030736553
282475705.3459773 0.7201715185497845
283825165.2974689 0.7192588519867542
284499895.2732147 0.7188031486162081
288559520.6272852 0.7160701451109412
289234250.603031 0.7156173631903088
289908980.5787768 0.7151649943711893
290583710.5545226 0.7147130378522856
291258440.5302684 0.7142614928359817
291933170.50601417 0.7138103585283162
292607900.48175997 0.7133596341389488
293282630.45750576 0.7129093188811356
293968605.9328473 0.7124519169783802
294643335.9085931 0.7120024244239038
295318065.8843389 0.7115533386491235
295992795.8600847 0.7111046588814476
296667525.8358305 0.710656384351737
297342255.8115763 0.7102085142942802
298016985.7873221 0.7097610479467659
298691715.7630679 0.7093139845502546
299377691.23840946 0.7088598823990034
300052421.21415526 0.7084136293254099
300446013.70000696 0.7081535001174196
300839606.18585867 0.7078935071043075
301525581.6612002 0.7074407015174263
302200311.636946 0.7069957213604798
302875041.6126918 0.7065511395228263
303549771.5884376 0.7061069552690546
304224501.5641834 0.7056631678669205
304910477.039525 0.705212390084559
305585207.01527077 0.7047694007853157
306259936.99101657 0.7043268061477059
306945912.4663581 0.7038772387738412
307620642.4421039 0.7034354378509338
308295372.4178497 0.702994029427598
308970102.3935955 0.7025530127931876
309644832.3693413 0.702112387240033
310319562.3450871 0.7016721520634224
311005537.82042867 0.7012249791006407
311680267.79617447 0.7007855290517246
312354997.77192026 0.7003464672711612
313040973.2472618 0.6999004851088292
313726948.7226034 0.6994549028233668
314401678.6983492 0.6990170145623498
315087654.17369074 0.6985722233409273
315762384.14943653 0.6981351117866649
316448359.6247781 0.6976911088107378
317123089.6005239 0.6972547712022307
317809065.07586545 0.6968115536762286
318483795.05161124 0.6963759872749102
319169770.5269528 0.6959335524259017
319844500.5026986 0.695498754515313
320530475.97804016 0.6950570995926797
321205205.95378596 0.6946230674781481
321879935.92953175 0.6941894141044473
322565911.4048733 0.6937489207615932
323240641.3806191 0.6933160291930718
323926616.85596067 0.692876309006671
324612592.3313022 0.6924369775778018
325287322.307048 0.6920052268966431
325973297.7823896 0.6915666646084764
326648027.7581354 0.6911356691564108
327334003.23347694 0.6906978733652009
328008733.20922273 0.6902676305519306
328694708.6845643 0.6898305986344118
329369438.6603101 0.6894011058896411
330044168.6360559 0.6889719841324984
330730144.11139745 0.6885360900158982
331404874.08714324 0.6881077145191686
332079604.06288904 0.6876797081325398
332754334.03863484 0.6872520702383298
333429064.01438063 0.6868248002211731
334103793.9901264 0.6863978974680032
334778523.96587217 0.6859713613680376
335453253.94161797 0.6855451913127629
336139229.4169595 0.6851122930449369
336645276.8987689 0.6847931835953744
337061360.3838121 0.6845309582685052
337646126.36279184 0.6841626593172324
338320856.33853763 0.6837380382152514
338995586.31428343 0.6833137799998852
339670316.2900292 0.6828898840764579
340345046.265775 0.6824663498524564
341031021.7411166 0.6820361269083067
341705751.7168624 0.6816133203178953
342380481.6926082 0.6811908736524411
343055211.668354 0.6807687863279679
343729941.6440998 0.68034705776259
344404671.61984557 0.6799256873764994
345079401.59559137 0.6795046745919513
345754131.57133716 0.6790840188332511
346440107.0466787 0.678656717554984
347114837.0224245 0.6782367800555429
347789566.99817026 0.6778171978575589
348464296.97391605 0.6773979703934411
349139026.94966185 0.6769790970975818
349813756.92540765 0.6765605774063468
350488486.90115345 0.6761424107580606
351163216.87689924 0.6757245965929956
351849192.3522408 0.6753001796277863
352523922.3279866 0.6748830746091672
353198652.3037324 0.674466320396929
353873382.2794782 0.6740499164390419
354548112.255224 0.6736338621853615
355144123.73379946 0.6732666380421515
355470243.2220766 0.6730658192600126
355627680.21641725 0.6729689013964416
355920063.2059071 0.6727889613806037
356257428.19378 0.6725814194934929
356718493.67720634 0.6722979195084808
357393223.65295213 0.6718833338326425
358067953.62869793 0.671469095021226
358742683.6044437 0.6710552025355528
359417413.58018947 0.6706416558387492
360092143.55593526 0.6702284543957325
360778119.0312768 0.6698087196453457
361452849.0070226 0.6693962128437607
362127578.9827684 0.668984049692547
362521171.4686202 0.6687437796772859
362633626.4645778 0.6686751525320065
363027218.9504295 0.6684350324791757
363701948.9261753 0.6680236691285248
364376678.9019211 0.66761264767501
365062654.37726265 0.6671951258176526
365501228.8614974 0.6669283702729103
365951048.845328 0.6666549242864054
366625778.8210738 0.6662450387278321
367300508.79681957 0.6658354928156021
367975238.7725653 0.6654262860347847
368649968.7483111 0.6650174178721078
369324698.7240569 0.6646088878159495
369999428.6998027 0.6642006953563286
370674158.6755485 0.6637928399848934
374059054.05387324 0.6617518349778616
374733784.02961904 0.6613459971139144
375408514.00536484 0.6609404928162758
376083243.98111063 0.6605353215893235
376757973.9568564 0.6601304829389834
377443949.432198 0.6597192374073052
378118679.4079438 0.6593150679565063
378692199.88732773 0.6589717842663114
379265720.3667116 0.658628739492809
379951695.8420532 0.6582187443990932
380626425.817799 0.6578158030605804
381301155.79354477 0.6574131910115079
381975885.76929057 0.6570109077694659
382650615.74503636 0.6566089528535162
383325345.72078216 0.6562073257841816
384000075.69652796 0.6558060260834421
384686051.1718695 0.6553983731613703
385360781.1476153 0.6549977322057969
386035511.1233611 0.6545974171855172
386710241.0991069 0.6541974276282714
387384971.0748527 0.6537977630632125
388059701.0505985 0.653398423020902
388734431.0263443 0.6529994070332983
389409161.0020901 0.652600714633752
390095136.47743165 0.6521957086039748
390769866.45317745 0.6517976673598447
391444596.42892325 0.6513999483043947
392119326.40466905 0.6510025509764851
392794056.38041484 0.6506054749163296
393468786.35616064 0.650208719665488
394143516.33190644 0.6498122847668575
394818246.30765224 0.6494161697646681
395504221.7829938 0.6490137803156033
396178951.7587396 0.6486183090569209
396853681.7344854 0.6482231563277628
397528411.7102312 0.647828321677634
398203141.685977 0.6474338046573339
398877871.6617228 0.6470396048189517
399552601.6374686 0.6466457217158577
400227331.6132144 0.6462521549026985
400913307.08855593 0.6458523524259916
401588037.0643017 0.6454594221146777
402262767.0400475 0.6450668067574704
402937497.0157933 0.6446745059140698
403612226.9915391 0.6442825191454177
404286956.9672849 0.6438908460136913
404961686.9430307 0.6434994860822958
405636416.9187765 0.6431084389158602
406322392.3941181 0.6427111944766362
406997122.36986387 0.6423207767334984
407671852.34560966 0.6419306704492903
408346582.3213554 0.6415408751934868
409021312.2971012 0.6411513905367527
409696042.272847 0.6407622160509393
410370772.2485928 0.640373351309075
411045502.2243386 0.6399847958853627
411731477.69968015 0.6395900811942683
412406207.67542595 0.6392021482717122
413080937.65117174 0.6388145233898614
413755667.62691754 0.6384272061275695
414430397.60266334 0.6380401960648313
415105127.57840914 0.6376534927827813
415779857.55415493 0.6372670958636836
416454587.5299007 0.6368810048909299
417140563.0052423 0.6364887922778303
417815292.9809881 0.6361033170341837
418490022.9567339 0.6357181464868757
419164752.9324797 0.6353332802237643
419839482.9082255 0.6349487178338046
420514212.8839713 0.6345644589070458
421188942.8597171 0.6341805030346227
421874918.3350586 0.6337904581500937
422549648.3108044 0.6334071121979645
423224378.2865502 0.6330240680732976
423899108.262296 0.6326413253715428
424573838.2380418 0.632258883689211
425248568.2137876 0.6318767426238676
425923298.1895334 0.63149490177413
426598028.1652792 0.6311133607396596
427284003.64062077 0.6307257676286332
427958733.61636657 0.6303448300081013
428633463.59211236 0.6299641910014333
429308193.56785816 0.6295838502124403
429982923.54360396 0.6292038072459543
430657653.51934975 0.6288240617078209
431332383.49509555 0.6284446132048982
432018358.9704371 0.6280591446583828
432693088.9461829 0.6276802939846967
433367818.9219287 0.6273017391663166
434042548.8976745 0.6269234798141112
434717278.8734203 0.6265455155399368
435392008.8491661 0.6261678459566316
436066738.8249119 0.6257904706780113
436741468.80065763 0.6254133893188656
437416198.7764034 0.6250366014949515
438102174.251745 0.6246538343932619
438776904.2274908 0.624277637367197
439451634.2032366 0.6239017327230552
440126364.1789824 0.6235261200804394
440801094.1547282 0.623150799059899
441475824.130474 0.6227757692829242
442150554.10621977 0.6224010303719439
442836529.5815613 0.622020343602242
443511259.5573071 0.6216461901263135
444185989.5330529 0.621272326383008
444860719.5087987 0.6208987519984767
448920344.86286926 0.6186571664016309
449595074.83861506 0.6182856119135317
450269804.81436086 0.6179143438199494
450944534.79010665 0.6175433617551477
452979970.2169398 0.6164259617318253
453654700.1926856 0.616056124882171
454329430.1684314 0.6156865722397216
455004160.1441772 0.615317303443975
455678890.119923 0.6149483181352866
456353620.0956688 0.6145796159548643
457028350.0714146 0.6142111965447655
457714325.54675615 0.6138369263219154
458389055.52250195 0.6134690760799479
459063785.49824774 0.6131015075336159
459738515.47399354 0.6127342203283498
460413245.44973934 0.6123672141104102
461087975.42548513 0.6120004885268855
461762705.40123093 0.6116340432256872
462437435.3769767 0.6112678778555473
463123410.8523183 0.6108958963361977
464472870.8038099 0.6101649713971786
465147600.7795556 0.6097999268941554
465822330.7553014 0.6094351605722454
466497060.7310472 0.6090706720850404
467171790.706793 0.6087064610869276
467846520.6825388 0.6083425272330871
468532496.15788037 0.6079728115717512
469207226.13362616 0.6076094355798596
469690782.616244 0.607349185984148
470185584.5984576 0.6070830307388659
470860314.5742034 0.606720330606925
471546290.04954493 0.6063518676640232
472164792.5273119 0.606019890604295
472783295.0050789 0.6056881442990425
473458024.9808247 0.6053265021070913
474132754.9565705 0.6049651338843192
474807484.9323163 0.6046040392938887
475482214.9080621 0.6042432179997193
476156944.8838079 0.6038826696664816
476831674.8595537 0.6035223939595967
477517650.33489525 0.6031563927933512
478192380.31064105 0.6027966658682574
478867110.28638685 0.6024372105647126
479541840.26213264 0.6020780265511182
480216570.23787844 0.6017191134966081
480891300.21362424 0.6013604710710498
481566030.18937 0.6010020989450372
482240760.1651158 0.6006439967898903
482926735.64045733 0.6002802026850582
483601465.6162031 0.5999226439743172
484276195.5919489 0.5995653542472893
484950925.5676947 0.5992083331781797
485625655.5434405 0.5988515804419031
486300385.5191863 0.5984950957140834
486975115.4949321 0.5981388786710492
487661090.9702737 0.5977769987584567
488335820.9460195 0.5974213205647193
489010550.92176527 0.5970659090836035
489685280.89751107 0.5967107639942419
490360010.87325686 0.5963558849764602
491034740.84900266 0.5960012717107711
491709470.82474846 0.5956469238783744
492384200.80049425 0.595292841161152
493070176.2758358 0.5949331285179629
493744906.2515816 0.5945795794847932
494419636.2273274 0.5942262946112565
495094366.2030732 0.5938732735819522
495769096.178819 0.593520516082151
496443826.1545648 0.5931680217977897
497118556.1303106 0.5928157904154716
497804531.60565215 0.5924579576988469
498479261.58139795 0.5921062555517145
499153991.55714375 0.5917548153652102
499828721.53288954 0.591403636828582
500503451.50863534 0.5910527196317281
501178181.48438114 0.5907020634651984
501852911.46012694 0.590351668020188
502527641.43587273 0.5900015329885384
503213616.9112143 0.5896458290158946
503888346.8869601 0.5892962182164411
504563076.8627059 0.5889468669046154
505237806.8384517 0.5885977747748241
505912536.8141975 0.588248941522105
506587266.7899433 0.5879003668421273
507261996.7656891 0.5875520504311869
507936726.7414349 0.5872039919862062
508622702.21677643 0.5868503967063023
509297432.1925222 0.5865028575733052
509972162.168268 0.5861555754957488
510646892.14401376 0.5858085501730446
511321622.11975956 0.585461781305217
511996352.09550536 0.5851152685929036
512671082.07125115 0.58476901173735
513357057.5465927 0.5844172459155814
514031787.5223385 0.584071504131547
514706517.4980843 0.5837260173067014
515381247.4738301 0.5833807851447161
516055977.4495759 0.5830358073498616
516730707.4253217 0.5826910836270036
517405437.4010675 0.5823466136816022
518091412.87640905 0.5819966624245747
518766142.85215485 0.5816527033701849
519440872.82790065 0.5813089972082998
520115602.80364645 0.5809655436467427
520790332.77939224 0.5806223423939215
521465062.75513804 0.5802793931588252
522139792.73088384 0.5799366956510206
522814522.70662963 0.5795942495806529
523500498.1819712 0.5792463535358765
524175228.157717 0.5789044136516628
524849958.1334628 0.5785627243339645
525524688.1092086 0.5782212852952229
526874148.0607002 0.5775391569072105
527548878.036446 0.5771984669856488
528234853.51178753 0.576852354294439
528909583.48753333 0.5765121665019628
529584313.4632791 0.5761722272701955
530933773.4147707 0.5754930933548498
531608503.3905165 0.5751538981056822
532283233.3662623 0.5748149502860417
532957963.3420081 0.5744762496145057
533643938.8173497 0.5741321570033753
534318668.79309547 0.5737939538933693
534993398.76884127 0.5734559970858059
535668128.74458706 0.5731182863014408
536342858.72033286 0.5727808212615686
537017588.6960787 0.572443601688019
537692318.6718245 0.5721066273031565
538367048.6475703 0.5717698978298772
539053024.1229118 0.5714278069819996
539727754.0986576 0.5710915705730103
540402484.0744034 0.5707555782428819
541077214.0501492 0.5704198297166304
541751944.025895 0.5700843247197961
542426674.0016408 0.5697490629784391
543101403.9773866 0.5694140442191408
543776133.9531324 0.5690792681689997
544462109.428474 0.5687391610478371
545136839.4042197 0.5684048736331513
545811569.3799655 0.5680708281074914
546486299.3557113 0.567737024200019
547161029.3314571 0.5674034616404059
547835759.3072029 0.5670701401588303
548510489.2829487 0.5667370594859773
549185219.2586945 0.5664042193530361
550545924.7097819 0.5657337223350396
551085708.6903784 0.5654680102671241
551614247.1713793 0.5652079824029702
552007839.6572311 0.5650144400304162
552401432.1430827 0.5648209790368461
553762137.5941701 0.5641527829893194
554436867.5699159 0.5638218059259613
555111597.5456617 0.5634910670628697
555786327.5214075 0.5631605661360803
556461057.4971533 0.5628303028821152
557135787.4728991 0.562500277037983
557810517.4486449 0.5621704883411734
558485247.4243907 0.5618409365296605
559171222.8997322 0.5615061347586763
559845952.875478 0.5611770598707647
560520682.8512238 0.5608482210806058
561195412.8269696 0.5605196181280937
561870142.8027154 0.5601912507535953
562556118.278057 0.5598576518225573
563230848.2538028 0.5595297587425606
565738594.663658 0.5583131454517037
566424570.1389996 0.5579809130936457
567099300.1147454 0.5576543626974134
567774030.0904912 0.5573280456274132
568448760.066237 0.5570019616285574
569123490.0419828 0.5566761104462185
569798220.0177286 0.5563504918262244
570484195.4930701 0.5560196843763975
571158925.4688159 0.5556945339858456
571833655.4445617 0.5553696153936419
572508385.4203075 0.5550449283474355
573183115.3960533 0.5547204725953253
573857845.3717991 0.5543962478858585
574532575.3475449 0.5540722539680303
575589652.3095466 0.5535651269174067
576264382.2852924 0.5532417242189757
576939112.2610382 0.5529185514205491
577613842.236784 0.5525956082731456
578288572.2125298 0.552272894528222
578963302.1882756 0.5519504099376744
579638032.1640214 0.551628154253835
580324007.6393629 0.5513007620482462
580998737.6151087 0.5509789672413494
581673467.5908545 0.5506574005966623
582348197.5666003 0.5503360618682575
583022927.5423461 0.5500149508106382
583697657.5180919 0.5496940671787358
584372387.4938377 0.54937341072791
585058362.9691793 0.5490476426433172
585733092.9449251 0.5487274435985803
586407822.9206709 0.5484074709994966
587082552.8964167 0.54808772460313
587757282.8721625 0.5477682041669646
588432012.8479083 0.5474489094489046
589106742.823654 0.5471298402072722
589781472.7993999 0.5468109962008079
590456202.7751456 0.5464923771886677
591142178.2504872 0.5461686782622487
591816908.226233 0.5458505122577492
592491638.2019788 0.5455325705235361
593166368.1777246 0.5452148528204238
593841098.1534704 0.5448973589096371
594515828.1292162 0.5445800885528095
595190558.104962 0.5442630415119816
595876533.5803035 0.5439409390388471
596551263.5560493 0.5436243416297809
597225993.5317951 0.5433079668213281
597900723.507541 0.5429918143771544
598575453.4832867 0.5426758840613273
599182710.461458 0.5423917365021433
599756230.9408418 0.5421235397967512
600408469.9173961 0.5418187262439804
601083199.8931419 0.5415036194438656
601757929.8688877 0.5411887336646594
602432659.8446335 0.5408740686727033
603107389.8203793 0.5405596242347307
603782119.796125 0.5402454001178694
604456849.7718709 0.5399313960896379
605142825.2472124 0.5396123840431037
605817555.2229582 0.5392988231547011
606492285.198704 0.5389854816559706
607167015.1744498 0.5386723593159917
607841745.1501956 0.538359455904231
608516475.1259414 0.5380467711905386
609191205.1016872 0.53773430494515
609787216.5802627 0.5374584746348147
610214545.5649017 0.5372608142339456
610731838.5463067 0.5370216580468826
611406568.5220525 0.5367099074948241
612767273.9731399 0.5360818718709985
613442003.9488857 0.5357707767167249
614116733.9246315 0.5354598983649931
614791463.9003773 0.5351492365891819
615466193.8761231 0.5348387911630432
616140923.8518689 0.5345285618607026
616815653.8276147 0.5342185484566572
617501629.3029562 0.5339035892562096
618851089.2544478 0.5332846470893213
619525819.2301936 0.5329754986122605
620200549.2059394 0.5326665649077952
620875279.1816852 0.532357845752637
621550009.157431 0.5320493409238626
622224739.1331768 0.5317410501989124
622910714.6085184 0.5314278405523222
623585444.5842642 0.5311199809279089
624260174.56001 0.5308123347381237
624934904.5357558 0.5305049017618573
625609634.5115016 0.5301976817783586
626959094.4629931 0.5295838799084479
627633824.438739 0.5292772975823193
628308554.4144847 0.528970927369522
628994529.8898263 0.5286596682064135
629669259.8655721 0.5283537250897935
630343989.8413179 0.5280479934270114
631018719.8170637 0.5277424730001554
631693449.7928095 0.5274371635916648
632368179.7685553 0.5271320649843284
633042909.7443011 0.5268271769612818
633717639.7200469 0.5265224993060089
635078345.1711342 0.525908705052377
635753075.14688 0.5256046606982971
636427805.1226258 0.5253008258457946
637102535.0983716 0.5249972002800807
637777265.0741174 0.5246937837867074
638451995.0498632 0.5243905761515687
639126725.025609 0.5240875771608974
639801455.0013548 0.5237847866012657
641162160.4524422 0.5231747921118798
641836890.428188 0.5228726290295904
642511620.4039338 0.5225706735244683
643186350.3796796 0.5222689253847724
643861080.3554254 0.5219673843990953
644535810.3311712 0.5216660503563622
645221785.8065127 0.5213599060076032
645896515.7822585 0.5210589886591093
646571245.7580043 0.520758277618824
647245975.7337501 0.5204577726769998
647920705.7094959 0.520157473624219
648595435.6852417 0.5198573802513897
649270165.6609875 0.5195574923497479
649944895.6367333 0.5192578097108546
650630871.1120749 0.5189533425696106
651305601.0878206 0.5186540732445539
651980331.0635664 0.5183550085554224
652655061.0393122 0.5180561482950775
653329791.015058 0.5177574922567026
654004520.9908038 0.5174590402338026
654679250.9665496 0.517160792020202
655365226.4418912 0.5168577817236774
656039956.417637 0.5165599438996495
656714686.3933828 0.5162623092648887
657389416.3691286 0.5159648776144966
658064146.3448744 0.5156676487438908
658738876.3206202 0.5153706224488042
659413606.296366 0.5150737985252842
660088336.2721118 0.5147771767696916
660763066.2478576 0.5144807569786998
661449041.7231991 0.5141796036903516
662123771.6989449 0.5138835905774288
662798501.6746907 0.5135877788176262
663473231.6504365 0.5132921682088657
664147961.6261823 0.5129967585493782
664822691.6019281 0.5127015496377033
665497421.5776739 0.5124065412726866
666138415.0546323 0.512126468899326
666779408.5315908 0.5118465771661123
667173001.0174426 0.5116748032609028
667566593.5032943 0.5115030973596443
668241323.4790401 0.5112089024850849
668927298.9543817 0.5109100089096738
669602028.9301275 0.5106162162206886
670276758.9058733 0.510322622662256
670951488.8816191 0.5100292280356797
671626218.8573648 0.5097360321425621
672300948.8331106 0.5094430347848063
672975678.8088564 0.5091502357646145
673403007.7934954 0.5089648988800769
673830336.7781345 0.5087796414216041
674516312.253476 0.5084824204081878
675191042.2292218 0.5081902712091426
675595880.2146692 0.5080150764992548
676011963.6997125 0.5078350893126168
676686693.6754583 0.5075433776266799
677361423.6512041 0.5072518629998578
678036153.6269499 0.5069605452365723
678722129.1022915 0.5066645737883926
679396859.0780373 0.5063736524395178
680071589.053783 0.5060829273659555
680746319.0295289 0.5057923983732984
681342330.5081043 0.5055359273757764
681938341.9866798 0.5052796090907522
682433143.9688933 0.5050669324724386
682905454.9519154 0.5048640210012624
683557693.9284697 0.504583967207056
684232423.9042155 0.5042944482130813
684918399.379557 0.5040003036891703
685581883.855707 0.5037159946981289
686234122.8322613 0.503436687824612
686897607.3084114 0.5031527516173371
687572337.2841572 0.5028641954435139
688247067.259903 0.5025758332088177
688921797.2356488 0.5022876647223103
689596527.2113945 0.5019996897933335
690271257.1871403 0.5017119082315115
690945987.1628861 0.5014243198467491
691631962.6382277 0.501132136159888
692306692.6139735 0.5008449367717654
692981422.5897193 0.5005579299889381
693656152.5654651 0.5002711156224301
694330882.5412109 0.4999844934835426
695005612.5169567 0.4996980633838525
695680342.4927025 0.4994118251352133
696355072.4684483 0.49912577854975354
697041047.9437898 0.4988351608092006
697715777.9195356 0.49854950017413346
698390507.8952814 0.4982640306371597
699065237.8710272 0.49797875201150626
699739967.846773 0.4976936641106727
700414697.8225188 0.4974087667484283
701089427.7982646 0.49712405973881496
701764157.7740104 0.49683954289614357
702438887.7497562 0.4965552160349944
703124863.2250978 0.49626634495941435
703799593.2008436 0.4959824006647525
704474323.1765893 0.49569864579389006
705149053.152335 0.4954150801624839
705823783.1280808 0.49513170358645614
706498513.1038266 0.4948485158819962
707173243.0795724 0.49456551686555666
707859218.554914 0.49427799444133946
708533948.5306598 0.49399537538850696
709208678.5064056 0.49371294447159675
709883408.4821514 0.4934307015081219
710558138.4578972 0.4931486463158569
711232868.433643 0.49286677871283746
711907598.4093888 0.4925850985173606
712582328.3851346 0.49230360554798364
713943033.8362219 0.4917364968275052
714617763.8119677 0.4914555675602247
715967223.7634593 0.4908942683452635
716641953.7392051 0.49061389803754807
717991413.6906967 0.4900537151234837
718677389.1660383 0.4897692401806615
719352119.1417841 0.48948961572756156
719745711.6276358 0.4893265870201565
720814034.0892333 0.4888843979884582
721488764.0649791 0.4886053595212613
722163494.0407249 0.4883265057314292
722838224.0164707 0.48804783644140415
723512953.9922165 0.48776935147387984
724187683.9679623 0.4874910506518001
724873659.4433038 0.4872083000750853
725548389.4190496 0.4869303700754325
726223119.3947954 0.48665262368861656
726897849.3705412 0.48637506073858194
727572579.346287 0.486097681049521
728247309.3220328 0.48582048444587234
728922039.2977786 0.48554347075232207
729596769.2735244 0.4852666397938018
730282744.748866 0.48498538213454623
730957474.7246118 0.4847089191601457
731632204.7003576 0.48443263839413775
732306934.6761034 0.48415653966243694
732981664.6518492 0.48388062279120203
733656394.627595 0.48360488760683296
734331124.6033407 0.4833293339359734
735005854.5790865 0.48305396160550806
735691830.0544281 0.4827741854570889
736366560.0301739 0.4824991783041515
737041290.0059197 0.4822243519708377
737716019.9816655 0.48194970628499756
738390749.9574113 0.4816752410747216
739065479.9331571 0.4814009561683381
739740209.9089029 0.4811268513944135
740426185.3842444 0.48084836269190606
741100915.3599902 0.48057462066460804
741775645.335736 0.48030105825404934
742450375.3114818 0.48002767528974827
743125105.2872276 0.479754471601458
743743607.7649946 0.47950419223098184
744373355.7423574 0.47924951681949324
745048085.7181032 0.47897682313590256
745722815.693849 0.4787043080750644
746397545.6695948 0.4784319714678673
747083521.1449363 0.47815527868289986
749107711.0721737 0.4773398806319821
749782441.0479195 0.4770684367232216
750457171.0236653 0.47679717025551066
751131900.9994111 0.4765260810613605
751817876.4747527 0.47625065527157895
752492606.4504985 0.4759799230705725
753167336.4262443 0.4757093676392546
753842066.40199 0.47543898881105356
754516796.3777359 0.4751687864196255
755191526.3534817 0.4748987602988526
755866256.3292274 0.4746289102828441
756552231.804569 0.47435474312763926
757226961.7803148 0.47408524775255023
757901691.7560606 0.473815927983154
758576421.7318064 0.4735467836544642
759251151.7075522 0.47327781460171725
759925881.683298 0.47300902066037476
760600611.6590438 0.47274040166611964
761275341.6347895 0.4724719574548585
761961317.110131 0.4721992181813305
762636047.0858768 0.47193112595087044
763310777.0616226 0.4716632080097318
763985507.0373684 0.47139546419471046
764660237.0131142 0.4711278943428218
765334966.98886 0.4708604982913021
766009696.9646058 0.47059327587760585
766684426.9403516 0.4703262269394073
767370402.4156932 0.4700549048549455
768045132.391439 0.4697882052661252
768719862.3671848 0.46952167866444
769394592.3429306 0.46925532488843896
770069322.3186764 0.46898914377688683
770744052.2944221 0.4687231351687657
771418782.270168 0.46845729890327226
772104757.7455095 0.4681872085429461
772779487.7212553 0.46792171934683124
773454217.6970011 0.46765640200955905
774128947.6727469 0.4673912563711886
774803677.6484927 0.46712628227199293
775478407.6242385 0.4668614795524582
776153137.5999843 0.4665968480532837
776827867.5757301 0.4663323876153801
777502597.5514759 0.46606809807987043
778177327.5272217 0.46580397928808975
778863303.0025632 0.46553563338914256
779538032.978309 0.4652718584487766
780212762.9540548 0.46500825377477495
780887492.9298006 0.4647448192093165
781562222.9055464 0.46448155459479024
782236952.8812922 0.4642184597737934
782911682.857038 0.463955534589132
783597658.3323796 0.4636884010570387
784272388.3081254 0.4634258174950141
784947118.2838712 0.46316340309638154
785621848.259617 0.46290115770478046
786296578.2353628 0.4626390811640562
786971308.2111086 0.46237717331826034
787646038.1868544 0.46211543401164923
788332013.6621959 0.46184950499900174
789276635.62824 0.4614835922184274
789703964.612879 0.46131816845063983
790378694.5886248 0.4610571101392858
791053424.5643706 0.46079621958374
791503244.5482012 0.46062238566807195
791953064.5320317 0.4604486261961366
793313769.983119 0.4599234565273163
793988499.9588648 0.4596632939142721
794663229.9346106 0.45940329823277093
795337959.9103564 0.45914346932938466
796012689.8861022 0.4588838070508857
796687419.861848 0.45862431124424613
797362149.8375938 0.45836498175663837
798036879.8133396 0.4581058184354343
798711609.7890854 0.45784682112820385
799397585.264427 0.45758367722964344
800072315.2401727 0.45732501425440863
800747045.2159185 0.45706651683452076
801421775.1916643 0.45680818481834606
802096505.1674101 0.4565500180544477
802771235.1431559 0.45629201639158523
803445965.1189017 0.4560341796787149
804120695.0946475 0.45577650776498874
804806670.5699891 0.4555147101060816
805481400.5457349 0.4552573700792417
806156130.5214807 0.4550001943976711
806830860.4972265 0.4547431829113049
807505590.4729723 0.45448633547027184
808180320.4487181 0.45422965192489523
808855050.4244639 0.4539731321256913
812239945.8027886 0.4526887237622147
812914675.7785344 0.45243318602462684
813566914.7550887 0.4521863208711426
814219153.731643 0.4519396076206466
814893883.7073888 0.4516845467249616
815568613.6831346 0.4514296480985335
816243343.6588804 0.4511749115939708
816918073.6346262 0.45092033706407086
817592803.610372 0.4506659243618193
818278779.0857135 0.4504074371923273
818953509.0614593 0.4501533503960784
819628239.0372051 0.4498994249851242
820302969.0129509 0.44964566081320456
820977698.9886967 0.4493920577342458
821652428.9644425 0.4491386156023607
822327158.9401883 0.448885334271848
823013134.4155298 0.4486279962795662
823687864.3912756 0.44837503878938323
824362594.3670214 0.4481222416621652
825037324.3427672 0.447869604752954
825712054.318513 0.4476171279169773
826386784.2942588 0.44736481100964615
827061514.2700046 0.4471126538865546
827747489.7453462 0.4468564577971147
828422219.721092 0.4466046224670668
829096949.6968378 0.4463529464867444
829771679.6725836 0.44610142971247685
830446409.6483294 0.44585007200077437
831121139.6240752 0.44559887320832897
831795869.599821 0.44534783319201443
832470599.5755668 0.44509695180888464
833145329.5513126 0.44484622891617487
833831305.0266541 0.4445914896362984
834506035.0023999 0.4443410859324045
835180764.9781456 0.444090840289346
835855494.9538914 0.443840752565079
836530224.9296372 0.4435908226177395
837204954.905383 0.4433410503056417
837879684.8811288 0.4430914354872777
838554414.8568746 0.44284197802131753
839229144.8326204 0.44259267776660904
839915120.307962 0.44233938352570246
840589850.2837077 0.4420903998850493
841939310.2351993 0.44159290282284497
842614040.2109451 0.4413443891205857
843288770.1866909 0.4410960317840418
843963500.1624367 0.44084783067329814
844649475.6377783 0.4405956528864699
845324205.6135241 0.4403477664062062
845998935.5892699 0.4401000357307233
846673665.5650157 0.4398524607208062
847348395.5407615 0.439605041237414
848023125.5165073 0.43935777714167923
848697855.4922531 0.43911066829490764
849361339.9684031 0.43886782918388845
850013578.9449574 0.43862925205409703
850688308.9207032 0.4383826003853565
851363038.896449 0.43813610341942133
852037768.8721948 0.4378897610184491
852723744.3475363 0.43763947121943325
853398474.3232821 0.4373934401058771
854073204.2990279 0.43714756314249487
854747934.2747737 0.4369018401921305
855422664.2505195 0.43665627111779687
856097394.2262653 0.436410855782677
856772124.2020111 0.43616559405012323
857446854.1777569 0.4359204857836569
858132829.6530985 0.4356714495629582
858807559.6288443 0.4354266503719804
859482289.60459 0.4351820042364002
860157019.5803359 0.43493751102041533
860831749.5560817 0.4346931705883903
861506479.5318274 0.43444898280485755
862181209.5075732 0.4342049475345158
862855939.483319 0.4339610646422307
863541914.9586606 0.43371327310461694
864216644.9344064 0.43346969709770433
864891374.9101522 0.4332262730621994
865386176.8923658 0.4330478586112301
865869733.3749835 0.43287357787529257
866555708.8503251 0.4326264760145367
867230438.8260709 0.43238357777321523
867905168.8018167 0.4321408309039545
868579898.7775625 0.43189823527302224
869254628.7533083 0.4316557907468492
869929358.7290541 0.43141349719203037
870604088.7047999 0.43117135447532395
871278818.6805457 0.430929362463651
871964794.1558872 0.43068349160835984
872639524.131633 0.43044180311436625
873314254.1073788 0.4302002649249355
873988984.0831246 0.429958876907641
874663714.0588704 0.42971763893021653
875338444.0346162 0.42947655086055814
876013174.010362 0.4292356125667221
876699149.4857036 0.42899081203983036
877373879.4614494 0.42875017539321125
878048609.4371952 0.42850968812535795
878723339.412941 0.4282693501049707
879398069.3886868 0.4280291612009097
880072799.3644326 0.4277891212821942
880747529.3401784 0.42754923021800234
881422259.3159242 0.4273094878776708
882096989.29167 0.4270698941306959
882782964.7670115 0.426826459349068
883457694.7427573 0.42658716486903603
884132424.7185031 0.4263480185896288
884807154.6942489 0.4261090203809758
885481884.6699947 0.4258701701133631
886156614.6457405 0.425631467657234
886831344.6214863 0.42539291288318803
887517320.0968279 0.4251505334576595
888192050.0725737 0.4249122761161735
888866780.0483195 0.42467416606735875
889541510.0240653 0.4244362031824409
890216239.999811 0.4241983873328011
890890969.9755569 0.4239607183899752
891565699.9513026 0.42372319622565335
892240429.9270484 0.42348582071168084
892926405.40239 0.42324463914417104
893601135.3781358 0.4230075589858742
894275865.3538816 0.42277062509225805
894950595.3296274 0.4225338373357851
895625325.3053732 0.42229719558907075
896300055.281119 0.4220606997248836
896974785.2568648 0.4218243496161441
897649515.2326106 0.42158814513592563
898335490.7079521 0.42134815307314716
899010220.6836979 0.4211122418916446
900359680.6351895 0.42064085514195637
900933201.1145735 0.420440691455971
901506721.5939573 0.4202406324507951
902181451.5697031 0.42000540283090115
902856181.5454489 0.4197703178651693
903530911.5211947 0.4195353774279889
904205641.4969405 0.41930058139390003
904880371.4726863 0.4190659296375911
