1.0 0.9999999991278914
5307876.809200258 0.9809870596865369
7995551.212587677 0.9744640017996429
10469561.123655593 0.9691803534552376
20388091.767118786 0.9515604316804207
25122447.09693512 0.9442934537628378
26471907.04842671 0.9423098271543625
29170826.95140989 0.9384401105448942
29856802.42675145 0.937475548684198
33905182.281226225 0.9319212372310367
36615347.68380517 0.9283205476636864
40000243.06212991 0.9239378127314011
42710408.46470886 0.9205103099488652
44161077.91256232 0.9187028479179922
45398082.86809627 0.9171756644702872
47006189.31029042 0.9152087856639484
49603899.71691173 0.9120731490031021
50289875.19225329 0.9112532890136457
52291574.12029915 0.9088794300520314
54045872.05723822 0.9068207279474597
58780227.38705455 0.9013589553247345
59454957.362800345 0.9005910720216025
60804417.31429194 0.8990627533774126
61479147.29003773 0.8983022403524529
62839852.741125084 0.8967757441991543
64189312.69261668 0.8952711405074875
67293070.58104734 0.8918441693821021
67686663.06689905 0.8914128253231649
68361393.04264484 0.8906750247631104
69710852.99413644 0.8892055628562456
71071558.4452238 0.887731961735433
72421018.39671539 0.8862783714595897
73770478.34820697 0.8848323849248717
74445208.32395276 0.8841121845292674
75805913.77504012 0.8826653298206397
76761781.24068 0.8816533034445359
77189110.225319 0.8812020132744688
77863840.2010648 0.8804908735669903
78538570.17681059 0.8797814597240528
80562760.10404798 0.877663380631594
80956352.58989969 0.8772532722809292
81349945.07575141 0.8768437219795894
82699405.027243 0.8754437382758388
85409570.42982195 0.8726512481082036
86084300.40556774 0.8719599010874874
86657820.88495167 0.8713734479940811
87130131.86797373 0.870891302057926
87714897.8469534 0.8702953718241703
90413817.7499366 0.8675591802053392
91088547.7256824 0.8668787260738674
91763277.70142819 0.8661996826480266
92168115.68687567 0.8657929283327919
92280570.6828333 0.8656800299510957
92674163.168685 0.8652851888507719
93348893.1444308 0.8646094100346561
94698353.0959224 0.8632619450661744
96047813.04741399 0.8619198570790724
96733788.52275555 0.8612396604929132
97262327.00375642 0.8607164984158907
98465595.46050309 0.8595284385586623
99826300.91159044 0.8581898387448041
100501030.88733624 0.8575279765265694
100894623.37318796 0.8571424681823265
101288215.85903966 0.8567573832154639
102648921.31012702 0.8554293238064188
103323651.28587282 0.8547726251510037
103998381.26161861 0.8541171357255395
104673111.23736441 0.8534628461846034
105347841.21311021 0.8528097473383203
106022571.18885599 0.8521578301487183
107383276.63994335 0.8508466887987255
110082196.54292654 0.8482599133263324
110756926.51867233 0.8476160453511347
111431656.49441813 0.8469732916625129
112454996.95763259 0.8460005577019012
113028517.4370165 0.845456502040898
113703247.4127623 0.8448174430249562
115738682.83959545 0.84289613472242
119787062.69407022 0.8391032192313614
122497228.09664917 0.836584660197048
122947048.0804797 0.836168204213694
123385622.56471446 0.8357625831569131
124060352.54046026 0.8351393634784819
124667609.51863147 0.8345793037281799
125004974.50650437 0.8342685008041263
125421057.99154761 0.83388551168114
126095787.96729341 0.8332652302339509
128119977.8945308 0.8314101382368081
128794707.8702766 0.8307936732090807
129469437.8460224 0.8301781486122723
130830143.29710975 0.828939679666171
131932202.25749454 0.8279393801821147
132505722.73687847 0.8274197845841338
133191698.21222003 0.8267991726029407
133866428.18796583 0.8261896491160647
134518667.16452008 0.8256013005757317
135564498.62692606 0.8246596625618166
135958091.1127778 0.8243058373880656
136632821.0885236 0.8236999818453844
137307551.0642694 0.8230950089121492
137982281.0400152 0.8224909139959024
138668256.51535675 0.8218776462443935
139342986.49110255 0.8212753082537237
140692446.4425941 0.8200732213954878
143616276.33749256 0.8174803983266552
146056549.7497732 0.8153284456204257
146731279.725519 0.8147353438523399
148080739.6770106 0.8135515944080147
148755469.6527564 0.8129609390783202
149430199.62850216 0.8123710916459319
150790905.07958952 0.8111840083460127
151465635.0553353 0.8105965756945515
152815095.0068269 0.8094240864263886
155525260.40940586 0.8070788081403617
158224180.31238905 0.8047556456331164
158898910.28813484 0.8041767611500095
159573640.26388064 0.8035986326722603
159967232.74973235 0.803261738926522
160360825.23558405 0.8029251007302031
160844381.71820188 0.8025118655891703
161316692.70122394 0.802108610942217
162666152.65271553 0.8009584621939935
163340882.62846133 0.8003844974157419
164015612.60420713 0.7998112683660746
165376318.05529448 0.7986574823501876
166365922.01972163 0.797820223376456
167040651.99546742 0.7972502568195178
167591681.47565985 0.7967853182308364
168142710.95585224 0.7963208581948104
169492170.90734383 0.7951854165981784
170639211.86611167 0.7942225242709682
171505115.33498546 0.7934969855559492
171898707.82083717 0.7931675776195347
173934143.24767032 0.7914678584744509
174608873.22341612 0.7909058096042672
176633063.15065348 0.7892237916463372
177307793.12639928 0.7886644868581064
177982523.10214508 0.7881058618818283
178668498.57748663 0.7875386208768147
180017958.52897823 0.7864247705588848
180692688.50472403 0.7858688518050769
182042148.45621562 0.7847590153385225
182716878.43196142 0.7842050929794072
183402853.90730298 0.7836426160330433
184077583.88304877 0.7830900240615678
186776503.78603196 0.7808861967954747
188811939.2128651 0.7792310038412774
190161399.1643567 0.7781368576636833
192185589.09159407 0.7765004092699631
192860319.06733987 0.7759561904638217
193546294.54268143 0.7754035457458985
194221024.51842722 0.7748605925804803
194895754.49417302 0.7743182639948512
195570484.46991882 0.7737765580141698
196245214.4456646 0.7732354726791557
197594674.3971562 0.7721551561856683
198955379.84824356 0.7710683272924923
199630109.82398936 0.7705303264966421
201654299.75122675 0.7689199717524446
202329029.72697255 0.7683843965810818
203003759.70271835 0.7678494232472491
205039195.1295515 0.766239215071767
205556488.1109566 0.7658308552749455
206085026.59195748 0.7654139782965433
206759756.56770328 0.7648823226619781
208604018.50140843 0.7634321371756269
209110065.98321778 0.763034986831095
209616113.46502712 0.7626381651769392
210122160.94683647 0.7622416715071171
210785645.4229865 0.7617223199938263
212821080.84981966 0.7601325490671097
214845270.77705705 0.7585567535284744
222964521.4851981 0.7522872432181968
223639251.4609439 0.7517698656563894
224313981.4366897 0.7512530388784893
224763801.42052025 0.750908792971291
224954974.91364822 0.7507625622886477
225371058.39869145 0.7504444475286352
226045788.37443724 0.7499290278467542
226720518.35018304 0.7494141538446438
227395248.32592884 0.7488998241122418
228069978.30167463 0.7483860372485034
228755953.7770162 0.74786424235114
229430683.752762 0.7473515460470768
230105413.7285078 0.7468393884388689
230780143.70425358 0.7463277681607454
232129603.65574518 0.7453061341743435
232804333.63149098 0.7447961177769307
233479063.60723677 0.7442866333311609
234839769.05832413 0.743260785742345
235514499.03406993 0.7427528980296157
236189229.00981572 0.7422455369997725
236863958.98556152 0.7417387013610423
237538688.96130732 0.7412323898294457
238213418.93705308 0.7407266011287157
238899394.41239464 0.7402129172828456
239574124.38814044 0.7397081791065607
241598314.31537783 0.7381970737612947
242273044.29112363 0.7376944042449229
242947774.26686943 0.7371922488147884
243622504.24261522 0.7366906062537389
244308479.71795678 0.7361811274979972
244983209.69370258 0.7356805155492331
245657939.66944838 0.7351804128402393
246332669.64519417 0.734680818181763
247007399.62093997 0.7341817303913294
247682129.59668577 0.7336831482931748
248131949.58051628 0.733351040590281
248536787.56596377 0.7330523350913782
249155290.04373074 0.7325963290738069
249830020.01947653 0.7320993490100294
250504749.99522233 0.7316028697912617
251865455.4463097 0.7306031555288465
252540185.42205548 0.7301081802995076
253214915.39780128 0.7296137013662628
253889645.37354708 0.7291197176121693
254564375.34929287 0.7286262279263731
255239105.32503867 0.7281332312040552
255913835.30078447 0.7276407263463719
256599810.77612603 0.7271405161773633
257274540.75187182 0.7266489999282856
257949270.72761762 0.7261579722646521
258624000.70336342 0.7256674321110755
259298730.67910922 0.725177378397875
259973460.654855 0.7246878100610225
260648190.6306008 0.7241987260420928
261075519.6152398 0.7238892228518551
261491603.10028306 0.7235880504870463
262177578.57562461 0.7230919231171457
262852308.55137038 0.7226044138949528
263527038.52711618 0.722117384536498
264201768.50286198 0.7216308340120375
264876498.47860777 0.7211447612971209
265551228.45435357 0.7206591653725442
266225958.43009937 0.7201740452243036
266900688.40584517 0.7196893998435496
267586663.88118672 0.719197162707729
268002747.36622998 0.7188988307899595
268171429.86016643 0.7187779365789838
268598758.8448054 0.7184718032062872
269273488.8205512 0.7179888194866387
269948218.796297 0.7175063060408355
270622948.7720428 0.7170242618876599
271297678.7477886 0.7165426860507604
271972408.7235344 0.7160615775586116
272647138.6992802 0.7155809354444714
273321868.675026 0.7151007587463409
273996598.6507718 0.714621046506923
275357304.10185915 0.7136550357422322
276032034.07760495 0.7131767188671986
276706764.05335075 0.7126988626523019
277381494.02909654 0.7122214661632366
278056224.00484234 0.711744528470164
278730953.98058814 0.7112680486476747
279405683.95633394 0.7107920257747523
280091659.4316755 0.7103085366791457
280766389.4074213 0.7098334325373324
281441119.3831671 0.709358782592929
282115849.3589129 0.7088845859421978
282790579.3346587 0.7084108416856136
284140039.2861502 0.7074647067776414
284814769.261896 0.7069923143479574
285500744.7372376 0.7065125088268639
286850204.68872917 0.7055699795456074
287524934.66447496 0.7050993846375669
288199664.64022076 0.7046292350606408
288874394.61596656 0.7041595299517706
289549124.59171236 0.7036902684517814
290898584.54320395 0.7027530728609743
291584560.0185455 0.702277341873007
292259289.9942913 0.7018098536230788
292934019.9700371 0.7013428047293513
293608749.9457829 0.7008761943553689
294283479.9215287 0.700410021668346
294958209.8972745 0.6999442858391425
295632939.8730203 0.6994789860422319
296318915.34836185 0.699006377395099
296993645.32410765 0.6985419544334688
297668375.29985344 0.6980779650354137
298343105.27559924 0.6976144083896472
299017835.25134504 0.6971512836883603
300367295.20283663 0.6962263269052138
301042025.17858243 0.6957644932248827
301716755.1543282 0.6953030882920352
302121593.1397757 0.6950264508019994
302515185.6256274 0.6947576452294082
303189915.6013732 0.6942971736515786
303864645.577119 0.6938371283152999
307924270.93118954 0.6910781423953904
308599000.90693533 0.6906210660881931
309273730.88268113 0.6901644098567139
309768532.8648947 0.6898297951644374
310015933.8560015 0.6896625722885297
310229598.348321 0.6895181978120889
310713154.8309388 0.6891916104099168
311387884.8066846 0.6887362655406262
312062614.7824304 0.6882813376460307
312737344.7581762 0.6878268259836056
313412074.733922 0.6873727298137896
314086804.7096678 0.6869190483999638
314761534.6854136 0.686465781008432
315447510.16075516 0.6860053828374112
316122240.13650095 0.6855529481708662
316796970.11224675 0.685100925330784
317471700.08799255 0.6846493135949934
318146430.06373835 0.684198112244141
318821160.03948414 0.6837473205616718
319495890.01522994 0.6832969378338103
319889482.50108165 0.6830344031505396
320294320.4865291 0.682764512254554
320969050.4622749 0.6823150199437892
322318510.4137665 0.6814172547219892
322993240.3895123 0.6809689804089086
324342700.3410039 0.6800736448932552
325028675.81634545 0.6796191346736036
325703405.79209125 0.6791724813141854
326378135.76783705 0.6787262297831262
327052865.74358284 0.6782803793964767
327727595.71932864 0.67783492947284
328402325.69507444 0.6773898793333534
329077055.67082024 0.6769452283016734
329751785.64656603 0.6765009757039562
330426515.62231183 0.676057120868842
331112491.0976534 0.6756062755255492
331787221.0733992 0.6751632208129033
332461951.049145 0.6747205618524716
333136681.0248908 0.6742782979827051
333811411.0006366 0.6738364285444547
334486140.9763824 0.6733949528809581
335846846.42746973 0.6725058387498014
336521576.4032155 0.6720655470184254
337196306.3789613 0.6716256464475228
338545766.33045286 0.670747016209303
339220496.30619866 0.6703082852587863
339895226.28194445 0.6698699429023126
340569956.25769025 0.6694319885039315
341255931.7330318 0.6689871319232585
341930661.7087776 0.6685499579816758
342605391.6845234 0.6681131700932093
343280121.6602692 0.6676767676307929
343954851.636015 0.667240749969537
344629581.6117608 0.6668051164867155
345304311.5875066 0.6663698665617501
345990287.06284815 0.6659277550339402
346665017.03859395 0.6654932767383217
347339747.01433975 0.6650591801413631
348014476.99008554 0.6646254646309808
349363936.94157714 0.6637591744320054
350038666.91732293 0.6633265985296013
350713396.89306873 0.6628944012861252
351399372.3684103 0.6624553883128981
351792964.854262 0.6622036718057835
352175311.84051794 0.661959270071155
352850041.81626374 0.661528267953637
353524771.79200953 0.6610976420007755
354199501.7677553 0.6606673916190897
354885477.2430969 0.660230354800582
355560207.2188427 0.6598008600235089
356234937.1945885 0.6593717390391405
356909667.1703343 0.6589429912618205
357584397.1460801 0.6585146161078115
358259127.1218259 0.658086612995283
358933857.0975717 0.6576589813442992
359608587.07331747 0.6572317205768093
360969292.5244048 0.6563712038398668
361644022.5001506 0.6559450584210547
362318752.4758964 0.6555192815826493
362993482.4516422 0.6550938727558819
363668212.427388 0.6546688313738003
364354187.9027296 0.654237082067957
365028917.87847537 0.6538127799821133
365703647.85422117 0.6533888436415509
366378377.82996696 0.6529652724865104
367053107.80571276 0.6525420659589958
367727837.78145856 0.652119223502765
368402567.75720435 0.6516967445633199
369077297.73295015 0.6512746285878956
369763273.2082917 0.6508458488667237
370438003.1840375 0.6504244631943492
371787463.1355291 0.6495827752244481
372462193.1112749 0.6491624718368019
373136923.0870207 0.6487425281234099
373811653.0627665 0.6483229435433933
374486383.0385123 0.6479037175575294
375172358.51385385 0.6474778715265668
375847088.4895996 0.6470593670720605
376521818.4653454 0.6466412195949849
377196548.4410912 0.6462234285626723
377871278.416837 0.6458059934440648
378546008.3925828 0.6453889137097029
379220738.3683286 0.644972188831719
379648067.3529676 0.6447084463762642
380075396.3376066 0.6444448459131463
380761371.81294817 0.6440219943822931
381447347.2882897 0.6435995078549711
382122077.2640355 0.6431843028820472
382808052.7393771 0.6427625387591952
383482782.7151229 0.6423480432930606
384168758.19046444 0.6419269994327464
384843488.16621023 0.6415132113728478
385518218.14195603 0.641099773317695
386192948.1177018 0.6406866847553542
386878923.5930434 0.6402670691361422
387553653.5687892 0.6398546838331804
388228383.544535 0.6394426464877183
388903113.5202808 0.6390309565937763
389577843.4960266 0.6386196136468373
390252573.4717724 0.638208617143838
390927303.44751817 0.6377979665831628
391602033.42326397 0.6373876614646343
392288008.8986055 0.6369708715395246
392906511.37637246 0.636595382569579
393277612.86303264 0.6363702279518971
393704941.8476717 0.6361110877891738
394379671.8234175 0.6357021995036582
395065647.29875904 0.6352868479359806
395740377.27450484 0.6348786506719492
396426352.7498464 0.6344640006280617
397101082.7255922 0.6340564923921718
397775812.701338 0.6336493250873289
398450542.6770838 0.6332424982275379
399035308.65606344 0.6328901899566421
399620074.63504314 0.6325381367191084
400013667.12089485 0.6323013212494568
400407259.60674655 0.6320646210804703
401093235.0820881 0.6316523618080411
401767965.0578339 0.6312472017794971
402442695.0335797 0.6308423793480642
403117425.0093255 0.6304378940369905
403792154.9850713 0.630033745370832
404466884.9608171 0.6296299328754489
405141614.9365629 0.6292264560779967
405816344.9123087 0.6288233145069195
406502320.38765025 0.6284137970784845
407177050.36339605 0.628011330118103
407851780.33914185 0.6276091969693174
408526510.31488764 0.6272073971656865
412170052.18391496 0.6250434186607796
412844782.15966076 0.6246437413035961
413530757.6350023 0.624237740880801
414003068.61802435 0.6239583975906092
414216733.1103439 0.6238320810002922
414632816.5953871 0.6235861907287952
415307546.5711329 0.6231877154214626
415993522.04647446 0.622782935382151
416668252.02222025 0.6223851216295737
417342981.99796605 0.6219876352405711
418017711.97371185 0.6215904757658245
418422549.9591593 0.6213523368133423
418838633.44420254 0.6211077052584775
419513363.41994834 0.6207112688476499
420188093.39569414 0.6203151579136952
420862823.37143993 0.6199193720122016
421537553.34718573 0.619523910699907
422212283.3229315 0.6191287735346928
422887013.2986773 0.6187339600755783
423572988.7740189 0.6183328977824522
424247718.7497647 0.6179387357938706
424922448.7255105 0.6175448961879393
425597178.7012563 0.617151378528195
426271908.6770021 0.6167581823792876
426721728.6608326 0.616496230015993
426957884.15234363 0.6163587621068629
427407704.13617414 0.6160970271149884
428082434.11191994 0.6157046915439204
428768409.5872615 0.6153061450033623
429443139.5630073 0.6149144541568037
430117869.5387531 0.6145230823605471
430792599.5144989 0.6141320291865552
431467329.4902447 0.6137412942078617
432142059.4659905 0.613350876998568
432535651.9518422 0.6131232802051676
432670597.9469914 0.6130452718623777
433086681.4320346 0.6128048259494614
433761411.4077804 0.6124151696554067
434436141.3835262 0.6120258296906123
435110871.359272 0.6116368056338164
435785601.3350178 0.6112480970647991
436471576.81035936 0.610853233006317
437146306.78610516 0.6104651593969721
437821036.76185095 0.6100774000139992
438495766.73759675 0.6096899544413111
439170496.71334255 0.6093028222638385
439845226.68908834 0.6089160030675247
440519956.66483414 0.6085294964393217
441205932.1401757 0.6081368680349631
441880662.11592144 0.6077509905001217
442555392.09166723 0.6073654242934261
443230122.06741303 0.6069801690058325
443904852.0431588 0.6065952242292838
444579582.0189046 0.6062105895567039
445254311.9946504 0.6058262645819951
445940287.469992 0.6054358512567589
446615017.4457378 0.605052149608108
447289747.4214836 0.604668756438141
447964477.3972294 0.6042856713446413
448639207.3729752 0.6039028939263494
449313937.34872097 0.6035204237829558
449988667.32446676 0.6031382605150999
450663397.30021256 0.6027564037243636
451349372.7755541 0.6023684964256656
452024102.7512999 0.6019872564890334
452698832.7270457 0.6016063218333028
453373562.7027915 0.6012256920638046
454048292.6785373 0.6008453667867931
454723022.6542831 0.6004653456094422
455397752.6300289 0.6000856281398405
456072482.6057747 0.5997062139869884
456758458.08111626 0.5993207868046019
458107918.03260785 0.5985634816478678
458782648.00835365 0.5981852818961991
459457377.98409945 0.5978073835133846
460132107.95984524 0.5974297861138282
460806837.93559104 0.5970524893128175
461481567.91133684 0.596675492726522
462156297.88708264 0.5962987959719879
462842273.3624242 0.5959161279135529
463517003.33817 0.5955400346584215
464191733.3139158 0.595164240085087
464866463.2896616 0.5947887438140833
465541193.2654074 0.5944135454668029
466215923.2411532 0.594038644665495
466890653.216899 0.5936640410332605
467565383.1926448 0.593289734194049
468251358.66798633 0.5929094927748163
468926088.64373213 0.5925357833277676
469600818.6194779 0.5921623695444295
470275548.59522367 0.591789251052126
470950278.57096946 0.5914164274790112
471625008.54671526 0.5910438984540693
472299738.52246106 0.5906716636071078
472985713.9978026 0.590293526038561
473660443.9735484 0.5899218833278148
474054036.4594002 0.5897052271096958
474447628.9452519 0.589488670542612
475122358.9209977 0.589117662344944
475797088.8967435 0.5887469464195156
476471818.8724893 0.5883765224011605
477157794.34783083 0.5880002235188633
477832524.3235766 0.587630387072269
478507254.2993224 0.5872608414360057
479181984.2750682 0.5868915862481063
479856714.25081396 0.5865226211473926
480531444.22655976 0.5861539457734715
481892149.6776471 0.585411330264874
482566879.6533929 0.5850435267245913
483241609.6291387 0.5846760114713748
483916339.6048845 0.5843087841487254
484591069.5806303 0.583941844400912
485265799.5563761 0.5835751918729666
486626505.00746346 0.5828366481668319
487301234.98320925 0.5824708599426257
487975964.95895505 0.5821053575201416
489325424.91044664 0.5813752086763723
491360860.3372798 0.5802760545951877
492035590.3130256 0.5799122643598145
492710320.2887714 0.5795487574777224
493385050.2645172 0.5791855336029118
494059780.240263 0.5788225923901112
494734510.2160088 0.578459933494772
498794135.5700793 0.5762838757547357
499468865.5458251 0.5759231881570984
500143595.5215709 0.5755627801406433
500818325.4973167 0.5752026513672301
501504300.9726583 0.5748368063626521
502179030.9484041 0.5744772397036579
502853760.9241499 0.5741179512718676
503528490.89989567 0.5737589407319279
504203220.87564147 0.5734002077491729
504877950.85138726 0.5730417519896215
505552680.82713306 0.5726835731199753
506227410.80287886 0.5723256708076158
506913386.2782204 0.571962086624172
507588116.2539662 0.5716047410266674
508262846.229712 0.571247670987143
508937576.20545775 0.5708908761756855
509612306.18120354 0.5705343562630503
510287036.15694934 0.5701781109206572
510961766.13269514 0.5698221398205886
511636496.10844094 0.5694664426355878
512322471.5837825 0.5691050976284923
512997201.5595283 0.5687499518461042
513671931.5352741 0.5683950789955362
514346661.5110199 0.568040478752161
515021391.4867657 0.5676861507919991
515696121.4625115 0.5673320947917182
516370851.4382573 0.5669783104286291
517045581.4140031 0.5666247973806855
517720311.3897489 0.5662715553264805
518406286.8650904 0.5659127033802677
519081016.8408362 0.565560006855037
519755746.816582 0.565207580357819
520430476.7923278 0.5648554235697526
520970260.7729245 0.5645738921160166
521521290.25311685 0.5642866730901427
522196020.22886264 0.5639352205368079
522870750.20460844 0.5635840365446432
523545480.18035424 0.5632331207976714
524220210.15610003 0.5628824729805338
524894940.13184583 0.5625320927784874
525569670.1075916 0.5621819798774038
526255645.5829332 0.5618263054587335
526930375.558679 0.561476730661565
527402686.541701 0.561232186804544
527886243.0243189 0.5609819555762503
528560973.0000647 0.5606330239418706
529910432.95155627 0.5599359571774107
530585162.92730206 0.559587821427476
531259892.90304786 0.5592399503534967
531934622.87879366 0.558892343647037
532620598.3541352 0.5585392141915605
533295328.329881 0.5581921396904717
533801375.81169033 0.5579320067143307
534318668.79309547 0.5576662460323643
534993398.76884127 0.557319833939652
535668128.74458706 0.5569736845184363
536162930.7268006 0.5567200083754692
536657732.7090142 0.5564664732076497
537051325.194866 0.5562648980968076
537456163.1803133 0.5560576566156942
538130893.1560591 0.5557124633648712
538805623.131805 0.5553675313740619
539480353.1075507 0.5550228603413473
540155083.0832965 0.5546784499653784
540829813.0590423 0.5543342999453764
541504543.0347881 0.5539904099811289
542179273.0105339 0.5536467797729889
542854002.9862797 0.5533034090218738
543539978.4616213 0.5529545810966692
544102253.4414095 0.552668856116341
544664528.4211977 0.5523833107246925
545339258.3969434 0.55204089306981
546013988.3726892 0.5516987334786916
546688718.348435 0.551356831655423
547374693.8237766 0.5510094954118117
548049423.7995224 0.5506681125225013
548724153.7752682 0.5503269865116972
549398883.751014 0.5499861170856886
550073613.7267598 0.549645503951309
550748343.7025056 0.5493051468159342
551423073.6782514 0.5489650453874819
552109049.153593 0.5486195374364673
552783779.1293387 0.548279950797375
553458509.1050845 0.5479406189873467
554133239.0808303 0.5476015417164541
554807969.0565761 0.5472627186953021
555482699.0323219 0.5469241496350252
556157429.0080677 0.5465858342472873
556832158.9838135 0.5462477722442792
557518134.4591551 0.5459043353329555
558192864.4349009 0.5455667834491654
558867594.4106467 0.545229484085059
559542324.3863925 0.5448924369549283
560217054.3621383 0.5445556417735842
560891784.3378841 0.5442190982563551
561566514.3136299 0.5438828061190853
562241244.2893757 0.5435467650781332
562927219.7647172 0.5432053804699084
563601949.740463 0.5428698449458337
564276679.7162088 0.5425345596655233
564951409.6919546 0.5421995243473849
565626139.6677004 0.541864738710332
566975599.619192 0.5411959153576618
567650329.5949378 0.5408618770823889
568325059.5706836 0.5405280873688885
568999789.5464294 0.5401945459385825
569685765.021771 0.5398556997225428
570360494.9975168 0.539522658151321
571035224.9732624 0.5391898640259211
571709954.9490082 0.5388573170697523
572384684.924754 0.5385250170067144
573059414.9004998 0.5381929635611968
573734144.8762456 0.5378611564580775
574408874.8519914 0.5375295954227202
575094850.327333 0.5371927603411375
575769580.3030788 0.5368616947090191
576444310.2788246 0.5365308743191111
577119040.2545704 0.5362002988987169
577793770.2303162 0.5358699681756197
578468500.206062 0.5355398818780801
579143230.1818078 0.535210039734836
579829205.6571493 0.5348749502354658
580503935.6328951 0.5345455996468559
581178665.6086409 0.5342164923971042
581853395.5843867 0.5338876282168475
582528125.5601325 0.5335590068371929
583202855.5358783 0.5332306279897143
583877585.5116241 0.5329024914064527
584552315.4873699 0.5325745968199143
585238290.9627115 0.5322414851285905
585913020.9384573 0.5319140777570015
586587750.914203 0.5315869115780008
587262480.8899488 0.5312599863259508
587937210.8656946 0.5309333017356712
588611940.8414404 0.5306068575424394
589297916.316782 0.5302752187806026
589972646.2925278 0.5299492585847029
590647376.2682736 0.5296235379900273
591322106.2440194 0.5292980567336752
591996836.2197652 0.528972814553198
592671566.195511 0.5286478111865957
593346296.1712568 0.5283230463723162
594021026.1470026 0.5279985198492545
594707001.6223441 0.527668828563708
595381731.5980899 0.5273447818021846
596056461.5738357 0.5270209725469054
596731191.5495815 0.5266974005385471
597405921.5253273 0.5263740655182263
598080651.5010731 0.5260509672274991
598755381.4768189 0.5257281054083596
599441356.9521605 0.5254001047096117
600116086.9279063 0.5250777189918124
600790816.9036521 0.5247555689699224
601465546.8793979 0.5244336543876816
602140276.8551437 0.5241119749892625
602815006.8308895 0.5237905305192674
603489736.8066353 0.5234693207227279
604164466.782381 0.5231483453451042
604850442.2577226 0.5228222604278533
605525172.2334684 0.5225017570225192
606199902.2092142 0.5221814872708195
606874632.18496 0.5218614509199223
607616835.1582804 0.5215096802106228
608032918.6433237 0.5213125987005457
608718894.1186652 0.5209878737264183
609393624.094411 0.5206687065117166
610068354.0701568 0.5203497715067857
611417814.0216484 0.519712597124941
612092543.9973941 0.5193943572484172
612767273.9731399 0.5190763485824419
613442003.9488857 0.5187585708782428
614116733.9246315 0.5184410238874585
614802709.399973 0.5181184207045264
618176359.278702 0.516535305543388
618851089.2544478 0.5162193704410414
619525819.2301936 0.5159036640757994
620200549.2059394 0.5155881862029577
620886524.681281 0.5152676843501769
621561254.6570268 0.5149526665276235
622235984.6327726 0.5146378764616946
622910714.6085184 0.5143233139092849
623585444.5842642 0.5140089786276854
624260174.56001 0.5136948703745811
624934904.5357558 0.5133809889080507
625609634.5115016 0.5130673339865661
626295609.9868431 0.5127486834746224
626970339.9625889 0.5124354846858906
627487632.943994 0.5121955185566862
628016171.424995 0.5119504727508071
628690901.4007407 0.5116378493259368
629365631.3764865 0.5113254511087305
630040361.3522323 0.5110132778602127
630715091.3279781 0.5107013293417909
631401066.8033197 0.5103844118154063
632075796.7790655 0.5100729157784927
632750526.7548113 0.509761643754246
633425256.7305571 0.5094505955056101
634099986.7063029 0.5091397707959086
634774716.6820487 0.5088291693888445
635449446.6577945 0.5085187910484983
636124176.6335403 0.5082086355393268
636810152.1088818 0.5078935389621559
637484882.0846276 0.5075838321142415
638159612.0603734 0.507274347389222
638834342.0361192 0.5069650845530569
639509072.011865 0.5066560433720804
640183801.9876108 0.5063472236129961
640858531.9633566 0.5060386250428781
641544507.4386982 0.5057251096729435
642219237.414444 0.5054169564602281
642770266.8946363 0.5051654615732974
643332541.8744245 0.5049089855926662
644018517.349766 0.5045962918751603
644693247.3255118 0.5042889459898845
645367977.3012576 0.5039818197462848
646042707.2770034 0.503674912914247
646717437.2527492 0.5033682252640197
647392167.228495 0.5030617565662115
648066897.2042408 0.5027555065917917
648752872.6795824 0.5024443764372617
649427602.6553282 0.5021385668598024
650102332.631074 0.5018329753169947
650777062.6068197 0.5015276015812441
651451792.5825655 0.501222445425313
652126522.5583113 0.5009175066223185
652801252.5340571 0.5006127849457308
653475982.5098029 0.5003082801693735
654161957.9851445 0.4999989224334852
654836687.9608903 0.49969485438604033
655241525.9463378 0.4995125173575955
655646363.9317852 0.4993302581198009
656321093.907531 0.49902666545982677
657007069.3828726 0.4987182340700544
657681799.3586184 0.4984150762279458
658356529.3343642 0.49811213366048684
659031259.31011 0.4978094061443736
659705989.2858558 0.4975068934566466
660380719.2616016 0.49720459537469175
661055449.2373474 0.4969025116762367
661730179.2130932 0.4966006421393525
662416154.6884347 0.4962939607604566
663090884.6641805 0.49599252244239844
663765614.6399263 0.4956912976184903
664440344.6156721 0.4953902860681698
665115074.5914179 0.49508948757121346
665789804.5671637 0.4947889019077333
666464534.5429095 0.49448852885817984
667150510.0182511 0.4941833673239656
667825239.9939969 0.4938834223793679
668499969.9697427 0.49358368938841746
669174699.9454885 0.49328416813290743
669849429.9212343 0.4929848583949645
670524159.89698 0.49268575995704544
671198889.8727258 0.4923868726019393
671873619.8484716 0.49208819611276444
672559595.3238132 0.4917847576257416
673234325.299559 0.4914865057244907
673909055.2753048 0.491188464036904
674583785.2510506 0.49089063234741814
675258515.2267964 0.4905930104407954
675685844.2114353 0.4904046249733752
676101927.6964786 0.4902212777372948
676889112.668182 0.4898746222769724
677575088.1435236 0.48957276883266165
678249818.1192694 0.48927607437949194
678924548.0950152 0.48897958854539614
679599278.070761 0.4886833111172162
680274008.0465068 0.4883872418821157
680948738.0222526 0.48809138062757673
681623467.9979984 0.48779572714140096
682298197.9737442 0.48750028121170785
682984173.4490857 0.48720012373932364
683658903.4248315 0.4869050957386637
684333633.4005773 0.4866102746572339
685008363.3763231 0.4863156602844248
685683093.3520689 0.48602125240994065
686357823.3278147 0.4857270508237997
687032553.3035605 0.48543305531633335
687707283.2793063 0.48513926567818466
688393258.7546479 0.4848407903752216
689067988.7303936 0.48454741527131046
689742718.7061394 0.48425424540704287
690417448.6818852 0.48396128057430937
691092178.657631 0.48366852056530857
691766908.6333768 0.4833759651725479
692441638.6091226 0.4830836141888414
693116368.5848684 0.4827914674073094
693802344.06021 0.48249466063540064
694477074.0359558 0.4822029250335454
695151804.0117016 0.4819113930116285
695826533.9874474 0.4816200643639947
696501263.9631932 0.4813289388852915
697175993.938939 0.4810380163704689
697850723.9146848 0.480747296614778
698525453.8904306 0.48045677941377174
699211429.3657721 0.48016162769565857
699886159.3415179 0.47987151835926467
700560889.3172637 0.479581610962621
701235619.2930095 0.4792919053024816
701910349.2687553 0.47900240117589865
702585079.2445011 0.4787130983802197
703259809.2202469 0.4784239967130899
703945784.6955885 0.4781302826612499
704620514.6713343 0.47784158598903803
705295244.6470801 0.47755308983672373
705969974.6228259 0.4772647940031345
706644704.5985717 0.47697669828739064
707319434.5743175 0.4766888024889045
707994164.5500633 0.4764011064073797
708668894.525809 0.47611360984281126
709343624.5015548 0.4758263125954841
710029599.9768964 0.47553443118298294
710704329.9526422 0.4752475352857757
711379059.928388 0.47496083810508727
712053789.9041338 0.4746743394423618
712571082.8855388 0.47445482478454204
712818483.8766457 0.4743498806937728
713212076.3624973 0.4741829790706836
713898051.8378389 0.4738922543852375
714572781.8135847 0.4736064951067249
715922241.7650763 0.47303556909882205
716596971.7408221 0.47275040197587653
717271701.7165679 0.4724654318450361
717946431.6923137 0.4721806585102296
718621161.6680595 0.47189608177566744
719295891.6438053 0.47161170144584047
719981867.1191468 0.4713227825847347
720656597.0948926 0.4710387977442311
721331327.0706384 0.4707550087203731
722006057.0463842 0.47047141531877346
722680787.02213 0.4701880173453228
723355516.9978758 0.4699048146061893
724030246.9736216 0.4696218069078173
724704976.9493674 0.4693389940569277
725390952.424709 0.4690516672053001
726065682.4004548 0.4687692467100347
726740412.3762006 0.46848702048085755
727415142.3519464 0.4682049883255914
728089872.3276922 0.4679231500523319
728764602.303438 0.4676415054694479
729439332.2791837 0.46736005438557926
730114062.2549295 0.4670787966096373
730800037.7302711 0.4667930491748689
731474767.7060169 0.4665121806564261
732149497.6817627 0.4662315048710964
732824227.6575085 0.4659510216288747
733498957.6332543 0.465670730740024
734173687.6090001 0.46539063201507547
734848417.5847459 0.4651107252648269
735523147.5604917 0.46483101030034296
736197877.5362375 0.46455148693295467
736883853.011579 0.4642675010621975
737558582.9873248 0.4639883635094697
738233312.9630706 0.4637094169862905
738908042.9388164 0.4634306613050537
739582772.9145622 0.4631520962784157
740257502.890308 0.4628737217192957
740943478.3656496 0.46259090264727265
741618208.3413954 0.46231291162965155
742292938.3171412 0.46203511051677437
742967668.292887 0.4617574991226093
743642398.2686328 0.4614800772613849
744317128.2443786 0.46120284474758944
745666588.1958702 0.4606489470215293
746352563.6712117 0.4603676719449394
747027293.6469575 0.4600911981128092
750873254.5087085 0.4585188896660773
751547984.4844543 0.4582436747472891
752222714.4602001 0.4579686470214803
752897444.4359459 0.45769380630638967
753572174.4116917 0.4574191524200079
754258149.8870332 0.4571401123068669
754932879.862779 0.456865834639101
755607609.8385248 0.45659174325250373
756282339.8142706 0.45631783796607245
756957069.7900164 0.456044118599054
757631799.7657622 0.4557705849709446
758306529.741508 0.45549723690148824
758992505.2168496 0.4552195230687084
759667235.1925954 0.4549465486619083
760341965.1683412 0.4546737592714889
761016695.144087 0.45440115471818726
761691425.1198328 0.45412873482298566
762366155.0955786 0.4538564994071123
763040885.0713243 0.4535844482920396
763726860.5466659 0.45330805174185457
764401590.5224117 0.4530363717580124
765076320.4981575 0.4527648755378915
765751050.4739033 0.4524935629039433
766425780.4496491 0.4522224336788609
767100510.4253949 0.45195148768557986
767775240.4011407 0.4516807247472762
768449970.3768865 0.4514101446873678
769135945.852228 0.4511352422537709
769810675.8279738 0.45086503046247467
770485405.8037196 0.4505950010183374
771160135.7794654 0.45032515374573906
771834865.7552112 0.450055488469298
772509595.730957 0.4497860050138708
773184325.7067028 0.44951670320455084
773859055.6824486 0.44924758286667
774545031.1577902 0.4489741630434434
775219761.133536 0.4487054081426174
775894491.1092818 0.4484368341877424
776569221.0850276 0.448168441005097
777243951.0607734 0.4479002284211941
777918681.0365192 0.4476321962627805
778593411.012265 0.4473643443568366
779268140.9880108 0.44709667253057667
779954116.4633523 0.44682472393602646
780628846.4390981 0.4465574147458279
781303576.4148439 0.44629028511548335
781978306.3905897 0.44602333487313894
782653036.3663355 0.4457565638471719
783339011.8416771 0.44548553018244014
784013741.8174229 0.4452191200550614
784688471.7931687 0.4449528886277246
785363201.7689145 0.4446868357297305
786037931.7446603 0.44442096119060703
786712661.720406 0.4441552648401113
787387391.6961519 0.44388974650822777
788062121.6718976 0.4436244060251684
788748097.1472392 0.4433548253456824
789422827.122985 0.4430898430088793
790097557.0987308 0.442825038010079
790772287.0744766 0.44256041018040193
791447017.0502224 0.4422959593511931
792121747.0259682 0.44203168535402326
792796477.001714 0.44176758802068594
793471206.9774598 0.4415036671832002
794157182.4528013 0.44123552842492003
794831912.4285471 0.44097196301067487
795506642.404293 0.44070857358688675
796181372.3800387 0.4404453599864681
796856102.3557844 0.4401823220425534
797530832.3315302 0.43991945958849754
798205562.307276 0.439656772457877
798891537.7826176 0.43938988676795665
799566267.7583634 0.43912755270093085
800240997.7341092 0.4388653934566275
800915727.709855 0.438603408869505
801590457.6856008 0.43834159877424056
802265187.6613466 0.4380799630057291
802939917.6370924 0.4378185013990838
803614647.6128381 0.437557213789635
804300623.0881797 0.4372917495884653
804975353.0639255 0.43703081237335223
805650083.0396713 0.43677004865999464
806324813.0154171 0.4365094582845918
806999542.9911629 0.43624904108355833
807674272.9669087 0.435988796893523
808349002.9426545 0.43572872555133013
809023732.9184003 0.4354688268940369
809709708.3937418 0.43520477345071695
810384438.3694876 0.43494522254653695
811059168.3452334 0.4346858438370073
811733898.3209792 0.4344266371600417
812408628.296725 0.4341676023537652
813083358.2724708 0.4339087392565158
813758088.2482166 0.4336500477068408
814432818.2239624 0.4333915275435002
815107548.1997082 0.4331331786054632
815793523.6750498 0.4328706992157311
816468253.6507956 0.43261269509308786
817142983.6265414 0.4323548617112436
817817713.6022872 0.4320971989100094
818492443.578033 0.43183970652940434
819167173.5537788 0.4315823844096559
819572011.5392263 0.4314280727966298
819976849.5246737 0.43127382238563444
820370442.0105255 0.4311239153511578
820764034.4963771 0.4309740661017131
821438764.4721229 0.4307173160218228
822113494.4478687 0.4304607355075424
822799469.9232103 0.43020005231610403
823474199.8989561 0.4299438132767273
824148929.8747019 0.4296877433249521
824823659.8504477 0.4294318423027347
825498389.8261935 0.42917611005223544
826173119.8019392 0.4289205464158192
826847849.777685 0.4286651512360542
827533825.2530266 0.42840567199934804
828208555.2287724 0.4281506160624465
828883285.2045182 0.4278957281085068
829558015.180264 0.4276410079809114
830232745.1560098 0.42738645552324483
830907475.1317556 0.4271320705792925
831582205.1075014 0.42687785299304115
832256935.0832472 0.4266238026086782
832942910.5585887 0.4263656892959908
833617640.5343345 0.4261119756289662
834292370.5100803 0.42585842869500706
834967100.4858261 0.4256050483391034
835641830.4615719 0.42535183440644286
836316560.4373177 0.4250987867424128
836991290.4130635 0.42484590519259857
837666020.3888093 0.42459318960278236
838340750.3645551 0.42434063981894454
839026725.8398967 0.424084050687634
839701455.8156425 0.42383183481148895
840376185.7913883 0.4235797842778875
841050915.7671341 0.4233278989335988
841725645.7428799 0.4230761786255879
842400375.7186257 0.42282462320101427
843075105.6943715 0.42257323250723333
843761081.169713 0.422317820683347
844435811.1454588 0.4220667617331386
845110541.1212046 0.4218158670544201
845785271.0969504 0.42156513649532534
846460001.0726962 0.42131456990418104
847134731.048442 0.4210641671295071
847809461.0241878 0.42081392802001577
848484190.9999336 0.4205638524246113
849170166.4752752 0.42030977637170946
849844896.451021 0.4200600300708893
850519626.4267668 0.4198104468295102
851194356.4025126 0.41956102649724414
851869086.3782583 0.4193117689239535
852543816.3540041 0.41906267395969
853904521.8050915 0.4185608264637555
854579251.7808373 0.4183122211301917
855928711.7323289 0.41781549633999887
856603441.7080747 0.41756737658555854
857289417.1834162 0.41731528712473553
857964147.159162 0.4170674930352493
858638877.1349078 0.4168198602088159
859313607.1106536 0.41657238849737477
859988337.0863994 0.41632507775305205
