1.0 1.0
1821771.9345136478 0.9942285165764043
5667732.796264682 0.9828473051732683
6803528.255436772 0.9792472846709963
8838963.682269922 0.972608539669645
12212613.560998898 0.9632718185544835
16946968.89081523 0.9484140963933554
17621698.866561025 0.9472057016657541
20298127.77035268 0.9384882222503133
20972857.746098477 0.9377877180639884
23671777.64908166 0.9296438471418307
25707213.075914808 0.9255759517166858
29609401.43564466 0.912415353496514
30149185.416241296 0.9111953388519083
32173375.343478683 0.9056556382065443
33522835.294970274 0.9007059370664012
33826463.78405588 0.9000573762397538
34265038.26829065 0.8994521400084443
36289228.19552804 0.8938407960145304
36963958.17127383 0.8927192813536873
39674123.57385278 0.8866376768854938
41023583.525344364 0.8841350847248354
43047773.452581756 0.8792423288917453
50492294.18497703 0.889357199878632
51167024.16072282 0.8883634273881712
51841754.13646862 0.8871910467210731
52516484.112214416 0.8859917324626949
54551919.53904757 0.8815835503808049
55901379.490539156 0.879045867593051
56576109.46628495 0.8778425517767725
57936814.91737231 0.8751764342455506
58611544.8931181 0.8740670012223558
60635734.82035549 0.870297529976617
61996440.271442845 0.8678133295989668
62671170.247188635 0.8668184797629636
64020630.19868023 0.8645555965402701
65527527.144512504 0.8591485630644765
66202257.1202583 0.8581681804096484
68912422.52283725 0.8530870433576121
69587152.49858305 0.8519924622880491
69980744.98443475 0.8513539053640325
70374337.47028647 0.8507160410131017
73759232.8486112 0.8433973383152785
75108692.8001028 0.842341772474644
76469398.25119016 0.8395218256669802
77121637.22774443 0.8384302457737225
77751385.20510717 0.8376783369123114
78414869.6812572 0.836938817504938
80450305.10809036 0.8326781545304901
81799765.05958194 0.8307324720426675
82474495.03532773 0.8297529358730599
83160470.51066929 0.8285601626361234
83835200.48641509 0.8279309939898392
85105941.94073634 0.8262037044288555
85701953.41931179 0.8255706111728581
86275473.89869572 0.8252656459877704
86837748.87848388 0.8243719125472585
87512478.85422967 0.8233218873228306
88187208.82997547 0.8223839827938803
89536668.78146707 0.8204484581129432
90222644.25680862 0.8197985121243639
90897374.23255442 0.8186880787116941
91335948.71678919 0.8177715671499373
91785768.70061971 0.8169755641561549
93146474.15170707 0.8151361539075738
93821204.12745287 0.814047498226674
94495934.10319866 0.8133473788128057
95845394.05469026 0.8108333975875848
96531369.53003182 0.810329354699954
97206099.5057776 0.8100857211522761
97880829.4815234 0.8093206533076742
98555559.45726919 0.8085876749138625
99455199.42493026 0.8064508408911105
102558957.31336091 0.8039924967591979
103233687.28910671 0.802771943445761
103908417.26485251 0.8017244576848745
104583147.2405983 0.8006774336367519
105257877.2163441 0.7998243314316622
105932607.19208989 0.7988014706667165
106618582.66743144 0.7977712993511757
107293312.64317724 0.7969359733199557
107968042.61892304 0.7957818305394911
108642772.59466884 0.7949032568532403
109317502.57041463 0.7938379949184842
109992232.54616043 0.7927423365112588
110666962.52190623 0.7918116655689559
111352937.99724779 0.7906509048188624
112027667.97299358 0.7901764119342405
112702397.94873938 0.7890046468920409
113377127.92448516 0.7878135666168773
114051857.90023096 0.786936839807686
114726587.87597676 0.7857659212507069
115401317.85172255 0.7848273241400027
116087293.32706411 0.7839141215559682
116762023.30280991 0.7832123861253623
118111483.2543015 0.7809672021204712
118786213.2300473 0.7802000565432159
119460943.2057931 0.7793840457410198
120113182.18234736 0.7781824228920301
120765421.15890163 0.7775952706446758
121440151.13464743 0.7767134649312537
122789611.08613902 0.7743600078971389
123318149.5671399 0.7739980974097264
123722987.55258736 0.7734695064814342
124948747.00852557 0.7718835797891515
125623476.98427136 0.7709445209601673
126298206.96001716 0.7699135801138975
126972936.93576294 0.7689726744102178
127647666.91150874 0.7680895604932954
128322396.88725454 0.7670614669127721
129008372.3625961 0.7659689635774387
129683102.33834189 0.7651373312924576
130357832.31408769 0.7644626064036831
131032562.28983349 0.7634549053977264
131707292.26557928 0.7626151930361494
132382022.24132508 0.7618293478531927
132809351.22596408 0.7609726288539911
133011770.21868782 0.7609555452626633
133236680.21060309 0.7606599683584598
133416608.2041353 0.760312678962781
133821446.18958277 0.7600164864336791
134507421.66492432 0.7591648463394962
135182151.64067012 0.7580971988588495
137206341.5679075 0.7553682875903427
137881071.5436533 0.7545733619397389
138567047.01899487 0.7535862074149671
139241776.99474066 0.7525330271202233
139916506.97048646 0.7519132467532476
141265966.92197806 0.7499961908192659
141805750.9025747 0.749136701508021
142064397.39327723 0.7487237711069469
142199343.3884264 0.7485212305153348
142604181.3738739 0.747687905262277
143278911.3496197 0.7474246486652456
143964886.82496125 0.7464454203112392
144639616.800707 0.7455736954549393
145314346.7764528 0.7449095900952704
145989076.7521986 0.7437737621575067
146663806.7279444 0.7431062708616837
147338536.7036902 0.7420140753380114
148013266.679436 0.7409738231661366
148687996.6551818 0.740428456458966
149373972.13052335 0.739881550689549
150048702.10626915 0.7389557277958829
150723432.08201495 0.7384018192930485
151398162.05776075 0.7373700319631342
152072892.03350654 0.7361908024700251
152747622.00925234 0.735429351423475
153422351.98499814 0.7344884457197952
154108327.4603397 0.7338304966091115
154715584.4385109 0.7328551159111147
155334086.9162779 0.7319379887181553
155851379.897683 0.7314459505184097
156199990.38515165 0.7311528361130123
156469882.37545 0.7308343271809451
156706037.866961 0.7304868838794356
157088384.85321695 0.7299342066263982
157661905.3326009 0.7291875305774125
158336635.3083467 0.7288029958753734
159011365.28409246 0.7279401975801021
159686095.25983825 0.7269919813305553
160360825.23558405 0.7260620799213456
161046800.7109256 0.725494473764913
161721530.6866714 0.7244046637879197
162407506.16201296 0.7234801490969659
163082236.13775876 0.7227189289099497
163768211.61310032 0.7220166548065727
165117671.5645919 0.7199194516368597
165792401.5403377 0.7190361838141066
166354676.52012587 0.7184756573432189
166916951.49991405 0.7175569910888011
167591681.47565985 0.7168521005799994
168277656.9510014 0.7158046148151729
168952386.9267472 0.7150807168874325
169627116.902493 0.7143007201410115
170301846.87823877 0.7134128351315194
170976576.85398456 0.7127094067320487
171651306.82973036 0.71163837331446
175036202.2080551 0.7095741830297329
175710932.1838009 0.7086465902134985
176385662.1595467 0.7080939899141645
177060392.1352925 0.7071460045241518
177746367.61063406 0.7062759726359288
178421097.58637986 0.7055319129931558
179095827.56212565 0.705000705658651
179770557.53787145 0.7040973530729929
180445287.51361725 0.7033533703831353
181120017.48936304 0.7026271638624193
181794747.46510884 0.7017749850962532
182480722.9404504 0.7010115332691771
183155452.9161962 0.7002348455067827
183762709.8943674 0.6992659288694325
184358721.37294286 0.6987661184055401
184842277.85556066 0.6983868165143504
185348325.33737 0.6979024736258361
186023055.3131158 0.6971276327373495
186697785.2888616 0.6964345930082381
187372515.2646074 0.6956128876753367
188047245.2403532 0.694636737445035
188733220.71569476 0.6941328484655989
189407950.69144055 0.693046655285081
190082680.66718635 0.6923219108736961
190757410.64293215 0.6917433004220056
191432140.61867794 0.6910461052244353
192106870.59442374 0.6902791135545866
192781600.57016954 0.6897302070038555
193467576.0455111 0.688929279010885
194142306.0212569 0.6877935280260367
194817035.9970027 0.6870799418157404
195491765.9727485 0.6866149911115293
196166495.9484943 0.685738726021406
196841225.92424008 0.6849673480235643
197515955.89998588 0.6842402950184159
198876661.35107324 0.6822481328468153
199551391.326819 0.6816352013074264
200226121.3025648 0.6806548956094537
200900851.2783106 0.6797366910733157
201575581.2540564 0.6791233747685623
202250311.2298022 0.6784531131599081
202925041.205548 0.6778705011463773
203599771.1812938 0.6771101274437935
204285746.65663534 0.6760549463677356
204960476.63238114 0.6755664480107625
205635206.60812694 0.675242706267058
206309936.58387274 0.674626619650261
206984666.55961853 0.6737161104253546
207659396.53536433 0.6730049867138643
208334126.51111013 0.6724757801606739
209008856.48685592 0.6717765841825772
209694831.96219748 0.671127561632922
210369561.93794328 0.6706077433590397
211044291.91368908 0.6700112028323768
211719021.88943487 0.6693297060697186
212393751.86518067 0.6685506327614336
213068481.84092644 0.6679539383281521
213743211.81667224 0.6669808662231308
214417941.79241803 0.6663770151506011
215092671.76816383 0.6658732031240805
215778647.2435054 0.6652455735400425
216453377.2192512 0.6644654228877909
217128107.19499698 0.6637111284804892
217802837.17074278 0.6632333266063247
218477567.14648858 0.6625397482052301
219096069.62425557 0.6619806068907583
219669590.10363948 0.6613077288766793
220310583.580598 0.6607014922582587
220996559.05593956 0.6603635911418884
221401397.04138702 0.6598628572398603
221817480.52643028 0.659505948705339
222402246.50540996 0.6586889375120919
222987012.48438963 0.6581707352533712
223672987.9597312 0.657719866968123
224347717.935477 0.6569569538130299
224786292.41971177 0.6565214761502446
225044938.9104143 0.6562609129123413
225258603.40273383 0.6560408270103335
228002505.30410007 0.6535016051634854
228441079.78833482 0.6530684360944634
228879654.2725696 0.6524942889236811
229554384.2483154 0.6520153327526349
230229114.2240612 0.6512741973277361
230903844.199807 0.6505506072124448
231589819.67514855 0.649921592472779
232264549.65089434 0.6495473694873962
232939279.62664014 0.6489500594292161
233411590.60966218 0.6482114634576146
233872656.09308848 0.6476088436348819
234524895.06964275 0.6467645140865661
235177134.04619703 0.646406912973443
235851864.02194282 0.6457320341788378
236537839.49728438 0.6452512696095539
237212569.47303018 0.6446294884620518
237887299.44877598 0.6439955102459524
238562029.42452174 0.6431391375356578
239236759.40026754 0.6423742235992506
239911489.37601334 0.641957176206963
240586219.35175914 0.6412038821907123
241260949.32750493 0.640565633077569
241935679.30325073 0.6398151478498193
242621654.7785923 0.63897905228393
243296384.7543381 0.6382728150959582
243971114.73008388 0.637869542310972
244645844.70582968 0.6371880455483138
245320574.68157548 0.636503701520697
245995304.65732127 0.6360115863672481
246670034.63306707 0.6353464036644006
247344764.60881287 0.6349295101787318
248030740.08415443 0.6341956083459963
248705470.05990022 0.6337171523704757
249380200.03564602 0.6330336548265034
250054930.01139182 0.6324204924275806
250729659.98713762 0.631439725011328
251404389.9628834 0.6308857780320356
252079119.9386292 0.6304819280986086
252753849.91437498 0.6299201703795
253439825.38971654 0.6292560265433732
254114555.36546233 0.6286190856329422
254789285.34120813 0.6280442458835581
255464015.31695393 0.6274305832898978
255947571.79957175 0.6269945669551291
256431128.28218958 0.626581751984216
256824720.76804128 0.6262438508678455
257218313.25389302 0.6259056804162715
257893043.2296388 0.6251655838580932
258567773.20538458 0.6244516128824322
259242503.18113038 0.6239311789836516
259917233.15687618 0.6237014354663437
260603208.63221774 0.6230436017858209
261277938.60796353 0.6224794585200335
261952668.58370933 0.6218026558970294
262627398.55945513 0.6211722560009482
263302128.53520092 0.6205378545430266
263976858.51094672 0.6197767497853834
264651588.48669252 0.6190987928662858
268632495.3435927 0.6156610280028065
269307225.3193385 0.61509880856463
269993200.79468006 0.6145462467417535
270386793.28053176 0.6142238132007612
270780385.76638347 0.6139013411840993
271455115.74212927 0.6130150337125234
272129845.71787506 0.6124610482575615
272804575.69362086 0.6119662012685269
273479305.66936666 0.6115327243870557
274154035.64511245 0.6110852805152069
274840011.120454 0.6102553027226332
275514741.0961998 0.6095329823335967
276189471.0719456 0.6088666838103252
276864201.0476914 0.6086290141230399
277538931.0234372 0.607932434550368
278213660.999183 0.6074180029947419
278888390.9749288 0.6067491265425033
279574366.45027035 0.6061450830876853
280249096.42601615 0.605686250155214
280923826.40176195 0.6054161062541381
281598556.37750775 0.6045591563954026
282273286.35325354 0.6039457246612762
282948016.32899934 0.6034770032539709
283633991.8043409 0.6028103969182501
284308721.7800867 0.6022881161447738
284983451.7558325 0.6018324767669561
285658181.7315783 0.6011428999277018
286332911.7073241 0.6006058441566612
287007641.6830699 0.5999953366404087
287682371.6588157 0.5993109926120038
288357101.6345615 0.5988139909366125
289043077.10990304 0.5982734722757147
289717807.08564883 0.5978493836735519
290392537.06139463 0.5971973599531072
291067267.0371404 0.5965933164982892
291741997.0128862 0.5957835004207479
292416726.988632 0.5953920399382064
293102702.4639736 0.5947666804706863
293754941.44052786 0.5942317024338751
294171024.9255711 0.5939406272870377
294418425.9166779 0.593761403487866
294924473.3984872 0.5933900662446873
295610448.87382877 0.5928632837146331
296285178.84957457 0.5924266132785084
296701262.3346178 0.5917998686553605
297072363.821278 0.5915446921349252
297690866.29904497 0.5914838606993451
298365596.27479076 0.5908830492748504
299040326.25053656 0.5904105186887809
299715056.22628236 0.5894888897392435
300401031.7016239 0.5888137031321892
301075761.6773697 0.5885220123596652
301750491.6531155 0.5880501358749519
302425221.6288613 0.587438781874267
303099951.6046071 0.5868093438919912
303774681.5803529 0.5861514717350106
304460657.05569446 0.585509875160595
308509036.91016924 0.5830133622912785
309183766.88591504 0.5822758821393129
309858496.86166084 0.58182374412781
310533226.83740664 0.5813415174491949
311207956.81315243 0.5807257386448474
311882686.7888982 0.5802810650850421
312557416.764644 0.579577982974478
313198410.2416025 0.5791070684035704
313850649.21815675 0.5786145300082992
314525379.19390255 0.5781522341859707
315200109.16964835 0.5774765473833907
315874839.14539415 0.5770416468690462
316560814.6207357 0.5765274076964964
317235544.5964815 0.5760603023043527
317910274.5722273 0.5753506022265237
318585004.5479731 0.5748657976189416
319259734.5237189 0.5743797617615626
319934464.4994647 0.5739335491395109
320609194.4752105 0.5735391644390955
321295169.95055205 0.5730643252592628
321969899.92629784 0.5724229980216268
322644629.90204364 0.5719450422408436
323319359.87778944 0.5713453081603154
323994089.85353523 0.5709103691687251
324668819.82928103 0.5702661946661306
325343549.8050268 0.5698556113352774
326018279.7807726 0.5692577626059022
326704255.2561142 0.5687476404237777
327378985.23186 0.5683992352076748
328053715.2076058 0.5677379771137524
328728445.1833516 0.5673371668283602
329403175.1590974 0.5667929544180713
330077905.1348432 0.5662189611531196
330752635.11058897 0.5657619366196742
331438610.5859305 0.5651663580068168
332113340.5616763 0.5647149125731277
332788070.5374221 0.5642227974196787
333462800.5131679 0.5637879353825799
334137530.4889137 0.5631659618520015
334812260.4646595 0.5625188246542873
335486990.4404053 0.5623758842476704
336161720.4161511 0.5616548720621342
336847695.89149266 0.5611453270284505
337522425.8672384 0.5607169290527861
338197155.8429842 0.560223043977557
338871885.81873 0.5595689809993405
339546615.7944758 0.5590078773807999
340221345.7702216 0.5584999098866082
340896075.7459674 0.5578871707302956
341582051.22130895 0.5575653912906596
342256781.19705474 0.5572852434853768
342931511.17280054 0.5569097507737392
343606241.14854634 0.5564466084677662
344280971.12429214 0.5555441793194558
344955701.10003793 0.5549825755053898
345630431.0757837 0.5545813419781753
346316406.5511253 0.5540916893243205
346991136.5268711 0.5535974579609725
347665866.5026169 0.5532374713011707
348340596.4783627 0.5527079569355309
349015326.4541085 0.5521123013697581
349690056.4298543 0.5516844420652889
350364786.4056001 0.5511831310148199
351050761.8809416 0.550710446522132
351725491.8566874 0.5501323362659669
352400221.8324332 0.5497288326214468
353074951.808179 0.5491484137723064
353749681.7839248 0.5485941974570225
354424411.7596706 0.5481553338580833
355099141.7354164 0.5476802253422589
355773871.7111622 0.5471637160524032
356459847.18650377 0.5464142312149166
357134577.16224957 0.5459437783630768
357809307.13799536 0.5455689397527953
358484037.11374116 0.5449107213069078
359158767.08948696 0.5444052547879797
359833497.06523275 0.5439332628738937
360508227.04097855 0.5434594625615695
361182957.01672435 0.5430386829434333
361868932.4920659 0.5423466436045851
362543662.4678117 0.5418728817687187
363218392.4435575 0.5413986197373267
363893122.4193033 0.540938709461677
364567852.3950491 0.5402763740237881
365006426.87928385 0.5399536326703467
365433755.86392283 0.5398074602341946
366108485.83966863 0.5393149603153811
366794461.3150102 0.5387668617726247
367469191.290756 0.538027380839345
368143921.2665018 0.5377894418168563
368818651.2422476 0.5370489989697711
369493381.2179934 0.5366349142726032
370168111.1937392 0.5361521873984626
370842841.169485 0.5357842745686835
371517571.14523077 0.5352008160715082
372203546.6205723 0.5347496399738105
372878276.5963181 0.5342535232585213
373553006.5720639 0.5336309725802901
374227736.5478097 0.5334635995608088
376926656.4507929 0.5242740512712745
380277815.3303303 0.5155326779070725
380952545.3060761 0.515066457476607
381627275.2818219 0.5146359432894674
382313250.75716347 0.5145528724046253
382987980.73290926 0.5141751480529275
383662710.70865506 0.5137084274269365
384337440.68440086 0.5131615601339772
385012170.66014665 0.5130328560537295
385686900.63589245 0.5122659798132537
386361630.61163825 0.5118909488198959
387047606.0869798 0.5114876375584521
387722336.0627256 0.5113376559427479
388397066.0384714 0.5107772833784789
389071796.0142172 0.510056809864926
389746525.989963 0.509586818731366
390421255.9657088 0.5093513037312256
391095985.9414546 0.508891701267237
391781961.41679615 0.5088108235467854
392456691.39254194 0.5082200160264976
393131421.36828774 0.5080150898889947
393806151.34403354 0.5075951182780453
394480881.31977934 0.5072635273172786
395155611.29552513 0.5068422475036168
395830341.27127093 0.5062782196672023
396516316.7466125 0.5059052664080741
397191046.7223583 0.5054984537803154
397865776.6981041 0.5049960269094224
398540506.6738499 0.5045561629202201
399215236.6495957 0.5039720503209004
399889966.6253415 0.5036600054502678
400575942.10068303 0.5034228744349658
401250672.07642883 0.5029080196367294
401925402.0521746 0.5023500326191391
402600132.0279204 0.5019991264269845
403274862.0036662 0.501434098200307
403949591.979412 0.5009476006238601
404624321.9551578 0.5004541003147835
405299051.9309036 0.4999398611414456
405985027.4062452 0.4992403573508998
406659757.38199097 0.4989872200882365
407143313.86460876 0.49890988220976923
407626870.34722656 0.4985583219162585
408301600.32297236 0.49795273939919416
411000520.22595555 0.49871546017199886
411675250.20170134 0.4983209215649649
412361225.6770429 0.4979633589282995
413035955.6527887 0.4975543531361504
413710685.6285345 0.49696296846820964
414385415.6042803 0.49662883805493363
415060145.5800261 0.49611532993665525
415734875.5557719 0.49575953722177013
416409605.5315177 0.49550447613070786
417095581.00685924 0.4952279451219008
417770310.98260504 0.4948451418643963
418445040.95835084 0.4939030818630468
419119770.93409663 0.4935401325089135
419794500.90984243 0.49303770563880844
420469230.8855882 0.49266421370848495
421143960.861334 0.4921023405584274
421829936.3366756 0.49162977149590037
422504666.3124214 0.4916109949364956
423179396.2881672 0.4908947538435288
423854126.263913 0.4906713974355282
424528856.2396588 0.4899882846569204
425203586.21540457 0.48940151717571856
425878316.19115037 0.4893315667968215
426553046.16689616 0.488756996383429
427239021.6422377 0.48854048880222734
427913751.6179835 0.48829620114688915
428588481.5937293 0.48801366779492755
429263211.5694751 0.48750331475405706
429937941.5452209 0.4871082759522855
430612671.5209667 0.4867278967179174
431287401.4967125 0.48638218486094253
431973376.97205406 0.4863484409216851
432648106.94779986 0.48578695253699206
433322836.9235456 0.4853770233082831
433997566.8992914 0.4852066106407669
434672296.8750372 0.48464973944360074
435347026.850783 0.48439983421126054
436021756.8265288 0.48398436435767694
436696486.8022746 0.4836707034718826
437371216.7780204 0.48337393379433985
438057192.25336194 0.48312025785969326
438731922.22910774 0.48277924014237256
439406652.20485353 0.4822479173784948
440081382.18059933 0.4818806201736142
440756112.1563451 0.48160147275859444
441430842.1320909 0.481195083372658
442105572.1078367 0.48087345783964064
442791547.5831783 0.4804173952192126
443466277.5589241 0.4801572936995892
444141007.5346699 0.4798183921929557
444815737.5104157 0.4793295860235333
445490467.4861615 0.47915551808387163
446165197.46190727 0.47890861402310875
446839927.43765306 0.47849329807535573
447514657.41339886 0.4781924114065996
448200632.8887404 0.477886753644486
448875362.8644862 0.47737801661877716
449550092.840232 0.4768978676743917
450224822.8159778 0.4766605057995557
450899552.7917236 0.4765712401892708
451574282.7674694 0.47622899122215306
452249012.7432152 0.47587212116408956
452923742.718961 0.47552433157288515
453609718.19430256 0.4751114781255143
454284448.17004836 0.4748362937958773
454959178.14579415 0.47426826439683445
455633908.12153995 0.4739656847592134
456308638.09728575 0.4736721471127818
456983368.07303154 0.4732442108546093
457658098.04877734 0.4728698724398534
458332828.02452314 0.47256806233374954
459018803.4998647 0.4719655579403898
459693533.4756105 0.47167609880871386
460368263.4513563 0.47131014828300327
461042993.427102 0.47090929952115346
461717723.4028478 0.47066912885781653
462392453.3785936 0.4704358070212787
463067183.3543394 0.470146540271891
463741913.3300852 0.4698910174625489
464427888.8054268 0.46940621285496686
465102618.7811726 0.46906888888703724
465777348.7569184 0.4686322184509125
466305887.2379193 0.46846692316566074
466665743.2249837 0.46801732460745515
467183036.2063888 0.4678709597874388
467857766.18213457 0.4671975815786223
468543741.6574761 0.4667468671992046
469218471.6332219 0.4666118144868954
469893201.6089677 0.46617664463734737
470567931.5847135 0.46575713474546576
471242661.5604593 0.4656034209031248
471917391.5362051 0.46508902782395634
472592121.5119509 0.46483346653815655
473266851.4876967 0.4643451990407173
473952826.96303827 0.4641703615695385
474627556.93878406 0.46373761574233885
475302286.91452986 0.46317404962420433
475977016.89027566 0.4630693164385411
476651746.86602145 0.4626433040087674
477326476.84176725 0.4624070964300252
478001206.81751305 0.46198650919496526
478675936.79325885 0.4618372971099902
482735562.1473294 0.4597233181621866
483331573.62590486 0.45927187272849745
483927585.10448027 0.458997073164225
484613560.5798218 0.4585985329961387
485288290.5555676 0.45823369829006405
485963020.5313134 0.45801880672402406
486637750.5070592 0.4578719032328124
487874755.4625932 0.4574787113057365
488414539.4431898 0.4568165297736782
489078023.91933984 0.45652279974417037
489752753.89508563 0.4564182974172531
490427483.87083143 0.4560227199434984
491102213.8465772 0.4554970532338683
491776943.822323 0.4554057483658115
492462919.2976646 0.4547576492542919
493812379.2491562 0.45471386293279387
494487109.224902 0.4541209392026068
495161839.2006478 0.4535798433932682
495836569.17639357 0.45342932310558076
496511299.15213937 0.4530972704257462
497197274.6274809 0.45270234705334766
497872004.6032267 0.45246017560948454
498546734.5789725 0.45200330498108177
499221464.5547183 0.4516489743755276
499896194.5304641 0.4512645551028615
500570924.5062099 0.45104885552963464
501245654.4819557 0.45061699466332505
501931629.95729727 0.45034304158348504
502606359.93304306 0.45002403245589234
503123652.91444814 0.4497303024263845
503472263.40191686 0.44961475732853956
503989556.38332194 0.4492644282848259
504664286.35906774 0.4489297591987786
505339016.33481354 0.44867558306860644
506013746.31055933 0.44811232476370916
506688476.2863051 0.44797550212961984
507363206.2620509 0.4475299436097122
508049181.7373925 0.4472649555673584
508723911.7131383 0.44697730483313236
509398641.6888841 0.4465687607600511
510073371.6646299 0.44618253308914707
510748101.6403757 0.4460770688492124
511422831.6161215 0.445569062877775
512097561.59186727 0.44532054280185046
512783537.0672088 0.44515370845435237
513334566.5474012 0.44481422979927804
513829368.5296148 0.4444995685232206
514459116.50697756 0.4440754414446001
515133846.48272336 0.44368825185989064
515808576.45846915 0.4431065248072499
516483306.43421495 0.44226662006338463
517158036.40996075 0.441974313665962
517844011.8853023 0.44147627312306187
518518741.86104804 0.4410530694817892
519193471.83679384 0.4405884265900276
519868201.81253964 0.44013736592170305
520542931.78828543 0.440040020234822
521892391.739777 0.43952858984998516
522578367.2151186 0.43908276199408597
523253097.1908644 0.43881077121831447
523927827.1666102 0.4382789867361569
524602557.142356 0.4377745206082799
525277287.1181018 0.4376329653580787
525952017.0938476 0.4374350804296632
526626747.06959337 0.43726108944291686
527301477.04533917 0.4368208791640197
527987452.5206807 0.43657863076645326
528662182.4964265 0.4363178751454737
530011642.4479181 0.4357708924231415
530686372.4236639 0.43544649657808077
531361102.3994097 0.4349381827941941
532035832.3751555 0.43471067091773447
532710562.3509013 0.43460543753654574
533385292.3266471 0.4343063207895698
534071267.80198866 0.43387599898550655
534745997.77773446 0.4336340199231437
535420727.75348026 0.4331691461718482
536095457.72922605 0.43286287278483604
536770187.70497185 0.43247091210755706
537444917.6807176 0.4323811463017466
538119647.6564634 0.43213120259294874
538794377.6322092 0.43180596026424356
539480353.1075507 0.43142992888062276
540155083.0832965 0.43123069727303726
540829813.0590423 0.43082569304272844
541504543.0347881 0.43076624676356384
542179273.0105339 0.4303007958638275
542854002.9862797 0.43006201035611824
543528732.9620255 0.42994438752404385
544203462.9377713 0.42976712602972866
544889438.4131129 0.4293440762950746
545564168.3888587 0.4289501148364815
546238898.3646045 0.4284720051490798
547588358.3160961 0.42843349011646487
548263088.2918419 0.42799224097084687
548937818.2675877 0.42772413632754275
550298523.718675 0.4272704592537935
550973253.6944208 0.4268384444816533
551647983.6701666 0.42651628027665267
552322713.6459124 0.42601100614080095
553672173.597404 0.4256657175264363
554346903.5731498 0.4252251609578442
555021633.5488956 0.425179142997074
555707609.0242372 0.4246400479690496
556382338.999983 0.42430210837622145
557731798.9514745 0.42418721737894477
558406528.9272203 0.4236383877819169
559081258.9029661 0.4230940214657974
559767234.3783077 0.4227182978946258
560441964.3540535 0.42246158231194425
561116694.3297993 0.42217154603182755
561791424.3055451 0.4220910530759524
562466154.2812909 0.42201814000272386
563140884.2570367 0.4218709671755207
563815614.2327825 0.4212993979337054
564254188.7170173 0.42121259482301454
565367493.1769978 0.4209297921350613
566042223.1527436 0.4205712675845906
566716953.1284894 0.42031085825251796
567211755.110703 0.41993932862626304
567560365.5981716 0.41987999777647145
568100149.5787683 0.4196494847284345
568774879.554514 0.4192703367446515
570135585.0056014 0.4188669485295043
570810314.9813472 0.4185040761282863
572159774.9328388 0.41786513443732903
572834504.9085846 0.4174573598949769
573509234.8843304 0.41695058517333655
574183964.8600762 0.41679710219131755
574869940.3354177 0.4162007155704854
576219400.2869093 0.4154868600241974
576894130.2626551 0.4150688122416468
577568860.2384009 0.4148478413795369
578243590.2141467 0.4146246773538245
578918320.1898925 0.4141796575051121
