1.0 1.0030004639383125
2395292.413897574 0.9976405576754488
5487804.80273247 0.9907729957142778
5746451.293435025 0.9902012851553743
9716112.650739456 0.9814780756058026
20961612.246502712 0.9572820057534384
21445168.729120534 0.9562584181605204
23368149.15999605 0.9522014424281869
25111201.597339354 0.9485427331798997
25448566.585212253 0.9478366385614161
26663080.541554686 0.9453001665908266
29800574.928772636 0.9387870605968665
30295376.91098622 0.9377650730345505
33680272.28931096 0.9308112732584471
36390437.691889904 0.9252905262191592
41113547.52211047 0.9157680224031567
45611747.36041577 0.9068143200605161
46230249.838182755 0.9055919067712496
49356498.72580494 0.8994451784652276
51133287.66193554 0.8959754165970654
51808017.63768133 0.8946622627848193
53843453.06451448 0.8907157850304736
54518183.04026028 0.8894124740872916
55192913.016006075 0.8881116021588551
55867642.991751865 0.8868131646807927
56834755.95698751 0.8849563072825878
57397030.93677567 0.8838790286328221
58004287.914946884 0.8827174549000201
58679017.89069268 0.8814291120235145
60354597.330461405 0.8782401454917695
64268031.18978702 0.8708496180019047
64942761.16553281 0.8695834845829129
66978196.592365965 0.8657783192430311
67371789.07821769 0.8650449914481129
67765381.56406939 0.8643124645024143
69114841.51556098 0.8618070114554726
69800816.99090254 0.8605369999941753
70475546.96664834 0.859290165597601
71150276.94239414 0.8580456645255895
72690910.3870137 0.855212776790951
74040370.3385053 0.8527413501674703
76694308.24310543 0.8479078045271071
77211601.22451054 0.8469698128533967
77728894.20591564 0.8460331672471356
78403624.18166144 0.8448134753076436
79764329.6327488 0.8423607018394553
81113789.58424038 0.8399373329247908
81552364.06847514 0.8391516907674059
81990938.55270992 0.8383670045856833
82676914.02805148 0.8371415891255732
83261680.00703116 0.8360988136700034
83599044.99490406 0.8354979820389778
84824804.45084226 0.8333196909174974
86848994.37807964 0.8297387008859499
87523724.35382544 0.8285495023931383
88198454.32957123 0.8273625293650869
89367986.28753062 0.825310369055324
89817806.27136114 0.8245228490885392
90447554.24872388 0.8234219719911815
92482989.67555703 0.8198769148048278
93157719.65130283 0.8187061716476715
95980340.0498394 0.8138322692621334
97734637.98677848 0.8108222595130657
98128230.47263019 0.8101489478763537
98802960.44837599 0.8089964096257418
99477690.42412178 0.8078460282339304
100152420.39986758 0.8066977996645748
100827150.37561338 0.805551719888884
102187855.82670073 0.803246978851097
103537315.77819231 0.8009698677113203
105561505.7054297 0.7975701562816877
106236235.6811755 0.796441157967601
108935155.58415869 0.7919462532709356
109598640.06030871 0.7908464035889735
110273370.0360545 0.7897299880980884
110948100.0118003 0.7886156618658883
112308805.46288766 0.7863747765005069
112983535.43863346 0.7852667292074815
113658265.41437925 0.7841607555128999
115007725.36587085 0.7819550134042045
117043160.79270399 0.778643611771498
117717890.76844978 0.777550032571322
121901216.61807372 0.7708153720416024
123261922.06916107 0.7686416008454402
123936652.04490687 0.767566739396993
124611382.02065267 0.7664938894430156
125960841.97214426 0.7643542089682757
127310301.92363584 0.7622225293911973
129345737.350469 0.7590223151845924
130020467.32621479 0.7579654552561415
131369927.27770638 0.7558576651172756
132044657.25345218 0.754806727511255
132719387.22919798 0.7537577566286369
133394117.20494376 0.752710748788896
134068847.18068956 0.751665700318395
134754822.65603113 0.7506052392191965
136779012.58326852 0.7474877558920723
137453742.5590143 0.7464524817243143
138623274.51697367 0.7446625939114919
139106830.9995915 0.7439242405913687
139781560.9753373 0.7428956351819191
141142266.42642465 0.7408271324917981
141816996.40217045 0.7398043230067602
143166456.35366204 0.737764442708019
144515916.30515364 0.7357321901244498
145190646.28089944 0.7347189153084676
146551351.7319868 0.732681242102134
147226081.7077326 0.731673676826617
147900811.6834784 0.730667997107544
149250271.63496995 0.7286622802308156
151285707.0618031 0.72565116931478
151960437.0375489 0.7246567601089873
152635167.0132947 0.7236642118393759
153309896.9890405 0.7226735210233907
153984626.9647863 0.7216846841849939
155334086.9162779 0.7197125585693273
156008816.89202368 0.7187292628724584
156694792.36736524 0.7177314652917537
157369522.34311104 0.7167518770104232
158044252.31885684 0.715774121929403
158718982.29460263 0.714798196618043
159393712.27034843 0.7138240976521131
159955987.25013658 0.7130137411728373
160518262.22992474 0.7122046486408858
161192992.20567054 0.7112354032374512
161867722.18141633 0.71026797167867
162542452.15716213 0.7093023505701144
163903157.6082495 0.7073605079135664
164577887.58399528 0.7064003278291056
165252617.55974108 0.7054419446244646
165927347.53548688 0.7044853549369637
166602077.51123267 0.7035305554102156
167288052.98657423 0.7025616742680503
167962782.96232003 0.701610474714912
168570039.94049123 0.700755917175054
169188542.41825822 0.6998870141420748
169773308.3972379 0.6990668767909984
170358074.3762176 0.6982480697694687
171044049.85155916 0.6972892388681216
171718779.82730496 0.6963479061440006
172393509.80305076 0.6954083350287585
173742969.75454235 0.6935344644443842
175092429.70603392 0.6916676008155698
175778405.1813755 0.6907212896448681
176453135.15712127 0.6897922481726542
177127865.13286707 0.6888649453074758
177802595.10861287 0.687939377795705
178477325.08435866 0.6870155423898023
179152055.06010446 0.6860934358483054
180501515.01159605 0.6842543964229999
181187490.4869376 0.6833221893111906
181862220.4626834 0.6824069945059428
182469477.44085464 0.6815847836263166
183076734.41902584 0.6807639576923068
183751464.39477164 0.6798535503584406
184426194.37051743 0.6789448467596926
185100924.34626323 0.6780378437076938
185775654.32200903 0.6771325380200418
186450384.29775482 0.6762289265202898
187125114.27350062 0.6753270060379353
187631161.75530997 0.6746516735024277
188137209.23711932 0.6739772890511486
188823184.71246088 0.6730646347425298
189497914.68820667 0.6721686359117244
190172644.66395247 0.6712743138519714
190633710.14737874 0.6706641565395742
191083530.13120928 0.670069633292081
191747014.60735932 0.6691940655400009
193096474.5588509 0.6674182178505624
193771204.5345967 0.6665327857169989
194457180.00993827 0.6656342950151333
195131909.98568407 0.6647522013124367
196481369.93717566 0.6629929630648401
197156099.91292143 0.6621158123472992
197830829.88866723 0.6612403031284608
198505559.86441302 0.6603664323364249
199191535.33975458 0.6594796734855515
199866265.31550038 0.658609097533513
200540995.29124618 0.657740150776164
201215725.26699197 0.65687283016463
201890455.24273777 0.6560071326557427
202565185.21848357 0.6551430552120286
202958777.70433527 0.6546397569857517
203363615.68978277 0.6541226522240251
204038345.66552857 0.6532621013944936
204713075.64127436 0.652403160998642
205387805.61702016 0.6515458280227054
205803889.1020634 0.6510179393002855
206208727.08751085 0.650504902780862
206872211.5636609 0.6496653387780283
207546941.5394067 0.6488131293589469
208221671.51515248 0.6479625147634337
208896401.49089828 0.6471134920069368
209582376.96623984 0.6462519476564488
210257106.94198564 0.6454061260529435
210931836.91773143 0.6445618873188517
211606566.89347723 0.6437192284919919
212281296.86922303 0.642878146615727
212956026.84496883 0.6420386387389518
214316732.29605618 0.6403504069972608
216959424.70106053 0.6370897742400877
217634154.67680633 0.6362610987155397
218320130.1521479 0.6354202016829054
218994860.1278937 0.6345946505941682
219669590.10363948 0.6337706444406126
220344320.07938528 0.6329481803310478
221019050.05513108 0.6321272553796933
221693780.03087687 0.6313078667061689
222379755.50621843 0.6304763934892863
223054485.48196423 0.6296600942364399
223729215.45771003 0.6288453226048939
224415190.9330516 0.628018534523243
225089920.90879738 0.6272068349042849
225764650.88454318 0.6263966542988746
226158243.3703949 0.6259247493039559
226551835.8562466 0.6254533596647682
227237811.33158815 0.6246330249924248
227912541.30733395 0.6238276610113254
228587271.28307974 0.623023804187264
231960921.16180873 0.6190270288898058
232646896.6371503 0.6182189206902567
233321626.61289608 0.6174255600550203
233996356.58864188 0.6166336841137661
234671086.56438768 0.6158432900880385
235345816.54013348 0.6150543752045817
236020546.51587927 0.6142669366953294
236695276.49162507 0.6134809717973957
238033490.94352087 0.6119264902267891
238539538.42533022 0.6113401642533715
238685729.92007515 0.6111709344898322
239101813.4051184 0.6106896562985735
239787788.88045996 0.6098974104412941
240462518.85620576 0.6091196226686206
241137248.83195156 0.6083432904468818
241811978.80769733 0.6075684110521605
242486708.78344312 0.6067949817656368
244522144.21027628 0.6044705613910006
246546334.13751367 0.6021719724135324
247221064.11325946 0.6014086420145663
247895794.08900526 0.6006467401110127
248570524.06475106 0.5998862640295859
249245254.04049686 0.5991272111020032
249919984.01624265 0.5983695786649749
253979609.3703132 0.5938409916265592
254654339.346059 0.5930932518129993
255329069.3218048 0.5923469113186377
256015044.79714635 0.591589563613156
256689774.77289212 0.5908460371186981
258039234.7243837 0.5893631558290376
258713964.7001295 0.5886237958308487
259388694.6758753 0.5878858194698756
260074670.15121686 0.5871369592540474
260749400.12696266 0.5864017653568587
261424130.10270846 0.5856679473004465
262098860.07845426 0.584935502510063
262773590.05420005 0.5842044284157787
263448320.02994585 0.5834747224524737
264123050.00569165 0.5827463820598283
264809025.4810332 0.5820072999259225
265258845.46486375 0.5815234194183138
265708665.44869426 0.5810401427879945
266394640.92403582 0.5803043068746316
267069370.8997816 0.5795818995929897
267744100.8755274 0.5788608442232581
268418830.8512732 0.5781411382354694
269093560.827019 0.5774227791043909
269768290.8027648 0.5767057643095156
270645439.77123433 0.5757756507221653
271331415.2465759 0.5750498308144658
272006145.2223217 0.5743372567514603
272680875.1980675 0.5736260161984845
273355605.1738133 0.5729161066600081
274030335.1495591 0.5722075256451715
274705065.1253049 0.5715002706677759
275379795.1010507 0.5707943392462758
275773387.5869024 0.5703831561573612
276178225.57234985 0.5699606934461057
276852955.54809564 0.5692576431870854
277527685.52384144 0.5685559086152524
278168679.00079995 0.5678904771846349
278820917.9773542 0.5672145858998525
279495647.9531 0.5665166747023171
280170377.9288458 0.565820069574732
280845107.9045916 0.5651247680729183
281519837.8803374 0.5644307677572713
282194567.8560832 0.563738066192752
282869297.831829 0.563046660948878
284758541.7639172 0.5611176020597
285332062.24330115 0.5605339939855194
285894337.22308934 0.5599627305560063
286569067.19883513 0.5592783904694281
287075114.68064445 0.558765975977281
287592407.6620496 0.5582429180123458
288267137.6377954 0.5575617963802991
288941867.6135411 0.5568819493982178
289616597.5892869 0.5562033746807223
290291327.5650327 0.5555260698468975
290966057.5407785 0.5548500325202834
291652033.0161201 0.5541640248306943
292326762.9918659 0.5534905364329976
293001492.9676117 0.5528183084004352
293676222.94335747 0.5521473383743601
294350952.91910326 0.5514776240005399
295025682.89484906 0.5508091629291472
295700412.87059486 0.5501419528147528
296375142.84634066 0.549475991316316
298410578.2731738 0.5474745485171648
299085308.2489196 0.5468135787949178
299760038.2246654 0.5461538460103618
300434768.2004112 0.5454953478486919
301120743.67575276 0.5448271379958994
301795473.65149856 0.5441711226334988
302425221.6288613 0.5435599493023178
303054969.60622406 0.5429498435366489
303729699.58196986 0.5422973413401053
304404429.55771565 0.5416460602351292
305079159.53346145 0.54099599793657
305753889.50920725 0.5403471521635543
306428619.48495305 0.5396995206394767
307114594.9602946 0.5390423376880793
307654378.9408912 0.5385260892660494
308194162.92148787 0.5380106138739376
308666473.9045099 0.5375602061219256
309127539.3879362 0.5371210916493886
309802269.363682 0.5364794973697582
310476999.33942777 0.5358391037686245
311837704.7905151 0.5345512864235322
312489943.7670694 0.5339357082332565
313153428.24321944 0.5333106592072882
313828158.21896523 0.5326761957647445
314502888.194711 0.5320429196560524
315177618.1704568 0.5314108286592362
315863593.6457984 0.53076941543056
316538323.6215442 0.5301397076674675
317213053.59729 0.5295111783384505
318562513.5487816 0.528257646165486
319237243.5245274 0.52763263892327
319911973.50027317 0.5270088013185767
320586703.47601897 0.5263861311625475
321272678.9513605 0.5257542777154999
321947408.9271063 0.5251339552728667
322622138.9028521 0.5245147937006247
323296868.8785979 0.5238967908263216
323971598.8543437 0.5232799444815707
325995788.7815811 0.5214363230015863
326670518.7573269 0.5208240811722207
327356494.23266846 0.5202028098513243
328031224.20841426 0.5195928764164035
328705954.18416005 0.5189840844098899
329380684.15990585 0.5183764316957148
330055414.13565165 0.5177699161418071
330730144.11139745 0.5171645356200858
332079604.06288904 0.515957171180782
332765579.5382306 0.5153451594413456
333440309.5139764 0.5147443166052164
334115039.4897222 0.5141445981853523
334789769.46546793 0.5135460020775209
335374535.44444764 0.5130281249863011
335948055.9238316 0.5125210230404474
336622785.8995774 0.511925465288379
337308761.37491894 0.5113211241055925
337983491.35066473 0.5107278118423422
338658221.32641053 0.5101356099026464
339332951.3021563 0.5095445162086459
340682411.2536479 0.5083656452657307
341357141.2293937 0.5077778638805114
342031871.2051395 0.507191182468364
342436709.190587 0.5068397007516583
342706601.1808853 0.5066055989707994
343257630.6610777 0.5061281854558035
344618336.11216503 0.5049523900527642
345293066.08791083 0.5043709962274521
345967796.0636566 0.5037906904215353
346642526.0394024 0.503211470598895
347317256.0151482 0.5026333347272223
347991985.990894 0.5020562807780122
348666715.9666398 0.5014803067265553
349352691.4419814 0.5008958380695399
350027421.4177272 0.5003220356685378
350702151.39347297 0.4997493070803432
351376881.36921877 0.4991776502954234
352051611.34496456 0.4986070633080061
352726341.32071036 0.4980375441160729
353401071.29645616 0.4974690907213518
354075801.27220196 0.4969017011293104
355436506.7232893 0.4957606932289741
356111236.6990351 0.4951965007289767
356785966.6747809 0.49463336405782266
357460696.6505267 0.4940712812396344
358135426.6262725 0.4935102503022319
358810156.6020183 0.49295026927712604
359484886.5777641 0.49239133619951136
360159616.5535099 0.49183344910825966
360845592.02885145 0.4912673341623189
361520322.00459725 0.49071155052646703
361970141.98842776 0.49034160605195687
362419961.97225827 0.48997212326380507
363105937.4475998 0.48940954959914584
363780667.4233456 0.488857242617987
364455397.3990914 0.4883059692231173
365130127.3748372 0.48775572748028384
365804857.350583 0.4872065154588534
366479587.3263288 0.4866583312318058
367154317.3020746 0.48611117287572714
367840292.77741617 0.48555594489494436
368515022.75316197 0.4850108495426545
369189752.72890776 0.48446677428081486
371213942.65614516 0.48284064996588516
371877427.1322952 0.48230962795773447
372540911.6084452 0.4817795831558852
373215641.584191 0.4812415548800527
373890371.5599368 0.48070453346934683
374565101.5356826 0.4801685170395209
375239831.5114284 0.4796335037098539
375914561.4871742 0.4790994916031448
376589291.46292 0.4785664788457056
377264021.4386658 0.47803446356735424
377949996.91400737 0.4774946019980767
378624726.88975316 0.4769645926280705
379299456.86549896 0.47643557511661444
379974186.84124476 0.47590754760754506
380648916.81699055 0.47538050824817213
381323646.79273635 0.47485445518927305
382009622.2680779 0.47432064377170413
382684352.24382365 0.47379657414120446
383359082.21956944 0.4732734852536292
384033812.19531524 0.4727513752736167
384708542.17106104 0.47223024236923977
385383272.14680684 0.4717100847119994
386058002.12255263 0.47119090047681855
386732732.09829843 0.4706726878420359
387418707.57364 0.47014683248105715
388093437.5493858 0.4696305737131475
392456691.39254194 0.4663153453954483
393131421.36828774 0.4658062568651772
393806151.34403354 0.4652981210422067
394480881.31977934 0.46479093614364086
395155611.29552513 0.4642847003899204
395830341.27127093 0.4637794120048159
396516316.7466125 0.46326667150347983
397191046.7223583 0.4627632882556716
397865776.6981041 0.46226084703830117
398540506.6738499 0.46175934608845315
399215236.6495957 0.4612587836465115
399889966.6253415 0.46075915795615296
400575942.10068303 0.4602521636643564
401250672.07642883 0.45975442176067594
401925402.0521746 0.45925761133022464
402600132.0279204 0.4587617306298438
403274862.0036662 0.4582667779196372
403949591.979412 0.45777275146296437
404624321.9551578 0.45727964952643485
405299051.9309036 0.4567874703799021
405748871.9147341 0.4564598627570621
406198691.89856464 0.4561326639846496
406873421.87431043 0.4556426313046046
407559397.349652 0.45514537150316103
408234127.3253978 0.4546571864403187
408863875.30276054 0.4542023713425303
409493623.2801233 0.4537483506917314
410168353.2558691 0.4532627800108708
410843083.2316149 0.45277811802601864
411529058.70695645 0.45228630812808146
412203788.68270224 0.4518034735107687
412878518.65844804 0.4513215424691965
413553248.63419384 0.4508405133124135
414227978.60993963 0.45036038435263315
414902708.58568543 0.44988115390522704
415588684.061027 0.44939485565036563
416263414.0367728 0.44891743209143614
416938144.0125186 0.4484409019819951
417331736.4983703 0.448163338019731
417736574.48381776 0.44787815989047186
418411304.45956355 0.4474035746729337
419086034.43530935 0.44692987759321323
419760764.41105515 0.4464570669892498
420435494.38680094 0.445985141202093
421110224.36254674 0.4455140985758972
421796199.8378883 0.4450361088982164
422470929.8136341 0.4445668422891451
423145659.7893799 0.4440984538646502
423820389.7651257 0.4436309419812975
424495119.7408715 0.4431643049987282
425169849.7166173 0.44269854127965347
425844579.6923631 0.44223364918984853
426530555.16770464 0.44176190075815874
427205285.14345044 0.4412987614955027
427880015.11919624 0.4408364889507097
428554745.09494203 0.4403750815018046
429229475.07068783 0.4399145375298473
429904205.04643357 0.4394548554189274
430578935.02217937 0.43899603355615857
431253664.99792516 0.43853807033167286
431928394.97367096 0.43808096413861497
432614370.4490125 0.4376171164319632
433289100.4247583 0.43716173371011774
433963830.4005041 0.4367072031905487
434638560.3762499 0.436253523278445
435313290.3519957 0.43580069238198055
435988020.3277415 0.43534870891230765
436673995.80308306 0.4348900594802061
437348725.77882886 0.434439780167035
438023455.75457466 0.4339903435056237
438698185.73032045 0.43354174791903416
439372915.70606625 0.43309399183327946
440733621.1571536 0.4321935642634013
441408351.1328994 0.43174833116568834
442083081.1086452 0.43130393127625
442757811.084391 0.43086036303582076
443432541.0601368 0.43041762488805313
444107271.0358826 0.42997571527951206
444782001.0116284 0.42953463265966957
445456730.9873742 0.42909437548089935
446603771.946142 0.42834782829332496
447064837.42956835 0.42804841479541234
447739567.40531415 0.42761093892156776
448414297.38105994 0.42717428173913286
449403901.34548706 0.4265353289248861
450089876.8208286 0.4260934474606822
450764606.7965744 0.4256596301084934
451439336.7723202 0.42522662460115856
452114066.748066 0.4247944294193916
452788796.7238118 0.42436304304674966
453463526.6995576 0.4239324639696276
454149502.17489916 0.4234955346072423
454824232.15064496 0.42306657898352396
455498962.12639076 0.42263842610642316
456173692.10213655 0.42221107447368034
456848422.07788235 0.42178452258584725
457534397.5532239 0.42135167980671373
458209127.5289697 0.4209267361881742
458883857.5047155 0.4205025878081876
459558587.4804613 0.42007923317854506
460233317.4562071 0.4196566708138225
460908047.4319529 0.4192348992313757
461582777.4076987 0.41881391695133496
462268752.88304025 0.4183867259219186
462943482.85878605 0.4179673309115285
463618212.83453184 0.4175487207560287
464292942.81027764 0.41713089398664227
464967672.78602344 0.41671384913734066
465642402.76176924 0.41629758474483913
466317132.73751503 0.4158820993485911
466991862.7132608 0.4154673914907835
467677838.1886024 0.41504656742029894
468352568.1643482 0.41463342317506713
469027298.140094 0.41422105208704674
469420890.6259457 0.4139808587585076
469814483.1117974 0.41374092773901794
470489213.0875432 0.4133302268649448
471163943.063289 0.41292029457555945
471849918.53863055 0.41250431650473696
472524648.51437634 0.4120959298221296
473199378.49012214 0.4116883073934332
473874108.46586794 0.41128144778842346
474548838.44161373 0.4108753495795524
475223568.41735953 0.41047001134194366
475909543.8927011 0.410058695077086
476584273.8684469 0.40965488512484743
477259003.8441927 0.40925183086162886
477933733.8199385 0.4088495308732342
478608463.7956843 0.408447983748114
479283193.7714301 0.40804718807736007
483230364.12954295 0.40571751616979485
488673185.93389237 0.4025466758746366
489347915.90963817 0.402156923897703
490022645.88538396 0.40176790130170104
490697375.86112976 0.4013796067216677
491383351.3364713 0.40098558547837526
492058081.3122171 0.4005987549223243
492732811.2879629 0.4002126482800594
493407541.2637087 0.39982726419684866
494082271.2394545 0.39944260132049536
494757001.2152003 0.39905865830133347
495431731.1909461 0.39867543379222237
498141896.59352505 0.3971433606377831
498816626.56927085 0.3967637204121338
499491356.54501665 0.39638479064428966
500166086.52076244 0.3960065700047003
500840816.49650824 0.39562905716630337
501526791.9718498 0.39524597667638417
502201521.9475956 0.39486988721050287
502876251.9233414 0.3944945015575366
503550981.8990872 0.39411981840037025
504225711.874833 0.39374583642435346
504900441.8505788 0.39337255431729623
505575171.8263246 0.39299997076946397
506249901.8020704 0.39262808447357345
506935877.27741194 0.3922507135077723
507610607.25315773 0.3918802293700877
508285337.22890353 0.3915104385555096
508960067.2046493 0.3911413397665535
509634797.1803951 0.39077293170816296
510309527.15614086 0.39040521308770526
510984257.13188666 0.39003818261496637
511658987.10763246 0.3896718390021471
512344962.582974 0.38930009246424957
513019692.5587198 0.38893513011151004
513694422.5344656 0.38857085074841136
514369152.5102114 0.38820725309680704
515043882.4859572 0.38784433588094236
515718612.461703 0.3874820978274504
516393342.4374488 0.387120537665347
518968561.8448786 0.38574679151330693
519519591.325071 0.38545411922848605
520194321.3008168 0.38509635422044164
520869051.2765626 0.3847392587329307
521543781.25230837 0.38438283151301267
522218511.22805417 0.38402707131009206
522904486.7033957 0.38366606426878547
523579216.6791415 0.3833116454222675
524253946.6548873 0.3829578898342779
524928676.6306331 0.3826047962635949
525603406.6063789 0.38225236347131963
526278136.5821247 0.38190059022087164
526952866.5578705 0.3815494752779848
527638842.03321207 0.38119318200613206
528313572.00895786 0.3808433909051646
528988301.98470366 0.3804942544023647
529663031.96044946 0.3801457712727175
530337761.93619525 0.3797979402935009
531012491.91194105 0.3794507602442809
531687221.88768685 0.3791042299069074
532361951.86343265 0.3787583480655099
533047927.3387742 0.3784073650741948
533722657.31452 0.37806278734383664
534397387.2902658 0.3777188544553467
535072117.2660116 0.37737556520196824
535746847.2417574 0.37703291837920283
536421577.2175032 0.376690912784806
537096307.193249 0.37634954721878344
537771037.1689948 0.3760088204833863
538457012.6443363 0.37566306862682325
539131742.6200821 0.37532362656565943
539806472.5958279 0.37498481973547493
540481202.5715737 0.3746466469474987
540998495.5529789 0.3743878097897194
541527034.0339797 0.3741237293779517
542201764.0097255 0.37378716803219325
542876493.9854712 0.3734512365264447
543551223.961217 0.3731159336820238
544225953.9369628 0.372781258322454
544900683.9127086 0.3724472092734605
545586659.3880502 0.37210823358743744
546261389.363796 0.37177544403513574
546936119.3395418 0.3714432772643115
547610849.3152876 0.37111173210949167
548285579.2910334 0.37078080740738445
548960309.2667792 0.3704505019968749
