1.0 1.004032370614049
674730.9757457955 1.0024726426568327
1743053.437343305 1.0000095785301535
2136645.923195019 0.9991041392156701
3261195.882771345 0.996523102844558
3711015.866601875 0.995493144118847
4824320.326582437 0.9929500132290503
5094212.316880756 0.9923347848067263
5487804.80273247 0.9914384760327304
6837264.754224061 0.9883735001056446
14945269.96276937 0.9702187714615969
15428826.44538719 0.9691500039324573
15912382.92800501 0.9680827932573399
16598358.403346568 0.9665715092063111
17947818.35483816 0.9636075937337758
18476356.835839033 0.9624500069265873
18993649.817244142 0.9613188327025273
19668379.79298994 0.9598460339202335
20354355.268331498 0.9583517527809543
21029085.24407729 0.9568849753857496
21703815.21982309 0.9554211738160843
22378545.195568882 0.9539603414713451
22918329.17616552 0.9527938090114447
23458113.156762157 0.9516291692754297
23952915.13897574 0.9505632426872949
24447717.121189322 0.9494989011078561
24976255.602190197 0.9483637386676641
25257393.092084277 0.9477606634140534
25650985.577935994 0.9469172139096445
26179524.058936864 0.9457861503365705
27528984.010428455 0.9429064646510945
30913879.388753198 0.9357344057397811
31521136.366924413 0.9344554171150332
32297075.839032076 0.9328245419893928
32971805.814777873 0.9314094726493939
33646535.79052367 0.9299972644901124
34321265.76626946 0.928587911170887
34995995.74201526 0.9271814063654314
35670725.717761055 0.9257777437618033
36345455.69350685 0.9243769170623697
37031431.16884841 0.922955643969918
37425023.65470012 0.9221414773460799
38504591.615893394 0.9199132558030554
39179321.59163919 0.9185242714527162
39854051.56738499 0.9171380904883011
40528781.543130785 0.9157547067001752
41203511.518876575 0.9143741138927799
41878241.49462237 0.9129963058846022
42552971.47036817 0.9116212765081416
43238946.94570973 0.9102261721156397
44588406.89720132 0.9074900432147781
45263136.87294711 0.9061261128193061
45937866.84869291 0.9047649303256113
46612596.824438706 0.9034064896498324
47287326.8001845 0.9020507847218979
47962056.77593029 0.9006978094854956
49322762.22701765 0.8979775880211921
49975001.20357192 0.8966775930865635
50368593.689423636 0.895894336934097
50537276.183360085 0.8955589372751445
50953359.66840332 0.8947323396110223
51628089.64414912 0.8933940904440616
52314065.119490676 0.8920362957966825
52988795.09523647 0.8907034674882901
54338255.04672807 0.8880458421257469
55012985.02247386 0.8867210332293716
55687714.998219654 0.8853988856504718
56362444.97396545 0.8840793935014299
57037174.94971125 0.8827625509079722
57723150.42505281 0.881426471058802
58397880.4007986 0.8801149539215583
59072610.37654439 0.8788060686997019
60399579.32884446 0.8762395832049387
61051818.305398725 0.874981800115358
61726548.28114452 0.8736832107425352
62401278.25689032 0.8723872246959381
63076008.23263612 0.8710938362193672
64436713.68372347 0.8684933807182162
65111443.65946926 0.8672077935027742
65786173.63521506 0.865924780867737
69159823.51394404 0.8595481376621146
69845798.9892856 0.8582593468699953
70520528.96503139 0.8569942398708081
71195258.94077718 0.855731662189691
72544718.89226878 0.8532140724402859
73219448.86801457 0.8519590492329325
73894178.84376037 0.8507065330654602
74816309.81061296 0.8489988053617217
75491039.78635876 0.847752200481807
76165769.76210454 0.8465080840469781
76840499.73785034 0.8452664505613232
77515229.71359614 0.8440272945413805
78201205.1889377 0.8427700200278719
78875935.16468349 0.8415358436013862
79550665.14042929 0.84030412817398
80079203.62143016 0.8393409998403671
80596496.60283527 0.8383998201077554
81271226.57858106 0.8371743556623228
81957202.05392262 0.8359309699269665
83306662.00541422 0.8334923093441927
83981391.98116001 0.8322766200481815
84656121.95690581 0.8310633509404741
85330851.93265161 0.8298524966797751
86005581.90839739 0.8286440519368867
86680311.88414319 0.8274380113946813
87366287.35948475 0.8262143293477799
88041017.33523054 0.8250131211523042
88715747.31097634 0.8238143011903616
89390477.28672214 0.822617864193032
90065207.26246794 0.8214238049033276
90739937.23821373 0.8202321180761671
91414667.21395953 0.8190427984783479
91886978.19698158 0.8182116804648238
93112737.65291978 0.8160601180528164
93528821.13796301 0.8153315350788379
94203551.11370881 0.8141519447670944
94878281.0894546 0.8129746950069064
95553011.0652004 0.8117997806373387
96913716.51628776 0.8094374528372414
97588446.49203356 0.8082695524135919
97982038.97788526 0.8075893464715008
98375631.46373698 0.8069099271835078
99050361.43948278 0.8057470356646563
99725091.41522858 0.8045864478831717
100399821.39097437 0.8034281587614811
101085796.86631593 0.802252916044409
101760526.84206173 0.8010992471551113
102435256.81780753 0.7999478616778122
103109986.79355331 0.7987987545809605
103784716.7692991 0.7976519208443978
104751829.73453476 0.7960120803157245
105269122.71593986 0.7951368641856119
105943852.69168566 0.7939972715987361
106618582.66743144 0.7928599314113016
107417013.13873065 0.7915169817182407
108091743.11447644 0.7903845420436497
108766473.09022224 0.7892543390139123
109441203.06596802 0.7881263677033601
110127178.54130958 0.786981879627086
110801908.51705538 0.7858583940126849
111476638.49280117 0.7847371253258226
112151368.46854697 0.783618068685467
113512073.91963433 0.7813680132538279
114186803.89538012 0.7802556001606477
114861533.87112592 0.7791453796195622
115536263.84687172 0.7780373468047169
116312203.31897938 0.7767658073946582
116773268.80240567 0.7760116193503952
117447998.77815147 0.7749097589816311
118122728.75389726 0.7738100679409745
119483434.20498462 0.7715989369212437
119877026.69083633 0.7709609894687035
120270619.17668805 0.7703237743600173
121383923.63666861 0.7685253231383589
121822498.12090337 0.7678184444025958
122508473.59624493 0.7667146249180097
123183203.57199073 0.7656310524334313
123857933.54773653 0.7645496090466952
124532663.52348232 0.7634702900755658
125882123.47497392 0.7613180067041431
126556853.45071971 0.7602450329922641
127242828.92606127 0.7591563350884749
127917558.90180705 0.7580876033120958
128592288.87755285 0.7570209680026962
129267018.85329865 0.755956424551885
129941748.82904445 0.7548939683616982
130616478.80479024 0.7538335948445767
131291208.78053604 0.7527752994233416
132606932.23324034 0.7507175831896836
133281662.20898613 0.749665391582983
133956392.18473193 0.7486152600933405
134642367.6600735 0.7475497336526589
135317097.6358193 0.7465037429753313
135991827.61156508 0.7454597987923287
136385420.0974168 0.7448517746466359
136554102.59135324 0.7445914053573125
137667407.0513338 0.7428761597447986
138353382.52667537 0.7418220454851683
139028112.50242117 0.7407872550436816
139702842.47816697 0.739754486497791
141727032.40540433 0.7366682678872218
143076492.35689592 0.7346208171649863
143762467.83223748 0.7335830918234019
144437197.80798328 0.7325643859436114
145786657.75947487 0.7305329295806244
146461387.73522067 0.7295201703877099
147136117.71096647 0.7285093847304498
149846283.11354542 0.7244691919701709
150521013.08929121 0.7234682417293952
151195743.065037 0.7224692391178391
151668054.04805908 0.7217710938412647
152140365.0310811 0.7210738993473178
152826340.50642267 0.720062997597132
153501070.48216847 0.7190706172136891
154175800.45791426 0.7180801656656541
154850530.43366006 0.7170916387238545
155716433.90253383 0.7158258421988728
157077139.35362118 0.7138431020752083
157751869.32936698 0.7128628029772361
158426599.30511278 0.7118844062300391
159101329.28085858 0.710907907664337
159753568.25741285 0.7099657594674811
160417052.7335629 0.709009179360582
161091782.70930868 0.708038256229553
161766512.68505448 0.7070692149033246
162441242.66080028 0.706102051259075
163115972.63654605 0.7051367611833042
163801948.1118876 0.7041572993768042
164476678.0876334 0.7031957751895226
165151408.0633792 0.7022361122179244
165826138.039125 0.7012783063857397
166500868.0148708 0.700322353625915
166894460.50072253 0.6997655686610753
167299298.48617 0.6991935311075612
168165201.95504376 0.6979722339219507
169514661.90653536 0.6960749486718276
170189391.88228115 0.6951290545569508
171550097.3333685 0.6932270546610229
174249017.2363517 0.6894763491664044
174934992.71169326 0.6885276529678714
175609722.68743905 0.6875963232388849
176284452.66318482 0.68666678863275
176959182.63893062 0.6857390452226063
177633912.61467642 0.6848130890904685
178308642.5904222 0.6838889163272069
178983372.566168 0.6829665230325273
179658102.5419138 0.6820459053149501
180344078.01725537 0.6811117601795196
181018807.99300116 0.6801947114077751
181693537.96874696 0.679279426527041
182368267.94449276 0.678365901681044
183042997.92023855 0.6774541330222257
183717727.89598435 0.6765441167117227
184403703.3713259 0.6756207259148648
185753163.3228175 0.6738094786354225
186427893.2985633 0.6729064624218979
187102623.2743091 0.6720051794289178
187777353.2500549 0.6711056258695174
188463328.72539645 0.6701928487655375
189138058.70114225 0.6692967714128099
189812788.67688805 0.668402412121416
190487518.65263382 0.667509767138645
191162248.6283796 0.6666188327202636
191836978.6041254 0.6657296051305
192511708.5798712 0.6648420806420214
193186438.555617 0.6639562555359173
193872414.03095856 0.6630574049561211
194547144.00670436 0.6621749956598005
195221873.98245016 0.661294274577966
195896603.95819595 0.660415238025339
196571333.93394175 0.6595378823249667
197246063.90968755 0.6586622038082031
197932039.3850291 0.6577736462224476
199101571.3429885 0.6562627060112128
199596373.32520208 0.6556249677151182
200271103.30094787 0.654756763696963
200945833.27669367 0.6538902168928192
201620563.25243947 0.6530253236874377
202284047.72858948 0.6521764543593735
202958777.70433527 0.6513148301279829
203644753.17967683 0.6504405296337541
204263255.65744382 0.6496536785454996
204881758.1352108 0.6488682021030396
205556488.1109566 0.6480128832603127
206231218.0867024 0.6471591935297343
206917193.56204396 0.6462929420419383
207591923.53778973 0.6454425268919781
208266653.51353553 0.6445937301640182
208941383.48928133 0.6437465483304237
209616113.46502712 0.642900977871526
210290843.44077292 0.6420570152756051
210965573.41651872 0.6412146570388707
211640303.39226452 0.6403738996654456
213001008.84335187 0.6386832276134646
213675738.81909767 0.6378472784112288
214361714.29443923 0.6369990234964045
215036444.27018502 0.6361662710009871
215711174.24593082 0.6353350984439374
216385904.22167662 0.6345055023845201
216779496.70752832 0.63402229801973
217184334.69297582 0.6335258455373605
217859064.6687216 0.6326996795783615
218533794.64446738 0.6318750792156295
219208524.62021318 0.6310520410408099
219883254.59595898 0.6302305616532436
220557984.57170478 0.6294106376599489
221232714.54745057 0.6285922656756037
221918690.02279213 0.6277618417011215
222593419.99853793 0.6269465893351065
223268149.97428373 0.6261328788118838
223942879.95002952 0.6253207067767232
224617609.92577532 0.6245100698824672
225292339.90152112 0.6237009647895142
225978315.37686267 0.6228799414859918
226653045.35260847 0.6220739153979301
228002505.30410007 0.6204664252296955
228677235.27984586 0.6196649545381389
229351965.25559166 0.6188649957131328
230026695.23133746 0.6180665454676084
230712670.70667902 0.6172563308407424
231387400.6824248 0.6164609129287453
232062130.6581706 0.6156669937251166
232736860.63391638 0.6148745699724842
233411590.60966218 0.6140836384208267
234086320.58540797 0.6132941958274574
234761050.56115377 0.6125062389570068
235435780.53689957 0.6117197645814072
236121756.01224113 0.6109216987426092
236796485.98798692 0.6101382042754524
237471215.96373272 0.6093561826092055
238145945.93947852 0.6085756305449594
238820675.9152243 0.6077965448910221
239495405.8909701 0.6070189224629041
239888998.37682182 0.6065659838418446
240293836.3622693 0.6061006217713689
240968566.3380151 0.6053261830212062
242318026.28950667 0.6037816617752081
242992756.26525247 0.6030115729774084
243678731.74059403 0.6022301293353229
244353461.71633983 0.6014629487751302
245028191.69208562 0.6006972055974885
245702921.66783142 0.5999328966833981
246377651.64357722 0.5991700189208948
247052381.61932302 0.5984085692050353
247738357.09466457 0.5976358894132956
248413087.07041037 0.5968773101753738
249087817.04615617 0.5961201496598845
249762547.02190197 0.5953644047899199
250437276.99764776 0.5946100724955137
251112006.97339356 0.5938571497136231
251797982.44873512 0.5930931200144578
252472712.42448092 0.5923430304604145
253147442.4002267 0.5915943412205009
253822172.3759725 0.5908470492593292
254496902.3517183 0.5901011515483574
255171632.3274641 0.5893566450658739
255846362.3032099 0.5886135267969813
259905987.65728042 0.5841715657498128
261930177.5845178 0.5819752700859707
262604907.5602636 0.5812458922374731
263290883.03560516 0.580505747595304
263965613.01135096 0.5797791002218672
264640342.98709676 0.5790538023839996
265112653.97011882 0.5785468953067572
265596210.45273665 0.5780286015630784
266270940.4284824 0.5773065530568757
266945670.4042282 0.5765858441337061
267620400.379974 0.575866471895121
268306375.85531557 0.5751364774255197
268981105.83106136 0.574419792044258
269655835.80680716 0.573704434643453
270330565.78255296 0.5729904023508112
271680025.73404455 0.5715663016332
272366001.2093861 0.5708444040647176
273040731.1851319 0.5701356654817074
273715461.1608777 0.5694282376949348
274390191.1366235 0.5687221178708393
275064921.1123693 0.5680173031822465
275739651.0881151 0.5673137908083541
276414381.0638609 0.5666115779347167
277089111.0396067 0.5659106617532322
277775086.51494825 0.5651993900368052
278449816.49069405 0.5645010803352187
278877145.47533303 0.5640594840166165
279293228.96037626 0.5636300044966684
279979204.4357178 0.5629230100846625
280653934.4114636 0.5622288984042383
281328664.3872094 0.5615360659159492
282003394.3629552 0.5608445098574559
282678124.338701 0.560154227472644
283352854.3144468 0.5594652160116084
284038829.78978837 0.5587660210713282
284713559.76553416 0.558079564300452
286737749.69277155 0.556027759087816
287412479.66851735 0.5553463366537085
288087209.64426315 0.5546661660216804
288761939.62000895 0.5539872444911027
289447915.0953505 0.553298285326552
290122645.0710963 0.5526218746272072
290797375.0468421 0.5519467049192174
291472105.0225879 0.5512727735263063
292146834.9983337 0.5506000777782262
292821564.9740795 0.5499286150107436
293496294.9498253 0.5492583825656264
294171024.9255711 0.5485893777906294
294857000.40091264 0.5479104787405908
295531730.37665844 0.5472439417237036
296206460.35240424 0.5465786244121333
296881190.32815003 0.5459145241775468
297555920.30389583 0.5452516383975301
298230650.2796416 0.5445899644555752
298916625.7549832 0.5439185022258254
299591355.730729 0.5432592642223696
300266085.7064748 0.5426012301994867
300940815.6822206 0.541944397564255
302290275.6337122 0.5406343261142383
302965005.6094579 0.5399810821427501
303639735.5852037 0.5393290292454801
304325711.06054527 0.5386673271735323
304865495.0411419 0.5381475054710172
305405279.0217386 0.5376284414435509
306080008.9974844 0.5369806749023761
306754738.9732302 0.536334087647024
307429468.948976 0.5356886771401739
308115444.42431754 0.5350337135125509
308790174.40006334 0.534390668420394
309464904.3758091 0.5337487924570423
310139634.3515549 0.5331080831080403
310814364.32730067 0.5324685378645926
311489094.30304646 0.531830154223551
312175069.778388 0.53118231908446
312849799.7541338 0.5305462704171138
313524529.7298796 0.5299113758350932
313918122.2157313 0.5295415526385836
314311714.7015831 0.5291721208159595
314986444.6773289 0.5285397182497753
315672420.15267044 0.527897950691465
316347150.12841624 0.527267857203084
317696610.07990783 0.5260110916384162
318371340.05565363 0.5253844146640608
319046070.03139937 0.5247588716388287
319720800.00714517 0.5241344601274418
320395529.98289096 0.523511177700102
321081505.4582325 0.5228786622012129
321756235.4339783 0.5222576493913154
322430965.4097241 0.5216377583686477
323105695.3854699 0.5210189867252977
323780425.3612157 0.5204013320587704
324455155.3369615 0.5197847919719765
325129885.3127073 0.5191693640732197
325804615.2884531 0.5185550459761845
326490590.76379466 0.5179316244907644
327165320.73954046 0.5173195372570114
327840050.71528625 0.516708552658737
328514780.69103205 0.5160986683311153
329189510.66677785 0.5154898819146403
329864240.64252365 0.5148821910551132
330538970.61826944 0.5142755934036312
331213700.59401524 0.5136700866165742
331888430.56976104 0.5130656683555942
333249136.0208484 0.5118500597842206
333923865.9965942 0.511248911129977
334598595.97234 0.5106488416623127
335273325.9480858 0.5100498490691441
335948055.9238316 0.5094519310435867
336622785.8995774 0.5088550852839442
337297515.8753232 0.5082593094936965
337983491.35066473 0.5076546986121948
338658221.32641053 0.507061073629011
341357141.2293937 0.5046971816913447
342031871.2051395 0.5041088493647805
342706601.1808853 0.5035215687828282
343381331.1566311 0.5029353376951095
344056061.1323769 0.5023501538563053
344742036.60771847 0.5017562882197832
345416766.58346426 0.5011732095236785
346091496.55921006 0.500591171333644
346766226.53495586 0.5000101714245664
347440956.5107016 0.4994302075763344
348126931.98604316 0.498841637486828
348801661.96178895 0.4982637562951325
350151121.91328055 0.497111079892698
350825851.88902634 0.4965362802866333
351500581.86477214 0.4959625034886838
352175311.84051794 0.4953897473135154
352850041.81626374 0.49481800958070543
353536017.2916053 0.49423778468796786
354210747.2673511 0.4936680942014372
354885477.2430969 0.4930994156092986
355560207.2188427 0.4925317467507443
356234937.1945885 0.4919650854698219
356909667.1703343 0.49139942961542366
357584397.1460801 0.49083477704127526
358180408.62465554 0.4903368334227509
358765174.60363525 0.4898490427412449
359439904.57938105 0.4892871381603885
360125880.0547226 0.4887168887857633
360800610.0304684 0.48815698916516104
361216693.51551163 0.48781221185175255
361632777.00055486 0.4874678108965226
362318752.4758964 0.48690083513226623
362993482.4516422 0.48634414853085517
363668212.427388 0.4857884460739116
364342942.4031338 0.4852337256629739
365692402.3546254 0.4841272226088283
366367132.3303712 0.48357543579222334
367053107.80571276 0.48301545069375706
367727837.78145856 0.4824656253767164
368301358.26084244 0.48199903622310514
368886124.23982215 0.4815240181623348
369560854.21556795 0.480976821892269
370235584.19131374 0.48043058954081974
370910314.16705954 0.4798853190549533
371585044.14280534 0.47934100838624594
372259774.11855114 0.4787976554908739
372945749.5938927 0.4782462264625126
373620479.5696385 0.4777047988784662
374295209.5453843 0.477164322929983
374969939.5211301 0.4766247965916104
375644669.4968759 0.47608621784244387
376319399.4726217 0.4755485846661158
376994129.4483675 0.4750118950507858
377668859.4241133 0.4744761469891303
378343589.3998591 0.473941338478332
379029564.8752006 0.47339857760255755
379704294.8509464 0.4728656577787753
380379024.8266922 0.472333671491217
381053754.802438 0.4718026167550637
381728484.7781838 0.4712724915899512
383089190.2292712 0.47020622537205
383763920.205017 0.4696788924599139
385113380.15650856 0.4686269896612637
385788110.13225436 0.4681024158628129
386192948.1177018 0.46778811129229214
386597786.1031493 0.46747413598935444
387283761.57849085 0.46694287275168356
387958491.55423665 0.4664212378484457
388633221.52998245 0.46590051250424036
389307951.50572824 0.4653806947880606
389982681.48147404 0.4648617827732326
390657411.45721984 0.4643437745374054
391242177.4361995 0.4638955636405113
391826943.4151792 0.46344802889538383
392512918.89052075 0.46292389635574016
393187648.86626655 0.462409260243742
393862378.84201235 0.4618955188383137
394537108.81775814 0.46138267024177193
395211838.79350394 0.46087071256069057
395886568.76924974 0.4603596439058911
396572544.2445913 0.45984096687255005
397247274.2203371 0.45933168535815416
397922004.1960829 0.45882328719665344
398596734.1718287 0.458315770515833
399946194.1233203 0.45730337412835964
400620924.0990661 0.45679849069823497
401295654.0748119 0.4562944813018278
401981629.55015343 0.4557829658463881
402656359.52589923 0.4552807134575872
405355279.4288824 0.4532803701502029
405906308.9090748 0.4528736642180351
406446092.88967144 0.45247581431547357
407132068.365013 0.4519710057880443
407806798.3407588 0.451475336297399
408481528.3165046 0.4509805213359273
409673551.2736555 0.450108431067616
410179598.75546485 0.4497390063941096
410854328.73121065 0.44924718219842485
411529058.70695645 0.4487562043997994
412215034.182298 0.4482579094678987
412889764.1580438 0.44776863313128923
413564494.1337896 0.44728019780605766
414239224.1095354 0.44679260171492574
414913954.0852812 0.44630584308459875
415599929.56062275 0.44581182850021306
416274659.53636855 0.44532675337133476
416949389.51211435 0.444842510377864
417624119.48786014 0.444359097762415
418298849.46360594 0.44387651377154036
418973579.43935174 0.4433947566557217
419648309.41509753 0.44291382466936124
420334284.8904391 0.4424257212268178
421009014.86618483 0.44194644795768245
421560044.34637725 0.44155564972993366
422122319.32616544 0.44115743872245816
422797049.30191123 0.44068033437424114
423471779.27765703 0.4402040453373822
424146509.2534028 0.43972856989219244
424821239.2291486 0.43925390632283495
425495969.2048944 0.438780052917317
426181944.680236 0.4382991307246877
426856674.6559818 0.4378269059576395
427531404.6317276 0.4373554862131179
428206134.6074734 0.4368848697944814
428880864.5832191 0.43641505500888833
429555594.5589649 0.4359460401672888
430230324.5347107 0.4354778235844158
430916300.01005226 0.43500261998456824
431591029.98579806 0.43453600811256804
432265759.96154386 0.43407018943823683
432940489.93728966 0.43360516229141577
433615219.91303545 0.43314092500568574
434289949.88878125 0.4326774759183594
434964679.86452705 0.4322148133704721
435639409.84027284 0.4317529357067738
436314139.81601864 0.4312918412757205
437000115.2913602 0.43082386316108623
437674845.267106 0.43036434324057515
438349575.2428518 0.42990560159291946
439024305.2185976 0.4294476365813763
439699035.1943434 0.428990446572867
440373765.1700892 0.4285340299379688
441048495.145835 0.4280783850509061
441723225.1215808 0.42762351028954243
442397955.0973266 0.42716940403537196
443083930.57266814 0.4267085155055812
443758660.54841393 0.4262559541658158
444433390.5241597 0.42580415647266534
445108120.4999055 0.4253531208221249
445782850.4756513 0.4249028456137791
446457580.4513971 0.42445332925079426
447132310.4271429 0.42400457013991
447818285.9024845 0.4235491063603909
448493015.8782303 0.42310186954269857
449167745.8539761 0.4226553851923376
449640056.8369981 0.4223432930194563
449842475.82972187 0.4222096517303186
450269804.81436086 0.421927741531763
452293994.74159825 0.4205964490145203
452979970.2169398 0.42014680920722897
453654700.1926856 0.41970528876984514
454329430.1684314 0.4192645088100014
455004160.1441772 0.4188244677755305
455678890.119923 0.41838516411773746
456353620.0956688 0.417946596291391
457039595.57101035 0.4175014717414041
459738515.47399354 0.4157574984213888
461762705.40123093 0.41445715317047926
462448680.8765725 0.4140179569518886
462842273.3624242 0.41376629546480886
463247111.34787166 0.41350769911791396
463921841.32361746 0.4130772800330694
464596571.29936326 0.4126475781787543
465125109.7803641 0.4123114783861996
465372510.7714709 0.41215430577536705
465766103.2573226 0.4119044562500565
466440833.2330684 0.4114767071814748
467115563.2088142 0.41104966975983126
467790293.18456 0.4106233424974253
468465023.1603058 0.4101977239098821
469150998.63564736 0.4097657366426639
469825728.61139315 0.40934154271441736
470500458.58713895 0.4089180530032384
471175188.56288475 0.4084952660380329
471849918.53863055 0.40807318035099416
472535894.0139721 0.4076447773003558
473210623.9897179 0.4072241014061892
473885353.9654637 0.40680412238214847
474560083.9412095 0.4063848387735574
475234813.9169553 0.40596624912899004
475920789.39229685 0.40554139290703184
476595519.36804265 0.40512419835482266
477270249.34378844 0.4047076934077858
477944979.31953424 0.4042918766274766
478619709.29528004 0.4038767465786639
479294439.27102584 0.4034623018293223
479969169.24677163 0.4030485409506258
480655144.7221132 0.40262858365009846
481329874.697859 0.4022161975773153
482004604.6736048 0.40180449108419153
482679334.6493506 0.4013934627546767
483354064.6250964 0.4009831111758829
484028794.6008422 0.4005734349380779
484703524.576588 0.4001644326346774
485378254.5523338 0.3997561028622382
486064230.02767533 0.39934165558776147
486738960.0034211 0.3989346778298497
487413689.9791669 0.39852836838813754
488088419.9549127 0.39812272587172687
488763149.9306585 0.39771774889282513
489437879.90640426 0.39731343606673813
490112609.88215005 0.396909786011863
490798585.3574916 0.3965000864676066
491473315.3332374 0.3960977688113294
492148045.3089832 0.39569610977708713
492822775.284729 0.3952951079956234
493497505.2604748 0.3948947621007382
494172235.2362206 0.3944950707292809
494858210.71156216 0.3940893874103529
495532940.68730795 0.39369101186041977
496207670.66305375 0.3932932867401481
496882400.63879955 0.3928962106985658
497557130.61454535 0.3924997823877159
498175633.09231234 0.39213695763415823
498794135.5700793 0.3917746749904387
499468865.5458251 0.3913800746227978
500143595.5215709 0.3909861168465259
500818325.4973167 0.39059280032814125
501504300.9726583 0.3901935845413293
504203220.87564147 0.3886292933410237
504877950.85138726 0.3882398070771668
505563926.3267288 0.38784447724008975
506238656.3024746 0.3874562641357464
506733458.2846882 0.38717197458402586
507239505.76649755 0.38688157344375823
507914235.7422433 0.38649492081484743
508588965.7179891 0.38610889429928963
509274941.19333065 0.38571707452492193
510624401.14482224 0.38494816114519326
511299131.12056804 0.38456463648282957
511973861.09631383 0.38418173145763973
512648591.07205963 0.3837994447873375
513323321.0478054 0.383417775192495
513998051.0235512 0.38303672139653694
514684026.4988928 0.3826499466703723
515358756.4746386 0.3822701308639875
516033486.4503844 0.3818909270227003
516708216.4261302 0.3815123338813271
517382946.401876 0.3811343501775044
518057676.37762177 0.38075697465168246
518732406.35336757 0.38038020604711836
519418381.8287091 0.3799977788518015
520093111.8044549 0.379622230393741
520767841.7802007 0.3792472850827076
521442571.7559465 0.37887294167317015
522117301.7316923 0.378499198922373
522792031.7074381 0.37812605559032963
523253097.1908644 0.3778714184258921
523702917.17469496 0.3776232607289863
524388892.6500365 0.3772453305532881
525063622.6257823 0.3768741961860717
525738352.6015281 0.3765036558552908
526413082.5772739 0.3761337083357124
527087812.5530197 0.3757643524048331
527762542.5287655 0.3753955868428723
528448518.00410706 0.37502127914377037
529123247.9798528 0.3746537004598526
529797977.9555986 0.3742867084816175
530472707.9313444 0.3739203020001607
531147437.9070902 0.37355447980926954
531822167.882836 0.3731892407054177
532496897.8585818 0.37282458348775893
533182873.33392334 0.3724544439288659
533857603.30966914 0.37209095653983926
534532333.28541493 0.37172804743062815
535207063.26116073 0.37136571541108976
535881793.2369065 0.3710039592937313
536556523.2126523 0.3706427778937033
537242498.6879939 0.37027616475010783
537917228.6637397 0.369916138770018
538591958.6394855 0.369556683948919
539266688.6152313 0.36919779911252004
539941418.5909771 0.3688394830891437
540616148.5667229 0.36848173470972057
541290878.5424687 0.3681245528077829
541976854.0178102 0.3677619973924987
542651583.993556 0.36740595434922174
543326313.9693018 0.3670504742802895
544001043.9450476 0.36669555602962567
544675773.9207934 0.36634119844372626
545350503.8965392 0.3659874003716538
546025233.872285 0.3656341606650315
546699963.8480308 0.3652814781780376
547880741.305586 0.3646656211982128
550399733.2150369 0.36335745663181507
551074463.1907827 0.36300835916384033
551760438.6661242 0.3626540059182548
552435168.64187 0.3623060138942307
553109898.6176158 0.3619585683308484
553503491.1034676 0.3617561436655411
553908329.088915 0.3615481288008897
554583059.0646608 0.36120187245678004
555257789.0404066 0.36085615901871126
559755988.8787119 0.35856519523388525
560430718.8544577 0.35822360733281955
561105448.8302035 0.3578825527870007
562454908.7816951 0.3572020394026901
563129638.7574409 0.35686257839104363
563815614.2327825 0.35651800199733524
564490344.2085283 0.35617960671265614
565165074.1842741 0.35584173826025484
565839804.1600199 0.35550439556441726
567189264.1115115 0.35483128315152235
567863994.0872573 0.3544955112949655
568549969.5625988 0.3541546778216576
