1.0 0.9946127664877747
2192873.421173835 0.9803335769484344
8816472.683078395 1.0
11245500.595763259 0.9911804261231502
18690021.328158535 0.9808628066186683
19364751.303904332 0.9793652212908136
20039481.279650126 0.9782061864519875
21388941.231141716 0.9744482990714571
23424376.657974865 0.9667197507398886
25133692.59653088 0.9597364277475018
29193317.950601418 0.9487136289844491
30554023.401688773 0.9450107474243403
34759840.25050423 0.9284156170989726
35434570.22625003 0.9276675148876569
40168925.55606636 0.9125917190472487
41450912.50998337 0.9077012065283419
46106549.34262936 0.920377977464112
47456009.29412095 0.9195719350205588
48130739.26986674 0.9193375848943155
50840904.67244569 0.9109705432321791
52190364.62393728 0.9070348650642032
54889284.52692046 0.8997835325221605
55575260.00226202 0.8980389963668187
56924719.95375361 0.898368628546929
58274179.90524521 0.8943412356439401
58948909.880991 0.8926583796587344
59623639.856736794 0.8913180442473988
60298369.83248259 0.8896328867633074
61659075.28356995 0.8863816743639314
63008535.235061534 0.8825194140074627
64357995.18655313 0.8791278101760605
65460054.14693793 0.8769103159967665
68170219.54951687 0.873585915932826
70869139.45250006 0.8663858492791982
71262731.93835177 0.8649632928209082
71667569.92379925 0.864134292922288
72342299.89954504 0.8627298032287778
73691759.85103664 0.8591396951140671
74366489.82678242 0.8579142620338623
75715949.77827401 0.8549755356434794
77076655.22936137 0.8512660372792298
77515229.71359614 0.8500643671683912
78639779.67317246 0.850716209192496
79989239.62466405 0.8468313941469476
81338699.57615565 0.84402385319894
81732292.06200737 0.8428247722736114
82137130.04745483 0.841944391413105
82733141.52603029 0.8404591766454431
83329153.00460574 0.8388169421199886
84015128.4799473 0.8378278154327151
85364588.4314389 0.8344218272347503
86039318.40718469 0.832926255719157
86714048.38293049 0.8311367827988089
88074753.83401784 0.8278286658402211
89424213.78550942 0.8275053627835193
90098943.76125522 0.826610194790463
91335948.71678919 0.8231547819031919
94597143.59956053 0.8200367112128791
95271873.57530633 0.8185305528024117
95946603.55105212 0.8170378581589526
96621333.52679792 0.8153491908897971
97296063.5025437 0.8139673134250479
97970793.4782895 0.8126082207963211
99331498.92937686 0.8088472263908221
100680958.88086845 0.8088159835397666
101355688.85661425 0.8076872709524417
102030418.83236004 0.8062208133962793
102705148.80810584 0.8049210994388029
103391124.2834474 0.8034710400673561
104009626.76121438 0.8019975054072757
104639374.73857711 0.8006801274451152
105314104.71432291 0.7992583765070164
105988834.6900687 0.7976049221678657
106674810.16541027 0.796426727351553
107349540.14115606 0.7948374848342585
108024270.11690186 0.7933055496421635
108541563.09830697 0.7922889200476251
109070101.57930784 0.79123707751719
109744831.55505364 0.7894937496480267
110419561.53079943 0.7882904109571244
111094291.50654523 0.7871673945743862
112454996.95763259 0.7869230904661988
113129726.93337838 0.7859385667825886
113804456.90912417 0.7845357456750339
114479186.88486996 0.782853407523395
115153916.86061576 0.7815200341483981
115828646.83636156 0.7800420115640175
116503376.81210735 0.7786664056771035
117189352.28744891 0.7773827446721452
117864082.26319471 0.7766372891860209
118538812.2389405 0.7750907394686369
119888272.1904321 0.7715605278705273
120529265.6673906 0.7701483856880668
121170259.14434911 0.769305174036037
121844989.1200949 0.7680180607856961
122530964.59543645 0.7664808896770078
123992879.54288569 0.766626574559417
124678855.01822725 0.7648385976118716
125353584.99397303 0.7637377906919072
126028314.96971883 0.7622726565012864
126703044.94546463 0.7610316307683406
127377774.92121042 0.7595080960398134
128052504.89695622 0.7579759306948838
128727234.87270202 0.75659577934988
129401964.84844781 0.7552931885202695
130762670.29953517 0.7517587766785921
131437400.27528097 0.7505672907084241
132112130.25102676 0.7495065298690704
132786860.22677255 0.7478638350438387
133461590.20251834 0.7462013473222983
134822295.6536057 0.7452923703359279
136171755.6050973 0.7426973728055934
136846485.5808431 0.7414936888883854
137240078.0666948 0.7407086476214275
137633670.55254653 0.7398925936503569
138319646.0278881 0.7387500145300363
138994376.00363386 0.7372781484559114
139669105.97937965 0.7356565698748544
140343835.95512545 0.735344946925734
141018565.93087125 0.7336865443683981
141693295.90661705 0.7322710650140263
142379271.3819586 0.7308989113783867
143054001.3577044 0.7295880351527877
144403461.309196 0.7265524156622638
145078191.2849418 0.7256509185457989
145752921.2606876 0.7241592595812572
147102381.21217918 0.722990270760487
147788356.68752074 0.7227842290734835
148463086.66326654 0.7215186348333048
149137816.63901234 0.7202494732742721
150487276.59050393 0.7176930258517458
151847982.0415913 0.7143049318054078
152522712.01733708 0.7129055629432356
153197441.99308288 0.7115472183009102
156289954.38191777 0.7116820861356107
156964684.35766357 0.7102031429516759
157639414.33340934 0.7090582047927881
158988874.28490093 0.7080876051759633
159663604.26064673 0.7080361091347138
160338334.23639253 0.7068736795901869
161013064.21213832 0.7057539428396783
161699039.68747988 0.7045340333567992
162115123.17252314 0.704175632443564
162531206.65756637 0.7028105559177343
162924799.14341807 0.7019204512222265
163329637.12886557 0.7013852376607816
163981876.10541984 0.7001557769501621
164634115.0819741 0.6989467420487813
165185144.5621665 0.6978751641676109
165736174.0423589 0.6965394317540466
166410904.0181047 0.6952480031925586
167085633.9938505 0.6941900041518678
167760363.9695963 0.6930526034025671
168435093.9453421 0.6919043856114497
169109823.9210879 0.6906867776274562
169795799.39642945 0.6893379842010874
170470529.37217522 0.6877282008069749
171606324.83134732 0.6891478803931307
172078635.81436938 0.6880899388980133
172753365.79011518 0.6870462091504137
173439341.26545674 0.6857704307813483
174114071.24120253 0.6846845836070867
174788801.21694833 0.6833054104013189
175463531.19269413 0.6817185269166999
176138261.16843992 0.681294188061863
176812991.14418572 0.6796413090959608
177487721.1199315 0.6785004561012775
178162451.0956773 0.6772118468722421
178848426.57101884 0.6759146645664859
179523156.54676464 0.674552062146803
180197886.52251044 0.6738262269379426
180872616.49825624 0.6724472263453276
181547346.47400203 0.6709354292640632
182222076.44974783 0.6699076949351921
182896806.42549363 0.6687844484055113
184257511.87658098 0.6689408352562659
184932241.85232678 0.6683236883285991
185606971.82807258 0.6666361718059405
186281701.80381837 0.665247619991477
187631161.75530997 0.661742091962288
188305891.73105577 0.6614707452466128
188980621.70680156 0.6609289148692432
189666597.18214312 0.659771030782806
190341327.15788892 0.6584571626057096
191016057.13363472 0.657664871615789
191465877.11746523 0.6565434087455351
191926942.60089153 0.6555774121264816
192601672.57663733 0.6538722315991389
193287648.0519789 0.6528660738260034
193962378.02772468 0.6517726892421547
194637108.00347048 0.650578096247018
195986567.95496207 0.6509900645475538
196661297.93070787 0.6498633657665986
197336027.90645367 0.6485170464581602
198696733.357541 0.6468775737254765
199371463.3332868 0.6457621522861151
200046193.3090326 0.6447460405310356
200720923.2847784 0.6433583517764447
201395653.26052418 0.6420562787862929
202070383.23626998 0.6415120893703561
202745113.21201578 0.6402539750059747
203419843.18776157 0.6392355617520094
204105818.66310313 0.6380961471904473
204780548.63884893 0.6364724972633391
205455278.61459473 0.6354710000217646
206130008.59034052 0.6342368212457943
206804738.56608632 0.6332792250962005
207479468.54183212 0.6319907309465282
208154198.51757792 0.6319532740514273
208828928.4933237 0.6318501093616675
209514903.96866527 0.6316898099657532
210189633.94441107 0.6307092563669843
210864363.92015687 0.629068747961275
211539093.89590266 0.6287422228061333
212213823.87164843 0.6270514841850348
212888553.84739423 0.6259784103310617
213563283.82314003 0.6249481443563621
214035594.8061621 0.6241675334681309
214507905.78918415 0.6237448631992496
215193881.2645257 0.6228144247365068
215868611.2402715 0.621770867607952
216543341.2160173 0.6203197150179063
217218071.1917631 0.6198620619659627
217892801.1675089 0.6182916917395309
218567531.1432547 0.6168189626055333
219242261.1190005 0.6155892717479711
219928236.59434205 0.6146484190035071
220602966.57008785 0.6135393842272359
221952426.5215794 0.613644447649894
222627156.4973252 0.6120816148330492
223301886.473071 0.6109972636315905
223976616.4488168 0.6100442129459782
224651346.4245626 0.6090031299235701
225337321.89990416 0.6081165350190183
226012051.87564996 0.6074417930795281
226686781.85139576 0.6063479481959023
227361511.82714155 0.6053470263334682
228036241.80288735 0.6040658394405485
228710971.77863315 0.6030100843649536
229385701.75437894 0.6018514522862232
229790539.7398264 0.6018365500802019
230184132.22567815 0.6010279759849285
230858862.2014239 0.5998542115532342
231252454.68727565 0.599517962568983
231646047.17312735 0.5985681915156005
232332022.6484689 0.5974849910606386
233006752.6242147 0.5965773949794915
234356212.5757063 0.5961164622894264
235705672.5271979 0.5936363670902228
237066377.97828525 0.5895094343619015
237741107.95403105 0.5890317582690633
238415837.92977685 0.5875685803522008
239090567.90552264 0.5865900981012505
239765297.88126844 0.5860909605302724
240440027.8570142 0.5855370472858153
241114757.83276 0.5848852628013922
241800733.30810156 0.5840575287274535
242475463.28384736 0.5831662732836813
245860358.6621721 0.5826982059476599
246535088.6379179 0.5818522900325245
247209818.6136637 0.5808124728359765
248469314.56838918 0.5808595384884832
249042835.04777312 0.5804537266970247
249717565.02351892 0.5795239211472119
250392294.99926472 0.578461606798909
251067024.9750105 0.5775132741833612
251753000.45035207 0.576353261207656
252427730.42609787 0.575406539640739
253102460.40184364 0.5744055602380339
253777190.37758943 0.5736896214720253
254361956.35656914 0.5727613694341076
254946722.33554882 0.572108721887455
255632697.81089038 0.5710015858487955
256307427.78663617 0.5700895593777273
256982157.76238197 0.5690409964854137
257656887.73812777 0.5678801204474792
258331617.71387357 0.5669763218350745
259006347.68961936 0.5663552623604805
259681077.66536516 0.5655102670448995
260355807.64111096 0.5642823023147421
261716513.0921983 0.5641011168145255
262391243.0679441 0.5632959374296664
263065973.0436899 0.561774186366458
263740703.0194357 0.5611626781125342
264415432.9951815 0.560489547225799
265090162.9709273 0.5597058293179018
265776138.44626886 0.5587075541759456
266450868.42201465 0.5574300496818322
267125598.39776042 0.5568207278521443
267800328.37350622 0.5560504737124337
268475058.34925205 0.5553646270445025
269149788.32499784 0.5544751552631031
269835763.8003394 0.5535945442515298
270510493.7760852 0.5523794103778072
271185223.751831 0.5514320558985494
271859953.7275768 0.5505264736243609
272534683.7033226 0.5496965531261865
273220659.17866415 0.548629923467915
274570119.1301557 0.5492021336282187
275244849.1059015 0.5479305554938831
275672178.0905405 0.5475334893987792
276099507.0751795 0.5467829706121606
276774237.0509253 0.545721116563635
277448967.0266711 0.5449267542235386
277853805.0121186 0.5442881458200887
278247397.4979703 0.5438221498330644
278922127.4737161 0.5428155317577948
279596857.4494619 0.5420223201671415
280282832.92480344 0.541110984145739
280957562.90054923 0.5398887156254709
281632292.87629503 0.5391327307788515
282307022.8520408 0.5380751345035589
282981752.8277866 0.5369951561511612
283656482.8035324 0.5362226580498898
284342458.278874 0.5352595958414736
285017188.2546198 0.5342113781742874
285691918.2303656 0.5334636787236564
286366648.2061114 0.5328320323541883
287041378.18185717 0.5316750113270345
287716108.15760297 0.530903146138104
289065568.10909456 0.531291639150006
289751543.5844361 0.5303078059137046
290426273.5601819 0.5293144789946472
291101003.5359277 0.5282314511569625
291775733.5116735 0.5271661448601083
292450463.4874193 0.5265278241438717
293125193.4631651 0.5256469254456742
293799923.4389109 0.5245197088287953
294485898.91425246 0.5235504901107126
295160628.88999826 0.5224663690609099
295835358.86574405 0.5218773004208268
296510088.84148985 0.5210023856191427
297184818.81723565 0.5200000253171064
297859548.79298145 0.5191621071101569
298534278.76872724 0.5183731532921474
299220254.2440688 0.5175303444002132
299894984.2198146 0.5165135997304359
300569714.19556034 0.5154803418054176
301244444.17130613 0.5147184881369342
302942514.6102664 0.5147184881369342
303617244.5860122 0.5137728597821352
304291974.561758 0.5129333305259656
304966704.5375038 0.5120631913352058
305641434.5132496 0.5110128447811085
306316164.4889954 0.5099584130663419
306990894.4647412 0.5091954661863298
307665624.44048697 0.5085000682977284
308351599.9158285 0.5074860854260248
309026329.8915743 0.5068758429967826
309701059.8673201 0.5056168080310794
310375789.8430659 0.5046471865505445
311050519.8188117 0.5037829737189735
311725249.7945575 0.5028528229446224
312399979.7703033 0.5018198527068174
313085955.24564487 0.5010212325934881
313760685.22139066 0.5003581707651144
314435415.19713646 0.49941524667106396
315110145.17288226 0.49821927277541744
315784875.14862806 0.49751029604397984
316459605.12437385 0.4964834823158413
317820310.5754612 0.49698584198525925
318495040.551207 0.4957400981757682
321868690.429936 0.49421259336534556
322554665.90527755 0.4939778404790067
325253585.80826074 0.5289308191309944
325928315.78400654 0.52771861966732
326614291.2593481 0.5265192510606699
327289021.2350939 0.5255343246128398
327952505.7112439 0.5244409975669052
328615990.1873939 0.5234448513118601
329065810.1712245 0.5228890968682944
329515630.155055 0.5222175770307792
330190360.1308008 0.521105550307135
330865090.1065466 0.5201776434937556
331539820.0822924 0.5189894946937312
332214550.0580382 0.5178038775430703
332889280.033784 0.5166411603060272
333564010.00952977 0.5153767743555622
334238739.98527557 0.5143946672437196
334924715.4606171 0.5135492691656863
335599445.4363629 0.512625159825763
336274175.4121087 0.5114158947733152
336948905.3878545 0.5105591042755031
337623635.3636003 0.5095365483211869
338298365.3393461 0.5084685377629947
338973095.3150919 0.5073431623452245
339647825.2908377 0.5063513314007372
340333800.76617926 0.5056125502584354
341008530.74192506 0.5046725605762009
341683260.71767086 0.5038129507418121
342357990.69341666 0.5026982772941548
343032720.66916245 0.5018204856191583
343707450.64490825 0.5007388962181297
344382180.62065405 0.499875546448199
345068156.0959956 0.498651091503695
345742886.0717414 0.4979560963775459
346417616.04748714 0.49674786700048046
347092346.02323294 0.49569590939716324
347767075.99897873 0.49465580451340174
348441805.97472453 0.4939701879953591
349116535.9504703 0.49294394964223653
349791265.9262161 0.4921499900640035
350465995.9019619 0.49114250892709377
351151971.3773035 0.4902177666748295
351826701.3530493 0.4893269715308343
352501431.3287951 0.48836178043550704
353176161.3045409 0.4874793857627392
353850891.28028667 0.4865632741315907
354525621.25603247 0.48568329603235827
355200351.23177826 0.48460395059289063
355886326.7071198 0.4839171257874912
356561056.6828656 0.4828900243721391
357247032.1582072 0.4820399657590096
357921762.133953 0.4810684455420413
358596492.1096988 0.4802249462004413
359271222.08544457 0.47927232704299794
359945952.06119037 0.4782334592146666
360620682.03693616 0.4772995685041845
361306657.5122777 0.4764751428346732
361981387.4880235 0.4757340314248234
362656117.4637693 0.47474539380952463
363330847.4395151 0.47394406943485734
364005577.4152609 0.4730588841947642
364680307.3910067 0.472109170679885
365355037.3667525 0.4712289336621015
366041012.84209406 0.47051906509977204
366715742.81783986 0.4697550250070527
367390472.79358566 0.4687859501322822
368065202.76933146 0.46789716880054844
368739932.74507725 0.4671939458157358
369414662.72082305 0.4662153772582091
370089392.69656885 0.465449150741843
370775368.1719104 0.46473942602282564
371450098.1476562 0.4638149426891124
372124828.123402 0.4631330948758633
372799558.0991478 0.46234419859517867
373474288.0748936 0.46127598665634956
374149018.0506394 0.46050616404775363
374834993.52598095 0.45970256694286316
375509723.50172675 0.45903789406468015
376184453.4774725 0.4581041184294369
376859183.4532183 0.45744240873114284
377533913.4289641 0.4563474418673259
378208643.4047099 0.45553279756837334
378883373.3804557 0.4546789990191127
379569348.85579723 0.4539511499962233
380244078.831543 0.4531665114887718
380930054.3068846 0.4522911363873106
381616029.78222615 0.4514268372497524
382290759.75797194 0.45063083509118457
382965489.73371774 0.44981501127412676
383651465.2090593 0.44873146559875093
384326195.1848051 0.4478385127997713
385000925.1605509 0.4471216822028708
385675655.1362967 0.44667412697618347
386350385.1120425 0.4458058577526055
387025115.0877883 0.44513241040999446
387429953.07323575 0.4449588486253522
387834791.0586833 0.44431802502900375
388509521.0344291 0.44320968070357664
389184251.0101748 0.4424639087580414
389858980.9859206 0.44146692820942934
390533710.9616664 0.44073073625381587
391208440.9374122 0.439877887072772
391883170.913158 0.43921304158202523
392569146.38849956 0.43834126257279393
393243876.36424536 0.43772705005812124
393918606.33999115 0.4368542641427592
394593336.31573695 0.43592920543461905
395268066.29148275 0.43497077499263664
395954041.7668243 0.43409324223619117
396628771.7425701 0.43330008818227345
397303501.7183159 0.4325755763330629
397978231.6940617 0.4317193612102669
398652961.6698075 0.4312293145601818
399338937.14514905 0.43055943454054907
400013667.12089485 0.42963000298452614
400688397.09664065 0.4287669121337355
401363127.07238644 0.42786731375665
402037857.04813224 0.4271722323245136
402690096.0246865 0.4263127951032777
403342335.0012408 0.42597801332139923
404017064.9769866 0.42480462288349474
404691794.9527324 0.42448727495582256
405377770.42807394 0.42406938029550884
406052500.40381974 0.4232723712313995
406727230.37956554 0.4223572377371302
407401960.35531133 0.4216933703832626
408076690.33105713 0.42089083772182767
408751420.3068029 0.42029831683400515
411461585.7093819 0.4401183361690002
416870671.01494396 0.424810779392572
417545400.99068975 0.4239075561551834
418220130.96643555 0.42327680161660713
418894860.94218135 0.4224067199631722
419580836.4175229 0.4212322938504746
420255566.3932687 0.42015824185785483
420930296.3690145 0.4193795297101812
421605026.3447603 0.41875038622082494
422279756.3205061 0.4179360871464106
422954486.2962519 0.41691755881426046
423629216.2719977 0.41606473840246816
424303946.2477435 0.4153843865632001
424989921.72308505 0.41451093896742397
425664651.69883084 0.41396283700750586
426339381.67457664 0.4128738252721292
427014111.65032244 0.4118708608270036
427688841.62606823 0.41118136052951776
428363571.60181403 0.4103439889283326
429049547.0771556 0.4095836312344196
429724277.0529014 0.40874962557557576
430399007.0286472 0.4081796306075813
431073737.004393 0.40744821426171374
431748466.9801388 0.4066165388710072
432423196.9558846 0.40543840159143
433109172.43122613 0.4046809495389027
433783902.40697193 0.4037554592996479
434458632.3827177 0.4031556023840537
435133362.3584635 0.4023928281160161
435808092.3342093 0.4016392886115944
436494067.8095509 0.4007985798379089
437168797.7852967 0.39980142667673313
437843527.7610425 0.3988814312661415
438518257.7367883 0.3984027770352459
439192987.71253407 0.3975965619755939
439867717.68827987 0.3964684535278232
440328783.17170614 0.39580124900086594
440789848.6551324 0.39522863607811
441464578.6308782 0.3947036354136251
443500014.05771136 0.38598400412279243
444174744.03345716 0.3854497111567775
444849474.00920296 0.3847838012231644
445524203.98494875 0.3840035931009205
446198933.96069455 0.3829890060855385
446873663.93644035 0.38199964925191154
447548393.91218615 0.3812163341064666
448223123.88793194 0.380725481931477
448909099.3632735 0.38011604502655016
449583829.3390193 0.3793077298492386
450258559.3147651 0.3785948405691061
450933289.2905109 0.37774981648486267
451608019.2662567 0.37683750232658103
452293994.74159825 0.37617772013338285
452968724.71734405 0.37540136702191973
453632209.1934941 0.3747353132444053
454295693.6696441 0.3741043573246029
454981669.1449857 0.3733681941376519
455656399.1207315 0.3727515075109406
456072482.6057747 0.3723027439968964
456499811.5904137 0.37189664451881355
457174541.5661595 0.37130596482951045
457860517.04150105 0.37048332282178287
458535247.01724684 0.36949963342938286
459209976.99299264 0.36880026545535105
459884706.96873844 0.3679279686090177
460559436.94448423 0.36714879616156704
461234166.92023003 0.3664349287445554
461908896.8959758 0.3657653939500501
462594872.3713174 0.3652287131785731
463269602.3470632 0.36445863165142617
463944332.322809 0.36395175529022405
464619062.2985548 0.36315273241503165
465293792.2743006 0.3624675474281037
465968522.2500464 0.36163912290391037
466643252.22579217 0.36091153280016114
467317982.20153797 0.3604797140712945
468003957.6768795 0.3598193565036694
468678687.6526253 0.3591099770097795
469353417.6283711 0.3581879677875156
470028147.6041169 0.35744311644153465
470702877.5798627 0.35673327664786764
471377607.5556085 0.3561561470333275
472052337.5313543 0.35565913834926055
472648349.0099297 0.3550161283292654
473233114.9889094 0.3541609488806733
473919090.464251 0.3535860919969457
474593820.4399968 0.3529644571479248
475268550.4157426 0.35220922028829593
475943280.3914884 0.3516114634903612
476618010.3672342 0.3510540116915883
477292740.34297997 0.35032866554881076
477978715.8183215 0.3495805057984026
478653445.7940673 0.34895944632439774
479328175.7698131 0.34825838099515866
480002905.7455589 0.34768283366117614
480677635.7213047 0.3469942251945821
481352365.6970505 0.34620656596991684
482038341.1723921 0.3456525664188832
482713071.14813787 0.345129924791198
483387801.12388366 0.34459269741336734
484062531.09962946 0.3440600730338973
484737261.07537526 0.3432624885953611
485423236.5507168 0.3427642716239373
486008002.52969646 0.342305496590035
486604014.00827193 0.3414483320984331
487278743.9840177 0.3408322783840627
487953473.9597635 0.3401930946061859
488639449.4351051 0.3395207980130177
489314179.4108509 0.3389068156476444
489988909.3865967 0.33839781040070954
490663639.3623425 0.33837942717828656
491338369.3380883 0.33793699278588335
492013099.3138341 0.3373034189119086
492687829.28957987 0.3368114159874761
493362559.26532567 0.3361657017061429
494048534.7406672 0.3356812074220458
494723264.716413 0.33498693151422493
495397994.6921588 0.33440427830294844
496072724.6679046 0.33372087697721503
496747454.6436504 0.3332463654449028
497422184.6193962 0.3326855189351262
498096914.595142 0.3320382511418979
498782890.07048357 0.3313223699138032
499457620.04622936 0.33082305973026144
500132350.02197516 0.33035162645248783
500807079.99772096 0.3296877590992095
501481809.97346675 0.3292414984646878
502156539.94921255 0.3288133621346274
502831269.92495835 0.32805953494358153
503505999.90070415 0.3275273708638886
504191975.3760457 0.32694422858358335
504866705.3517915 0.3263054763368213
505541435.3275373 0.3257770809613326
506216165.3032831 0.32536649356012814
506890895.27902883 0.32481183232868044
507565625.25477463 0.32435440942485794
508240355.2305204 0.32334620906962014
508926330.705862 0.322997388144539
509601060.6816078 0.3226344130016056
510275790.6573536 0.3222432444970281
510950520.6330994 0.3215544346492079
511625250.6088452 0.3211404237683374
512299980.584591 0.3203299797047039
512974710.56033677 0.31969085346415194
513660686.0356783 0.31934813151141245
514335416.0114241 0.31877327462709565
515010145.9871699 0.31833374587725655
515684875.9629157 0.3177903332216862
516359605.9386615 0.31709625869568064
517034335.9144073 0.31672108560806395
517720311.3897489 0.31614910559764886
518395041.36549467 0.3155476088641722
519069771.34124047 0.31493046193768387
519744501.31698626 0.31439608266509245
520419231.29273206 0.3139556045470367
521093961.26847786 0.31328745065186275
521768691.24422365 0.3128561209920248
522443421.21996945 0.3121877369469623
523129396.695311 0.31168477313445503
528437272.50451124 0.3083750738929528
529112002.48025703 0.30826160999788904
529786732.45600283 0.30765902005229445
530461462.4317486 0.3071811713457142
531136192.4074944 0.3065468782528221
531822167.882836 0.3058708704927745
532496897.8585818 0.3054868654039942
533171627.8343276 0.30479230180895983
533846357.8100734 0.30434408490068005
534521087.7858192 0.30388876211510624
