1.0 1.0010951653283366
1979208.9288543335 0.9968403309986825
3294932.381558635 0.994024565616932
4644392.333050226 0.9911471164514425
5319122.308796021 0.9897123720612501
8917682.179440264 0.9821049714103093
9536184.657207243 0.980804973073841
10413333.625676777 0.9789651045911822
15338862.448621085 0.9687150603439036
18521338.834222086 0.962165275978948
23064520.670910444 0.9529130838271431
25099956.097743593 0.9488049634535767
25774686.073489387 0.9474481789540559
26449416.049235184 0.9460938874848055
31296226.37500915 0.9364383951188553
31970956.350754943 0.9351043215109162
32656931.8260965 0.9337505232144137
34006391.77758809 0.9310946797848564
34681121.75333389 0.9297704112452092
35355851.729079686 0.9284485717697557
36030581.704825476 0.9271291565810342
36705311.68057127 0.9258121609111258
37380041.65631707 0.9244975800016367
38054771.63206287 0.9231854091036781
38729501.607808664 0.9218756434778471
39404231.583554454 0.9205682783942088
40753691.53504605 0.9179607309809915
42103151.486537635 0.9153627292131687
42777881.46228343 0.9140672962214924
43463856.93762499 0.9127527046522144
44138586.91337079 0.9114620511391507
44813316.889116585 0.9101737605898474
45488046.86486238 0.9088878283588799
46162776.84060817 0.9076042498101031
46837506.81635397 0.9063230203166315
47512236.79209977 0.9050441352608215
48186966.76784556 0.9037675900342532
48872942.24318712 0.9024721629628689
49952510.20438039 0.9004383348452197
50627240.18012619 0.8991702136714905
51301970.15587199 0.8979044111705157
51976700.13161778 0.8966409227853367
52662675.606959336 0.8953587438624528
53337405.58270513 0.8940999084531278
54012135.55845093 0.8928433734678403
54686865.53419673 0.8915891343860792
55361595.50994252 0.8903371866963623
56036325.485688314 0.8890875258962173
56711055.46143411 0.8878401474921649
57397030.93677567 0.8865743145982965
58746490.888267264 0.8840910050859708
59421220.86401305 0.882852749214857
60095950.83975885 0.8816167533326235
60770680.81550465 0.8803830129995155
61445410.791250445 0.8791515237846457
62120140.766996235 0.8779222812659753
62806116.2423378 0.8766748499983923
64155576.19382939 0.874227633215469
65505036.14532098 0.8717893325338683
66179766.12106677 0.8705735147917382
66854496.09681257 0.8693599129652191
67529226.07255836 0.8681485227025738
68215201.54789992 0.8669192052854261
68889931.52364571 0.8657122618081612
69564661.49939151 0.8645075168196076
70239391.47513731 0.8633049660028285
70914121.4508831 0.8621046050495076
71352695.93511787 0.8613255427070521
71791270.41935264 0.860547402586242
72477245.8946942 0.8593321581176845
73826705.84618579 0.8569480722058285
74501435.82193159 0.8557592820337262
74895028.3077833 0.8550668201874441
75299866.29323077 0.8543553406396684
75974596.26897657 0.8531712672002807
79348246.14770555 0.8472831194102238
80034221.62304711 0.8460924020515865
80708951.59879291 0.8449233506900813
81383681.5745387 0.8437564234331529
82058411.55028449 0.8425916161123949
82733141.52603029 0.8414289245677239
83407871.50177608 0.840268344647363
84082601.47752188 0.8391098722078245
84757331.45326768 0.837953503113894
85443306.92860924 0.8367800131689371
86118036.90435503 0.8356278732770726
86792766.88010083 0.8344778243062059
87467496.85584663 0.833329862154186
88142226.83159241 0.8321839827270514
89491686.783084 0.8298984557124462
90121434.76044676 0.828834712692994
90739937.23821373 0.8277917174939602
91414667.21395953 0.8266558814688156
92100642.68930109 0.8255032255181206
92775372.66504689 0.8243715375457539
93450102.64079268 0.823241900376204
94124832.61653847 0.8221143099874153
94799562.59228426 0.820988762365361
95474292.56803006 0.8198652535040284
96149022.54377586 0.8187437794054021
96823752.51952165 0.8176243360794482
97509727.99486321 0.8164883130839514
98184457.97060901 0.8153729530450702
98859187.9463548 0.8142596117904526
99533917.9221006 0.8131482853619627
100208647.8978464 0.8120389698093666
100883377.87359218 0.8109316611903155
102232837.82508378 0.8087230490227875
102918813.30042534 0.8076033993201024
103593543.27617113 0.8065041123231955
104088345.25838472 0.8056992317690399
104594392.74019407 0.8048771622949369
105269122.71593986 0.8037828031912027
105943852.69168566 0.8026904217031666
106629828.16702722 0.8015818571923228
107304558.142773 0.800493452114019
107979288.1185188 0.7994070129824677
108654018.0942646 0.7983225359450064
109328748.0700104 0.7972400171566629
110003478.04575619 0.79615945278014
110678208.02150199 0.7950808389857995
111352937.99724779 0.7940041719516475
112038913.47258934 0.792911552234558
112713643.44833514 0.791838799572077
113388373.42408094 0.790767982186259
114546659.88244455 0.7889342474138236
115221389.85819034 0.787868668410459
115896119.83393614 0.7868050106303832
116582095.3092777 0.7857255908619436
117256825.2850235 0.7846657961090611
117931555.2607693 0.7836079112493919
118606285.23651509 0.7825519325421548
119269769.71266511 0.7815154086230965
119944499.68841091 0.7804631994138314
120619229.6641567 0.7794128852413028
121293959.6399025 0.7783644623943802
121968689.6156483 0.7773179271693393
122643419.5913941 0.7762732758698478
123329395.06673566 0.7752131411980401
124004125.04248145 0.7741722779349105
124678855.01822725 0.7731332874913606
125353584.99397303 0.7720961662005992
126028314.96971883 0.7710609104031527
127377774.92121042 0.7689959806868121
128063750.39655198 0.767949153823619
128738480.37229778 0.7669213543686301
130087940.32378937 0.7648712935775336
130762670.29953517 0.7638490250171345
131437400.27528097 0.7628285928759848
132123375.75062253 0.76179303241233
132798105.72636832 0.7607762927913538
133472835.7021141 0.7597613787690751
134147565.6778599 0.7587482867729358
134822295.6536057 0.757737013237507
135497025.6293515 0.7567275546044738
136171755.6050973 0.7557199073226224
136857731.08043885 0.754697319152567
137532461.05618465 0.7536933139890074
138207191.03193045 0.7526911095066735
138623274.51697367 0.7520739794668594
139039358.00201693 0.7514575320215169
140400063.4531043 0.7494463383647771
141074793.42885008 0.7484517475608596
141749523.40459588 0.7474589390215225
142424253.38034168 0.7464679092606754
143098983.35608745 0.7454786547991838
143784958.831429 0.7444747291125176
144459688.8071748 0.7434890442834649
145134418.7829206 0.7425051243003776
145809148.7586664 0.7415229657119194
146483878.7344122 0.7405425650736401
147169854.20975375 0.7395476230242728
147844584.18549955 0.7385707571361468
148519314.16124535 0.7375956388490206
149194044.13699114 0.7366222647459639
149868774.11273694 0.7356506314168639
150543504.08848274 0.7346807354584108
153928399.46680748 0.7298411911428313
154603129.44255328 0.7288816769077986
155963834.89364064 0.726951865765567
156638564.86938643 0.7259975109538443
157313294.84513223 0.7250448597397892
157988024.82087803 0.7240939087942575
158550299.80066618 0.7233027460919933
158988874.28490093 0.7226864560188029
159528658.2654976 0.7219289264406834
160203388.24124336 0.7209835347157258
160878118.21698916 0.7200398290744394
161552848.19273496 0.7190978062226173
162227578.16848075 0.7181574628726242
162913553.6438223 0.7172031654738849
163588283.6195681 0.7162661991455936
164263013.5953139 0.715330902441109
164937743.5710597 0.7143972720990573
165612473.5468055 0.7134653048645707
166287203.5225513 0.712534997489273
166961933.4982971 0.7116063467312677
168322638.94938445 0.7097385936402469
168997368.92513025 0.7088149207689133
169672098.90087605 0.7078928915582734
170346828.87662184 0.70697250279874
171021558.85236764 0.7060537512871279
171696288.82811344 0.7051366338266403
172371018.80385923 0.7042211472268568
173056994.2792008 0.7032920710935994
173731724.2549466 0.7023798637174986
174406454.23069236 0.7014692776161663
175081184.20643815 0.7005603096246635
175755914.18218395 0.6996529565843639
176430644.15792975 0.6987472153429406
176936691.6397391 0.6980689652621102
177453984.6211442 0.6973765768304707
178128714.59689 0.6964748780419217
178803444.5726358 0.6955747800164116
179478174.5483816 0.6946762796299096
180164150.02372316 0.6937644388249351
181513609.97521475 0.6919754511604725
182188339.95096055 0.6910833366079745
182863069.92670634 0.6901928041160368
183537799.90245214 0.6893038505979256
184223775.3777937 0.6884016966797821
184898505.3535395 0.6875159180613684
185573235.3292853 0.6866317091423781
186247965.3050311 0.685749066860728
186922695.2807769 0.6848679881604406
187597425.2565227 0.6839884699916323
188272155.23226848 0.6831105093105014
188946885.20801425 0.6822341030793158
189632860.6833558 0.6813446804795719
190307590.6591016 0.6804713998402412
190982320.6348474 0.6795996645236788
191657050.6105932 0.6787294715164092
192185589.09159407 0.6780488956384499
192725373.07219073 0.6773548128137612
193400103.04793653 0.6764885902001663
194074833.0236823 0.6756238991468346
194749562.9994281 0.6747607366677322
196099022.9509197 0.673038985517836
196773752.92666548 0.6721803909046953
197459728.40200704 0.6713090411818906
198246913.37371048 0.6703110593206174
198921643.34945628 0.669457282569988
199607618.82479784 0.6685908213807494
200282348.80054364 0.6677400813379342
200957078.77628943 0.6668908426756612
201631808.75203523 0.6660431024680684
202306538.72778103 0.6651968577951266
202981268.70352682 0.664352105742628
203655998.6792726 0.6635088434021753
204330728.6550184 0.6626670678711689
205016704.13035995 0.6618127839480542
205691434.10610574 0.6609739980105095
206366164.08185154 0.660136690161247
207040894.05759734 0.6593008575208399
207715624.03334314 0.6584664972156018
208390354.00908893 0.6576336063775747
209076329.4844305 0.656788337483094
210425789.4359221 0.6551299261072587
211100519.41166788 0.6543029088494718
211775249.38741368 0.6534773467573598
212449979.36315948 0.6526532369971909
213124709.33890527 0.6518305767408819
213799439.31465107 0.651009363165987
214474169.29039687 0.6501895934556869
215160144.76573843 0.6493576381807664
215834874.74148422 0.6485407717187033
216509604.71723002 0.6477253406577999
217184334.69297582 0.6469113422037214
217859064.6687216 0.6460987735677023
218275148.15376484 0.6455984010897661
218679986.1392123 0.6451120724401171
219354716.1149581 0.6443026633196312
220040691.59029967 0.6434812206360263
220715421.56604546 0.6426746741324145
221390151.54179126 0.641869542942731
222064881.51753706 0.6410658243126777
222739611.49328285 0.640263515493446
223414341.46902865 0.6394626137417061
224763801.42052025 0.6378650204947076
225202375.904755 0.6373470085230895
225640950.38898978 0.6368295868263871
226315680.36473557 0.6360347043352352
227001655.84007713 0.6352280014148802
227676385.81582293 0.6344359245946268
228351115.79156873 0.633645234935485
229025845.76731452 0.6328559297392642
229700575.74306032 0.632068006313152
230375305.71880612 0.6312814619697014
231050035.69455191 0.6304962940268215
231736011.16989347 0.6296994481940537
232410741.14563927 0.6289170478556819
233760201.09713084 0.6273563495440542
234547386.06883428 0.6264484613700843
235233361.54417583 0.6256588111611183
235908091.51992163 0.6248834746093818
236582821.49566743 0.6241094926657117
237268796.971009 0.6233239969698952
237943526.94675478 0.6225527388145207
238618256.92250058 0.6217828273393137
239292986.89824638 0.6210142599267512
239967716.87399217 0.6202470339645259
240642446.84973797 0.6194811468455347
241317176.82548377 0.6187165959678704
241991906.80122957 0.617953378734809
245792885.66459754 0.6136787164041617
246467615.64034334 0.612924280314366
247142345.61608914 0.6121711582172455
247783339.09304762 0.6114569069858847
248435578.0696019 0.610731337679818
249110308.0453477 0.6099820335010935
249785038.0210935 0.6092340333471682
250471013.49643505 0.6084749007199409
251145743.47218084 0.6077295226510759
251820473.44792664 0.6069854409825257
252495203.42367244 0.6062426531969423
253169933.39941823 0.6055011567819921
253844663.37516403 0.6047609492303468
254519393.35090983 0.604022028039673
255880098.80199718 0.602535772999444
256554828.77774298 0.6018007172211655
257229558.75348878 0.6010669378029396
257904288.72923458 0.6003344322673396
258590264.20457613 0.5995910216640578
259264994.18032193 0.5988610776093232
259939724.1560677 0.5981323999935008
260614454.1318135 0.5974049863589258
261289184.1075593 0.5966788342528286
261963914.0833051 0.5959539412273251
262638644.0590509 0.5952303048394073
263313374.03479668 0.5945079226509327
263999349.51013824 0.5937747839796468
264674079.48588404 0.5930549236967952
265348809.46162984 0.5923363102877057
266023539.43737563 0.5916189413336832
266698269.41312143 0.5909028144208495
267384244.888463 0.5901760228408612
268058974.8642088 0.5894623933881136
268733704.83995456 0.5887499987237768
269397189.3161046 0.5880506790719053
270060673.7922546 0.5873525488039633
271410133.7437462 0.5859362830616296
272084863.719492 0.5852299857913272
272759593.6952378 0.5845249090919797
273434323.6709836 0.5838210505972755
274120299.1463252 0.5831067075222174
274795029.12207097 0.5824052985615329
275469759.09781677 0.5817051006956302
276144489.07356256 0.5810061115770684
276819219.04930836 0.5803083288630814
277493949.02505416 0.5796117502155682
278179924.5003957 0.5789047938539225
278854654.4761415 0.5782106363140354
279529384.4518873 0.5775176758155205
280204114.4276331 0.5768259100389217
280878844.4033789 0.5761353366694008
281553574.3791247 0.5754459533967293
282228304.3548705 0.5747577579152789
282903034.3306163 0.5740707479240117
283589009.80595785 0.5733735006910669
284263739.78170365 0.572688874457676
284938469.75744945 0.5720054268007249
285613199.73319525 0.5713231554375227
286287929.70894104 0.5706420580899243
287637389.66043264 0.5692833763516254
288323365.1357742 0.568594504154508
288998095.11152 0.5679180995751301
289672825.0872658 0.5672428576509283
290347555.0630116 0.5665687761309107
291022285.0387574 0.5658958527685666
291697015.0145032 0.5652240853218575
292371744.990249 0.5645534715532088
293057720.46559054 0.5638728612667032
293732450.4413363 0.5632045672940076
294407180.4170821 0.5625374202763058
295081910.39282787 0.5618714179938615
295756640.36857367 0.561206558231357
296431370.34431946 0.5605428387778844
297106100.32006526 0.5598802574269368
297780830.29581106 0.5592188119764
298466805.7711526 0.5585475046252288
299141535.7468984 0.5578883432266264
299535128.2327501 0.5575043540605638
299928720.7186019 0.5571207487308263
300603450.6943477 0.556464031353243
301289426.16968924 0.5557975214998999
301964156.14543504 0.5551430697474491
302638886.12118083 0.5544897381690517
303313616.0969266 0.55383752459828
304663076.04841816 0.5525364428354536
305337806.02416396 0.5518875703320687
306012535.99990976 0.551239807213632
306698511.4752513 0.5505823831058012
307373241.4509971 0.549936850726878
308047971.4267429 0.5492924212752688
308722701.4024887 0.5486490926188718
309397431.3782345 0.5480068626298289
310072161.3539803 0.547365729184516
310746891.3297261 0.5467256901635362
311421621.3054719 0.5460867434517098
312096351.2812177 0.5454488869380667
312782326.75655925 0.5448015149153727
313457056.73230505 0.5441658505640058
314131786.70805085 0.5435312700681465
314806516.68379664 0.5428977713336475
315481246.65954244 0.542265352270529
316155976.63528824 0.5416340107929701
316841952.1106298 0.5409932494864762
317516682.0863756 0.5403640748120295
318191412.0621214 0.5397359714560283
318866142.0378672 0.5391089373492731
319540872.013613 0.5384829704266816
320890331.9651046 0.5372342298941973
321576307.44044614 0.5366010815234623
322251037.41619194 0.5359793804008406
322925767.39193773 0.5353587361644001
323600497.36768353 0.5347391467736575
324275227.3434293 0.5341206101921897
324949957.3191751 0.5335031243876245
325624687.2949209 0.5328866873316339
326288171.77107096 0.5322815449390799
326962901.74681675 0.531667181916187
327637631.72256255 0.5310538616146359
328312361.69830835 0.5304415820221247
328987091.67405415 0.5298303411303553
329673067.1493957 0.5292099756368277
330347797.1251415 0.528600823365632
331022527.10088724 0.5279927037609852
331697257.07663304 0.5273856148305887
332371987.05237883 0.5267795545861071
333046717.02812463 0.5261745210431609
333721447.0038704 0.5255705122213173
334407422.479212 0.52495748502981
335082152.4549578 0.524355536720803
335756882.4307036 0.5237546071824303
336431612.4064494 0.5231546944500352
337781072.357941 0.5219579115640853
338467047.83328253 0.5213510981534344
339141777.8090283 0.5207552498763783
339816507.7847741 0.5201604086080951
340491237.7605199 0.5195665724073234
341165967.7362657 0.5189737393366634
341851943.2116073 0.5183720520693644
342526673.1873531 0.5177812361002545
343201403.1630989 0.5171914174400805
343876133.13884467 0.5166025941668737
349959948.4201526 0.5113380043158801
350634678.3958984 0.5107590462982257
351309408.3716442 0.5101810627451818
351984138.34739 0.5096040517802098
352658868.3231358 0.509028011530503
353333598.2988816 0.5084529401269784
354019573.77422315 0.5078692754790929
354694303.74996895 0.5072961522451105
355369033.72571474 0.5067239922413967
356043763.70146054 0.5061527936137518
356718493.67720634 0.5055825545116628
357393223.65295213 0.5050132730882967
358079199.1282937 0.5044354834949315
358753929.1040395 0.5038681277875618
359428659.0797853 0.5033017242098512
360103389.055531 0.502736270929671
360778119.0312768 0.5021717661185354
361452849.0070226 0.5016082079515937
362127578.9827684 0.5010455946076233
362802308.9585142 0.5004839242690227
363252128.9423448 0.500110000372549
363690703.42657954 0.49974582681256263
364365433.40232533 0.4991863341401578
365051408.8776669 0.49861847713763885
365726138.8534127 0.49806087224024675
366400868.8291585 0.4975042007152002
369774518.7078875 0.49473478098055
370460494.183229 0.4941744947818223
371135224.1589748 0.4936243221400838
371809954.1347206 0.49307506858202
372484684.1104664 0.4925267323411958
373159414.0862122 0.4919793116546873
373834144.061958 0.4914328047630744
374508874.0377038 0.4908872099104341
375183604.0134496 0.49034252534433376
375869579.48879117 0.4897896940694014
376544309.46453696 0.4892468399314409
377039111.4467505 0.48884932218640476
377522667.9293683 0.488461308511816
378208643.4047099 0.48791166555943266
378883373.3804557 0.48737194140220974
379355684.36347777 0.4869946695053743
379816749.84690404 0.48662680461249075
380491479.82264984 0.4860892202482411
381008772.804055 0.4856776783722887
381514820.2858643 0.48527559128905573
382189550.2616101 0.48474025581111546
382864280.2373559 0.4842058109149854
383550255.71269745 0.4836633698114724
384224985.68844324 0.4831307157246483
384899715.66418904 0.48259894707209794
385574445.63993484 0.482068062154261
386249175.61568063 0.4815380592749543
386923905.59142643 0.481008936741365
387598635.5671722 0.4804806928640442
388273365.542918 0.4799533259568999
388959341.0182596 0.4794180668829218
389634070.9940054 0.4788924634171728
390308800.9697512 0.47836773185549225
390702393.4556029 0.47806204042935085
391017267.44428426 0.47781770027230586
391613278.9228597 0.47735571695299694
392288008.8986055 0.4768335333394521
392962738.8743513 0.47631221506993127
393637468.85009706 0.4757917604847921
394312198.82584286 0.47527216792768956
394986928.80158865 0.4747534357455693
395661658.77733445 0.4742355622886608
396347634.252676 0.4737099362228335
397022364.2284218 0.4731937895234968
397697094.2041676 0.4726784965923949
398371824.1799134 0.47216405579288273
399046554.1556592 0.4716504654915662
399721284.131405 0.47113772405829574
400407259.60674655 0.47061730546505504
401081989.58249235 0.47010627097026203
401756719.55823815 0.4695960804454906
402184048.54287714 0.4692733955655078
402622623.02711195 0.468942569879193
403297353.00285774 0.46843430036249367
403972082.97860354 0.46792686951810025
404658058.4539451 0.4674118395923779
405332788.4296909 0.46690609518661425
406007518.4054367 0.46640118461610314
406682248.3811825 0.46589710628379316
407356978.3569283 0.46539385859580507
412777309.1620861 0.46138104881549286
413170901.6479379 0.46109172375688
413283356.6438955 0.46100911043529225
413542003.1345981 0.4608191857211721
414070541.6155989 0.4604314508369203
414576589.0974083 0.46006068302266434
415082636.5792176 0.45969037208741226
415588684.061027 0.459320517375347
416094731.5428363 0.4589511182316286
416769461.5185821 0.4584592935718809
417444191.4943279 0.45796827610189456
418118921.4700737 0.4574780642775335
418793651.4458195 0.45698865655772763
419479626.92116106 0.4564919147760219
420154356.89690685 0.45600412399188955
420829086.87265265 0.4555171326819314
421503816.84839845 0.4550309393173311
422178546.82414424 0.45454554237230765
422853276.79989004 0.45406094032410943
423539252.2752316 0.4535690748881813
424011563.25825363 0.4532308892974999
424506365.24046725 0.45287701521850454
425181095.21621305 0.45239514391743907
425855825.19195884 0.45191406077353047
426530555.16770464 0.4514337642804304
427205285.14345044 0.45095425293478136
427891260.618792 0.45046755307193376
428565990.5945378 0.44998962054620384
429240720.5702836 0.4495124686508526
429915450.5460294 0.4490360958944735
430590180.5217751 0.4485605007886209
431264910.4975209 0.4480856818478034
431939640.4732667 0.4476116375894784
432614370.4490125 0.44713836653404604
433289100.4247583 0.44666586720484347
433952584.90090835 0.44620199397559784
434627314.87665415 0.4457310208795926
435302044.85239995 0.4452608151218317
435976774.82814574 0.44479137523729273
436651504.80389154 0.44432269976386074
437326234.77963734 0.44385478724232263
438012210.2549789 0.4433798568092071
438686940.2307247 0.4429134784804686
439361670.2064705 0.44244785871918696
440036400.1822163 0.44198299607774705
440711130.1579621 0.441518889111406
441385860.1337079 0.44105553637828854
442060590.1094537 0.44059293643938047
442735320.0851995 0.4401310878585234
443421295.56054103 0.439662310570185
444096025.53628683 0.43920197287115015
444770755.5120326 0.4387423822149979
445445485.4877784 0.43828353717698254
446120215.4635242 0.43782543633518567
446794945.43927 0.43736807827050994
447469675.4150158 0.43691146156667393
448144405.3907616 0.4364555848102064
448830380.8661032 0.43599286720246977
449505110.84184897 0.43553847838510695
449898703.3277007 0.43527375808216384
450292295.8135524 0.4350092878432005
450967025.7892982 0.4345564912712154
451653001.26463974 0.4340968991658368
452327731.24038553 0.43364557870503095
453002461.2161313 0.4331949880970489
453677191.1918771 0.4327451259512518
454351921.1676229 0.43229599087975923
455026651.1433687 0.4318475814974443
455701381.1191145 0.431399896421928
456387356.5944561 0.430945491021388
457062086.5702019 0.43049926243748293
457736816.5459477 0.43005375400679124
458411546.52169347 0.4296089643579155
459086276.49743927 0.4291648921221787
459761006.47318506 0.4287215359336185
460435736.44893086 0.4282788944289825
461121711.9242724 0.42782960681373106
461796441.9000182 0.4273884024525988
462471171.875764 0.4269479086792718
463145901.8515098 0.42650812414132566
463820631.8272556 0.4260690474890185
464495361.8030014 0.4256306773752854
465170091.7787472 0.4251930124557331
465856067.25408876 0.42474877465974725
466530797.22983456 0.4243125278032631
467205527.20558035 0.42387698210150515
467880257.1813261 0.42344213622075744
468554987.1570719 0.42300798882994894
469229717.1328177 0.4225745386006481
469904447.1085635 0.42214178420705795
470590422.58390504 0.4217025292045331
471265152.55965084 0.421271174057511
471939882.53539664 0.42084051076261847
472614612.51114243 0.42041053800458655
473289342.48688823 0.41998125447075463
473964072.462634 0.41955265885106463
474638802.4383798 0.4191247498380561
475324777.9137214 0.4186904115302833
475999507.8894672 0.41826388320759456
476674237.865213 0.4178380375630997
477348967.8409588 0.4174128732997198
478023697.8167046 0.4169883891229473
478698427.79245037 0.4165645837408412
479373157.76819617 0.41614145586402185
480047887.74394196 0.41571900420566577
480733863.2192835 0.4152902035803202
481408593.1950293 0.41486911172531576
482083323.1707751 0.4144486922222921
482758053.1465209 0.4140289437946415
483432783.1222667 0.4136098651682872
484040040.10043794 0.4132332660336875
484647297.0786091 0.41285720748293375
485333272.55395067 0.4124330496819998
486008002.52969646 0.41201651579780685
486682732.50544226 0.41160064561339627
487357462.48118806 0.41118543786931117
488032192.45693386 0.4107708913085907
488706922.43267965 0.41035700467676556
489381652.40842545 0.40994377672185267
490056382.38417125 0.4095312061943506
490742357.8595128 0.40911243216033005
491417087.8352586 0.40870118365411234
492091817.8110044 0.4082905888209585
492766547.7867502 0.40788064642128385
498198124.09150386 0.4046042253707433
498872854.06724966 0.40420013153222467
499558829.5425912 0.40378995899240955
500233559.518337 0.4033871548017019
500908289.4940828 0.4029849882790606
501583019.4698286 0.40258345821661534
502257749.4455744 0.40218256340888925
502932479.4213202 0.40178230265279335
503618454.89666176 0.4013760196373619
504293184.87240756 0.400977033902194
