1.0 0.9993893514653259
4678128.831837515 0.9881836215596591
16643340.401729623 0.9603454994244265
27180373.522959795 0.9367558927006949
31633591.362882044 0.9270329657846562
33893936.78163046 0.9221520051563888
42552971.47036817 0.9037812715289215
62794870.74274203 0.862746822273889
83227943.50824387 0.8238046307188638
83902673.48398967 0.8225581776838812
88018526.33603902 0.8150071498894187
93899922.62462321 0.8043703481464617
97959547.97869374 0.7971311470575212
104886775.7296839 0.7849671065789393
106922211.15651706 0.7814372398764051
116233484.82180904 0.7655389426101388
116908214.79755484 0.764402504088937
127647666.91150874 0.7465894585923986
133045506.7174751 0.7378271058849756
139174303.9971661 0.7280279861443457
143233929.3512366 0.7216229725784342
145932849.2542198 0.7174019423925554
147282309.2057114 0.7153024292569112
161125519.20809597 0.6941782890002792
163824439.11107916 0.6901455205230521
167602926.9752556 0.6845453590856179
168682494.93644887 0.6829550131507419
171381414.83943206 0.6789978268778554
172742120.29051942 0.677012796899589
176115770.16924837 0.6721200243790257
177184092.6308459 0.6705791375202904
178263660.59203917 0.6690261511149239
180287850.51927656 0.6661254072134498
180962580.49502236 0.6651616964758432
186787749.28562772 0.656907577704636
187192587.2710752 0.6563382861822756
188542047.22256678 0.654444696659202
189228022.69790834 0.6534845029410322
191926942.60089153 0.6497221809950602
198685487.85794523 0.6404077660688678
200720923.2847784 0.637632168303972
204038345.66552857 0.6331373294482833
207367013.54587448 0.628662927255443
210740663.42460346 0.6241641024063695
212090123.37609506 0.6223746387556731
214271750.29767314 0.6194937439992082
220366811.0785768 0.6115232578849463
222391001.0058142 0.6089014175420758
227541439.82067376 0.6022860904407144
231601065.1747443 0.5971275968339865
233625255.1019817 0.5945736412036521
234985960.55306906 0.5928635482594963
235660690.52881485 0.5920175671647909
238359610.431798 0.5886468283847635
240395045.85863116 0.5861186047074647
241069775.83437696 0.5852831374672416
241744505.81012276 0.5844489691371203
242419235.78586856 0.5836160969601468
243487558.24746606 0.5823000267877296
243892396.23291355 0.5818021503917217
244567126.20865935 0.580973386065221
245714167.16742718 0.579567433723646
246197723.650045 0.578975837657811
248907889.05262396 0.5756722709884745
250167385.00734943 0.5741439740232407
250763396.4859249 0.573422296644983
254823021.83999544 0.5685327884283843
261581567.09704915 0.5604923188438891
262065123.57966697 0.5599217641316814
262391243.0679441 0.5595373246256762
263302128.53520092 0.5584650499484025
263482056.52873313 0.5582535043210582
266664532.91433415 0.5545259996565053
268013992.86582574 0.5529535149302567
268688722.8415715 0.5521690683479554
271005295.75829875 0.5494848741737712
272354755.70979035 0.5479277153877414
275739651.0881151 0.5440425904222177
276414381.0638609 0.5432716747339021
279124546.46643984 0.5401869011201628
281823466.36942303 0.5371334974143646
282498196.3451688 0.5363730251483955
283172926.3209146 0.5356136998934377
283858901.7962562 0.5348428927813963
286557821.6992394 0.5318216507923488
287232551.6749851 0.5310691802553404
287907281.6507309 0.5303178413522804
289267987.10181826 0.5288060746417451
291292177.02905566 0.5265656268400655
293991096.93203884 0.523594015501697
295351802.3831262 0.5221025724742477
296701262.3346178 0.5206278982118793
298050722.2861094 0.519157631649206
303898382.0759063 0.5128370095019025
308958856.89399976 0.507432777881391
309251239.8834896 0.5071223726311473
309386185.87863874 0.5069791761000609
309532377.3733837 0.5068240945588206
309644832.3693413 0.5067048350468105
310488244.83902353 0.5058113296395924
311162974.8147693 0.5050977190907098
311837704.7905151 0.5043851675768533
313873140.2173483 0.502242033766132
314266732.70320004 0.5018287211325954
314671570.6886475 0.5014039723822488
315357546.16398907 0.500685121121006
316032276.13973486 0.49997911016153695
316707006.11548066 0.4992741444242669
317246790.09607726 0.49871092312393733
317797819.5762697 0.4981366557878308
319822009.5035071 0.49603305014634297
324050317.35151404 0.4916688356651439
325253585.80826074 0.4904342552173866
325793369.78885734 0.4898814792171632
327941260.2116481 0.48768833916906745
329290720.1631397 0.4863157028265706
329976695.63848126 0.4856194943238498
331326155.58997285 0.48425294067275926
332675615.54146445 0.48289040190625043
333350345.51721025 0.48221063368637945
333946356.9957857 0.4816110023145802
334531122.9747654 0.4810234407169296
335217098.450107 0.4803351386048354
335610690.9359587 0.479940674956223
336679013.3975562 0.4788716894572555
337353743.373302 0.47819781968265795
338714448.82438934 0.4768418527937977
340063908.77588093 0.4755010471972573
342088098.7031183 0.4734971935581275
342762828.6788641 0.47283119680740504
343437558.6546099 0.4721661744658334
344123534.1299515 0.4714910655851297
344798264.1056973 0.47082800317777057
345472994.0814431 0.47016591010703934
346147724.05718887 0.46950478470071666
347497184.00868046 0.4681854302153148
348183159.484022 0.4675162354211854
348857889.4597678 0.4668589800446719
350207349.4112594 0.46554734567917416
350882079.3870052 0.464892963404694
351568054.86234677 0.4642286531653777
352242784.83809257 0.46357619397042765
352917514.8138383 0.4629246859120004
353592244.7895841 0.4622741273672439
354266974.7653299 0.4616245167176526
361182957.01672435 0.4550202819401128
