1.0 0.9908286976336587
787185.9717034281 0.9888787091375422
6072570.7817121595 0.9759049889339256
6466163.267563874 0.9749470986632812
6871001.2530113505 0.9739630241168871
23581813.652315553 0.9343721158635572
26786781.037108082 0.9270040882350288
27461511.012853876 0.9254619671677103
29451964.441303972 0.920930927415019
32589458.828521922 0.9138437094384632
33264188.80426772 0.9123283073789374
35299624.231100865 0.9077754589452263
37323814.158338256 0.9032753619205136
42744144.96349614 0.8913593370960862
43834958.42428518 0.888984724378868
43969904.41943434 0.8886914997881785
45038226.88103185 0.8863743403222549
47748392.28361079 0.8805294142650284
49097852.235102385 0.8776368229355633
49772582.21084818 0.8761949303160478
50447312.18659398 0.8747559651152818
51796772.13808557 0.8718867932083595
52471502.11383136 0.8704565746515266
53820962.06532295 0.8676048427945944
55170422.016814545 0.8647646787044201
56519881.96830614 0.8619360354574974
57205857.4436477 0.860502543543007
57880587.41939349 0.8590954379873452
59230047.37088508 0.8562897914517011
59904777.34663088 0.8548912388834239
60579507.32237667 0.8534955257422487
62547469.75163524 0.8494408600909366
63053517.23344459 0.8484021107319047
63570810.214849696 0.8473419132638587
64245540.19059549 0.8459615272260184
64920270.16634129 0.8445839437324684
66944460.093578674 0.8404679516763137
67574208.07094142 0.8391925305452147
68203956.04830416 0.8379195263866864
68878686.02404995 0.8365582702558317
69553415.99979575 0.8351997778305493
70902875.95128734 0.832491061663911
72016180.4112679 0.8302646444170365
72702155.88660946 0.8288965242805374
73376885.86235526 0.8275535872011829
74726345.81384686 0.8248758870462483
75401075.78959265 0.8235411129108363
78111241.19217159 0.818207017474188
78785971.16791739 0.8168857828861653
80135431.11940898 0.8142513556181386
80821406.59475054 0.8129162879342469
82834351.02239215 0.8090145166104867
84183810.97388375 0.8064120183509159
85533270.92537534 0.803820076866565
86657820.88495167 0.8016681589333396
87107640.86878219 0.8008094306056539
87782370.84452799 0.7995235176637133
90492536.24710694 0.7943846839285675
91167266.22285274 0.7931118149006451
91841996.19859853 0.7918415301293422
93742485.63028252 0.7882774068572211
94428461.10562408 0.786995951064947
95103191.08136988 0.7857380830947702
99837546.4111862 0.7769835771146214
100253629.89622945 0.7762201300571347
100669713.38127269 0.7754576392033893
101344443.35701849 0.7742231970201561
102019173.33276428 0.7729912610769903
103368633.28425586 0.7705348875678993
104706847.7361517 0.7681088237791418
105359086.71270597 0.7669299124314479
106033816.68845177 0.7657127837609718
106708546.66419756 0.7644981261796009
108058006.61568914 0.7620762042265302
108732736.59143494 0.7608689298514514
109407466.56718074 0.7596641065586791
110093442.0425223 0.7584417104477498
110768172.0182681 0.7572418150443223
111442901.99401389 0.7560443557419573
112117631.96975969 0.7548493275947322
112792361.94550548 0.7536567256667658
113467091.92125128 0.7524665450321979
114141821.89699706 0.7512787807751693
114816551.87274286 0.7500934279898009
115502527.34808442 0.7488907863712176
116177257.32383022 0.7477102818381783
116851987.29957601 0.7465321740376595
117526717.27532181 0.7453564581036668
118201447.25106761 0.7441831291800853
118876177.2268134 0.7430121824206593
119550907.2025592 0.7418436129889716
120225637.178305 0.740677416058425
120911612.65364656 0.739494209690275
121586342.62939234 0.7383327826620132
122092390.11120169 0.7374632600904182
123284413.0683526 0.735420281745329
123959143.04409839 0.7342671258547613
124633873.01984419 0.7331163111718118
125308602.99558999 0.7319678329432165
125994578.47093154 0.7308026037111943
126669308.44667734 0.7296588229129899
127344038.42242314 0.7285173642885127
128018768.39816894 0.7273782231231418
128693498.37391473 0.7262413947118292
130042958.32540631 0.7239746573789274
130717688.30115211 0.7228447390949259
131403663.77649367 0.7216983405115256
132078393.75223947 0.7205730437452245
132753123.72798526 0.7194500316252277
133427853.70373106 0.7183292995131054
134102583.67947686 0.717210842779845
134777313.65522265 0.716094656805832
135452043.63096845 0.7149807369808302
135901863.61479896 0.7142393804634137
136351683.5986295 0.7134990277173946
137026413.5743753 0.712390377697268
137701143.5501211 0.7112839785261943
138094736.0359728 0.7106396166466888
138499574.0214203 0.7099776409029174
139174303.9971661 0.7088761402175918
139849033.97291186 0.7077768758662981
140411308.95270005 0.7068625272750281
140973583.9324882 0.7059497259177003
142334289.38357556 0.7037471334431197
143009019.35932136 0.7026582823149253
143683749.33506715 0.7015716418388511
144358479.31081295 0.7004872075266948
145033209.28655875 0.699404974899366
145707939.26230454 0.6983249394868686
146382669.23805034 0.697247096828281
147068644.7133919 0.6961535334135958
147743374.6891377 0.6950800992763381
148418104.6648835 0.6940088444906738
149092834.6406293 0.6929397646319491
149767564.61637506 0.6918728552844926
150341085.095759 0.6909676856118547
150903360.07554716 0.6900817810405568
152264065.5266345 0.6879440905930965
153613525.4781261 0.6858327024562461
154288255.4538719 0.6847802223007489
154962985.4296177 0.6837298789547778
155637715.4053635 0.6826816680800503
156323690.88070506 0.6816181686403462
156998420.85645086 0.6805742450889339
157673150.83219665 0.6795324409749021
158347880.80794245 0.678492751995238
159022610.78368825 0.6774551738556653
159697340.75943404 0.6764197022706264
160372070.7351798 0.6753863329632639
161046800.7109256 0.6743550616654039
161732776.18626717 0.6733087488729007
162407506.16201296 0.6722816956131892
163082236.13775876 0.6712567275397506
163756966.11350456 0.6702338404191108
164431696.08925036 0.669213030026391
164892761.57267666 0.6685166684956813
165353827.05610296 0.667821273369548
166703287.00759453 0.665791511433222
167378016.98334032 0.6647797201281737
168052746.95908612 0.6637699830236358
168727476.93483192 0.6627622959490435
169211033.41744974 0.6620413789465968
169694589.90006757 0.6613215111950854
170369319.87581336 0.6603187951575495
171055295.35115492 0.6593014541149758
171730025.32690072 0.6583028393207009
172404755.30264652 0.6573062519751707
173079485.27839231 0.6563116879621336
173754215.2541381 0.6553191431736951
174428945.2298839 0.6543286135103008
175103675.2056297 0.6533400948807193
175778405.1813755 0.6523535832020259
176464380.65671706 0.6513526828651863
177813840.60820863 0.6493897241224875
178488570.58395442 0.6484112327277325
179163300.55970022 0.6474347279259541
179838030.53544602 0.6464602056838489
180512760.51119182 0.6454876619763015
181187490.4869376 0.6445170927863694
181637310.47076815 0.6438711416339952
182087130.45459867 0.643226065077376
182761860.43034446 0.6422600875195478
183436590.40609026 0.6412960711483321
184111320.38183606 0.6403340119820069
184786050.35758185 0.6393739060469339
185472025.8329234 0.638399796591781
186146755.8086692 0.6374436176188712
186821485.784415 0.6364893799388819
187496215.7601608 0.6355370796104804
188170945.7359066 0.6345867127003362
188845675.7116524 0.6336382752831038
189531651.18699396 0.6326760045356737
190881111.13848555 0.6307888058735658
191555841.11423135 0.6298480791985863
192230571.08997715 0.6289092624443184
192905301.06572294 0.627972351733123
193580031.04146874 0.6270373431952336
195615466.46830186 0.6242282192846651
196290196.44404766 0.6233008123129664
196964926.41979346 0.6223752882194953
197639656.39553925 0.6214516431815162
198325631.8708808 0.6205145264198577
199000361.8466266 0.6195946592140278
199461427.3300529 0.6189671576328254
199922492.81347921 0.6183405268929203
201271952.7649708 0.6165114786636283
203307388.19180393 0.6137666897966874
203982118.16754973 0.6128605224604765
204656848.14329553 0.6119561948804741
205331578.11904132 0.6110537033214936
206017553.59438288 0.6101380485705723
206692283.57012868 0.609239248323143
207367013.54587448 0.6083422728748037
208041743.52162027 0.6074471185207349
208716473.49736607 0.6065537815636382
209391203.47311187 0.6056622583137224
210065933.44885767 0.6047725450886872
210740663.42460346 0.6038846382137081
211426638.89994502 0.6029837808700911
212101368.87569082 0.6020995056533278
212776098.85143661 0.6012170257460407
213450828.8271824 0.6003363375032815
214125558.8029282 0.5994574372875026
214800288.778674 0.598580321468541
215475018.7544198 0.5977049864236043
216644550.71237916 0.5961919468140183
217319280.68812495 0.5953214607929487
218005256.1634665 0.5944382783931876
218679986.1392123 0.5935713527766785
219354716.1149581 0.5927061872454161
220029446.0907039 0.5918427782259668
220704176.0664497 0.5909811221521517
221378906.0421955 0.5901212154650325
222053636.0179413 0.5892630546128963
222728365.9936871 0.5884066360512412
223414341.46902865 0.5875377262902752
224089071.44477445 0.5866848105953638
224763801.42052025 0.5858336265418916
225438531.39626604 0.584984170614173
226113261.37201184 0.5841364393036605
226787991.34775764 0.5832904291089299
228148696.798845 0.581589529625359
228823426.7745908 0.5807486903219015
229498156.7503366 0.5799095581416474
230172886.72608235 0.5790721296186903
230847616.70182815 0.5782364012941597
231522346.67757395 0.5774023697162076
232197076.65331975 0.5765700314399947
232883052.1286613 0.5757255531848231
233557782.1044071 0.5748966192837207
234232512.0801529 0.5740693683347392
234626104.5660046 0.5735875811187603
235019697.05185634 0.5731063647340517
235536990.03326145 0.5724747759074374
236043037.5150708 0.5718578687730922
236717767.4908166 0.571036787280566
237392497.4665624 0.5702173727977159
238078472.94190395 0.5693860068344723
238753202.91764975 0.5685699438666652
239427932.89339554 0.5677555377196155
240102662.86914134 0.5669427850295439
240777392.8448871 0.5661316824394994
242126852.7963787 0.5645144141657545
242812828.27172026 0.56369481947218
243487558.24746606 0.5628903110996751
244162288.22321185 0.5620874360890751
244837018.19895765 0.5612861911242278
245511748.17470345 0.5604865728957138
246186478.15044925 0.5596885781008324
250920833.4802656 0.554134696152964
251595563.45601138 0.5533495973250939
252281538.93135294 0.5525530475240379
252956268.90709874 0.5517711598555279
253361106.8925462 0.5513027894300936
253765944.87799367 0.5508349897850457
254440674.85373947 0.5500565902219716
255790134.80523106 0.5485045289498556
256464864.78097686 0.5477308608302627
257139594.75672266 0.5469587634587894
257825570.23206422 0.5461754047454407
258500300.20781 0.5454064653556074
259175030.1835558 0.544639087113335
259849760.1593016 0.5438732668490848
260524490.1350474 0.5431090013997539
261210465.61038896 0.5423335888401858
261885195.58613476 0.5415724493388714
262559925.56188056 0.5408128551493024
263234655.53762636 0.5400548031340915
263909385.51337215 0.5392982901622212
264584115.48911795 0.5385433131090306
265258845.46486375 0.5377898688562028
265933575.4406095 0.537037954291752
266529586.91918498 0.5363750330134471
267125598.39776042 0.535713300757142
267800328.37350622 0.5349656021676193
269149788.32499784 0.5334747559761194
269824518.30074364 0.5327316022164306
270510493.7760852 0.5319776092687295
271185223.751831 0.5312374951073834
271859953.7275768 0.5304988835708395
272534683.7033226 0.5297617716083765
273209413.6790684 0.5290261561754661
273884143.6548141 0.5282920342337619
274558873.6305599 0.5275594027510857
275233603.6063057 0.5268282587014157
275919579.0816473 0.5260864506300367
277943769.00888467 0.5239064219356363
278618498.98463047 0.5231826943898288
279293228.96037626 0.5224604361997052
279967958.93612206 0.5217396443820888
280642688.91186786 0.5210203159598596
282003394.3629552 0.5195741095787066
282396986.8488069 0.5191568894493477
282790579.3346587 0.5187401636508349
283465309.3104044 0.5180269249568029
284140039.2861502 0.5173151343233404
284814769.261896 0.5166047888105054
285489499.2376418 0.5158958854843249
286164229.2133876 0.5151884214167824
286850204.68872917 0.514470638709303
287378743.16973007 0.5139186037035086
287907281.6507309 0.5133674468314142
288582011.6264767 0.5126651161537571
289256741.6022225 0.5119642113905413
289931471.5779683 0.5112647296467873
290617447.05330986 0.510555045688401
291292177.02905566 0.5098584249185216
291966907.00480145 0.5091632184704764
292641636.98054725 0.5084694234728216
293316366.95629305 0.5077770370599438
293991096.93203884 0.507086056372047
294665826.90778464 0.5063964785551416
295824113.3661483 0.5052159663001491
296307669.8487661 0.5047243484020807
296982399.8245119 0.5040395654682343
297657129.8002577 0.5033561728223163
298331859.7760035 0.5026741676416785
299006589.7517493 0.5019935471094034
299681319.7274951 0.5013143084142921
300356049.7032409 0.5006364487508537
301030779.67898667 0.499959965319293
301716755.1543282 0.4992736151124504
302391485.130074 0.4985998985885483
303066215.1058198 0.4979275498848663
303740945.0815656 0.4972565662243713
304415675.0573114 0.4965869448356681
305090405.0330572 0.49591868295298885
305765135.008803 0.4952517778161801
306439864.9845488 0.4945862266706928
313277128.73877287 0.48791772795266486
313951858.71451867 0.4872670668406448
314626588.69026446 0.48661772674032433
315301318.66601026 0.4859697049697039
315976048.64175606 0.4853229988522291
316650778.6175018 0.48467760571678
317336754.09284335 0.4840227992701396
318686214.04433495 0.48273859744446024
319360944.02008075 0.4820984513176516
320035673.99582654 0.48145960485437045
320710403.97157234 0.4808220554159598
321385133.94731814 0.4801858003691193
322059863.92306393 0.47955083708589563
322745839.3984055 0.4789066126149423
323420569.3741513 0.4782742464163397
324770029.3256429 0.47701336301725683
325444759.3013887 0.47638484060889164
326119489.2771345 0.475757594264863
326794219.2528803 0.4751316213944267
327480194.72822183 0.47449651846493646
328154924.70396763 0.4738731059071135
328829654.6797134 0.4732509590392934
329504384.6554592 0.472630075291794
330179114.631205 0.4720104521001506
330853844.6069508 0.4713920869051047
331528574.5826966 0.4707749771525941
332203304.5584424 0.47015912029374185
332889280.033784 0.4695342809218088
333564010.00952977 0.46892094299971077
334238739.98527557 0.46830885031346803
334913469.96102136 0.4676980003349259
335588199.93676716 0.4670883905410627
336150474.9165553 0.4665813279261124
336723995.39593923 0.466065007997907
337398725.371685 0.46545871360413227
338748185.3231766 0.4642498151244093
339422915.2989224 0.463647206045292
340108890.774264 0.4630358076771266
340783620.7500098 0.46243566334954767
341458350.7257556 0.461836737471374
345180611.0919532 0.458554453682802
345855341.067699 0.4579634076718096
346530071.0434448 0.45737356163825854
347204801.0191906 0.45678491314588066
347879530.9949364 0.4561974597633537
348441805.97472453 0.4557088264583853
349004080.9545127 0.4552210200041913
349678810.9302585 0.45463674173231194
350364786.4056001 0.45404394153335537
351039516.38134587 0.4534620530375268
351714246.35709167 0.45288134592698703
352388976.33283746 0.45230181780321455
353063706.30858326 0.45172346627255794
