1.0 1.0
5813924.291009605 0.9648105004867766
6915983.251394404 0.964059810811104
8006796.71218344 0.9575989268468407
8422880.19722668 0.9555910161602498
9097610.172972476 0.9519401020015985
9491202.65882419 0.950566839263386
9884795.144675903 0.9480052233089825
10570770.620017463 0.9448999303813408
11245500.595763259 0.9430324158554674
11920230.571509054 0.9418111125173046
12594960.54725485 0.9406406669759844
13269690.523000645 0.9371586989274945
15192670.953876162 0.9253449555145918
15754945.933664326 0.9228272389414935
16429675.90941012 0.9191185085809412
17115651.384751678 0.9166020199626014
17790381.360497475 0.9142539658079167
19083613.814010248 0.9062554778295531
19567170.29662807 0.9037949634835962
23188221.166463837 0.9650959999654992
23638041.150294367 0.963768683199856
24312771.126040164 0.9609893099349521
24785082.10906222 0.9593073189058596
25246147.592488516 0.9582506638388234
25898386.569042783 0.9558840880292692
26550625.545597054 0.953722580664378
27225355.521342847 0.9513305247948955
27900085.497088645 0.9493647738831058
28316168.982131884 0.9477297521248343
28732252.467175126 0.9466064805108418
29406982.44292092 0.9442010194672696
30081712.418666717 0.9440873313212389
30756442.39441251 0.9439090732247554
31431172.370158307 0.9423366771539261
32105902.3459041 0.9404812375138911
32791877.82124566 0.9387893205184776
33466607.796991456 0.9362687387176096
34141337.77273725 0.9338823109754132
34816067.74848305 0.9316343351309235
35490797.724228844 0.9304904952707972
36165527.69997464 0.9273078411986118
38189717.627212025 0.9168027905682294
38875693.10255358 0.9151299068689523
40225153.05404518 0.913467767772502
41574613.005536765 0.9069787431822868
42249342.98128256 0.9053088270390329
42924072.95702836 0.9035838575933943
43542575.434795335 0.9018346360373466
44149832.41296655 0.8989510912797195
44824562.38871235 0.8956280410415774
45510537.864053905 0.8948603646610324
46185267.8397997 0.891597279549548
46859997.8155455 0.8905806353377955
47534727.79129129 0.8903397515433911
48209457.767037086 0.8889772334080054
48884187.74278288 0.8862361314023598
49570163.21812444 0.8831360572837513
50919623.169616036 0.88371994976878
51594353.145361826 0.8815301994496835
52269083.12110762 0.8800949249935491
52898831.09847037 0.8782831800783126
53539824.57542887 0.8759865976899907
54214554.55117467 0.8734255957103467
54889284.52692046 0.8707379097340746
55575260.00226202 0.8688146255975642
56249989.978007816 0.8667865559830924
56924719.95375361 0.8639285936084077
57599449.92949941 0.8635005490494502
58274179.90524521 0.8614488413045682
58948909.880991 0.8597314442439872
59634885.356332555 0.8579408303828976
60590752.82197244 0.8588640988715001
61220500.799335174 0.8563435170706319
61839003.27710216 0.8541338636469077
62266332.26174116 0.8525455041642184
62682415.746784404 0.8501199865262581
63368391.22212596 0.8486210119229227
64043121.19787175 0.8481554635744661
64717851.17361755 0.8470438063665523
65313862.652193 0.8454546282473574
65898628.631172694 0.8436352597803171
66573358.60691849 0.8412215612049421
67259334.08226004 0.839761318340625
67934064.05800584 0.8377048522717089
68608794.03375164 0.8346640781382524
69283524.00949743 0.8315948563836052
74017879.33931376 0.8520772952497382
74692609.31505956 0.85144837775166
75367339.29080535 0.8498418036093399
76042069.26655115 0.8482326712292495
76728044.74189271 0.8466628845629369
77402774.71763851 0.8454007005662385
78077504.6933843 0.8435751411586594
78752234.6691301 0.8422311446781433
79426964.6448759 0.8410910398490388
80101694.62062168 0.8393600841246076
80776424.59636748 0.8369798984792176
81451154.57211328 0.8356426557524926
82137130.04745483 0.8344380832959492
83486589.99894643 0.834688739561675
84161319.97469223 0.8328573985318102
84802313.45165072 0.8316056521531783
85184660.43790668 0.8308103467879483
85589498.42335416 0.8301338460442895
86264228.39909996 0.8292300201753157
86938958.37484574 0.8273012614065188
87613688.35059154 0.8258930019550706
88299663.8259331 0.824211420244231
88974393.8016789 0.8224381512447596
89649123.7774247 0.8212063591270232
90323853.75317049 0.81996157115345
90998583.72891629 0.8185937318860169
91684559.20425785 0.8175052011567677
92359289.18000364 0.8162868653746281
93034019.15574944 0.81459863224349
94383479.10724102 0.814025023876289
95046963.58339106 0.8136683030163363
95699202.55994533 0.8125040995770617
96385178.03528689 0.8108253319272455
97059908.01103269 0.8092255115387166
97734637.98677848 0.8081462928010289
98409367.96252427 0.8067153673506757
99084097.93827006 0.8054956501240172
99758827.91401586 0.8037408516074298
100433557.88976166 0.8017833382274429
101119533.36510321 0.8009230024267607
101704299.3440829 0.7999592625978754
102289065.3230626 0.7978126441903248
102975040.79840416 0.7962907989263386
103649770.77414995 0.795313295771857
104324500.74989575 0.7940533118614225
104999230.72564155 0.79255776529387
106359936.17672889 0.7919026002661043
107034666.15247469 0.7915076081521326
107709396.12822048 0.7899620224294828
108125479.61326373 0.7893310583401404
108530317.59871121 0.7884046176390082
109205047.574457 0.7869521518214946
109891023.04979856 0.7857348393376067
110565753.02554436 0.7839735940624668
111240483.00129014 0.782335911727693
111746530.48309949 0.7817205529039436
112263823.4645046 0.7803635094008442
112938553.4402504 0.7787907040117621
113613283.4159962 0.778061043061983
114288013.39174199 0.7765860647405644
114973988.86708355 0.7754868917367418
115648718.84282935 0.7740906560096251
116323448.81857514 0.7721996056815947
117672908.77006674 0.7723905526491551
118358884.2454083 0.7705863801189762
119033614.2211541 0.7688235998990784
119708344.19689988 0.7661125316156491
120383074.17264567 0.7658918579106325
121057804.14839147 0.7651757556299429
121732534.12413727 0.7638249542288892
122407264.09988306 0.7628138358161695
123093239.57522462 0.7608808815313517
123767969.55097042 0.7597008170084705
124442699.52671622 0.7585554933703327
125117429.50246201 0.7575834648533769
125792159.47820781 0.7567047097260785
126466889.45395361 0.7553561595780349
126995427.93495448 0.7543962571136641
127535211.91555111 0.7531497295388262
128884671.8670427 0.7530688380145282
129570647.34238426 0.7513302075715468
130245377.31813006 0.7499262971311191
130638969.80398177 0.7493591866944561
131032562.28983349 0.7480227625937582
131707292.26557928 0.7465674827152212
132382022.24132508 0.7453358952539917
133056752.21707088 0.7443421728643971
133731482.19281666 0.7430253960503131
134417457.66815823 0.7415091789083736
135092187.64390403 0.7405818172424823
135766917.61964983 0.7388136647185516
136441647.59539562 0.7378587764014679
137116377.57114142 0.7373315744918352
137791107.5468872 0.73634869903856
138465837.522633 0.7351614202821277
139140567.49837878 0.7342178905426303
139826542.97372034 0.7326639649599244
140501272.94946614 0.7316642051300302
141176002.92521194 0.7313271827129593
141727032.40540433 0.7311238027028145
142289307.3851925 0.7297698802559773
142682899.87104422 0.7292014906925701
143087737.85649168 0.7284017339933054
143762467.83223748 0.7276652681282282
144437197.80798328 0.7265786304952433
145111927.78372908 0.7255740100078223
145786657.75947487 0.7240627558569024
146461387.73522067 0.7231975593986933
147147363.21056223 0.7214666036742622
147822093.18630803 0.7193139478159334
148496823.16205382 0.7165550916251775
149171553.13779962 0.71540915401228
149846283.11354542 0.7140715019620629
150521013.08929121 0.7124969569717162
151206988.56463277 0.7109538271585832
151881718.54037857 0.7101333487234244
153231178.49187016 0.7089933462225733
153905908.46761596 0.7081610487195896
154580638.44336176 0.7071307946772406
155266613.91870332 0.7062054284411063
155941343.8944491 0.7050951526777114
156616073.87019488 0.7041684049865796
157212085.34877035 0.7034594146111877
157808096.8273458 0.7026842681685992
158482826.8030916 0.7006905301258572
159157556.77883738 0.7003393862264444
159832286.75458318 0.6992315152110593
160507016.73032898 0.6984766300246051
161192992.20567054 0.6973001981992529
161867722.18141633 0.6966955839783301
162542452.15716213 0.69529924592296
163228427.6325037 0.6943517253344271
163903157.6082495 0.6932244628661597
164577887.58399528 0.6922524855054716
165927347.53548688 0.6910319496423075
166602077.51123267 0.6908104573007853
167276807.48697847 0.6900108029297739
167962782.96232003 0.6883918980783622
168637512.93806583 0.6878599890062024
169312242.91381162 0.6865542637797053
169986972.88955742 0.6853372582858168
170661702.86530322 0.6838412000717583
171347678.34064478 0.6827733910784032
172022408.31639057 0.68184515960926
172697138.29213634 0.6807965885790267
173371868.26788214 0.680037559043298
174046598.24362794 0.6792997117284625
174732573.7189695 0.6778775354564183
175126166.20482123 0.6771335995345369
175519758.69067293 0.6760610833786547
176194488.66641873 0.6747002025215195
176880464.1417603 0.6741824660932088
177555194.1175061 0.6730265001857368
178229924.09325188 0.6716978019703355
179579384.04474348 0.670827489036586
180254114.02048928 0.670544650123887
180940089.49583083 0.6702727093090146
181614819.47157663 0.668388105744776
182289549.44732243 0.6672220092039977
182964279.42306823 0.6654031012219565
183639009.398814 0.6640156658346558
184313739.3745598 0.663319773643354
184988469.3503056 0.6623839697891531
185663199.32605138 0.6616250425816778
186349174.80139294 0.6605407073632101
187023904.77713874 0.6600287525624245
187698634.75288454 0.6591198102126709
190397554.65586773 0.6620961167239278
191072284.63161352 0.6613334033239235
191758260.10695508 0.6602451795846739
192894055.56612718 0.6609311969764009
193355121.04955345 0.6600886153555897
194041096.524895 0.6589999822980871
194715826.5006408 0.6582191565614662
195390556.4763866 0.6575190176926365
196065286.4521324 0.6560866084642719
196740016.4278782 0.6548722123749001
197358518.9056452 0.6542053306128023
197977021.38341215 0.6533669445027727
198662996.8587537 0.6521649814507459
199337726.8344995 0.6510344444364559
200012456.8102453 0.6499339411496216
200687186.7859911 0.6489249204896729
201361916.7617369 0.6483989465347987
202036646.7374827 0.6472561811396704
202711376.7132285 0.6460899822706387
203397352.18857005 0.6446188924700023
204072082.16431585 0.6435813218658488
204746812.14006165 0.642938538713921
206096272.09155324 0.643319204689044
206771002.06729904 0.6426422946271324
207445732.04304484 0.6416616192601211
208131707.5183864 0.6406519334586666
208806437.4941322 0.6395763474185079
209481167.469878 0.6384300516541039
210155897.44562376 0.6375200860113379
210718172.42541194 0.6364958182477815
211269201.90560433 0.6357981352884687
211943931.88135013 0.6349453718728442
212618661.85709593 0.6339797389529337
213293391.83284172 0.6330676755521571
213979367.30818328 0.6321303367531984
214654097.28392908 0.631284122429619
215328827.25967488 0.6302012198276559
215902347.7390588 0.6289017878699508
216475868.2184427 0.6283365705295522
217150598.1941885 0.6272626217624048
217825328.1699343 0.6262375353623427
219849518.0971717 0.6258996431472592
220535493.57251325 0.6247816415038069
221210223.54825905 0.6238977187342216
221884953.52400485 0.6232973000240803
222559683.49975064 0.6219833372657805
223234413.47549644 0.620727241876128
223909143.45124224 0.6197452873928512
224595118.9265838 0.6188297959510524
225269848.9023296 0.6184220638097362
225944578.8780754 0.617151437619489
226619308.8538212 0.6160428503010908
227294038.829567 0.6153017284402329
227968768.80531278 0.6142692231448738
228643498.78105858 0.6132356945565022
229318228.75680435 0.6121753556251905
230004204.2321459 0.611233770148704
230678934.2078917 0.6106416401266332
231353664.1836375 0.6098048401281079
232028394.1593833 0.6084992172298641
232703124.1351291 0.6077959061432653
234052584.0866207 0.6089233221012931
234738559.56196225 0.60666199224946
235413289.53770804 0.6057932142604684
236088019.51345384 0.6048901046997469
236762749.48919964 0.6043577351478272
237437479.46494544 0.6028431041173921
238112209.44069123 0.6020066622651339
238786939.41643703 0.6008924979809567
239292986.89824638 0.600068949656282
239799034.38005573 0.5997779755452731
240473764.35580152 0.5988426321708321
241148494.33154732 0.5982356643686457
241823224.30729312 0.5970299151240902
242509199.78263468 0.5960862830563395
243183929.75838047 0.5949350754729017
243858659.73412624 0.5938262323260113
244252252.21997797 0.5932138410530455
244645844.70582968 0.5928595249411028
245320574.68157548 0.5916342307539045
246006550.15691704 0.5914048590373254
248030740.08415443 0.59070978547729
248626751.56272987 0.5899624215143863
249222763.04130533 0.5895460936845216
249897493.01705113 0.5884928154917614
250572222.99279693 0.587656782957756
251246952.96854272 0.5867970611370728
251932928.44388428 0.5853602517361803
252607658.41963008 0.5820416528373122
253282388.39537588 0.5816421070610525
253799681.376781 0.5810438884319358
254159537.3638454 0.5802872636442169
254676830.34525052 0.5793561157805576
255362805.82059208 0.5787304728337412
256037535.79633787 0.5778237817369977
256712265.77208367 0.5771018978340222
257386995.74782947 0.5762913453651843
258747701.1989168 0.5752637518888591
259422431.1746626 0.5744017788151656
260097161.1504084 0.5737037376991071
260771891.12615418 0.5734279595249595
262121351.07764578 0.5731570931698459
262796081.05339158 0.5730771737822925
263470811.02913737 0.5719856754970202
264156786.50447893 0.5710435272072809
264831516.48022473 0.5698083070537616
265506246.45597053 0.5689526784103672
266001048.4381841 0.5686972638206074
266338413.426057 0.5683663811773287
266855706.40746212 0.5677890377791059
267249298.89331383 0.5670277569956063
267642891.37916553 0.5665989961231572
268317621.35491133 0.5655493506331652
269003596.8302529 0.5643840727288927
269678326.8059987 0.5635298767020028
270353056.7817445 0.5627289943762329
271027786.7574903 0.5619637227384585
271702516.7332361 0.5612995527091307
272388492.20857763 0.5602778431833446
273063222.18432343 0.5592882651430247
273737952.1600692 0.5586431795765796
274412682.135815 0.5577709223798194
275087412.1115608 0.556267547598717
275762142.0873066 0.554904210832065
276897937.5464787 0.5564325028546037
277370248.5295008 0.5553647450279949
278044978.5052466 0.5543375608751617
278719708.4809924 0.5532690355735544
279394438.4567382 0.552201994055198
280012940.9345051 0.5512121090248785
280631443.4122721 0.5501081265302755
281306173.3880179 0.549898402095071
281980903.3637637 0.5492800757048198
282666878.83910525 0.5487519016636818
283341608.81485105 0.5474988761635451
284016338.79059684 0.547133917777029
284691068.76634264 0.5460290654844134
285365798.74208844 0.544545900792699
286040528.71783423 0.5435656859106868
286715258.69358003 0.542277817192314
287389988.6693258 0.5421268299185303
288075964.1446674 0.5409787945528618
288750694.1204132 0.5399899839823011
289425424.096159 0.539663245688297
290100154.0719048 0.5388284922757965
291449614.0233964 0.5387511822875205
292124343.99914217 0.5382501255845613
292810319.4744837 0.5374171117733254
293485049.4502295 0.5361878778985987
294159779.4259753 0.5351928763874992
294834509.4017211 0.5341743390794824
295509239.3774669 0.533042574110434
296183969.3532127 0.5319831561438814
296858699.3289585 0.5313432382197233
297533429.3047043 0.5304558362476087
297983249.2885348 0.5294356616665805
298433069.27236533 0.5290216874179794
299119044.7477069 0.5281502488577247
299793774.7234527 0.5280948374038336
300468504.6991985 0.5254832334558396
301143234.6749443 0.5252539129007675
301817964.6506901 0.5242557903438846
302492694.6264359 0.5234924629665012
303178670.10177743 0.5226036795451524
303853400.07752323 0.5216559031307467
304528130.053269 0.5206751254323383
305202860.0290148 0.519587004021866
306552319.9805064 0.5189862783212014
307227049.9562522 0.5178419779807912
307901779.931998 0.5169109836147512
308587755.4073396 0.5161755922089087
309262485.38308537 0.515233495084868
309937215.35883117 0.5140742034635793
310611945.33457696 0.5131506791553915
311286675.31032276 0.5119131565826395
311961405.28606856 0.5107930060191459
312636135.26181436 0.5105944355018773
313052218.7468576 0.509722178305117
313479547.7314966 0.5092173354049138
314154277.70724237 0.5080945754374273
314829007.68298817 0.5072927721448027
315503737.65873396 0.5062512618510252
316178467.63447976 0.5053008248679761
316841952.1106298 0.5045401068945855
317516682.0863756 0.5033341018278247
318168921.06292987 0.501922260844022
318832405.5390799 0.5013325867361835
319518381.01442146 0.5003296035222978
320001937.49703926 0.4992748415499541
320485493.9796571 0.498690539743529
321834953.9311487 0.49882546127300786
322520929.40649027 0.4971814345105547
323195659.38223606 0.49559573559912845
323870389.35798186 0.4936135096300205
324545119.33372766 0.49329291110876083
325894579.2852192 0.49272825657899505
326580554.7605608 0.4915346333891202
327255284.73630655 0.49008349785304667
327930014.71205235 0.48865078163835
328604744.68779814 0.4870547986059527
329279474.66354394 0.4862234220698238
329954204.63928974 0.4851615481927064
330640180.1146313 0.4837999510241754
331314910.0903771 0.48323263592576626
331989640.0661229 0.4822968320705176
332664370.0418687 0.4810275873331722
333339100.0176145 0.479971085757992
333788920.00144506 0.4789967548218037
334227494.4856798 0.4768696813563718
335565708.93757564 0.47577869471812967
336915168.88906723 0.47638274612999126
337589898.864813 0.4747459847662638
338275874.3401546 0.47415324077152915
338950604.3159004 0.4728387663672471
339625334.2916462 0.47187620333108926
340300064.267392 0.47116849207196276
340974794.2431378 0.4675076519485622
341649524.2188836 0.4665198646746814
342335499.69422513 0.4652383403897513
343010229.6699709 0.464924904937916
343684959.64571667 0.4643155835534183
344359689.62146246 0.4633670908323322
345034419.59720826 0.4624878240606233
345709149.57295406 0.46053266426085204
346383879.54869986 0.459516838687177
347069855.0240414 0.45938027988521074
350443504.9027704 0.4853227172544925
351118234.8785162 0.4847846172465094
351792964.854262 0.48386866532599865
353828400.28109515 0.48350135335926686
354503130.25684094 0.4829648394591205
355177860.23258674 0.48232072602365694
355852590.20833254 0.48172854484112715
356527320.18407834 0.48089118202568165
357202050.15982413 0.48032263897251415
357888025.6351657 0.47954810650835283
358562755.6109115 0.4787166276423987
359237485.5866573 0.47800272544482936
359912215.5624031 0.47737068689782397
360586945.5381489 0.4767134752782702
361261675.5138947 0.4760998048874673
361936405.4896405 0.4753785861259977
362622380.96498203 0.47472132334179323
363297110.94072783 0.47380409230187337
363971840.9164736 0.4732122692729457
364646570.8922194 0.47249330176186666
365332546.367561 0.4717427655806698
366007276.3433068 0.4712904177466526
366682006.3190526 0.47067331931587525
367367981.79439414 0.4696327299873806
368042711.77013993 0.4689418519412704
369392171.7216315 0.4689370936167123
370066901.6973773 0.46842938548873925
370741631.6731231 0.4676707652717872
371416361.6488689 0.4668261882222668
372102337.1242105 0.466488244839389
372777067.0999563 0.4656965210091331
373451797.075702 0.46504063967363907
374126527.0514478 0.46412596687306124
374801257.0271936 0.46352370622868666
375487232.50253516 0.4628970911487931
376161962.47828096 0.462121484224349
376836692.45402676 0.4614581839956535
377511422.42977256 0.4601921114745055
378186152.40551835 0.45912609325020926
378860882.38126415 0.45841679588272216
379546857.8566057 0.4576604780808113
384955943.16216785 0.4888569245438196
385630673.13791364 0.4881794516707513
386305403.11365944 0.48720005542105327
386980133.08940524 0.4862182544270129
387654863.06515104 0.48547979313375034
388329593.04089683 0.4847609279524965
389004323.01664263 0.48407040805998847
389679052.9923884 0.48319574611836186
390365028.46773 0.482348406170373
391039758.4434758 0.48166274693224814
391714488.4192216 0.48091118745541933
392389218.3949674 0.47998085823140907
393063948.3707132 0.4789501948708073
393738678.346459 0.47799141802822614
394413408.32220477 0.47737309164269026
395088138.29795057 0.4766383653788776
