1.0 1.0
573521.4793839261 0.9968940650167114
15260143.95145074 0.9556091291659133
15676227.436493982 0.9549196029940955
17700417.36373137 0.9497963169581036
18386392.839072928 0.9491236872434106
19061122.81481872 0.9490848361523083
19735852.79056452 0.9481308857818347
20916630.24811966 0.9471319499331029
21422677.729929008 0.9464373655844324
22108653.205270566 0.9459691076789561
22783383.18101636 0.9455063384333517
23458113.156762157 0.9448755731908951
24807573.108253747 0.9416279016694131
25932123.067830075 0.9405052019554261
26370697.55206484 0.9390758907124149
27045427.527810637 0.938084595938651
33714008.788098246 0.9148801621371243
39797824.069406174 0.9108437381051515
43182719.447730914 0.90112262437877
43846203.92388094 0.8999027969342721
47118644.306248054 0.8898714125704486
48872942.24318712 0.8841992068780855
50312366.191444814 0.8795566089481922
53179968.588364445 0.8704869774561208
55204158.515601836 0.8672570633633122
59263783.86967237 0.8529280593997689
62862343.740316615 0.844430755084435
69632134.4969661 0.8528762938180917
70981594.44845769 0.8499218888575497
73017029.87529084 0.8481244070082635
75715949.77827401 0.8407210138570762
77740139.7055114 0.836051941218749
80450305.10809036 0.8293212854071422
81799765.05958194 0.8260181353886314
83149225.01107353 0.8247873306243898
83835200.48641509 0.8235690098732141
84509930.46216089 0.82230850178065
85184660.43790668 0.8210043534768392
85578252.92375839 0.8204935315649091
85971845.40961011 0.81930335363629
88007280.83644326 0.8145822463650875
90031470.76368065 0.8094143515269232
91380930.71517223 0.8069615130961544
93416366.14200538 0.8051172700296
94091096.11775118 0.8042600169121281
97475991.49607593 0.7952743296087943
98150721.47182171 0.7946824692698836
98769223.9495887 0.7932440102585825
99387726.42735568 0.7920698140141164
100624731.38288963 0.7893694478473267
101187006.3626778 0.7882964689192982
102536466.31416939 0.7852929350876378
103211196.28991519 0.784895868312145
103885926.26566099 0.7846510849005498
104560656.24140677 0.7833092155228732
105235386.21715257 0.7818815185870513
105910116.19289836 0.7805442230907648
107259576.14438996 0.7775720607070598
107934306.12013575 0.7764405899008684
108609036.09588155 0.7750516902492153
109283766.07162735 0.7737584654471944
109958496.04737315 0.7731265701875012
115929856.33272342 0.7661787894969031
116480885.81291583 0.7649169899607916
116874478.29876754 0.7641699943031599
117954046.25996082 0.7648842194388912
119303506.21145241 0.7619406841732057
121327696.13868979 0.7574449347652921
121755025.12332879 0.7565012083679011
122182354.1079678 0.7555914901235141
122857084.08371359 0.7543101036072755
123531814.05945939 0.7531269210318506
124881274.01095098 0.7524052162474623
125556003.98669678 0.751697502163952
126916709.43778414 0.7486239072195446
128266169.38927573 0.7460688290689685
129615629.34076731 0.7428203503938919
130290359.3165131 0.7420999908765151
130695197.30196059 0.7413913082020791
131111280.78700383 0.7409206288303087
132460740.73849542 0.7379700444100058
133135470.7142412 0.7366030993923302
133821446.18958277 0.7353198295121939
134496176.16532856 0.7338582320427453
135845636.11682016 0.7310915714854935
137195096.06831175 0.7314398860604433
138555801.5193991 0.7279596999016776
139230531.4951449 0.7277037239370944
139714087.97776273 0.7268062206490651
140186398.96078476 0.7260317817030941
140861128.93653056 0.7248080799059136
143571294.3391095 0.7187575872645904
144931999.79019687 0.7160298854233283
146202741.24451813 0.7131303670449751
150183648.10141832 0.7081172308549565
151533108.0529099 0.7052826616055639
152207838.0286557 0.7043467915218952
153557297.9801473 0.7016223183060321
154243273.45548886 0.7005262009198562
154918003.43123466 0.6995905998873857
156267463.38272622 0.6972631396345715
156942193.35847202 0.6967179328880417
157616923.33421782 0.6960402449964959
158291653.3099636 0.6946992903917912
159652358.76105097 0.6941586575321614
160327088.73679677 0.6936571986217656
161001818.71254256 0.6922472053021732
161676548.68828836 0.6913383480293348
162351278.66403416 0.6901367084910193
163026008.63977996 0.6891873320019354
164296750.0941012 0.6868784363313892
164892761.57267666 0.6858223538659958
166242221.52416825 0.6838020970570459
166916951.49991405 0.6832786835126725
167321789.48536152 0.6829239655048791
167715381.97121322 0.6820061219010819
172269809.30749735 0.6753695266208977
173630514.7585847 0.6755706160032924
174305244.7343305 0.6741695552077253
174979974.7100763 0.6727816241414877
175654704.6858221 0.671614208005951
176340680.16116366 0.6704904320816609
177015410.13690946 0.669568445079493
177690140.11265525 0.6681551155151246
178364870.08840105 0.6669402386281023
179050845.5637426 0.6658041939350108
179725575.5394884 0.6644929964710724
180400305.5152342 0.6635067598741612
181075035.49097997 0.6626547263598528
181749765.46672577 0.6615084576991888
183099225.41821736 0.6607799189989375
183773955.39396316 0.660389524712997
184459930.86930472 0.6591235817730046
185100924.34626323 0.6577634706767022
185753163.3228175 0.6568548824550619
187113868.77390486 0.6540809036864844
187788598.74965066 0.652951854346587
188463328.72539645 0.651711256097792
189812788.67688805 0.6491863655710013
190498764.1522296 0.6479517402720308
191173494.12797537 0.6467425672781247
191848224.10372117 0.6455942538272523
192522954.07946697 0.6450129403195561
193197684.05521277 0.6436314126916726
194547144.00670436 0.6413193960151048
195907849.45779172 0.642341039838965
197257309.4092833 0.6395512408235656
197932039.3850291 0.6381053559815615
198449332.36643422 0.6368972591979585
198966625.34783933 0.6361414924481225
199641355.32358512 0.6352034161424245
200316085.29933092 0.6338024091537909
200990815.27507672 0.6327569811444994
201665545.2508225 0.6314581062562958
202351520.72616407 0.6304533050771167
203026250.70190987 0.6290852838546482
203700980.67765567 0.6278091169415732
204375710.65340146 0.6268120106498055
204848021.6364235 0.6257579729746204
205151650.1255091 0.6253327633710608
205657697.60731846 0.624828452516862
206231218.0867024 0.6238924748138162
207479468.54183212 0.6239783023664512
208154198.51757792 0.6227466366361712
208840173.99291947 0.6214286052508596
210189633.94441107 0.6192160839641632
210864363.92015687 0.6183412348498389
211539093.89590266 0.6176046245916007
212213823.87164843 0.6167566268562859
212888553.84739423 0.6156888675369311
214249259.29848158 0.613156282122729
214923989.27422738 0.6119645436938542
215598719.24997318 0.6115692526628819
216273449.22571898 0.6102658577002219
216948179.20146477 0.6100527686112446
217622909.17721057 0.6087861799439683
218308884.65255213 0.6074411357533367
218826177.63395724 0.6065215163995089
220704176.0664497 0.6045896162343757
221378906.0421955 0.6037676089065215
222053636.0179413 0.6026991500529494
222739611.49328285 0.6026618594621028
223414341.46902865 0.6012322791678936
224763801.42052025 0.5984251532068402
225438531.39626604 0.5976142846305509
226113261.37201184 0.5967409422040386
226686781.85139576 0.5959125852557844
227249056.8311839 0.5948705472982024
227923786.8069297 0.5937385383896147
228598516.7826755 0.5927593509528312
229273246.7584213 0.5926300984277039
229947976.7341671 0.5918643229435395
230622706.7099129 0.5909955005914836
231308682.18525445 0.5896292013010919
232658142.13674605 0.5897401582951495
234682332.06398344 0.5855764189143907
235357062.03972924 0.5848712877289954
236043037.5150708 0.5837190461185068
236717767.4908166 0.5822978602404162
237392497.4665624 0.5812896152025939
237819826.45120138 0.5805973985077737
238247155.4358404 0.5796177267755273
238933130.91118196 0.5786034549699265
239607860.88692775 0.577443410852649
240282590.86267355 0.5763392757209299
240957320.83841935 0.5757087795296715
241632050.81416512 0.5748963504531265
242992756.26525247 0.5720289568693897
243667486.24099827 0.5708067079585979
244342216.21674407 0.5698551252474847
245016946.19248986 0.5688000113619966
246366406.14398146 0.5686987402331152
247727111.5950688 0.5665390069259552
248401841.5708146 0.5651992899633745
249076571.5465604 0.5645559330884746
249751301.5223062 0.5634930167017079
250426031.498052 0.5625273356703395
251775491.4495436 0.5596056474192543
252450221.4252894 0.5587866534780446
253136196.90063095 0.5580457383896147
253810926.87637675 0.5570273231856432
254316974.3581861 0.5563167033458862
254811776.34039965 0.5560086389304735
255497751.8157412 0.5552070795487849
256172481.791487 0.5539830010865392
256847211.7672328 0.5528520683827441
257521941.7429786 0.5518328460251781
258882647.19406596 0.5513495750264747
259557377.16981176 0.5504365205433729
260232107.14555755 0.5498810898281684
260906837.12130335 0.5491165519861281
261581567.09704915 0.5479322932004002
262256297.07279494 0.5471084025119545
266315922.4268655 0.5538635958584089
266990652.4026113 0.5529534471365131
267676627.87795284 0.5519524126851292
268306375.85531557 0.5510357529055021
268936123.8326783 0.5497977913639596
269610853.8084241 0.5489668515159374
270285583.7841699 0.5481600725277791
270960313.7599157 0.5472753223023609
272995749.18674886 0.5467135957731388
273670479.16249466 0.5457339240419945
274345209.13824046 0.544798484441345
275019939.11398625 0.5438367315662866
275694669.08973205 0.5429547794810441
276369399.06547785 0.5419203825962259
277044129.04122365 0.5409991489352088
277730104.5165652 0.5401523350262681
278404834.492311 0.5391949946018807
279754294.4438026 0.5366148946265042
280429024.4195484 0.535632478565975
281114999.89488995 0.534644520036987
281789729.87063575 0.5335781059780316
282464459.84638155 0.5328523116077163
283139189.82212734 0.5320307347656364
283813919.79787314 0.5314035210067104
284230003.28291637 0.5306026073495504
284634841.26836383 0.5303726217968362
285309571.24410963 0.5293989230177204
286659031.1956012 0.5294335230899726
287345006.6709428 0.5286634427794739
288019736.6466886 0.5276007954466605
288694466.6224344 0.5264237472512282
289369196.5981802 0.5262330432737373
290043926.573926 0.5250427039155013
290718656.54967177 0.5242431355176387
291393386.52541757 0.5232631409245053
292068116.50116336 0.5224169189298536
292754091.9765049 0.5214889051610093
293428821.9522507 0.5205960295690176
294103551.9279965 0.5198298236051403
294778281.9037423 0.5188714069737561
295453011.8794881 0.518046655319272
296127741.85523385 0.517378545673525
296802471.83097965 0.5163983358388822
297477201.80672544 0.5153223973427145
298163177.282067 0.5146279744225587
298837907.2578128 0.5138762434500631
300187367.2093044 0.5142054553392464
300862097.1850502 0.5133720940243791
301536827.160796 0.5124688868399274
302222802.63613755 0.5116020016598049
302897532.61188334 0.510787097304522
303572262.58762914 0.5098008068973712
304246992.56337494 0.5090714072316326
304921722.53912073 0.5081821369350642
305596452.51486653 0.5072594503937198
306271182.4906123 0.5064471827467917
306957157.9659539 0.5055430607860619
307631887.9416997 0.5049531914287732
308115444.42431754 0.5042171730870282
308599000.90693533 0.5038021874565514
309273730.88268113 0.5032198515520979
309948460.8584269 0.50254732945568
310634436.3337685 0.5013554834068771
311309166.3095143 0.5005059251680003
311983896.2852601 0.49993042318216485
312658626.2610059 0.49904120669583624
314008086.2124975 0.4991457602587031
314682816.18824327 0.4982913052764476
315368791.6635848 0.4973002795555349
316043521.6393306 0.49657959717121
316718251.6150764 0.4955868495187716
317392981.5908222 0.4947587616211646
318067711.566568 0.493957955584484
318742441.5423138 0.49362594555567607
319417171.5180596 0.4929493876808158
320091901.4938054 0.49207609906619626
320777876.96914697 0.4910589753123843
321452606.94489276 0.49032107360729277
322127336.9206385 0.4896733042844769
322802066.8963843 0.48872559591778114
323476796.8721301 0.4878419757101506
324151526.8478759 0.4873209298262398
324826256.8236217 0.4868210852307475
325512232.29896325 0.4862128127246648
326186962.27470905 0.4854764177095893
326861692.25045484 0.4847417446271414
328885882.17769223 0.48402800378136285
329560612.15343803 0.4832271977446822
330235342.1291838 0.4824503373263561
330921317.6045254 0.4816446883559854
331596047.5802712 0.48103937542079717
332270777.556017 0.48017900129675256
332945507.5317628 0.4798890171731041
333620237.5075086 0.47909353836392343
334103793.9901264 0.4785502149834953
334576104.97314847 0.47800565396424927
335250834.94889426 0.47746975641562617
335936810.4242358 0.4769652841274023
336611540.3999816 0.47606961039578605
337286270.3757274 0.47529732385940077
337961000.3514732 0.4745511891661544
338635730.327219 0.47373897533001685
339310460.3029648 0.473025126863208
339996435.77830637 0.47248481686391397
340671165.75405216 0.471855612121162
341345895.72979796 0.47118669531961643
342020625.70554376 0.47046552864148167
343370085.65703535 0.46997628469074965
344044815.63278115 0.4699674597883057
344719545.60852695 0.46922805139264706
345405521.0838685 0.4685603184196796
351489336.3651764 0.49763374246411923
352164066.3409222 0.49639244467890276
352838796.316668 0.49541250389600905
353232388.8025197 0.494821450710693
353637226.7879672 0.49422431695231794
354311956.763713 0.49317286217855405
354986686.7394588 0.49216085041073243
355661416.71520454 0.491364133962734
356336146.69095033 0.49048137472169273
357010876.66669613 0.4895387245307477
357685606.6424419 0.48868061044227823
358371582.1177835 0.4876667153111101
359046312.0935293 0.48684503084855085
359721042.0692751 0.48587639024463486
360395772.0450209 0.48510932331527024
361745231.9965125 0.4827067437745095
362419961.97225827 0.4818110162326537
363105937.4475998 0.48092535123095764
363780667.4233456 0.4800869855511302
364455397.3990914 0.47899102959512213
365130127.3748372 0.47815842162526284
365534965.3602847 0.47776716637163086
365939803.3457322 0.4772104980170575
366614533.321478 0.47643761956638303
367289263.29722375 0.4754614455101827
367975238.7725653 0.474661554250331
368649968.7483111 0.47367800817256517
369043561.23416287 0.4731729977802918
369437153.7200146 0.47271582481393665
370111883.69576037 0.4718183215297645
370786613.67150617 0.4706592998108974
371472589.1468477 0.469882170340271
372001127.62784857 0.4694708976262478
372540911.6084452 0.4686054115156618
373215641.584191 0.46766744282768796
373890371.5599368 0.4668141178626691
374565101.5356826 0.4662339881841021
375239831.5114284 0.4653222251495068
375914561.4871742 0.46422653824469684
376589291.46292 0.46362520727771145
377275266.93826157 0.46271866384958577
377949996.91400737 0.4619096248253014
378624726.88975316 0.46085574858414136
379299456.86549896 0.45961138360699993
379974186.84124476 0.4586009323399852
380648916.81699055 0.458129930106777
381323646.79273635 0.4571673162656803
382009622.2680779 0.45640202507808103
382684352.24382365 0.45546744644346987
383359082.21956944 0.45463257843858645
384033812.19531524 0.45406380274923674
384708542.17106104 0.45324271020041573
385383272.14680684 0.45245541056859917
385844337.63023317 0.4518172194932354
386294157.6140637 0.45124074891978033
386980133.08940524 0.4502865025924376
387654863.06515104 0.4495353366291113
388329593.04089683 0.4483252488622334
389004323.01664263 0.4474575027160723
389679052.9923884 0.4465604030097995
390353782.9681342 0.4459068490707938
391028512.94388 0.44498343608956115
391714488.4192216 0.44463670892274204
392389218.3949674 0.44386132828986313
393063948.3707132 0.44298247030111426
393738678.346459 0.44199693323897143
394413408.32220477 0.44093581950184507
395088138.29795057 0.4399471883432086
395762868.27369636 0.43922368091413927
396437598.24944216 0.43851941069478234
396864927.23408115 0.4379981764739308
397292256.21872014 0.43758023127255946
397978231.6940617 0.4365962278066546
398652961.6698075 0.43586968009078025
399327691.6455533 0.43522258339761305
400002421.6212991 0.4343249993975304
400677151.5970449 0.4337320090386281
401351881.5727907 0.4327534135150316
402037857.04813224 0.43197292089616235
402712587.02387804 0.4311321606546097
403387316.99962384 0.43025938323836876
404062046.97536963 0.42958782972846854
404736776.9511154 0.42870811077368126
405411506.9268612 0.42739688640241896
406086236.902607 0.42719359079689295
406772212.3779486 0.42618152521883174
407446942.3536944 0.4255441143930448
408121672.3294402 0.4247475055660766
408515264.8152919 0.42409594261144773
408908857.3011436 0.42334281256941536
409594832.77648515 0.4224641160119364
414722780.5921532 0.4426653119364676
415116373.0780049 0.4420493445462795
415802348.55334646 0.44131155046221826
416477078.52909225 0.4405142151948108
417151808.50483805 0.4395163824615019
417826538.48058385 0.4385603334867231
418501268.45632964 0.4377432498112246
419175998.43207544 0.43684337886989594
419861973.907417 0.4358946212007721
420536703.8831628 0.4351275542708565
421132715.36173826 0.43458689450390275
421728726.84031373 0.4336054201253222
422403456.8160595 0.43279121530535886
423078186.7918053 0.43184985656292024
423752916.7675511 0.4311838724271494
424337682.7465308 0.43068757931628965
424832484.7287444 0.4300186087045044
425439741.70691556 0.4291996416662104
426114471.68266135 0.42839229766888276
426789201.65840715 0.42765358880799254
427463931.63415295 0.4267584262747549
428149907.1094945 0.4257565308578838
428824637.0852403 0.4249706841063947
429218229.571092 0.4244987401912378
429611822.0569438 0.42382118682474007
430286552.0326896 0.42300092833683745
430972527.50803113 0.4223249085654756
431647257.4837769 0.4215489898285472
432321987.4595227 0.4206773693357647
432996717.4352685 0.41987266204679174
433671447.41101426 0.41916922588835337
434346177.38676006 0.41837592639938836
435020907.36250585 0.41762858097299493
435706882.8378474 0.4166647294930804
436381612.8135932 0.4159695263222458
437056342.789339 0.41523765137942253
437731072.7650848 0.4143185163232617
438405802.7408306 0.4134892445970765
439080532.7165764 0.41280625638204854
439766508.19191796 0.41203703703703703
440441238.16766375 0.4111577754703888
441790698.11915535 0.40904550291581643
442465428.09490114 0.40855964901844705
443140158.07064694 0.40781230359205367
443826133.5459885 0.4069437502906449
444500863.5217343 0.4064081486994419
445175593.4974801 0.40594161272714435
445850323.4732259 0.40501873784941017
446525053.4489717 0.4042663073426972
447199783.4247175 0.4036784289692342
447874513.4004633 0.4025645541571401
448560488.87580484 0.4018363652250996
449235218.85155064 0.4008845672697217
449909948.82729644 0.40024957791133087
450584678.80304223 0.3992805606351863
451259408.77878803 0.39892492785111483
451675492.26383126 0.3984749385699354
452091575.7488745 0.39790366069838123
452766305.7246203 0.39696262481848255
453452281.19996184 0.39640547217120137
454127011.17570764 0.39580933390501477
454801741.15145344 0.3951988551735966
455476471.12719923 0.3944419314997512
456151201.102945 0.39376957083405223
456825931.0786908 0.39299074633701997
457511906.5540324 0.391841598822474
458186636.5297782 0.39119991007216615
458861366.505524 0.39045877974443083
459536096.4812698 0.389794759687366
460210826.4570156 0.38896371221886444
460885556.4327614 0.388009573512001
461560286.40850717 0.38712756761596784
462246261.8838487 0.38704230507305293
462920991.8595945 0.38626471821428754
463595721.8353403 0.38546401979863726
464270451.8110861 0.3848396848952463
464945181.7868319 0.3841478717783254
465619911.7625777 0.3834900668193676
466294641.7383235 0.3826915746296038
466969371.7140693 0.38187887649965646
467655347.18941087 0.3813405036739487
468330077.16515666 0.3809623781518503
469004807.14090246 0.3802366914020143
469679537.11664826 0.3795075338834562
470354267.09239405 0.3789273234889788
471028997.06813985 0.37853816683965197
471703727.04388565 0.37769530799324313
472389702.5192272 0.37679955354626743
473064432.494973 0.3762099801458476
473739162.4707188 0.375620998660268
474413892.4464646 0.3749105940581634
474807484.9323163 0.3744766940799631
475212322.91776377 0.37405452476375955
475887052.89350957 0.3735578549806713
476561782.86925536 0.3731848952548029
477236512.84500116 0.37250093845270627
477776296.82559776 0.371945023444243
478316080.8061944 0.3713744989176968
478990810.7819402 0.37065408558512114
479665540.757686 0.37025841788026714
480340270.7334318 0.3695622730280348
481015000.7091776 0.36902782835973913
481689730.6849234 0.36840949331294565
482364460.6606692 0.36792380084629517
483050436.13601077 0.3670929686193032
483725166.11175656 0.3668382841032264
484399896.08750236 0.3662656071621354
485074626.06324816 0.3653831707830831
485749356.03899395 0.3644043869230968
486424086.01473975 0.3634418807030304
487098815.99048555 0.36304037457174687
487784791.4658271 0.36286242365356103
488459521.4415729 0.3621335351867522
489134251.4173187 0.36129839812956854
489808981.3930645 0.3606303422940612
490483711.3688103 0.36021306972288947
491158441.3445561 0.3593405882635176
491833171.32030183 0.35868017350187603
492519146.7956434 0.3581001514437884
493193876.7713892 0.3576123872779526
493868606.747135 0.35709077638487247
494543336.7228808 0.35645250459304717
495218066.6986266 0.35579658299798705
495892796.6743724 0.35522737682561817
496567526.6501182 0.354243427169953
497253502.12545973 0.35356896789994885
497928232.1012055 0.35267108794244617
498602962.0769513 0.3522887921163062
499277692.0526971 0.3517350833331784
499952422.0284429 0.3510948743677668
500627152.0041887 0.3505413270153579
501301881.9799345 0.35014845745012857
504686777.35825926 0.34799332493058033
505361507.33400506 0.34729855224276485
506036237.30975085 0.34670577712537215
506722212.7850924 0.34623660444471993
507396942.7608382 0.3457417642141877
507801780.7462857 0.345414731645771
508217864.2313289 0.3450328932077701
508892594.2070747 0.34431067722720726
509567324.1828205 0.3440964850200519
510242054.1585663 0.34340744313763577
510916784.1343121 0.3425695348459473
511591514.1100579 0.3421057162979149
512277489.58539945 0.3415856120954019
512952219.56114525 0.3410188812006688
513626949.53689104 0.34056934930762833
514301679.51263684 0.33995938177458873
514976409.48838264 0.33948983242170805
515651139.46412843 0.3389728223156887
516337114.93947 0.33842051260209766
517011844.9152158 0.3378525709736665
517686574.8909616 0.3373669592229265
518361304.8667074 0.3367389652133216
519036034.8424532 0.3362670212987156
519710764.818199 0.335476708285765
520385494.7939448 0.3350048988967581
521060224.7696906 0.33451344872013955
521746200.24503213 0.3340889386524504
522420930.2207779 0.3335271314073179
523095660.1965237 0.33318352524266326
523770390.1722695 0.3325126443624116
524445120.1480153 0.33189519718677624
525119850.1237611 0.3313474075454375
525794580.0995069 0.33101405225733244
526480555.5748485 0.33056239485431593
527155285.5505943 0.3297181638434902
527830015.52634007 0.3289741815658906
528504745.50208586 0.3286084862411084
529179475.47783166 0.3281686940262388
529854205.45357746 0.3275287272080077
530528935.42932326 0.3270656889106541
531214910.9046648 0.32651276037765414
531889640.8804106 0.3259209000365394
532564370.8561564 0.32538403390139875
533239100.8319022 0.3249955498817205
533913830.80764794 0.3243329019890726
534588560.78339374 0.32390180015104786
535263290.75913954 0.32338115784448546
535949266.2344811 0.3225924591425811
536623996.2102269 0.3224047954518952
537298726.1859727 0.32177160874094046
537973456.1617185 0.3214196619676518
538648186.1374643 0.32108781337011383
539334161.6128058 0.320534104586986
540008891.5885516 0.3199626114733712
540683621.5642974 0.31938240107944477
541167178.0469153 0.3189231564133533
541650734.5295331 0.318677646566278
542325464.505279 0.31833850666308505
543000194.4810247 0.3179805062224082
543674924.4567705 0.31759592345502224
544360899.9321121 0.3170449051904887
545035629.9078578 0.31662394660798326
545710359.8836036 0.3160858159289049
546385089.8593494 0.3155604383091316
547059819.8350952 0.31512637690021233
547734549.810841 0.31467356257428847
548409279.7865868 0.3141746596601939
549095255.2619283 0.3137167333482797
549769985.2376741 0.3133540783103025
550444715.2134199 0.31289211621994584
551119445.1891657 0.31224639169119556
551794175.1649115 0.3115881831548895
552468905.1406573 0.31115288410715236
553154880.6159989 0.3107228584761246
553829610.5917447 0.31032398905374664
554504340.5674905 0.3098435969094763
555179070.5432363 0.30940353564340856
555853800.518982 0.3089577166662706
556528530.4947278 0.3085523092832458
557203260.4704736 0.3081324269082882
557889235.9458152 0.3077149660001756
558563965.921561 0.3072001621200428
559238695.8973068 0.3067024430339754
559913425.8730526 0.3062211899236667
560588155.8487984 0.305674153627336
561262885.8245442 0.3053148617376017
561937615.80029 0.30487375116855475
562612345.7760358 0.30435136002479585
563298321.2513773 0.3038339463414282
563973051.2271231 0.3032849728709601
564647781.2028689 0.30284832856337485
565322511.1786147 0.3024931531674424
565997241.1543605 0.30178699958528993
566671971.1301063 0.30123003527384745
567346701.1058521 0.30085629529785124
568032676.5811937 0.30057026623673466
568707406.5569395 0.30032298064734314
569382136.5326853 0.29972245683560544
570056866.5084311 0.2991618334185001
570731596.4841769 0.2989379284382937
571406326.4599227 0.2984609801581767
572092301.9352642 0.29792198851305995
572767031.91101 0.2975428405936533
573441761.8867558 0.29703500515718656
574116491.8625016 0.29662421673642214
574791221.8382474 0.29620118645418025
575465951.8139932 0.29592290608740873
576151927.2893348 0.29546089018736343
576826657.2650806 0.2946872852968008
577501387.2408264 0.29431846896985414
578176117.2165722 0.2940236419119645
578850847.192318 0.2935563525946589
579525577.1680638 0.2930427863527929
580200307.1438096 0.2927011711719642
580605145.129257 0.2924750868715421
580998737.6151087 0.2920793653558975
581673467.5908545 0.29154962909569293
582348197.5666003 0.29102110356918637
583022927.5423461 0.29059323035325435
583708903.0176877 0.2901564784251898
584383632.9934335 0.28967326123617504
585058362.9691793 0.2894137875960967
585733092.9449251 0.2890032413219617
586407822.9206709 0.28854609526072633
587082552.8964167 0.28831000222983316
587757282.8721625 0.2878623537001393
588443258.347504 0.2872346556479545
589117988.3232498 0.2865992358065444
589792718.2989956 0.2861991018402288
590467448.2747414 0.28594065059745877
591142178.2504872 0.2856735627891856
591816908.226233 0.28518388835488334
592502883.7015746 0.2848419234069459
593177613.6773204 0.2842903939434827
593852343.6530662 0.2836753682352435
594527073.628812 0.28320156786241074
595201803.6045578 0.2827813357197934
595876533.5803035 0.2823661886585977
596551263.5560493 0.28220513419863863
597225993.5317951 0.2819420552636881
602601342.33857 0.2753915834974162
603276072.3143158 0.2753734763054914
604636777.7654032 0.27526079737494896
605311507.741149 0.27500979886965493
605986237.7168947 0.27445173144554474
606660967.6926405 0.27423538682329357
607335697.6683863 0.2739401561880556
608010427.6441321 0.27291450348977087
608685157.6198779 0.271829148177421
