5017 3.7407079327304055e-10 166.23601761687488 0.8867055673131047 1.9435202172778282e-12 9.9510844738712e-07 0.00059733405447602
5020 4.00799121217797e-10 161.85715480957475 0.8915347650439703 1.0675032348706518e-12 4.4287271639559086e-07 0.0002575645494789088
5043 3.631519135868973e-10 159.92130509475274 0.9038577723771296 3.2304941760677447e-12 1.1509708353202194e-06 0.000661028237881399
5045 4.2001287469675834e-10 159.88638542642047 0.8921957503897123 2.7364305641868553e-12 1.0030471328774931e-06 0.0005960577657183423
5069 3.9498793460303696e-10 163.68993705446422 0.8868918680817985 4.1718273571340815e-12 1.988818384892309e-06 0.0011680776262173861
5073 4.209584128575281e-10 161.58342422973962 0.8885758679578701 1.3854516710572215e-12 6.04348761779076e-07 0.00034989014299561253
5076 4.301577628098907e-10 162.62026462569065 0.8870866476097465 1.5450979423038237e-12 6.978006465708124e-07 0.00040834439330552334
5078 3.9055515805346927e-10 160.54308528138114 0.8928769795083449 3.4995434483320547e-12 1.4199248631600331e-06 0.0008179355551502329
5080 4.2341360202019183e-10 162.84976615522453 0.8834147183589114 1.0652803492886625e-12 5.236146650317486e-07 0.00030507393318305177
5085 4.1066630546046893e-10 156.99199235947484 0.9017029510586176 2.2284437530447843e-12 7.520541198986007e-07 0.0004247420189896211
5093 4.2519121985998067e-10 160.64776950614956 0.8924970287790857 1.851513275159952e-12 7.350234042138625e-07 0.0004241391012984456
5095 4.1246115025408243e-10 160.4118753698857 0.8937111424701066 1.862767532405349e-12 7.387214165302234e-07 0.00042561223276943075
5096 4.2010439119025943e-10 158.90500617171415 0.8948412036076758 1.7462769015417996e-12 6.623603703902081e-07 0.00037770682223935105
5097 4.75035963624577e-10 157.3034731501256 0.8966702744866697 2.7409467785373548e-12 9.31372635614911e-07 0.0005264409417597111
5102 4.360543820994978e-10 155.70345519730458 0.9001795718499981 2.3542557721913584e-12 7.849880436356038e-07 0.0004400673527050995
5105 4.6303858761485563e-10 154.9603262799346 0.9070655125526222 4.296934711373289e-12 1.2817054149031054e-06 0.0007149835669916922
5106 4.766710970429549e-10 155.28381450710754 0.9062896056890072 3.4612085418098096e-12 1.0408632970455177e-06 0.0005822822115878654
5109 4.5392616492537195e-10 155.0222142033853 0.906349850616199 2.530284526810858e-12 7.418599169155493e-07 0.00041538751074901884
5163 5.108266594365455e-10 157.29987884151436 0.9060377853205441 2.2266851019597497e-12 8.794771696554272e-07 0.0005054396731288603
5173 5.443973730689405e-10 159.9710732139053 0.9095390076884194 2.343096342250783e-12 1.0135376417212528e-06 0.0005925720055256264
5181 6.259250201147769e-10 163.0816752254352 0.9040299073667766 3.2522356744674817e-12 1.4313128170685971e-06 0.0008529637931896105
5199 5.055664265480972e-10 157.94778998980107 0.9132137652150856 1.9576560588039108e-12 9.364622160963002e-07 0.0005419045611612231
5205 6.797500006819823e-10 165.10908912053188 0.8940737796380135 5.287957567694307e-12 2.4370952155997286e-06 0.001467018196302811
5253 5.094786763186745e-10 165.94341151417052 0.9316776982274736 2.202201281188815e-12 8.746241809648616e-07 0.0005289306186021729
5261 4.6278384180050256e-10 155.51989045881575 0.9182199626469633 5.760535484191537e-12 1.657279359870649e-06 0.0009265351324112422
5277 4.662946204114023e-10 155.6760394212534 0.9203189995429977 5.416561526305887e-12 1.554478570857804e-06 0.0008669410542434307
5282 5.385381097923655e-10 169.4873269877728 0.9340096082617064 1.5845729521979682e-12 6.052156055652814e-07 0.00037298251652658875
5339 5.93460250553557e-10 175.06730573802514 0.9522249423514274 2.4415461760323663e-12 8.277422017858543e-07 0.0005229622073685347
5340 5.511345549958782e-10 165.70828152803807 0.9486843627880596 1.882544078258836e-12 7.106209145938606e-07 0.00042772968730036713
5394 6.659474656486304e-10 170.18679220223893 0.9314131171877771 1.9763308493107223e-12 7.248305933225408e-07 0.0004468419937419221
5416 5.349937154579485e-10 166.02314592377473 0.9449762725196933 1.9238537664611493e-12 7.963867566136837e-07 0.00048071585366934555
5423 5.786442682165631e-10 170.69926652208483 0.9492487316457884 1.8108320571099755e-12 6.461393452000074e-07 0.000399661725667653
5442 6.33758327984912e-10 166.5648896098637 0.9315241990093189 1.6149562871211843e-12 5.500334638239999e-07 0.0003327356492157251
5443 7.27503697804365e-10 166.3958930166921 0.9130272361908534 2.491632369067956e-12 9.853670070153152e-07 0.0005964404042460363
