1.0 1.0
427329.9846390038 0.9983553382443051
2946321.8940899735 0.9884428557106939
7208366.240884248 0.9748680410840262
7883096.216630044 0.9747891853062635
9063873.674185187 0.9720220738060198
9412484.161653847 0.9710482049533049
18262692.34351953 0.939771409553834
19612152.29501112 0.9361054459433682
21760042.717801906 0.9282700868519197
24863800.606232565 0.9170434105193608
25257393.092084277 0.9161418607141345
25943368.567425836 0.9153223831683587
26618098.543171633 0.9136873708736639
28642288.470409017 0.9057746086082288
29317018.446154814 0.9045232919189429
29991748.42190061 0.904031584645535
30666478.397646405 0.9035095801469374
31071316.383093882 0.9030976624683851
31476154.36854136 0.9017214216312189
36210509.698357694 0.8860720775011185
38560819.113872215 0.8772349387526344
39235549.089618005 0.8758958431397549
41270984.51645116 0.8704971275758655
42620444.46794275 0.8667445782522406
43969904.41943434 0.8643083497497782
45949112.34828867 0.8567839003050474
46567614.82605565 0.8567527730243515
47242344.80180145 0.8557660901044299
47928320.27714301 0.8546710842529992
49952510.20438039 0.8488586871273338
50627240.18012619 0.8474993068998805
54686865.53419673 0.874779515095071
55361595.50994252 0.873148341830334
56036325.485688314 0.8716968767275018
56486145.46951885 0.8708433666934776
56924719.95375361 0.8695871734008671
57599449.92949941 0.8683647013329947
58274179.90524521 0.8667638771636158
58948909.880991 0.8652130122804178
60714453.317525834 0.8604001121418806
61040572.80580296 0.860362292493843
61614093.285186894 0.8590554654966129
62288823.260932684 0.8582661814144402
62963553.23667848 0.8568292423812452
64178067.19302092 0.854209622313363
64605396.17765992 0.8534284313268273
65954856.12915151 0.8506627724356723
66359694.11459899 0.8500755044065439
66607095.105705775 0.8490878876695296
67045669.58994055 0.8476249054768243
67619190.06932448 0.8467337314318301
68170219.54951687 0.8453479448952504
68710003.5301135 0.8442563630380558
69384733.5058593 0.8426936179100563
69778325.99171102 0.8417794615554841
70003235.98362628 0.8415077203936813
70408073.96907376 0.840622304898936
70992839.94805345 0.8394531123552063
71667569.92379925 0.8383651620154209
72342299.89954504 0.8367959320379404
73017029.87529084 0.8353339874239146
74366489.82678242 0.8328048958660481
74827555.31020872 0.8316499699933014
75041219.80252822 0.8314598860658521
75479794.28676298 0.8306442994308273
76829254.23825458 0.8278431035615419
77503984.21400037 0.8266959076348164
78178714.18974617 0.8251386097829309
78864689.66508773 0.823497838937987
79516928.641642 0.8218714904010938
80742688.0975802 0.8182818923912475
82103393.54866755 0.8170583827446957
82778123.52441335 0.8157609458044991
83452853.50015914 0.8145674221036895
84127583.47590494 0.8135903367639747
84802313.45165072 0.8122137846526735
85477043.42739652 0.8114669374338338
86151773.40314232 0.8102399000261469
86826503.37888812 0.8090018643152703
87287568.8623144 0.8079762722984634
87748634.3457407 0.8072171297991004
88423364.3214865 0.8059501975966419
89098094.2972323 0.8049480029145095
89772824.2729781 0.8037628317026788
91133529.72406544 0.801401516186435
91808259.69981124 0.8003983876925223
92482989.67555703 0.7990979936586674
93157719.65130283 0.7979478406382836
93832449.62704863 0.7966203139960705
95181909.57854022 0.7939586721005768
95856639.55428602 0.7927602717964425
96531369.53003182 0.7913662884079516
97217345.00537337 0.790456230476679
97892074.98111916 0.7892066776759293
98566804.95686495 0.7877938622819534
99241534.93261075 0.786455907998715
102356538.32063718 0.7812231008422628
102761376.30608465 0.7802439922259824
103436106.28183044 0.7788534847178332
109137574.57688242 0.8043191280881791
109497430.56394684 0.8030358540626912
110127178.54130958 0.8025029031363848
110801908.51705538 0.8017900884111059
111487883.99239694 0.8009605463792332
112162613.96814273 0.7997285286119474
112837343.94388853 0.7987245181711105
113512073.91963433 0.797080893994095
114861533.87112592 0.793684337000044
115547509.34646748 0.7921397494537785
116222239.32221328 0.7909244885346189
116896969.29795907 0.789728163382531
118572548.73772779 0.78712317314056
119247278.71347359 0.7856077414792182
119685853.19770835 0.7843923768037844
120810403.15728468 0.7843482798241267
121485133.13303047 0.7836072430257045
122159863.10877627 0.7820831476065612
124195298.53560942 0.7767381266025362
124870028.51135522 0.7766556911881574
125544758.48710102 0.7751587283826846
126152015.46527223 0.773816468158286
126759272.44344345 0.7728631951836551
127434002.41918924 0.7716257820210487
128108732.39493504 0.7705535509613349
128783462.37068084 0.7694723448643722
129863030.3318741 0.7680175595235783
129997976.32702327 0.7674882919901621
130414059.81206651 0.7667332998002043
131055053.28902501 0.7657477582152364
131549855.2712386 0.7642225733366204
131977184.2558776 0.7635723244415558
132550704.73526153 0.7628268779510115
133225434.71100733 0.761505784277486
133900164.68675311 0.7605434325146443
134586140.16209468 0.7589085239762238
135204642.63986164 0.7575731636370276
135834390.6172244 0.7564709985070526
140681200.94299835 0.7449724253809357
141367176.4183399 0.7440829114575785
142716636.3698315 0.7409058536692423
143391366.3455773 0.7394372166878747
145415556.2728147 0.7343637293331042
146776261.72390205 0.7331251748302318
147282309.2057114 0.7314816025340097
147788356.68752074 0.731093082190132
148429350.16447926 0.7298489766601839
149070343.64143774 0.7287780944479723
149745073.61718354 0.727225932592753
150419803.59292933 0.7257719254319844
151094533.56867513 0.7245233583291208
151769263.54442093 0.7244963813472053
154479428.94699988 0.7206410082436661
155154158.92274567 0.7198280155473712
156424900.3770669 0.716807994896122
157020911.85564238 0.7154817133451368
157695641.83138818 0.7141731743454763
158370371.80713397 0.7130144094427718
159056347.28247553 0.711788720882587
159731077.25822133 0.7104586003016441
160405807.23396713 0.7090071870796053
161080537.20971292 0.7087896592696628
161755267.18545872 0.7076848483201644
162429997.1612045 0.7065613610022486
163104727.13695028 0.705096978081248
163622020.1183554 0.7046072421982998
164150558.5993563 0.7033483512106852
164825288.57510206 0.7022141768584024
165500018.55084786 0.7008747180905945
166174748.52659366 0.7000110398088868
166849478.50233945 0.6984622500777352
167524208.47808525 0.6969855200060429
168198938.45383105 0.6963601210547417
169559643.9049184 0.693468500437027
170909103.85641 0.692948000422999
171583833.8321558 0.691867001843897
173608023.7593932 0.6874850070264649
175643459.18622634 0.6849316361923118
176318189.16197214 0.6834475393242143
176992919.13771793 0.6821667036057012
177667649.11346373 0.6814519174793376
178747217.074657 0.6782453925372551
179140809.5605087 0.6774432943931882
179815539.5362545 0.676564830653814
180490269.5120003 0.6758493701090119
181176244.98734185 0.6751910281236226
181850974.96308765 0.6745476272276549
182525704.93883345 0.673594198621269
183200434.91457924 0.6726150381295077
183875164.89032504 0.6715155706945368
184549894.86607084 0.6704801735796622
185224624.84181663 0.6692188961711785
186585330.292904 0.6683158418760703
187260060.2686498 0.667273337368757
187934790.24439558 0.6666701944224893
188609520.22014138 0.6655903890591344
189284250.19588715 0.6651829329534975
189958980.17163295 0.664455747795649
190633710.14737874 0.663967620158857
191319685.6227203 0.6632557392506709
192669145.5742119 0.6634236190485677
194018605.5257035 0.6605940973551773
194693335.5014493 0.6594403128173841
195368065.47719508 0.6586432987945027
196042795.45294088 0.6579666954711052
197538446.8991774 0.654527545981966
198213176.8749232 0.6535047035409565
199686337.32196817 0.6536036364154322
200361067.29771397 0.6530787267039696
201035797.27345976 0.6528094757246223
201710527.24920556 0.6520583744401032
202385257.22495136 0.6510682156451524
203734717.17644295 0.6512053831927626
204409447.15218875 0.6497779898589809
205770152.6032761 0.6463121227865806
206444882.5790219 0.6453329104193385
207119612.5547677 0.6445019157783771
207794342.5305135 0.6433402456628077
209818532.45775086 0.6402867113046813
210504507.93309242 0.6394212172695813
211179237.9088382 0.6383467554154413
211853967.884584 0.6377712119993593
212528697.8603298 0.6369633553050432
213203427.8360756 0.6353608191385463
213878157.8118214 0.6346509615016133
214552887.7875672 0.6338704449388287
215902347.7390588 0.6331631293598322
216588323.21440035 0.6327597716828072
217263053.19014615 0.6317632836701305
217937783.16589195 0.6309868136551645
218612513.14163774 0.6300252400723481
219961973.09312934 0.6267194191061739
220501757.07372597 0.6264317511570633
221716271.0300684 0.6268114521007594
222391001.0058142 0.6258047958403992
223065730.98156 0.624717779323019
223740460.9573058 0.6237276205227557
224415190.9330516 0.6224408187414452
225089920.90879738 0.6209440634485209
226450626.35988474 0.6179434454649212
228474816.28712213 0.6193377920030281
228902145.27176112 0.6185034252433116
229329474.25640014 0.6182934717370102
230004204.2321459 0.6174375752768045
230678934.2078917 0.6163100414110702
231353664.1836375 0.6157112044112752
234063829.58621645 0.6070663803793545
235413289.53770804 0.6041210652017753
236088019.51345384 0.6030941243321538
236571575.99607167 0.6020509453957771
237055132.4786895 0.6008832573419295
237729862.4544353 0.5996763489117488
239079322.40592688 0.5964743893041683
241789487.8085058 0.5974076889383605
242464217.7842516 0.5967804742283547
243138947.7599974 0.5959056938871832
243813677.7357432 0.5951987933385959
244488407.711489 0.5940340623730941
245849113.16257635 0.5930608679441303
246523843.13832214 0.5915257742164848
247198573.11406794 0.5907665279661601
247873303.08981374 0.5895547429273423
248548033.06555954 0.5886187974736269
249222763.04130533 0.5875268005913353
249897493.01705113 0.5873222943558355
250583468.4923927 0.5862295192882062
251258198.4681385 0.5856093601004706
252607658.41963008 0.5821465538780026
253282388.39537588 0.5814818826748875
254631848.34686744 0.5825081491207581
256453619.2813811 0.5801016471706962
256925930.26440316 0.5789712599728902
257611905.73974472 0.5781609649769118
258961365.69123632 0.577150106536978
259636095.6669821 0.575681936466813
260310825.6427279 0.5747931488426877
260985555.6184737 0.5741315384948176
262335015.56996527 0.5727745965690266
263009745.54571107 0.5715782714169387
263695721.02105263 0.5707651230835763
264370450.99679843 0.5696412726160446
265045180.97254422 0.5686765344270215
265719910.94829002 0.5679734729137044
266394640.92403582 0.5667548398757897
267069370.8997816 0.5659896275573552
267744100.8755274 0.5657138917338393
268418830.8512732 0.5653338276352149
269779536.30236053 0.5627473581245938
270454266.27810633 0.56176129774763
271128996.2538521 0.561433838760022
271803726.2295979 0.5607810478017085
272478456.2053437 0.5600421899169192
273153186.1810895 0.5590218895338461
273827916.1568353 0.5582140328448426
274502646.1325811 0.5571177818968716
275188621.6079227 0.5561505016499119
275863351.5836685 0.5555737131372895
276538081.55941427 0.5550444974846667
277100356.53920245 0.5542663154672702
277662631.51899064 0.5537254270877067
278348606.9943322 0.5532174817422313
279023336.970078 0.5520756812108263
279698066.9458237 0.5515578788971148
281722256.8730611 0.5497972161446829
282408232.3484027 0.5490294617629994
283082962.3241485 0.5475570376271549
284432422.2756401 0.5474445643862406
285118397.7509816 0.5462068918302924
285793127.7267274 0.5451987310853627
286479103.202069 0.5443956472434095
287153833.1778148 0.5436556480236667
287828563.1535606 0.543090013456614
288503293.1293064 0.5422506144511928
289178023.1050522 0.5415331825106185
289852753.080798 0.540596095727262
290527483.05654377 0.5395766772858007
291202213.03228956 0.5386410949817013
291888188.5076311 0.5380427248931089
292562918.4833769 0.5371132124080811
293237648.4591227 0.5356534985831692
293912378.4348685 0.5342459229474463
295936568.3621059 0.5357190215070419
296611298.3378517 0.5348176792143641
297286028.3135975 0.5334539930510629
297972003.78893906 0.5326519986632701
298646733.76468486 0.5323582090089821
299321463.74043065 0.5315020012746414
299996193.71617645 0.5301987539129648
300670923.69192225 0.5286787050384526
301345653.66766804 0.5273742644620916
302020383.64341384 0.5264151291862499
302425221.6288613 0.5258321152190821
302818814.114713 0.5251139569744948
303493544.0904588 0.5245101396076635
304168274.0662046 0.5237011415826438
304854249.54154617 0.5228111088699469
305528979.51729196 0.5220895266247486
306203709.49303776 0.5212460291965593
306878439.46878356 0.5203730646093112
307553169.44452935 0.5195409286387086
308227899.42027515 0.5190694022151003
309577359.37176675 0.5184543271485502
310105897.8527676 0.5183687790055705
310634436.3337685 0.517027815753193
311309166.3095143 0.516364649037835
312669871.76060164 0.515924561167464
314019331.71209323 0.5155444970704331
314694061.68783903 0.5145264793551424
317392981.5908222 0.5040701513451218
318078957.0661638 0.5031279804373923
319428417.0176554 0.5007647454077633
320069410.4946138 0.5004739128487272
320710403.97157234 0.4996606088825472
321396379.4469139 0.49889140189814984
322071109.4226597 0.49744107813292754
324770029.3256429 0.49686366707575386
325444759.3013887 0.4964955869813925
326119489.2771345 0.49580596207770866
326805464.75247604 0.4955093709716111
327806314.216499 0.49556182043971636
328481044.19224477 0.49413453086220904
329155774.16799057 0.4934679401457088
329830504.14373636 0.49238227247423694
330505234.11948216 0.49128939364873986
331179964.09522796 0.4904334971874717
331865939.5705695 0.4902757337532777
332540669.5463153 0.48973785434285333
333215399.5220611 0.489286975681841
333890129.4978069 0.48847351607965594
335239589.4492985 0.48811825004931386
336600294.90038586 0.48792287448388066
337275024.87613165 0.48712912882613635
337949754.85187745 0.48702101340451937
339299214.80336905 0.4867564315186046
340648674.75486064 0.48624189756896763
341323404.73060644 0.48593197361057366
341998134.70635223 0.48549914877289624
342684110.1816938 0.4854754401603678
343358840.1574396 0.484531609131001
344033570.1331854 0.4841649816430722
347407220.0119143 0.5078035573917828
348093195.4872559 0.5070185273726333
348767925.46300167 0.5063546862329931
349442655.43874747 0.5054941725580233
350117385.41449326 0.5047196220569737
350792115.39023906 0.5040556771594654
351466845.36598486 0.5032418544055395
352141575.34173065 0.502414128133434
352827550.8170722 0.5015556896105106
353502280.792818 0.5007161868498777
354177010.7685638 0.5000003112730727
354851740.7443096 0.499145763660369
355526470.7200554 0.4985738517563838
356201200.6958012 0.49770010898698547
356875930.671547 0.4967502600166842
357550660.6472928 0.4963956165319561
358236636.12263435 0.4954419804087718
358911366.09838015 0.4944635462188987
359586096.07412595 0.49370896905616274
360260826.04987174 0.4931187958141693
360935556.02561754 0.49256981434003105
361610286.00136334 0.491733164914126
362285015.97710913 0.49105822171077196
362734835.96093965 0.49068931155559203
363184655.94477016 0.4900800987939714
363870631.4201117 0.48930923168740575
364545361.3958575 0.4884528164378604
365220091.3716033 0.4877905835411888
365894821.3473491 0.4871751972015662
366569551.3230949 0.48653610224994626
367244281.2988407 0.4857758702980167
367919011.2745865 0.4852845261720999
368593741.2503323 0.48479966689672627
369268471.2260781 0.4839570514080239
369954446.70141965 0.48319562624353485
370629176.67716545 0.48250460061208683
371303906.65291125 0.48175806466366355
371978636.62865704 0.4811337551702413
372653366.60440284 0.48039536419346723
373328096.58014864 0.47992337086025016
374002826.55589443 0.47889528865779996
374677556.53164023 0.47846090745582204
375352286.507386 0.47770384011009925
376038261.9827276 0.4770655752198291
376712991.9584734 0.47663575935235336
377387721.9342192 0.475814932960138
377961242.4136031 0.47516183073247054
378546008.3925828 0.4744602737042543
379220738.3683286 0.4737229721821718
379895468.34407437 0.47294043234547795
380570198.31982017 0.4722359182257284
381256173.7951617 0.47155480144543466
381930903.7709075 0.4707254150511608
382605633.7466533 0.4702756777240396
383280363.7223991 0.4698346041563138
383955093.6981449 0.46901465970411654
384629823.6738907 0.4680710361899544
385304553.6496365 0.46745341906174903
385979283.6253823 0.46667451074140204
386665259.10072386 0.4660189183312789
387339989.07646966 0.46526039837912364
388014719.05221546 0.4646231191862084
388689449.02796125 0.46399491878256643
389364179.00370705 0.46293949645177224
390038908.97945285 0.46226585021884553
390713638.95519865 0.46176392281749207
391388368.93094444 0.46123735298598606
392074344.406286 0.4605117241940317
392749074.3820318 0.45988305688184333
393423804.3577776 0.4591074688042393
394098534.3335234 0.45853763205230047
394773264.3092692 0.4579479257193847
395447994.285015 0.4570389053657289
396133969.76035655 0.45644842085066295
396808699.73610234 0.4556370882791926
397483429.71184814 0.4550087322395456
398158159.68759394 0.45424538755954647
398832889.66333973 0.4536812055968013
399507619.63908553 0.4531150003612092
400182349.6148313 0.4527174531077892
400868325.0901729 0.45211000422514236
401543055.0659187 0.45112534457913006
402217785.0416645 0.45077142739735265
402892515.0174103 0.4501667280910345
403567244.9931561 0.449593519217153
404107028.9737527 0.4489179015895167
404646812.95434934 0.4485091485155774
408717683.80801564 0.44467867723181354
409392413.78376144 0.4440544196170597
410067143.75950724 0.4435185634800134
410741873.735253 0.44295495218421377
411416603.7109988 0.4423559595462887
417410454.9955406 0.47031920403781424
418085184.9712864 0.46951030977013125
418759914.9470322 0.4687665752767049
419434644.922778 0.468091372680009
420109374.8985238 0.4673975455930328
420795350.37386537 0.46656930053265
421470080.34961116 0.4657537138997502
422144810.32535696 0.46510128609636503
422819540.30110276 0.4643127801974051
423494270.27684855 0.46370434561740337
424169000.25259435 0.462956305183348
424854975.7279359 0.4621801464393296
425529705.7036817 0.4613574005316042
426204435.6794275 0.460557221902516
426879165.6551733 0.45963601003045496
427553895.6309191 0.45908173691886406
427947488.1167708 0.458563778968085
428161152.60909027 0.45832010423917036
428655954.5913039 0.4575737758054205
429330684.5670497 0.45662434186552847
429724277.0529014 0.4559257938080451
430129115.03834885 0.4555936657227547
430803845.01409465 0.45530080989034066
431478574.98984045 0.4547192485296054
432153304.96558625 0.45404259332594576
432828034.94133204 0.45336448551585373
433514010.4166736 0.4527338986876241
434188740.3924194 0.4519136948415538
434863470.3681652 0.4508202453491111
435538200.343911 0.4499337922740927
435988020.3277415 0.449162665773654
436437840.3115721 0.44811160126215727
437112570.2873179 0.4473140684515298
437787300.26306367 0.4466456619779187
438462030.23880947 0.4461763144636935
439136760.2145552 0.44573809423016425
439822735.68989676 0.4448468164262396
440497465.66564256 0.44393157061591343
441172195.64138836 0.4433790095051592
441846925.61713415 0.44262655937313805
442521655.59287995 0.4419845592086532
443196385.56862575 0.44142961167278005
443792397.0472012 0.4407036716082844
444388408.5257767 0.4397579729415447
445063138.5015225 0.4389697264369888
445737868.4772683 0.4382651085593714
446423843.95260984 0.43772691787640555
447098573.92835563 0.43700564690374866
447773303.90410143 0.43607348860451006
448448033.8798472 0.4354539519613258
449122763.855593 0.4348321326503593
449797493.8313388 0.4340954017952223
450472223.8070846 0.43280896316299655
451158199.2824262 0.4319844274364319
451832929.258172 0.4313949286187207
452507659.2339178 0.43091512752626104
453182389.20966357 0.4304328621906799
453857119.1854093 0.4299679762536201
454531849.1611551 0.42939066895431427
455217824.63649666 0.4286178563929043
455892554.61224246 0.42779884575886234
456567284.58798826 0.4270867573344091
457242014.56373405 0.426465482751054
457916744.53947985 0.4258022641570276
458591474.51522565 0.4252300928591694
459266204.49097145 0.4244768904843322
459952179.966313 0.4234573942232747
460626909.9420588 0.42268032759990404
461301639.9178046 0.4219591344457808
461976369.8935504 0.4213256424046862
462482417.3753598 0.4209510255816444
462999710.35676485 0.42036297937036565
463674440.33251065 0.41932322443778736
464349170.30825645 0.4187203149497772
465035145.783598 0.4180685356313401
465709875.7593438 0.4173097822251773
466384605.7350896 0.41590041677327133
467734065.6865812 0.4154415747164803
468408795.662327 0.41487090790372294
469083525.6380728 0.4140781738826676
469758255.6138186 0.41352358949853535
470230566.5968406 0.41315174819115635
470702877.5798627 0.412883794183299
471377607.5556085 0.4118472816754612
472052337.5313543 0.411126244157343
472727067.5071001 0.4103572446876191
473401797.4828459 0.40945543548745733
474076527.4585917 0.4084398301360885
474751257.4343375 0.40818785479898834
476111962.88542485 0.40804316482268654
476786692.86117065 0.4069571858781421
477461422.8369164 0.4067429004897525
478136152.8126622 0.40601913933463984
478810882.788408 0.4055461862439333
479496858.26374954 0.40507748721518744
480171588.23949534 0.40448451251766576
480846318.21524113 0.40405537107447226
481521048.19098693 0.40320479218999095
482195778.1667327 0.40261581216055703
482870508.1424785 0.4021282033083236
483545238.1182243 0.40174175811861734
484231213.5935659 0.4009004914790107
484905943.5693117 0.4000243882243588
485580673.5450575 0.39982566647684836
486255403.5208033 0.3990160977843519
486930133.49654907 0.3983739938625303
487604863.47229487 0.3976235151252189
488279593.44804066 0.39701762260634116
489460370.90559584 0.3964712350725266
489955172.8878094 0.39605057581338904
493340068.26613414 0.3949213818270801
494014798.24187994 0.3940646034257938
494689528.21762574 0.3937472607992324
495375503.6929673 0.39305470474334936
501459318.97427523 0.4088336680551592
502134048.950021 0.4081055490812804
502808778.9257668 0.40728604559829534
503483508.9015126 0.4062598050933528
504169484.3768542 0.40548792635062936
504844214.3526 0.4048410236392357
505518944.3283457 0.40414792285574125
506193674.3040915 0.40333884701218775
506868404.2798373 0.4027332138877144
507543134.2555831 0.40217650247233616
508217864.2313289 0.4012508030837756
508892594.2070747 0.4004417791188904
509578569.68241626 0.39951919245893064
510253299.65816206 0.3991718120063649
510928029.63390785 0.39824484158724227
511602759.60965365 0.39776555928252866
512277489.58539945 0.3969317891296231
512952219.56114525 0.3963116040014908
513626949.53689104 0.3952956354989122
514312925.0122326 0.3945367523955472
514987654.9879784 0.39396463297635737
515662384.9637242 0.3931717951974341
516337114.93947 0.39237114965926834
517011844.9152158 0.3919369500326297
517686574.8909616 0.39118999905379703
518361304.8667074 0.3907345809976169
519036034.8424532 0.3899223664866597
519722010.31779474 0.38915658350287324
520396740.29354054 0.3881548038522126
521071470.26928633 0.38766042481675994
521746200.24503213 0.38713891316816784
522420930.2207779 0.3865364705897665
523095660.1965237 0.3860353991885657
523770390.1722695 0.38543560242915637
524445120.1480153 0.38493883696858466
525131095.6233569 0.3842134935103687
531282383.9022394 0.3804326961785162
531675976.3880911 0.3800190924363364
533025436.3395827 0.3794012677934576
533700166.3153285 0.37844176936587504
534386141.79067004 0.3774973157908944
535060871.76641583 0.37701079639335255
535735601.74216163 0.3763358272511955
536410331.7179074 0.37569610975396167
537085061.6936532 0.3752725452819592
537759791.669399 0.37466662682374735
538434521.6451448 0.37418542500352364
539109251.6208906 0.3736525778366789
539783981.5966364 0.37302606349453943
540469957.071978 0.37247560347516584
541144687.0477238 0.3718988927816085
541819417.0234696 0.37098413982022543
542494146.9992154 0.370615255604911
543168876.9749612 0.3702117163498906
543843606.950707 0.369699880097914
544518336.9264528 0.36908680236487645
545080611.9062409 0.368866447156884
545642886.886029 0.3683897847318281
546317616.8617748 0.3676663607891222
546992346.8375206 0.3673236753682606
547667076.8132664 0.3666426882846378
548341806.7890122 0.3660676895919172
549027782.2643538 0.36547300289462126
549702512.2400995 0.3648351789735634
550377242.2158453 0.36426918125317603
551051972.1915911 0.3639699702674207
551726702.167337 0.3635003374194571
552401432.1430827 0.36318255382315223
553076162.1188285 0.362642158290938
553750892.0945743 0.3620885336642952
554436867.5699159 0.3611090618983989
555111597.5456617 0.3604064672941594
555786327.5214075 0.3596791524412338
556461057.4971533 0.35902685433505077
557135787.4728991 0.35823808904221777
557810517.4486449 0.35755497492788013
558485247.4243907 0.35692049718996194
559159977.4001365 0.35643610482313476
559834707.3758823 0.3556435523779499
560520682.8512238 0.3552431517908645
561195412.8269696 0.3547545831806104
561870142.8027154 0.35425828462964765
562544872.7784612 0.3537324151617581
563219602.754207 0.353158765317602
564569062.7056986 0.35302912019337096
565255038.1810402 0.35255946140660444
565929768.156786 0.3519524275543669
566604498.1325318 0.35143950184716755
