1.0 1.0031641989108182
719712.9741288485 1.0009881967836494
1147041.9587678523 0.9997032381354537
2057927.4260246763 0.9969815662484343
6443672.268372347 0.9841972202720068
6848510.253819824 0.9830430299570111
7242102.739671539 0.9819249811300619
7916832.715417334 0.9800176119608736
8591562.69116313 0.9781218627672849
9671130.652356403 0.9751125196683887
16744549.898091491 0.9560881355404512
17171878.882730495 0.9549756015589285
20646738.257821344 0.9460757190825444
21253995.23599256 0.9445465995368955
21861252.214163773 0.9430250834462905
22535982.18990957 0.9413433392736195
23626795.650698606 0.9386439336407957
24031633.636146083 0.9376481268850552
26067069.062979233 0.9326900263468743
27416529.014470823 0.9294466994333292
27922576.49628017 0.9282392763096606
31476154.36854136 0.919892304832991
31869746.854393072 0.918981670031092
32364548.836606655 0.9178407072670878
32859350.81882024 0.9167039862839363
33534080.794566035 0.9151606896822754
35569516.22139919 0.910551682104238
36244246.19714498 0.9090390165421247
37593706.14863657 0.906035896603228
38954411.59972393 0.9030372226834223
39629141.575469725 0.9015610646779321
40303871.551215515 0.9000919606840503
43216455.9465182 0.8938295471832164
43565066.433986865 0.8930884416245725
44869544.3870954 0.8903309339339117
45544274.3628412 0.8889142228866406
46219004.33858699 0.8875039611914242
46893734.31433278 0.8861000837670489
47568464.29007858 0.8847025262953648
48254439.76542014 0.883288089507519
48929169.741165936 0.8819030846918237
49378989.72499647 0.8809831577593936
49615145.216507494 0.8805012806827889
50076210.69993379 0.8795626130271643
50762186.17527535 0.878171260881076
52089155.12757541 0.8754972379967162
53449860.57866277 0.8727787221165391
54799320.530154355 0.8701057025026726
55192913.016006075 0.8693303263585078
55597751.00145355 0.868534780167159
56272480.977199346 0.8672133077817855
56947210.95294514 0.8658973355437481
57621940.92869093 0.864586809485132
58240443.406457916 0.8633902326838969
58701508.88988421 0.8625011629484038
59072610.37654439 0.8617873715749739
59601148.85754527 0.8607735149785152
60084705.34016309 0.859848761125299
60579507.32237667 0.858905267677396
61254237.298122466 0.8576231592766071
61928967.27386826 0.8563461671091497
63278427.22535986 0.8538073341136249
64639132.676447205 0.851267470857608
65313862.652193 0.8500154098783649
65988592.6279388 0.8487681759759291
66663322.6036846 0.8475257230372468
67338052.57943039 0.8462880054864422
68012782.55517618 0.8450549782784222
68698758.03051774 0.8438061629785754
70464301.46705258 0.8406137607730151
71049067.44603227 0.8395632172107741
71723797.42177807 0.8383552048328
72398527.39752385 0.8371516025130599
73073257.37326965 0.835952368991054
73747987.34901544 0.8347574634857013
74422717.32476124 0.8335668456896316
74973746.80495365 0.8325976607076091
75524776.28514604 0.8316312873400645
78223696.18812923 0.8269379411405653
78864689.66508773 0.8258328411750486
79247036.65134367 0.8251753782999742
80079203.62143016 0.8237488342568395
80472796.10728188 0.8230762047824511
81147526.08302768 0.8219262177021743
82496986.03451926 0.8196378340933204
83857691.48560661 0.8173457930341832
86556611.3885898 0.8128442989381179
87636179.34978308 0.8110599697369654
87984789.83725174 0.8104857298938177
88625783.31421024 0.8094323312738921
89300513.28995603 0.808326910920123
89986488.76529759 0.807206631839889
90458799.74831966 0.8064373649687828
90942356.23093747 0.805651521100272
91617086.20668326 0.8045579142643142
93641276.13392065 0.8012972242743355
95001981.58500801 0.7991219948378939
95676711.5607538 0.7980482564134475
96351441.53649959 0.7969777213797907
97026171.51224539 0.7959103624252093
97700901.48799118 0.7948461525514808
98375631.46373698 0.7937850650701476
99050361.43948278 0.7927270735988352
99736336.91482434 0.7916545958938128
100411066.89057013 0.790602769020684
101996682.33357275 0.7881428118466443
102682657.8089143 0.7870836588000413
103357387.7846601 0.7860448280895429
104032117.7604059 0.7850089077264497
104706847.7361517 0.783975873755411
105381577.71189749 0.7829457024946784
106056307.68764329 0.7819183705328562
106731037.66338909 0.7808938547256883
107417013.13873065 0.7798551270200615
111251728.50088592 0.7741005574513032
113275918.4281233 0.7710976777335883
113961893.90346485 0.7700853397585607
115311353.85495645 0.768101569669024
115986083.83070225 0.7671134805755593
116660813.80644804 0.7661278959608168
118010273.75793964 0.764164163029542
119370979.20902699 0.7621939766082045
120720439.16051857 0.7602497520559298
121788761.62211609 0.7587173140922259
122193599.60756357 0.7581381406145691
122868329.58330935 0.7571747172769888
124217789.53480095 0.7552548048509059
124892519.51054674 0.7542982815049386
126927954.9373799 0.751426430652988
127602684.9131257 0.7504789091928735
128277414.88887149 0.7495335880333615
128952144.86461729 0.7485904512604449
129626874.84036307 0.7476494831382602
130987580.29145043 0.745758397516155
131662310.26719622 0.7448238779278087
132337040.24294202 0.7438914655369956
132966788.22030476 0.7430231020091912
133596536.19766751 0.7421565491641229
134271266.1734133 0.7412300955440349
134945996.1491591 0.7403056925226049
135631971.62450066 0.7393679702508504
136104282.60752273 0.7387235412019618
136576593.59054476 0.7380800981634688
139961488.9688695 0.7334971914447118
141985678.8961069 0.7307799630350412
142660408.8718527 0.7298780308899332
143346384.34719425 0.7289629981521547
144021114.32294005 0.7280648533208762
145966585.75300708 0.7254855698854523
147248572.7069241 0.7237942366565449
147923302.6826699 0.7229066801250151
148598032.6584157 0.7220209147041892
149272762.6341615 0.7211369290146555
150633468.08524886 0.7193595924270941
151308198.06099463 0.7184809079049119
152657658.01248622 0.7167287338792261
153332387.98823202 0.7158552229532845
154018363.46357358 0.7149688995751827
154693093.43931937 0.7140988129612283
155367823.41506517 0.7132304087485414
156717283.36655676 0.7114986068551674
157392013.34230256 0.7106351891133621
158066743.31804836 0.7097734136479923
158752718.79338992 0.7088989487575161
163475828.6236105 0.7029230458494957
164836534.07469785 0.7012157186298298
165511264.05044362 0.7003714377038794
165904856.53629535 0.6998796483199248
166309694.52174282 0.6993743497071367
166984424.49748862 0.6985334015617235
167659154.47323442 0.697693966348652
168333884.4489802 0.6968560356920872
169019859.92432177 0.696005673361942
169694589.90006757 0.6951707517778541
170369319.87581336 0.6943373100178244
171044049.85155916 0.6935053400570033
171718779.82730496 0.6926748339553558
172393509.80305076 0.6918457838566608
173068239.77879655 0.6910181819875241
173742969.75454235 0.6901920206564022
174428945.2298839 0.6893535588763205
175103675.2056297 0.6885302795624502
176453135.15712127 0.6868879670264488
177127865.13286707 0.6860689191366941
177802595.10861287 0.6852512671816594
178477325.08435866 0.6844350040176389
179163300.55970022 0.6836065528843018
179838030.53544602 0.6827930690213092
180512760.51119182 0.6819809528465661
181187490.4869376 0.6811701975100879
181862220.4626834 0.6803607962328713
182536950.4384292 0.6795527423060582
183211680.414175 0.6787460290901124
183886410.3899208 0.6779406500140036
184572385.86526236 0.6771232089283574
185247115.84100816 0.6763205006546884
185921845.81675395 0.6755191071051826
186596575.79249975 0.6747190219759603
187271305.76824555 0.6739202390277038
188407101.22741762 0.6725785449101417
188868166.71084392 0.6720349381088693
189486669.1886109 0.6713066489990689
190093926.1667821 0.670592644803555
190779901.64212367 0.6697873224779297
191454631.61786947 0.6689964776238077
192129361.59361526 0.6682068918660472
192804091.56936106 0.6674185594669416
193478821.54510686 0.666631474746702
194153551.52085266 0.6658456320827769
194839526.9961942 0.6650479595839852
196188986.9476858 0.6634824755722141
196863716.9234316 0.6627015663194628
197538446.8991774 0.6619218717569878
198213176.8749232 0.6611433865927367
198887906.850669 0.6603661055873525
199562636.8264148 0.6595900235535574
200889605.77871484 0.6580672067911503
201564335.75446063 0.6572946516835205
202239065.73020643 0.6565232754724415
202778849.71080306 0.6559070199894514
203284897.1926124 0.6553299606085248
203937136.16916668 0.654587162682873
204499411.14895484 0.6539476911126524
205005458.6307642 0.653372854202277
205612715.60893542 0.6526839067396822
206287445.5846812 0.6519195018995974
206872211.5636609 0.6512579443188389
207456977.5426406 0.6505972440078792
208131707.5183864 0.6498359588537908
208806437.4941322 0.6490758065402333
209481167.469878 0.6483167825788299
210167142.94521955 0.6475462603537926
210841872.9209653 0.6467894984256286
211516602.8967111 0.6460338515699771
212191332.8724569 0.6452793154693576
213540792.8239485 0.6437735584693597
214215522.7996943 0.6430223291396504
214901498.27503586 0.6422597006903077
215576228.25078166 0.6415106731600759
216093521.23218676 0.6409371541485824
216599568.7139961 0.6403767186451369
217285544.18933767 0.6396179863383415
217960274.16508347 0.6388727767292481
218635004.14082927 0.6381286386567138
219309734.11657506 0.6373855682156361
219984464.09232086 0.6366435615374234
220659194.06806666 0.6359026147895716
221333924.04381245 0.6351627241752437
222008654.01955825 0.6344238859328565
222694629.4948998 0.6336738087056643
223369359.4706456 0.6329370814461777
224044089.4463914 0.6322013954206521
226259452.86675677 0.629793170079733
226934182.84250256 0.6290619034086914
227339020.82795003 0.628623634407751
227732613.31380174 0.6281978917255948
228407343.28954753 0.6274688529642172
229082073.26529333 0.6267408291631693
229756803.24103913 0.6260138169375521
230431533.21678492 0.625287812932946
231117508.69212648 0.6245507390014986
231792238.66787228 0.6238267581614455
232466968.64361808 0.6231037756043517
233141698.61936387 0.6223817880947172
233816428.59510967 0.6216607924257959
234491158.57085547 0.6209407854192632
235165888.54660127 0.6202217639248884
235851864.02194282 0.6194917658071584
236526593.99768862 0.618774722292678
238550783.92492598 0.616629436668718
239225513.90067178 0.6159162797198978
239900243.87641758 0.6152040869423517
240586219.35175914 0.6144810096678125
241260949.32750493 0.6137707523964536
241935679.30325073 0.6130614505148985
242610409.27899653 0.6123531011622062
243285139.25474232 0.6116457015018764
243959869.23048812 0.6109392487215681
244634599.20623392 0.6102337400328232
245309329.18197972 0.6095291726707915
245905340.66055515 0.6089075856428579
246490106.63953486 0.6082984366217034
247164836.61528066 0.6075964438414526
247850812.09062222 0.60688370573901
248525542.066368 0.6061835880835689
248975362.05019853 0.6057173574915574
249425182.03402907 0.6052515376040324
250099912.00977486 0.6045535761588491
250774641.98552066 0.6038565344822917
252124101.93701226 0.6024652002078201
252810077.4123538 0.6017593386345702
253484807.3880996 0.6010659657605593
253957118.37112164 0.6005811446347916
254440674.85373947 0.6000852397585764
255115404.82948527 0.5993940548985559
255790134.80523106 0.598703771254775
256588565.27653027 0.5978880965015023
257117103.75753114 0.59734883318656
257634396.73893625 0.5968215748219333
258320372.2142778 0.5961231931091512
258961365.69123632 0.5954714383116456
259602359.1681948 0.5948204846866435
260288334.64353636 0.5941247353448279
260873100.62251607 0.5935323584365945
261469112.1010915 0.5929292707827705
262143842.0768373 0.5922473579226365
262818572.0525831 0.5915663220765296
264842761.9798205 0.5895284544996908
265517491.9555663 0.588850904671926
266192221.93131208 0.5881742209235492
268902387.33389103 0.5854648908016183
269577117.30963683 0.5847925199573462
270263092.7849784 0.5841098178379633
270937822.7607242 0.5834391660488399
271545079.7388954 0.5828363056980049
271871199.22717255 0.5825128307942611
272276037.21262 0.5821115508541682
272905785.1899828 0.5814879423739288
273546778.6669413 0.580853952627485
273996598.6507718 0.5804095012034888
274243999.6418786 0.5801652121577542
274727556.1244964 0.5796880639688187
275154885.1091354 0.5792667565008744
275379795.1010507 0.5790451506128627
275852106.0840727 0.578580080653569
276526836.0598185 0.5779164046154489
277201566.0355643 0.5772535617057237
278551025.9870559 0.5759303677071602
279225755.9628017 0.5752700128696904
279911731.43814325 0.5745994984940324
280586461.41388905 0.5739408067910567
281261191.38963485 0.573282937018488
281935921.36538064 0.5726258873606793
282610651.34112644 0.5719696560145733
283285381.31687224 0.5713142411895618
283971356.7922138 0.5706487379985841
284646086.7679596 0.5699949644277619
285320816.7437054 0.5693420020503981
285995546.7194512 0.5686898491245126
286670276.695197 0.5680385039198982
287345006.6709428 0.5673879647179887
288019736.6466886 0.5667382298117316
288694466.6224344 0.5660892975054602
289256741.6022225 0.5655491324652272
289807771.0824149 0.565020309408733
290482501.0581607 0.5643734958757822
291843206.5092481 0.5630715097039811
292517936.4849939 0.5624270939716585
293192666.4607397 0.5617834698167296
293867396.43648547 0.5611406356267536
294542126.41223127 0.5604985897996352
295216856.38797706 0.5598573307435104
295902831.8633186 0.5592061889555202
296510088.84148985 0.558630444256397
297117345.819661 0.5580553331273682
297792075.7954068 0.5574170624607382
298466805.7711526 0.5567795710374314
299096553.74851537 0.5561852807391293
299726301.7258781 0.5555916666713479
300412277.2012197 0.5549458193953989
301087007.1769655 0.5543113395696497
301761737.1527113 0.5536776315826991
302436467.12845707 0.5530446939454144
303099951.6046071 0.552423055031317
303763436.08075714 0.5518021581723646
304438166.05650294 0.5511714972310788
304989195.5366953 0.5506570246609686
305528979.51729196 0.5501535451687414
306203709.49303776 0.5495248816954605
306878439.46878356 0.5488969789886077
307553169.44452935 0.54826983562493
308227899.42027515 0.5476434501894646
308913874.8956167 0.5470074005283238
309588604.8713625 0.5463825393106876
310263334.8471083 0.5457584318021225
310938064.8228541 0.5451350766200785
311612794.7985999 0.5445124723898602
312287524.7743457 0.5438906177445418
312962254.7500915 0.5432695113248853
313636984.7258373 0.542649151779258
314322960.20117885 0.5420192171719616
314997690.17692465 0.5414003597414497
315672420.15267044 0.5407822451528025
316189713.1340755 0.5403088595446756
316695760.6158849 0.5398461860978981
317370490.5916307 0.5392299351611655
318045220.5673765 0.538614422449377
318719950.5431223 0.5379996466656576
319405926.01846385 0.5373753787428222
319799518.50431556 0.5370175350049957
319911973.50027317 0.5369153397973742
320305565.9861249 0.5365578169578898
320991541.46146643 0.5359353014494198
321666271.4372122 0.5353237285603117
322341001.412958 0.5347128857562076
323015731.3887038 0.5341027717832149
323690461.3644496 0.5334933853939344
324365191.3401954 0.5328847253473922
325039921.3159412 0.5322767904089721
325714651.291687 0.5316695793503498
326400626.76702857 0.5310529889249949
327075356.74277437 0.5304472339795981
327750086.71852016 0.5298421992460132
328424816.69426596 0.5292378835205356
329099546.67001176 0.5286342856054319
329774276.64575756 0.528031404308878
330449006.62150335 0.5274292384448975
331134982.0968449 0.5268177686843842
331809712.0725907 0.5262170420254292
332484442.0483365 0.5256170272561773
333159172.0240823 0.525017723213543
333833901.9998281 0.5244191287399932
334508631.9755739 0.5238212426834908
335183361.9513197 0.523224063897439
335869337.42666125 0.5226176560056855
336544067.40240705 0.522021900082523
337218797.37815285 0.5214268480033093
337893527.35389864 0.5208324986427454
338568257.32964444 0.5202388508807005
339242987.30539024 0.5196459036021603
339917717.281136 0.5190536556971734
340603692.75647753 0.5184522528098117
341278422.73222333 0.5178614119522679
341806961.21322423 0.5173990728442641
342346745.1938209 0.5169273370240242
343021475.1695667 0.5163382920819899
343696205.1453125 0.5157499403890118
344370935.1210582 0.5151622808673098
345056910.59639984 0.514565535485781
345731640.5721456 0.5139792685834756
346406370.5478914 0.5133936906293708
347081100.5236372 0.5128088005642467
347755830.499383 0.51222459733339
348430560.47512877 0.5116410798865492
349105290.45087457 0.5110582471778902
349791265.9262161 0.5104664014689396
350465995.9019619 0.5098849464854962
351140725.8777077 0.5093041731116312
351815455.8534535 0.508724080318823
352490185.8291993 0.5081446670827546
353176161.3045409 0.5075562925478693
353850891.28028667 0.5069782466523699
354525621.25603247 0.5064008772486497
355200351.23177826 0.5058241833288727
355875081.20752406 0.5052481638892065
356549811.18326986 0.5046728179297841
357224541.15901566 0.5040981444546653
357899271.13476145 0.503524142471799
358585246.610103 0.5029412611433869
359259976.5858488 0.5023686103345859
359934706.5615946 0.5017966280485361
360609436.5373404 0.5012253133084364
361284166.5130862 0.5006546651411918
361958896.488832 0.500084682577378
362633626.4645778 0.49951536465120716
363308356.4403236 0.49894671040049327
363994331.91566515 0.4983692579502935
364669061.89141095 0.497801939199464
365343791.86715674 0.4972352812429765
366018521.84290254 0.4966692831327737
366693251.81864834 0.49610394392423435
367367981.79439414 0.4955392626761397
370078147.1969731 0.49327773647283624
373328096.58014864 0.49057967450043766
373879126.06034106 0.49012371302592256
374553856.03608686 0.48956598152950415
375239831.5114284 0.48899961800952463
375914561.4871742 0.488443190848412
376589291.46292 0.4878874091095253
377264021.4386658 0.4873322718981076
377938751.4144116 0.4867777783223484
378613481.3901574 0.48622392749335863
379175756.3699455 0.48576287548369484
379738031.3497337 0.4853022686994237
380412761.3254795 0.48475012753806923
381087491.3012253 0.4841986258887931
381773466.77656686 0.48363858723147807
382448196.75231266 0.4830883726043524
383122926.72805846 0.4825387948563349
383797656.70380425 0.48198985312012893
384472386.67955005 0.48144154653114213
385147116.65529585 0.48089387422746205
385821846.63104165 0.48034683534983375
386507822.1063832 0.4797913276242345
387182552.082129 0.4792455635528278
387857282.0578748 0.47870043033125326
388532012.0336206 0.47815592711069865
389206742.0093664 0.47761205304489635
389881471.9851122 0.47706880729010137
390556201.9608579 0.4765261890050696
391230931.9366037 0.4759841973510361
391916907.4119453 0.47543381402449203
392591637.3876911 0.47489308353493853
393266367.3634369 0.4743529771609218
393941097.3391827 0.473813494073428
394615827.3149285 0.4732746334458201
395301802.79027003 0.472727429065902
395976532.7660158 0.4721898212275067
396651262.7417616 0.47165283336950836
397325992.7175074 0.4711164646746189
398000722.6932532 0.47058071432782955
398675452.668999 0.47004558151639275
399361428.1443406 0.4695021620487831
400036158.1200864 0.46896827213719927
400598433.09987456 0.4685238337775072
401160708.0796627 0.4680798221032258
401835438.0554085 0.4675475706652413
402510168.0311543 0.46701593218554105
403184898.0069001 0.4664849058660219
403859627.98264587 0.4659544909107047
404545603.4579874 0.46541586162100934
405220333.4337332 0.4648866771708493
405895063.409479 0.4643581016963847
406569793.3852248 0.463830134409999
407244523.3609706 0.46330277452611596
407919253.3367164 0.462776021261185
408593983.3124622 0.4622498738336643
409268713.288208 0.46172433146400516
409954688.76354957 0.4611906495216581
410629418.73929536 0.460666324988825
411304148.71504116 0.46014260317413724
411978878.69078696 0.45961948330589936
412653608.66653275 0.4590969646143334
413328338.64227855 0.45857504633156443
414003068.61802435 0.45805372769160624
414689044.0933659 0.4575243343371488
415363774.0691117 0.4570042226544963
416038504.0448575 0.4564847083152274
416713234.0206033 0.4559657905607992
417387963.9963491 0.45544746863448776
418062693.9720949 0.4549297417813738
418737423.9478407 0.45441260924833016
419412153.9235865 0.4538960702840079
420098129.39892805 0.45337153005463804
420772859.37467384 0.4528561858422909
421447589.35041964 0.45234143294274043
422122319.32616544 0.451827270611652
422662103.30676204 0.4514163654569758
423190641.78776294 0.45101438623515405
423876617.2631045 0.4504932070870637
424551347.2388503 0.4499811646657241
425226077.2145961 0.4494697094108018
425900807.1903419 0.44895884058740715
426575537.1660877 0.4484485574622981
427936242.61717504 0.4474212650957398
428453535.5985801 0.4470313470778242
428982074.079581 0.4466333064712623
429656804.0553268 0.4461256887603052
430331534.0310726 0.44561865269550194
431006264.0068184 0.4451121975541466
431680993.9825642 0.4446063226150961
432366969.45790577 0.44409261047323556
433041699.43365157 0.44358790342156756
433716429.40939736 0.4430837744061184
434391159.38514316 0.442580222711917
435065889.36088896 0.44207724762550316
435740619.33663476 0.4415748484349172
436426594.8119763 0.44106466556532825
437101324.7877221 0.44056342560508094
437776054.76346785 0.44006275940190914
438450784.73921365 0.4395626662497821
439125514.71495944 0.439063145444121
439800244.69070524 0.43856419628178994
440474974.66645104 0.438065818061086
445220575.49586314 0.43457662793773155
445895305.47160894 0.43408281099181045
446570035.44735473 0.43358955871224997
447244765.42310053 0.4330968704112343
447919495.3988463 0.43260474540228505
448594225.3745921 0.43211318300025253
449280200.8499337 0.43161400393684046
449954930.8256795 0.4311235740467024
450629660.8014253 0.430633704704583
451304390.7771711 0.43014439523059034
451979120.7529169 0.4296556449461214
452653850.72866267 0.4291674531738554
453328580.70440847 0.4286798192377454
454014556.17975 0.4281846292333231
454689286.1554958 0.42769811821554243
455364016.1312416 0.42721216300215403
456038746.1069874 0.42672676292215433
456713476.0827332 0.42624191730577754
457388206.058479 0.42575762548448803
458062936.0342248 0.4252738867909736
458737666.0099706 0.4247907005591387
459423641.48531216 0.42430002688801
459985916.4651003 0.4238982602087771
460559436.94448423 0.42348885208020437
461234166.92023003 0.42300770418478945
461920142.3955716 0.4225191003111252
462594872.3713174 0.42203905958988036
463269602.3470632 0.4215595668873887
463944332.322809 0.4210806215467167
464619062.2985548 0.4206022229120897
465293792.2743006 0.42012437032888567
465968522.2500464 0.4196470631436299
466643252.22579217 0.41917030070398775
467329227.7011337 0.4186861499923236
468003957.6768795 0.41821048414334194
468678687.6526253 0.41773536107894726
469353417.6283711 0.41726078015132617
470028147.6041169 0.416786740713776
470702877.5798627 0.41631324212069926
471253907.0600551 0.4159269523555444
471568781.04873645 0.4157063769718513
471872409.53782207 0.4154937905271392
472400948.01882297 0.41512399301562825
473075677.99456877 0.41465239128107756
473750407.97031456 0.41418132748866726
474425137.94606036 0.4137108009987958
475111113.4214019 0.41323298255227126
475785843.3971477 0.4127635376813253
476460573.3728935 0.41229462818990975
477135303.3486393 0.4118262534426856
477810033.3243851 0.4113584128053622
478496008.79972667 0.41088332170814457
479170738.7754724 0.410416556267308
479845468.7512182 0.40995032302922724
480520198.726964 0.4094846213637713
481194928.7027098 0.4090194506418317
481869658.6784556 0.4085548102353189
482555634.15379715 0.40808296882259093
483230364.12954295 0.40761939597911795
483905094.10528874 0.40715635156245533
484579824.08103454 0.40669383494855615
485254554.05678034 0.4062318455143679
485929284.03252614 0.40577038263782866
486604014.00827193 0.40530944569786204
487289989.4836135 0.4048413649943855
495319276.1949885 0.3994026714359863
495994006.1707343 0.39894898984804666
496668736.1464801 0.39849582504643666
497343466.1222259 0.3980431764251998
498018196.0979717 0.39759104337929585
498692926.0737175 0.39713942530459656
499367656.0494633 0.3966883215978827
500053631.52480483 0.39623022617379977
500728361.50055057 0.3957801579446626
501403091.47629637 0.39533060226926703
502077821.45204216 0.3948815585480069
502752551.42778796 0.3944330261821663
503427281.40353376 0.3939850045739165
504102011.37927955 0.3935374931263123
