1.0 1.0067308960782029
359856.98706442426 1.005887457541573
528539.4810008731 1.0054923986838458
955868.4656398769 1.0044924475781642
1731807.9377475418 1.0026799124160255
3384896.3783247406 0.9988320008918393
3564824.371856953 0.998414292901368
4014644.355687483 0.9973709761778029
4408236.841539198 0.9964591900329103
5037984.818901939 0.9950024956227165
6837264.754224061 0.9908551434914565
13528337.0137032 0.9756207018639119
15552526.940940587 0.9710699144107436
16227256.916686382 0.969558913175531
16901986.892432176 0.9680508662428644
18262692.34351953 0.9650186011630357
26584362.04438434 0.9467323239345109
27270337.5197259 0.9452445414242857
27945067.495471697 0.9437840338375089
32004692.849542234 0.9350567267141303
35783180.71371869 0.9270256247747174
36176773.1995704 0.926194102366863
36862748.67491196 0.9247471446963205
37537478.65065776 0.9233267135237206
38212208.62640355 0.9219090595715034
38886938.602149345 0.9204941774096601
39280531.08800106 0.9196701073545654
40360099.049194336 0.9174146241329133
41034829.024940126 0.9160085294702096
41709559.00068592 0.9146051839972109
42384288.97643172 0.9132045823387147
43059018.95217752 0.9118067191300274
43733748.927923314 0.910411589016945
44419724.40326487 0.9089960030294424
45094454.37901066 0.9076063684153277
45769184.35475646 0.9062194508083081
46443914.33050226 0.9048352448961039
47118644.306248054 0.9034537453768222
47793374.28199384 0.902074946958936
48468104.25773964 0.9006988443612647
49142834.23348544 0.8993254323129531
50503539.68457279 0.8965638807298384
51178269.66031859 0.8951985533430695
51852999.63606438 0.8938358954380187
53202459.587555975 0.8911185672058417
53877189.56330177 0.8897638864705939
54551919.53904757 0.8884118544007804
55226649.51479336 0.8870624658177431
55912624.99013492 0.8856932920382281
56587354.965880714 0.8843492187756004
57262084.94162651 0.8830077734387257
57666922.927073985 0.8822041655030916
58071760.91252147 0.8814015006627219
58746490.888267264 0.8800658186905076
59421220.86401305 0.8787327482374347
60095950.83975885 0.8774022841974733
60770680.81550465 0.8760744214745768
61569111.28680384 0.8745064706771991
62243841.26254963 0.8731842698353456
62918571.23829543 0.8718646541543906
63593301.214041226 0.8705476185798395
64279276.689382784 0.8692112721796756
65628736.64087438 0.8665901417090857
66078556.624704905 0.8657187090028484
66528376.60853544 0.8648484125478438
67203106.58428124 0.8635450950960468
67877836.56002703 0.8622443258844321
68552566.53577282 0.8609460999306926
69238542.01111437 0.8596288389444275
69913271.98686017 0.8583357267785126
70588001.96260597 0.8570451428994528
71262731.93835177 0.8557570823639532
72544718.89226878 0.8533167014959926
72938311.3781205 0.8525692806458749
73331903.8639722 0.8518227125996644
74017879.33931376 0.8505235866220079
74838800.80980448 0.8489722887410329
75929614.27059352 0.8469166819702183
76334452.25604099 0.8461554296858242
77009182.23178679 0.844888660666635
77503984.21400037 0.8439612711248095
77998786.19621396 0.8430352116302209
78673516.17195976 0.8417745432467705
79348246.14770555 0.8405163397162433
80022976.12345135 0.8392605962193702
80708951.59879291 0.8379864405822695
81383681.5745387 0.8367356435323424
82058411.55028449 0.8354872920349532
82733141.52603029 0.8342413813085688
84082601.47752188 0.8317568630894094
84757331.45326768 0.8305182460802395
85432061.42901348 0.8292820508092485
86635329.88576014 0.8270834980452563
87310059.86150594 0.8258540183775469
87984789.83725174 0.8246269425827295
88659519.81299753 0.8234022659607625
89874033.76933996 0.8212038789894631
90425063.24953236 0.820209013755543
91099793.22527815 0.8189929750473404
91774523.20102395 0.8177793139323283
92449253.17676975 0.8165680257618473
93123983.15251555 0.8153591058963277
93798713.12826134 0.8141525497052705
94484688.6036029 0.81292830257507
95834148.55509448 0.8105270453440765
96508878.53084028 0.8093299367751933
97183608.50658607 0.8081351687873805
97858338.48233187 0.8069427368043448
98533068.45807767 0.8057526362587408
99219043.93341923 0.8045450860522896
99893773.90916502 0.8033596733822127
100568503.88491082 0.8021765784254397
101220742.86146508 0.8010351188227538
101872981.83801936 0.7998958166743402
102536466.31416939 0.7987390807487622
103098741.29395755 0.7977605372200365
107045911.65207045 0.790935904304512
108395371.60356204 0.7886205618695306
109070101.57930784 0.7874662847545918
109744831.55505364 0.7863142644768646
110430807.0303952 0.7851453528841892
111105537.00614099 0.7839978704815901
111780266.98188679 0.7828526316312128
112454996.95763259 0.7817096319464745
113129726.93337838 0.7805688670493689
113815702.40871994 0.7794113758675516
114490432.38446572 0.7782751045099726
115165162.36021152 0.7771410547848325
115839892.33595732 0.776009222348406
116514622.31170312 0.7748796028654604
117189352.28744891 0.7737521920092396
117582944.77330063 0.7730955539149467
117987782.7587481 0.7724209363602137
119337242.7102397 0.770177923903719
120011972.68598549 0.7690597057481929
120596738.66496518 0.7680923520025108
121170259.14434911 0.7671451936408862
121844989.1200949 0.7660329050653718
122519719.09584069 0.7649227912312729
123194449.07158649 0.7638148478865452
123880424.54692805 0.762690659497921
124555154.52267385 0.7615870804067081
125229884.49841964 0.7604856590281674
125904614.47416544 0.7593863911435496
126433152.95516631 0.7585267993941437
126950445.93657142 0.7576867719208837
127636421.41191298 0.7565747646121872
128311151.38765877 0.7554831432900211
128985881.36340457 0.7543936563007532
129660611.33915037 0.7533062994713458
130335341.31489617 0.7522210686369202
131010071.29064196 0.7511379596407411
132359531.24213354 0.7489780905768004
133034261.21787934 0.7479013222361407
133720236.6932209 0.746808765950146
134147565.6778599 0.7461292552194474
134574894.66249892 0.745450586222224
135249624.63824472 0.744380714841562
135935600.11358628 0.7432951566411492
136610330.08933207 0.7422294995463119
137285060.06507784 0.7411659260192369
137959790.04082364 0.7401044319861421
138634520.01656944 0.7390450133812106
139309249.99231523 0.737987666146575
139983979.96806103 0.7369323862323016
140669955.4434026 0.7358616334433431
141344685.4191484 0.7348105103382562
142019415.39489418 0.7337614423841425
142570444.87508658 0.7329062252785256
143121474.355279 0.7320523739796343
143796204.3310248 0.7310086987208141
144470934.30677056 0.7299670640509731
145831639.75785792 0.7278726249676138
146506369.73360372 0.7268371219344901
147181099.7093495 0.7258036435120481
147855829.6850953 0.7247721857417782
148530559.6608411 0.7237427446729106
149205289.6365869 0.7227153163624004
149666355.1200132 0.7220143959410562
150127420.6034395 0.7213144122746874
150802150.5791853 0.7202917318283111
151488126.05452687 0.7192540564917863
152162856.03027263 0.7182354044433886
152837586.00601843 0.7172187440587056
153512315.98176423 0.7162040714436458
154187045.95751002 0.7151913827117315
154861775.93325582 0.7141806739840835
155536505.90900162 0.7131719413894066
156211235.88474742 0.712165181063975
156897211.36008897 0.7111436592746481
158246671.31158057 0.7091400306585492
158921401.28732637 0.7081411535060972
159596131.26307216 0.7071442293535758
160270861.23881796 0.7061492543824888
160956836.71415952 0.7051396907483983
161631566.68990532 0.7041486350418045
162306296.6656511 0.7031595170426869
162981026.6413969 0.7021723329624487
163655756.6171427 0.7011870790199012
164330486.5928885 0.7002037514412479
165005216.5686343 0.6992223464600712
165567491.54842246 0.6984059749144149
166129766.5282106 0.6975909337238323
166804496.5039564 0.69661463731162
167479226.4797022 0.6956402497495804
168153956.455448 0.6946677673055385
168828686.4311938 0.6936971862546167
169379715.9113862 0.6929059529375738
169930745.39157858 0.6921159832432745
170616720.86692014 0.6911343142368321
172640910.79415753 0.6882489456764647
173315640.76990333 0.687290914675529
174001616.2452449 0.6863188366967038
174676346.2209907 0.6853645794358055
175351076.19673648 0.6844121879342342
176025806.17248228 0.6834616585440659
176700536.14822808 0.6825129876245094
177375266.12397388 0.6815661715418913
178049996.09971967 0.6806212066696432
178735971.57506123 0.6796623863995488
179410701.55080703 0.678721143799094
180085431.52655283 0.6777817415117628
180760161.50229862 0.6768441759393836
181434891.47804442 0.6759084434908202
182109621.45379022 0.6749745405819572
182750614.9307487 0.674089024171531
184066338.383453 0.6722765351839814
184741068.3591988 0.6713497333652279
185415798.3349446 0.670424743625049
186090528.3106904 0.6695015624204772
186697785.2888616 0.6686722427116267
187305042.26703283 0.6678443824793516
187979772.24277863 0.666926246384805
188654502.21852443 0.6660099054256498
189329232.19427022 0.6650953560920454
190003962.17001602 0.6641825948810139
190678692.14576182 0.6632716182964267
191353422.1215076 0.6623624228489902
192039397.59684917 0.6614398964672354
192714127.57259494 0.6605342823937388
193388857.54834074 0.6596304389726364
194063587.52408653 0.6587283627419568
194738317.49983233 0.6578280502464976
195413047.47557813 0.656929498037812
197448482.90241128 0.6542294953561953
198123212.87815708 0.6533379790251732
198797942.85390288 0.652448205782705
199472672.82964867 0.6515601722207123
200147402.80539447 0.6506738749377794
200822132.78114027 0.6497893105391422
201496862.75688607 0.6489064756366731
202182838.23222762 0.648010696307203
202610167.2168666 0.6474535701668688
203048741.7011014 0.6468825004169546
203734717.17644295 0.645990744243206
204409447.15218875 0.6451153362797629
205084177.12793455 0.6442416399098685
205758907.10368034 0.6433696517870231
206433637.07942614 0.6424993685712703
207108367.05517194 0.6416307869291837
207783097.03091773 0.6407639035338542
208469072.5062593 0.6398843095979715
210493262.43349665 0.6372989649738284
211167992.40924245 0.6364405511364906
211842722.38498825 0.6355838156658654
212517452.36073405 0.6347287552804184
213192182.33647984 0.6338753667050306
213878157.8118214 0.6330094654547509
217251807.6905504 0.6287759175405103
217937783.16589195 0.6279201527177309
218612513.14163774 0.627080076290172
219287243.11738354 0.626241642376108
219961973.09312934 0.6254048477641042
220636703.06887513 0.6245696892490047
221311433.04462093 0.6237361636319206
221986163.02036673 0.6229042677202173
223459323.4674117 0.6210936096669077
224134053.4431575 0.6202668804643343
224820028.91849905 0.6194280294757019
225494758.89424485 0.6186045568077134
226169488.86999065 0.6177826941896266
226844218.84573644 0.6169624384734795
227518948.82148224 0.6161437865174648
228193678.79722804 0.6153267351859182
228868408.77297384 0.6145112813493063
229543138.74871963 0.6136974218842145
230229114.2240612 0.6128716293335519
230903844.199807 0.6120609757083975
231578574.1755528 0.6112519070694122
232253304.15129858 0.6104444203176382
232928034.12704438 0.6096385123601771
233332872.11249185 0.6091557241225893
233737710.0979393 0.6086735024738554
234412440.0736851 0.6078710570066633
235087170.0494309 0.6070701804770883
235761900.0251767 0.6062708698175504
237122605.47626406 0.6046636772638049
237797335.45200986 0.6038690717880717
238472065.42775565 0.6030760199212405
239146795.40350145 0.6022845186257028
239821525.37924725 0.6014945648697885
240507500.8545888 0.6006930285419796
241182230.8303346 0.5999061864600183
241856960.8060804 0.5991208828080077
242250553.2919321 0.5986634982701045
242644145.7777838 0.5982066356059481
243330121.25312537 0.5974116348578682
244004851.22887117 0.5966312085414588
244679581.20461696 0.5958523081109254
245354311.18036276 0.5950749305828631
246029041.15610856 0.5942990729797003
246703771.13185436 0.5935247323296866
247389746.6071959 0.5927390380324719
248064476.5829417 0.5919677475554751
248739206.5586875 0.5911979651020038
250088666.5101791 0.5896629124774806
250763396.4859249 0.5888976364267506
251438126.4616707 0.5881338566401682
252112856.4374165 0.5873715701922443
252798831.91275805 0.586598106839949
253473561.88850385 0.585838823082836
254148291.86424965 0.5850810238737658
254823021.83999544 0.5843247063101572
255497751.8157412 0.5835698674951038
256172481.791487 0.5828165045373632
256847211.7672328 0.5820646145513462
257521941.7429786 0.5813141946571053
258207917.21832016 0.5805527718499577
258882647.19406596 0.5798053079034797
259557377.16981176 0.5790593053950059
260232107.14555755 0.5783147614671398
260760645.62655842 0.5777325523201038
261289184.1075593 0.577151235055956
261963914.0833051 0.5764104217782722
263448320.02994585 0.5747857270703003
264134295.5052874 0.574037281221285
264809025.4810332 0.5733025563315409
265483755.456779 0.5725692679724568
266158485.4325248 0.5718374133353348
266833215.4082706 0.5711069896169684
267519190.88361216 0.5703658561764581
268193920.85935795 0.5696383096397498
268868650.83510375 0.5689121855986192
269543380.81084955 0.5681874812718097
270218110.78659534 0.5674641938835026
270892840.76234114 0.5667423206633059
271578816.2376827 0.5660098630912911
272253546.2134285 0.5652908333718409
272928276.1891743 0.5645732094959274
273603006.1649201 0.5638569887148513
274277736.1406659 0.5631421682852886
274671328.6265176 0.56272583530247
275064921.1123693 0.5623099773537541
275717160.0889236 0.5616218857206152
276369399.06547785 0.5609350946383012
277718859.01696944 0.5595182659701423
278393588.99271524 0.5588119285909475
279068318.96846104 0.5581069722392847
279754294.4438026 0.5573916795767104
280429024.4195484 0.5566895000892611
281103754.3952942 0.5559886934998531
281778484.37104 0.5552892571242029
282453214.3467858 0.5545911882832747
283127944.3225316 0.553894484303271
283802674.2982773 0.5531991425156224
284477404.2740231 0.5525051602569764
285152134.2497689 0.5518125348691885
285759391.22794014 0.5511903299519945
286366648.2061114 0.5505692200208352
287041378.18185717 0.549880379774319
287716108.15760297 0.5491928863450228
288390838.13334876 0.5485067370996557
289065568.10909456 0.5478219294100756
289470406.094542 0.5474116876517222
289582861.09049964 0.5472978170744065
289987699.07594717 0.5468881904018899
290662429.05169296 0.5462065472872233
292011889.0031845 0.5448472566883764
292686618.9789303 0.5441696039977357
293979851.4324431 0.542874470862148
294598353.9102101 0.5422567746258639
295284329.38555163 0.5415729881855281
295959059.3612974 0.5409017373293091
296633789.3370432 0.5402317988996164
297308519.312789 0.5395631703303992
297983249.2885348 0.538895849060625
298657979.2642806 0.5382298325342679
299332709.2400264 0.5375651182002996
300007439.2157722 0.5369017035126795
300682169.191518 0.5362395859303454
301368144.66685957 0.5355677601537727
302042874.64260536 0.5349082506912377
302717604.61835116 0.5342500306985106
303392334.59409696 0.5335930976544263
304067064.56984276 0.5329374490427485
304741794.54558855 0.5322830823521613
306102499.9966759 0.5309673320115552
306777229.9724217 0.5303168172845469
307451959.9481675 0.5296675744408817
308126689.9239133 0.5290196009937793
308733946.90208447 0.5284375081740426
309329958.38065994 0.5278671909768743
310015933.8560015 0.5272120074240999
310690663.8317473 0.5265688350901108
311365393.8074931 0.5259269202836523
312040123.7832389 0.5252862605460124
312714853.7589847 0.5246468534232864
313400829.23432624 0.5239980710948404
314075559.21007204 0.5233611826340867
314750289.18581784 0.522725539414664
315425019.16156363 0.5220911390018823
316099749.13730943 0.5214579789658117
316774479.1130552 0.5208260568812735
317460454.5883968 0.5201848693392027
318135184.5641426 0.5195554364326342
319484644.5156342 0.5183002602061071
320159374.49138 0.5176745120784749
320845349.96672153 0.5170395890179758
321520079.94246733 0.5164163057487365
322194809.9182131 0.5157942411200213
322869539.8939589 0.5151733927491498
323544269.8697047 0.5145537582581003
324218999.8454505 0.5139353352735009
324893729.8211963 0.5133181214266197
325568459.7969421 0.5127021143533563
326254435.2722837 0.5120770751738933
326929165.2480295 0.5114634945884408
327603895.2237752 0.5108511136728703
328278625.199521 0.5102399300815927
328953355.1752668 0.5096299414736054
329628085.1510126 0.5090211455124825
330302815.1267584 0.5084135398663665
330977545.1025042 0.5078071222079589
331663520.57784575 0.5071918130466291
332192059.05884665 0.5067185567405386
332731843.03944325 0.5062359794235679
333417818.5147848 0.5056237933005037
334092548.4905306 0.5050228301414923
334767278.4662764 0.5044230419828297
335442008.4420222 0.5038244265271608
336116738.417768 0.5032269814816217
336791468.3935138 0.5026307045578325
337466198.3692596 0.5020355934718868
341525823.72333014 0.49847948923330143
342200553.69907594 0.4978924945840789
342875283.67482173 0.4973066476240401
343550013.65056753 0.4967219461092282
344224743.6263133 0.49613838780007435
344910719.1016549 0.49554627315958755
345585449.0774007 0.49496501352066763
346260179.0531465 0.49438489035786604
346934909.0288923 0.4938059014491498
347609639.0046381 0.49322804457683084
348284368.9803839 0.49265131752755664
348959098.95612967 0.49207571809230277
349645074.4314712 0.4914916790214443
350319804.407217 0.4909183469059552
350994534.3829628 0.4903461357667276
351669264.3587086 0.4897750434120338
352343994.3344544 0.4892050676544317
353018724.3102002 0.48863620631075577
353693454.285946 0.4880684572021092
354368184.2616918 0.48750181815385507
355054159.73703337 0.4869268708502522
355728889.71277916 0.48636246382627535
356403619.68852496 0.48579916032826265
357078349.66427076 0.48523695819860535
357753079.64001656 0.4846758552839131
358427809.61576235 0.48411584943500613
359102539.59150815 0.4835569385069064
359721042.0692751 0.483045563518542
360328299.0474463 0.48254437801330985
361003029.0231921 0.48198853961875754
361486585.50580996 0.48159085740895424
361958896.488832 0.4812029617312209
362644871.96417356 0.4806405349762372
363319601.93991935 0.48008841896665444
363994331.91566515 0.47953738245170197
364669061.89141095 0.478987423320757
365343791.86715674 0.47843853946732307
366029767.3424983 0.47788160769127364
366704497.3182441 0.4773348859233676
367379227.2939899 0.4767892331032957
368053957.2697357 0.4762446471410561
368728687.2454815 0.47570112595073333
369403417.2212273 0.4751586674504904
370089392.69656885 0.4746082552383557
370764122.67231464 0.47406793351379906
371438852.64806044 0.4735286682237416
372113582.62380624 0.47299045730264777
372788312.59955204 0.47245329868902
373463042.57529783 0.4719171903253918
374137772.55104357 0.4713821301583192
374812502.52678937 0.4708481161383733
375487232.50253516 0.47031514622013204
376173207.9778767 0.46977436171483045
376847937.9536225 0.46924349119619674
377522667.9293683 0.46871365863310865
378197397.9051141 0.4681848619961603
378872127.8808599 0.4676570992599138
379546857.8566057 0.46713036840289124
380221587.8323515 0.4666046674075671
380896317.8080973 0.46607999426036073
381582293.28343886 0.4655476281761858
382257023.25918466 0.46502502174712146
382931753.23493046 0.46450343711569325
383606483.21067625 0.4639828722840874
384281213.18642205 0.46346332525839595
384955943.16216785 0.4629447940486095
385630673.13791364 0.4624272766686096
386305403.11365944 0.46191077113616097
386991378.589001 0.46138669242310204
387666108.5647468 0.46087222143608386
388318347.5413011 0.4603758556582721
388959341.0182596 0.45988896197029183
389645316.49360114 0.4593689021073595
390320046.46934694 0.4588583762944912
390994776.44509274 0.4583488486592948
391669506.42083853 0.4578403172501379
392344236.39658433 0.457332780119204
393018966.3723301 0.4568262353224851
395729131.7749091 0.454801572480819
396403861.7506549 0.45429997668938704
399114027.15323377 0.4522950950539876
399788757.12897956 0.45179839991544857
400463487.10472536 0.4513026759129114
401138217.08047116 0.4508079211476158
401824192.5558127 0.4503059121188896
402498922.5315585 0.4498131062214823
403173652.5073043 0.4493212638558509
403848382.4830501 0.44883038313810253
404523112.4587959 0.44834046218802776
405197842.4345417 0.4478514991290933
405883817.90988326 0.44735536672670595
406558547.88562906 0.4468683297217902
407233277.86137486 0.4463822449693387
407908007.83712065 0.4458971106075119
408582737.81286645 0.44541292477811034
409257467.78861225 0.444929685626568
409943443.2639538 0.44443936105745874
410618173.2396996 0.4439580254131296
411292903.2154454 0.44347763087399106
411967633.1911912 0.44299817559999877
412642363.166937 0.4425196577547057
413317093.1426828 0.44204207550525587
414003068.61802435 0.4415574907816703
414677798.59377015 0.44108178975656587
415352528.56951594 0.44060701881987085
416027258.54526174 0.4401331761530808
416701988.52100754 0.4396602599412467
417376718.49675333 0.4391882683729681
418051448.47249913 0.43871719964038625
418726178.4482449 0.4382470519391771
419412153.9235865 0.4377700107717189
420086883.8993323 0.4373017150097355
420761613.8750781 0.43683433485742573
421436343.8508239 0.43636786852459375
422111073.8265697 0.43590231422454395
422785803.8023155 0.43543767017407414
423460533.7780613 0.4349739345934686
424135263.75380707 0.4345111057064913
424821239.2291486 0.4340414906642198
425495969.2048944 0.43358048488723155
426170699.1806402 0.43312038046657225
426845429.156386 0.43266117563991424
427520159.1321318 0.4322028686483754
428194889.10787755 0.43174545773651285
428869619.08362335 0.43128894115231575
429544349.05936915 0.43083331714719875
430230324.5347107 0.43037101262722716
430905054.5104565 0.42991718335164875
431579784.4862023 0.4294642414009373
432254514.4619481 0.4290121850401992
432929244.4376939 0.42856101253793333
433603974.4134397 0.4281107221660235
434278704.3891855 0.4276613121997326
434964679.86452705 0.4272053128309476
435639409.84027284 0.4267576731167335
438293347.744873 0.42500543229769794
440992267.6478562 0.4232372723296361
441666997.623602 0.42279739090956026
442352973.09894353 0.4223510597977906
443027703.0746893 0.42191291109629137
443702433.0504351 0.4214756190610739
444377163.0261809 0.42103918201718815
445051893.0019267 0.4206035982929591
445726622.9776725 0.4201688662199802
446401352.9534183 0.4197349841331068
447076082.9291641 0.41930195037045004
447762058.40450567 0.41886256731879234
448436788.38025147 0.41843123930138987
449111518.35599726 0.4180007546144993
449786248.33174306 0.41757111160924487
450460978.30748886 0.4171423086399746
451135708.28323466 0.4167143440642539
451821683.7585762 0.4162801045256831
452496413.734322 0.41585382572739327
453171143.71006775 0.4154283803874058
453845873.68581355 0.4150037668761468
454520603.66155934 0.4145799835672288
455195333.63730514 0.41415702883744404
455881309.1126467 0.41372787260088195
456556039.0883925 0.4133065839144522
457230769.0641383 0.4128861189296814
457905499.0398841 0.41246647603607195
458580229.0156299 0.41204765362627493
459254958.9913757 0.4116296500960843
459940934.46671724 0.4112055176552966
460615664.44246304 0.41078916066539684
461290394.41820884 0.4103736177347258
461965124.39395463 0.40995888727163887
462639854.36970043 0.4095449676876033
463314584.3454462 0.4091318573971921
463989314.321192 0.4087195548180781
464664044.2969378 0.40830805837102796
465350019.7722794 0.4078905284224571
466024749.7480252 0.4074806528839172
466699479.723771 0.4070715787321027
467374209.6995168 0.4066633044001462
468060185.17485833 0.4062490438104213
468734915.1506041 0.40584237769487547
469409645.1263499 0.40543650669100617
470084375.1020957 0.405031429244215
470759105.0778415 0.4046271438029426
471433835.0535873 0.4042236488186636
471951128.0349924 0.40391483701374153
472468421.01639754 0.40360648821816014
473154396.4917391 0.40319830381320226
473829126.4674849 0.4027976024901511
474503856.4432307 0.40239768461644215
475178586.4189765 0.4019985486602789
475853316.3947223 0.40160019309285977
476528046.3704681 0.4012026163883724
477214021.84580964 0.40079921027838583
477888751.82155544 0.40040319965172977
478563481.79730123 0.4000079633031882
479238211.77304703 0.3996134997188962
480587671.7245386 0.3988268848023947
481262401.7002844 0.39843473045723166
481937131.6760302 0.39804334285039955
482623107.1513718 0.39764621658473287
483297837.1271176 0.397256370676515
483972567.1028634 0.39686728699318286
484647297.0786091 0.39647896404443805
485322027.0543549 0.39609140034289575
485996757.0301007 0.39570459440407946
486682732.50544226 0.3953121169844104
487357462.48118806 0.3949268346967504
488032192.45693386 0.3945423057112065
488706922.43267965 0.39415852855492606
489381652.40842545 0.39377550175793596
490056382.38417125 0.39339322385313724
490731112.35991704 0.3930116933762994
491417087.8352586 0.3926245687692348
492091817.8110044 0.3922445411632004
492766547.7867502 0.39186525658535315
493441277.762496 0.39148671358292797
494116007.7382418 0.39110891070599985
494790737.7139876 0.39073184650747905
495476713.18932915 0.3903492536648303
496151443.16507494 0.3899736747441819
496826173.14082074 0.3895988301536717
497500903.11656654 0.3892247184575409
498130651.0939293 0.3888762075105957
498749153.5716963 0.38853453906657714
499153991.55714375 0.38831123322017314
499311428.5514844 0.38822446284873013
499761248.535315 0.3879767657290466
500435978.5110608 0.3876058254856457
501110708.4868066 0.38723561050286304
501785438.46255237 0.3868661193626724
502471413.9378939 0.38649121061712255
503146143.9136397 0.3861231749240852
503820873.8893855 0.3857558588127028
504495603.86513126 0.38538926087605263
505170333.84087706 0.3850233797099627
505845063.81662285 0.3846582139130067
506519793.79236865 0.38429376208649824
507194523.76811445 0.3839300228344855
507869253.74386024 0.38356699476374634
508555229.2192018 0.3831986438513806
509229959.1949476 0.38283704576938665
509904689.1706934 0.3824761546822606
510579419.1464392 0.3821159692076893
511254149.122185 0.3817564879660625
511928879.0979308 0.3813977095804671
512603609.0736766 0.3810396326766824
513278339.0494224 0.3806822558831743
513953069.0251682 0.38032557783109056
514639044.50050974 0.37996367004352344
515313774.47625554 0.3796083969670906
515988504.45200133 0.3792538185189043
516663234.42774713 0.3788999333408306
517337964.4034929 0.378546740077391
518698669.8545803 0.37783656615905525
519373399.8303261 0.37748545198612315
520048129.8060719 0.3771350243099689
520722859.7818177 0.37678528178835724
521397589.7575635 0.37643622308167707
522072319.73330927 0.3760878468529368
522747049.70905507 0.37574015176775855
523433025.1843966 0.3753873586584271
524107755.1601424 0.37504103316446846
524782485.1358882 0.37469538480448494
525457215.111634 0.37435041225454724
526131945.0873798 0.37400611419331475
526806675.0631256 0.3736624893020304
527481405.0388714 0.3733195362645153
528156135.0146172 0.3729772537671642
528662182.4964265 0.3727209811473664
529156984.47864014 0.37247076693098224
529842959.9539817 0.37212447253963055
530517689.9297275 0.37178452662524647
531192419.9054733 0.3714452453715133
531867149.881219 0.37110662747888956
532541879.8569648 0.3707686716503748
533216609.8327106 0.37043137659150427
533891339.8084564 0.3700947410103443
534566069.7842022 0.36975876361748705
535240799.759948 0.369423443126046
535926775.2352896 0.3690832060509731
536601505.2110354 0.3687492064065042
537276235.1867812 0.368415859796567
537950965.162527 0.36808316494435134
538625695.1382728 0.3677511205755437
539300425.1140186 0.3674197254183219
539975155.0897644 0.3670889782033505
540649885.0655102 0.36675887766377585
541335860.5408517 0.3664239370772872
542010590.5165975 0.36609513682298944
542685320.4923433 0.3657669794374
543326313.9693018 0.365455824233372
543956061.9466646 0.3651506907566623
544642037.4220061 0.3648189468428443
545316767.3977519 0.364493284657892
545991497.3734977 0.3641682592061094
546666227.3492435 0.3638438692425589
547352202.8245851 0.3635147229625113
548026932.8003309 0.3631916107899452
548701662.7760767 0.3628691303647766
549376392.7518225 0.36254728045181583
550051122.7275683 0.3622260598182885
550725852.7033141 0.3619054672338303
551411828.1786556 0.3615801740113448
552007839.6572311 0.3612980672025464
552603851.1358066 0.36101644767297236
553278581.1115524 0.3606982201164811
553953311.0872982 0.3603806147570088
554639286.5626397 0.3600583525592225
555314016.5383855 0.35974199826578296
555988746.5141312 0.3594262625067671
556663476.489877 0.3591111440728194
557338206.4656228 0.3587966417569487
558012936.4413686 0.3584827543545239
558687666.4171144 0.35816948066326904
559373641.8924559 0.35785161364609974
560048371.8682017 0.3575395739581836
560723101.8439475 0.3572281443687945
561397831.8196933 0.3569173236850709
562072561.7954391 0.3566071107164831
