1.0 1.0050009876985122
4059626.3540705363 0.9954364310575984
4655637.832645989 0.9940422571043352
5937624.786563001 0.991052126716091
10424579.12527254 0.9806791603989592
12741152.041999772 0.9753795440707795
13415882.017745567 0.9738430638414913
14090611.993491363 0.9723097733871805
14765341.969237158 0.970779666085787
16114801.920728749 0.9677289745222206
21029085.24407729 0.956725926337337
21703815.21982309 0.9552281715286223
22378545.195568882 0.9537335260998526
27765139.501939483 0.9419120035384286
28439869.47768528 0.9404450028385895
29114599.453431077 0.9389810476723238
29789329.42917687 0.9375201317170209
30475304.90451843 0.936037976271836
31026334.38471083 0.9348496583751558
31577363.86490323 0.9336633555628953
32252093.840649024 0.9322134792818442
32926823.81639482 0.9307666129836047
33601553.79214062 0.9293227504193706
34287529.26748218 0.9278578962955517
34962259.243227966 0.9264200723067118
35636989.21897376 0.9249852332797953
36986449.17046536 0.9221244853371473
37661179.146211155 0.9206985640662584
38335909.121956944 0.919275603046925
39696614.5730443 0.9164149444854384
40371344.5487901 0.915000876377506
41046074.524535894 0.9135897439136387
41720804.50028169 0.9121815409993587
42395534.47602748 0.9107762615528412
43070264.45177328 0.9093738995048871
43744994.427519076 0.9079744487988973
44430969.902860634 0.9065546522140069
45105699.87860643 0.905161054342495
45780429.85435222 0.9037703496182776
46455159.83009802 0.9023825320351013
47129889.805843815 0.9009975955991825
47804619.78158961 0.8996155343291805
48479349.75733541 0.8982363422561724
49154079.7330812 0.8968600134236268
49840055.20842276 0.895463674868956
51189515.15991435 0.8927253748169193
51864245.13566015 0.8913604869034939
52538975.11140594 0.8899984325347043
53213705.087151736 0.8886392058280344
53888435.06289753 0.8872828009131801
54563165.03864333 0.8859292119320247
55249140.51398489 0.8845559438315016
55923870.489730686 0.8832080158802227
56598600.465476476 0.8818628862642344
57273330.44122227 0.8805205491741158
60658225.81954701 0.873828431486646
61332955.79529281 0.8725027741443743
62682415.746784404 0.8698597100490848
63357145.72253019 0.8685422918810549
64031875.69827599 0.8672276087091708
64706605.67402179 0.8659156548555058
65392581.14936335 0.8645846271937272
66067311.12510914 0.8632781602419688
66742041.10085494 0.8619744055513319
67416771.07660073 0.8606733574910879
68091501.05234653 0.8593750104421982
68766231.02809232 0.8580793587972892
69452206.50343388 0.8567648703535188
70081954.48079662 0.8555605695644772
70711702.45815937 0.8543586024209828
71386432.43390517 0.853073364976315
71971198.41288485 0.8519616509912201
72544718.89226878 0.8508732593060582
73219448.86801457 0.8495952575290142
74310262.32880361 0.8475347640768082
74996237.80414517 0.8462425309625434
75670967.77989097 0.8449741427041817
76345697.75563677 0.8437083876545322
77020427.73138255 0.8424452603469814
77695157.70712835 0.841184755326265
78369887.68287414 0.8399268671484439
79044617.65861994 0.8386715903808803
79719347.63436574 0.8374189196022155
80405323.1097073 0.836148036900932
81080053.0854531 0.8349006050883052
81754783.06119889 0.8336557629782361
82429513.03694469 0.8324135051944312
82980542.51713708 0.8314009080015454
83306662.00541422 0.8308024248216643
83778972.98843627 0.8299367211562241
84453702.96418206 0.8287021842049493
85128432.93992786 0.8274702101861471
86061809.40637621 0.8257701944932927
86736539.38212201 0.8245443073653153
87411269.3578678 0.8233209652125407
88085999.3336136 0.8221001627515309
88479591.81946531 0.8213891987292397
88884429.80491279 0.8206588200673879
89559159.78065859 0.8194435442925028
90233889.75640438 0.8182307914633613
90908619.73215018 0.8170205563422591
91583349.70789598 0.8158128337023653
92258079.68364178 0.8146076183277002
92944055.15898333 0.8133848809596139
93618785.13472912 0.8121847060812415
94293515.11047491 0.8109870227987384
94968245.08622071 0.8097918259394834
95642975.06196651 0.808599110341594
96317705.0377123 0.8074088708539037
96992435.0134581 0.8062211023359398
97678410.48879966 0.805016065475242
98229439.96899205 0.8040499273603899
98780469.44918446 0.8030854275696486
99455199.42493026 0.801906634638178
100129929.40067606 0.8007302889130703
100815904.87601762 0.7995368409152152
101490634.85176341 0.7983654149466839
102165364.8275092 0.7971964208904987
102840094.80325499 0.7960298536979431
103514824.77900079 0.7948657083307817
104189554.75474659 0.7937039797612389
104875530.23008814 0.7925253614300973
106224990.18157974 0.7902140232329915
106899720.15732554 0.7890619516889227
107574450.13307133 0.7879122718768854
108249180.10881713 0.7867649788315785
108935155.58415869 0.7856010058951788
109609885.55990447 0.7844585111012566
110284615.53565027 0.7833183881577706
111634075.48714186 0.7810452381362241
112308805.46288766 0.7799122012407568
112983535.43863346 0.77878151656087
114344240.88972081 0.776508437561571
115018970.86546661 0.775384819188165
115693700.8412124 0.7742635334772301
116683304.80563956 0.7726231905083716
117076897.29149128 0.7719721698288098
118426357.24298288 0.7697460810253896
119112332.71832444 0.7686180280260171
119787062.69407022 0.7675107903585863
120461792.66981602 0.7664058513468325
121136522.64556181 0.7653032062186841
121811252.62130761 0.7642028502119755
122485982.59705341 0.7631047785744283
123160712.5727992 0.7620089865636293
128581043.37795709 0.7532882655971928
129255773.35370289 0.752212852935785
129930503.32944869 0.7511396728604713
130605233.30519448 0.7500687207363419
131279963.28094028 0.7489999919381092
131954693.25668608 0.7479334818500878
132640668.73202763 0.7468514663319663
133315398.70777343 0.7457894166418584
133990128.68351921 0.7447295717959505
134664858.659265 0.7436719272169259
135339588.6350108 0.7426164783369702
136014318.6107566 0.7415632205977524
137273814.56548208 0.7396029863236322
137847335.04486603 0.7387128962456962
138533310.52020758 0.7376503416149927
139208040.49595338 0.7366073937114161
139882770.47169918 0.7355666109962085
140557500.44744498 0.7345279889743794
141232230.42319077 0.7334915231602701
141918205.89853233 0.7324399887139815
142592935.87427813 0.7314078576455123
143267665.8500239 0.7303778693093663
143942395.8257697 0.7293500192571725
144617125.8015155 0.728324303049795
145291855.7772613 0.7273007162573135
145977831.25260285 0.7262622480739849
146652561.22834864 0.7252429421640229
147327291.20409444 0.7242257523610042
148002021.17984024 0.7232106742718329
148676751.15558603 0.7221977035125334
149351481.13133183 0.721186835708231
150026211.10707763 0.7201780664931339
151386916.55816498 0.7181500810089677
152061646.53391078 0.7171476161796699
152736376.50965658 0.7161472324947713
153411106.48540238 0.715148925633759
154085836.46114817 0.7141526912850902
154760566.43689397 0.7131585251461723
155435296.41263977 0.7121664229233452
156121271.88798133 0.711159897047295
157189594.34957883 0.709596585549488
157594432.3350263 0.7090055154746636
158280407.81036785 0.7080056609822564
158955137.78611365 0.707024256246344
159629867.76185945 0.7060448889335008
160304597.73760524 0.705067554813981
160979327.71335104 0.7040922496668192
161654057.68909684 0.7031189692798135
162340033.1644384 0.7021315388803714
164364223.0916758 0.6992299413285521
165038953.0674216 0.6982667552266207
165713683.04316738 0.6973055687253761
166388413.01891318 0.6963463776735923
167063142.99465898 0.695389177928662
167749118.47000054 0.6944180619593054
168423848.44574633 0.6934648654505292
169098578.4214921 0.692513647803771
169773308.3972379 0.691564404910859
170448038.3729837 0.6906171326721505
171122768.3487295 0.6896718269965133
171640061.3301346 0.6889484218952864
172157354.3115397 0.6882261684598925
172832084.2872855 0.6872858264913424
173518059.76262707 0.686331813384724
174192789.73837286 0.6853954041491123
174867519.71411866 0.6844609389246801
175542249.68986446 0.6835284136756073
176216979.66561025 0.682597824374452
178241169.59284765 0.6798176320093838
178915899.56859344 0.6788947463924407
179601875.043935 0.6779584434261581
180276605.0196808 0.6770394175355539
180951334.9954266 0.6761222995678298
181626064.9711724 0.6752070855620855
182300794.9469182 0.6742937715656442
182975524.922664 0.6733823536340342
183650254.89840978 0.6724728278309732
184336230.37375134 0.6715500789098909
185010960.3494971 0.6706443569592613
185685690.3252429 0.6697405153121684
186360420.3009887 0.6688385500650506
187035150.2767345 0.6679384573224502
187709880.2524803 0.6670402331969967
188384610.2282261 0.6661438738093896
189059340.2039719 0.6652493752883823
189745315.67931345 0.6643418721231159
190420045.65505925 0.6634511146068853
190813638.14091095 0.6629323602900709
191881960.6025085 0.661527478777243
192567936.07785004 0.6606278310142296
193242666.05359584 0.6597447839489017
193917396.02934164 0.6588635701134282
194592126.0050874 0.657984185701974
195266855.9808332 0.6571066269166047
195941585.956579 0.6562308899672705
196627561.43192056 0.6553424211383152
197302291.40766636 0.654470346728419
197977021.38341215 0.6536000827688442
198651751.35915795 0.6527316255010469
202711376.7132285 0.6475443330932857
203386106.6889743 0.6466884477274079
204060836.6647201 0.6458343392029535
204735566.6404659 0.6449820038311513
206557337.5749795 0.6426895264436385
207018403.05840582 0.6421113684091967
207693133.0341516 0.6412667620265655
208367863.0098974 0.6404239090698799
209042592.9856432 0.63958280589898
209717322.961389 0.6387434488812622
210392052.9371348 0.6379058343916651
211066782.9128806 0.6370699588126526
211752758.38822216 0.6362219308775487
212427488.36396796 0.6353895511282768
212911044.84658578 0.6347940755030483
213394601.32920358 0.6341994860989204
214069331.30494937 0.6333713050003116
214755306.78029093 0.6325310834116211
215430036.75603673 0.6317063659626123
216104766.73178253 0.6308833606495791
216779496.70752832 0.6300620639180802
217454226.68327412 0.6292424722210537
218128956.65901992 0.6284245820188012
218803686.6347657 0.6276083897789733
219489662.11010727 0.6267803313487856
220164392.08585307 0.6259675526183093
221513852.03734466 0.6243470537069776
222188582.01309046 0.6235393265274216
222863311.98883626 0.6227332762115769
223538041.96458206 0.6219288992782286
224212771.94032785 0.6211261922533888
224898747.4156694 0.6203118150926481
225573477.3914152 0.6195124651787952
226720518.35018304 0.6181573769689808
227395248.32592884 0.6173624997275834
228069978.30167463 0.6165692726730742
228744708.27742043 0.6157776923796201
229419438.25316623 0.6149877554285
230094168.22891203 0.6141994584080904
230780143.70425358 0.613399700751267
231454873.67999938 0.6126147005757909
232129603.65574518 0.611831330082144
232804333.63149098 0.611049585887062
233479063.60723677 0.610269464614305
233872656.09308848 0.6098151420062908
234277494.07853594 0.609348412990353
236301684.00577334 0.6070234775330952
236976413.98151913 0.6062517145713695
237651143.95726493 0.6054815538106549
238325873.93301073 0.6047129919247388
239011849.4083523 0.6039332563211653
239686579.38409808 0.6031679087431732
240361309.35984388 0.6024041500476802
241036039.33558968 0.601641976936123
241710769.31133547 0.6008813861167858
242396744.78667703 0.6001097374669422
243071474.76242283 0.5993523276186397
243746204.73816863 0.5985964901738924
244420934.71391442 0.5978422218683475
245095664.68966022 0.5970895194444291
245770394.66540602 0.5963383796513242
246445124.64115182 0.5955887992449683
247119854.6168976 0.5948407749880321
247805830.09223917 0.594081875599241
248480560.06798494 0.5933369797569974
249155290.04373074 0.5925936303388901
249830020.01947653 0.5918518241345005
250504749.99522233 0.5911115579400744
251865455.4463097 0.5896233591784008
252540185.42205548 0.5888877193381566
253214915.39780128 0.5881536067063355
253889645.37354708 0.5874210181124109
254564375.34929287 0.5866899503924385
255239105.32503867 0.5859604003890423
255925080.80038023 0.5852202438412616
256498601.27976415 0.5846026235903538
256993403.26197773 0.5840706507022676
257589414.7405532 0.5834309406805307
258264144.716299 0.5827081564704073
258938874.6920448 0.581986872780067
259613604.6677906 0.5812670864943897
260288334.64353636 0.5805487945047225
260963064.61928216 0.579831993708866
261649040.0946237 0.5791047717226582
262323770.0703695 0.5783909687575807
263673230.0218611 0.5769678053744322
264347959.9976069 0.5762584388099239
265022689.9733527 0.5755505449097995
265708665.44869426 0.5748323593120036
266383395.42444006 0.5741274259919096
267058125.40018585 0.5734239561326628
267732855.37593165 0.5727219466960785
268407585.35167745 0.5720213946502791
269082315.3274232 0.5713222969696817
269757045.303169 0.5706246506349842
270443020.7785106 0.5699168615865873
270960313.7599157 0.5693841072033009
271488852.24091655 0.5688406471989037
272174827.7162581 0.5681366234525648
272568420.2021099 0.567733346476855
272748348.19564205 0.5675491540527965
273220659.17866415 0.5670661343191188
273895389.15440995 0.5663773238944573
274828765.62085825 0.565426826145753
275514741.0961998 0.5647300075802878
276189471.0719456 0.564046047018611
276864201.0476914 0.5633635063777613
278213660.999183 0.5620026730734847
278888390.9749288 0.5613243745328151
279563120.9506746 0.5606474841584622
280249096.42601615 0.5599607528304172
280923826.40176195 0.5592866933720027
281598556.37750775 0.5586140332794538
282273286.35325354 0.557942769647649
282948016.32899934 0.5572728995774974
283622746.30474514 0.556604420175927
284308721.7800867 0.5559262221033808
289717807.08564883 0.5506283649748709
290392537.06139463 0.5499736798088088
291067267.0371404 0.5493203537870515
291741997.0128862 0.5486683840879785
292427972.4882278 0.548006935743824
293102702.4639736 0.5473576927365196
293777432.4397194 0.5467097975754495
294452162.4154652 0.5460632474624482
295126892.391211 0.5454180396051591
295801622.3669568 0.5447741712170227
296487597.8422983 0.5441209419645103
297162327.8180441 0.5434797663865403
297837057.79378986 0.5428399219066007
298511787.76953566 0.5422014057612957
299861247.72102726 0.540928347449678
300535977.69677305 0.5402937997852103
301210707.67251885 0.5396605694590434
301896683.1478604 0.5390181329296969
302571413.1236062 0.5383875509228002
303246143.099352 0.5377582780213908
303920873.0750978 0.5371303115077295
304494393.55448174 0.53659756509256
305056668.5342699 0.5360761774657965
305731398.5100157 0.535451703038879
306417373.9853573 0.534818149706203
307092103.9611031 0.5341962869793102
307766833.9368489 0.5335757152564407
308441563.9125946 0.5329564318574347
309116293.8883404 0.532338434107697
309791023.8640862 0.5317217193381841
310476999.33942777 0.5310960384764969
310983046.82123715 0.5306353172036222
311500339.8026422 0.5301650993055955
312175069.778388 0.5295528964385525
312849799.7541338 0.5289419645213996
313535775.2294754 0.5283221505859257
314210505.2052212 0.5277137737308122
314885235.180967 0.5271066598826833
316234695.13245857 0.5258962107246745
316909425.10820436 0.5252928701870396
317584155.08395016 0.5246907822008563
318270130.5592917 0.5240799407736201
318944860.5350375 0.5234803708620612
319619590.5107833 0.5228820456740311
320294320.4865291 0.5222849626254498
320969050.4622749 0.5216891191376019
321643780.4380207 0.5210945126371251
322318510.4137665 0.5205011405560002
322993240.3895123 0.5199090003315385
323679215.86485386 0.5193082512913076
324353945.84059966 0.5187185875375734
325028675.81634545 0.5181301479419134
325703405.79209125 0.5175429299629419
326378135.76783705 0.5169569310645494
327052865.74358284 0.5163721487158913
327727595.71932864 0.5157885803913769
328402325.69507444 0.515206223570659
329077055.67082024 0.5146250757386226
329763031.1461618 0.5140354789034375
330437761.1219076 0.5134567615693383
331112491.0976534 0.5128792456682467
331787221.0733992 0.512302928705955
332461951.049145 0.5117278081934333
333811411.0006366 0.5105811465874073
334497386.47597814 0.5100000848337298
335172116.45172393 0.5094297450880461
335846846.42746973 0.5088605893832674
336521576.4032155 0.5082926152612922
337196306.3789613 0.5077258202691225
337871036.3547071 0.5071602019588525
338545766.33045286 0.5065957578876583
339220496.30619866 0.5060324856177876
339906471.7815402 0.5054610242281792
340581201.757286 0.5049001076964086
341255931.7330318 0.504340355642693
341660769.71847934 0.504005062354046
342076853.20352256 0.5036608907486887
342751583.17926836 0.503103711343236
343437558.6546099 0.5025384313990018
344112288.6303557 0.5019835822498463
344787018.6061015 0.5014298849826935
345461748.5818473 0.5008773372062051
346136478.5575931 0.5003259365340068
346811208.5333389 0.4997756805846789
347485938.5090847 0.4992265669817453
348160668.4848305 0.4986785933536635
348835398.4605763 0.4981317573338149
349521373.93591785 0.49757697115223615
350870833.8874094 0.4964890036068108
351545563.8631552 0.4959467132351377
352220293.838901 0.4954055486731018
352895023.8146468 0.4948655075834915
353569753.7903926 0.49432658763394743
354244483.7661384 0.49378878649695185
357629379.1444631 0.4911076205455479
358304109.1202089 0.4905765020722302
358978839.0959547 0.49004648621538316
364387924.40151685 0.48583710108745426
365062654.37726265 0.48531692435661916
365748629.8526042 0.4847891850494569
366423359.82835 0.4842711838209648
367098089.8040958 0.4837542579771843
367772819.7798416 0.48323840528558726
368447549.7555874 0.48272362351828035
369122279.7313332 0.48220991045199557
369797009.707079 0.48169726386808026
370471739.6828248 0.48118568155248786
371157715.15816635 0.48066666161025806
371832445.13391215 0.48015721885312745
372507175.10965794 0.47964883371308775
373181905.08540374 0.4791415039944969
373856635.06114954 0.47863522750627097
374531365.03689533 0.4781300020618753
375206095.01264113 0.47762582547931376
375880824.9883869 0.4771226955811207
376566800.4637285 0.476612250941548
377241530.4394743 0.47611122525180405
377916260.4152201 0.4756112397050889
378590990.3909659 0.47511229214203715
379265720.3667116 0.4746143804077662
379940450.3424574 0.4741175023518672
380615180.3182032 0.47362165582839566
381289910.293949 0.47312683869586214
381975885.76929057 0.4726248276768833
382650615.74503636 0.47213207998684287
383325345.72078216 0.47164035525447734
384000075.69652796 0.4711496513560986
384562350.67631614 0.47074150971543527
385113380.15650856 0.4703422160868288
385788110.13225436 0.4698542071608496
386474085.6075959 0.46935910332936503
387148815.5833417 0.46887313537234576
387823545.55908746 0.46838817629809026
388498275.53483325 0.46790422401213017
389173005.51057905 0.4674212764243456
389847735.48632485 0.4669393314489555
390522465.46207064 0.46645838700450926
391197195.43781644 0.4659784410138772
391871925.41356224 0.46549949140424185
392557900.8889038 0.46501357859774395
393232630.8646496 0.46453663206886076
393907360.8403954 0.46406067569400966
394582090.8161412 0.46358570741760385
395256820.791887 0.4631117251883239
399991176.1217033 0.4598135100896763
400665906.0974491 0.4593473590451677
401340636.0731949 0.4588821757429704
402015366.0489407 0.45841795817402475
402701341.5242823 0.4579469915896196
403376071.5000281 0.4574847154885408
404050801.4757739 0.45702339908528455
404725531.45151967 0.4565630403874922
405400261.42726547 0.45610363740694077
406074991.40301126 0.45564518815953525
406749721.37875706 0.4551876906652995
407435696.8540986 0.45472354185524133
408110426.8298444 0.4542679577239275
408785156.8055902 0.4538133193977239
409459886.781336 0.45335962491311343
410134616.7570818 0.4529068723106552
410809346.7328276 0.4524550596349759
411484076.7085734 0.45200418493476197
412158806.6843192 0.45155424626275065
412844782.15966076 0.4510977661686638
413519512.13540655 0.45064970924678843
414194242.11115235 0.4502025825033308
414868972.08689815 0.449756384007215
415543702.06264395 0.4493111118313742
416229677.5379855 0.448859366077195
416904407.51373124 0.4484159561350974
417579137.48947704 0.44797346672416016
418253867.46522284 0.44753189593333575
418928597.44096863 0.4470912418555435
419603327.41671443 0.44665150258766206
420278057.3924602 0.4462126762305212
420964032.8678018 0.445767470007415
421638762.8435476 0.4453304789260759
422313492.8192934 0.44489439505016687
422988222.7950392 0.4444592164963045
423662952.770785 0.4440249413850156
424337682.7465308 0.44359156784072856
425023658.2218723 0.4431518937060589
425698388.1976181 0.44272033263261806
426373118.1733639 0.44228966749176235
427047848.1491097 0.4418598964235112
427722578.1248555 0.44143101757174547
428397308.1006013 0.4410030290841992
429083283.5759429 0.4405688182967822
429758013.5516887 0.4401426197584988
430432743.52743447 0.4397173060200307
431107473.50318027 0.43929287524450944
