1.0 0.9830440132780898
23188221.166463837 0.9297541175644506
24368998.624018982 0.9271337997807124
24762591.109870695 0.9262623222709804
32207111.84226597 0.9099621012907753
32881841.81801177 0.9085017965321157
33556571.793757565 0.907044303003911
34906031.74524915 0.9041377280017016
36266737.19633651 0.9012182516740905
37053922.16803993 0.8995344713306186
37728652.14378573 0.898094240786424
38403382.11953153 0.8966567828278434
38808220.104979 0.8957956366729619
39055621.096085794 0.8952698706139095
39572914.0774909 0.894171741251091
42271833.980474085 0.8884686092892705
42946563.95621988 0.8870496816191336
44644634.395180136 0.8834907894889226
48344403.762186244 0.875796156530124
48771732.74682525 0.8749126409744237
52156628.125149995 0.8679522342395418
54866793.52772894 0.8624275849162352
56890983.45496632 0.8583290966432934
59724849.35309866 0.8526308715950455
62423769.25608185 0.8472466981720879
65808664.63440659 0.8405524464110983
67551717.0717499 0.8371303998615703
69306015.00868896 0.8337034327018501
74321507.82839938 0.8240000047277647
76345697.75563677 0.8201230201173629
78909671.66347079 0.8152442377889669
81473645.5713048 0.8104010494999774
83396626.00218032 0.8067918605848212
83970146.48156425 0.8057192675255768
85319606.43305583 0.8032024383527554
87748634.3457407 0.7986965168336871
87861089.34169833 0.7984886654564142
88299663.8259331 0.7976786826128333
88771974.80895516 0.7968075272312334
91335948.71678919 0.7920988473005907
95395574.07085972 0.7847135943785317
96070304.04660551 0.7834944053280826
97419763.9980971 0.7810630638857456
98105739.47343867 0.7798307195582588
99455199.42493026 0.7774134704499334
105539014.70623818 0.7666306372287762
106213744.68198398 0.7654462596512261
106888474.65772977 0.7642641621171212
109598640.06030871 0.7595389535467199
110273370.0360545 0.7583682281584705
111352937.99724779 0.7564997535562216
111757775.98269527 0.7558005594369598
113118481.4337826 0.7534564062617202
114467941.3852742 0.7511406057096658
115142671.36102 0.7499860479678557
117178106.78785315 0.7465165804824124
117852836.76359895 0.7453709244444163
122699647.0893729 0.7372058623155078
123374377.0651187 0.7360781303266475
124611382.02065267 0.7340162572216795
125848386.97618662 0.7319616553449653
126523116.95193242 0.7308440189708245
127872576.90342401 0.7286151967607369
129222036.8549156 0.7263949476949936
129908012.33025716 0.7252695971810099
131257472.28174876 0.723062216933596
132382022.24132508 0.7212292207086102
133056752.21707088 0.7201322453277601
133742727.69241244 0.7190191518742806
135092187.64390403 0.7168358139078351
137521215.5565889 0.7129269472938748
139050603.5016127 0.7104796841075747
139489177.98584744 0.7097798652671161
141524613.4126806 0.7065434374297701
142874073.3641722 0.7044080871853259
144223533.31566378 0.7022809505461469
144898263.29140958 0.7012204524507923
145572993.26715538 0.7001619959186743
146933698.71824273 0.6980336359521333
147608428.69398853 0.6969813143555079
149632618.62122592 0.6938364889095332
152320293.02461332 0.6896888556629153
152995023.00035912 0.6886525985898585
153917153.96721172 0.6872396060222588
155266613.91870332 0.6851785077894474
155941343.8944491 0.6841509335800693
157279558.34634492 0.6821187601002737
157954288.32209072 0.681097076206413
159303748.2735823 0.6790596051585511
160653208.2250739 0.6770299712245014
161339183.70041546 0.6760012354731179
162013913.67616126 0.674991328416398
162688643.65190706 0.6739833655301808
164712833.57914445 0.670971104503361
166748269.0059776 0.6679596166955921
170796648.86045235 0.6620217017248334
171471378.83619815 0.6610387066467575
171943689.81922022 0.6603517362645617
173090730.77798808 0.658687232362623
173742969.75454235 0.6577431786871255
174395208.7310966 0.6568008818844162
175755914.18218395 0.6548406972499572
176430644.15792975 0.653871526312398
177633912.61467642 0.6521477995733315
178983372.566168 0.6502216816540153
179658102.5419138 0.649261402776173
180332832.5176596 0.6483029725296993
181007562.4934054 0.6473463873557972
181693537.96874696 0.6463757468898709
183717727.89598435 0.6435226212689725
184392457.87173015 0.642575238741818
185067187.84747595 0.6416296800192866
185753163.3228175 0.6406702280185248
186427893.2985633 0.6397283366291607
187102623.2743091 0.6387882584734386
187777353.2500549 0.6378499900607051
188452083.2258007 0.6369135279070265
190262608.66071856 0.6344095871716289
190937338.63646436 0.6334797481321739
192298044.0875517 0.6316100141120384
192972774.0632975 0.6306855645263025
193647504.0390433 0.6297628945970181
194322234.0147891 0.6288420008981711
195671693.9662807 0.6270055285206981
196357669.44162226 0.6260746982071794
196751261.92747396 0.6255414379859027
197144854.41332567 0.6250087768424255
197819584.38907146 0.6240970352882282
199180289.84015882 0.6222636919576909
199855019.81590462 0.6213572349621077
200529749.7916504 0.6204525229854673
201204479.7673962 0.619549552668436
201879209.743142 0.618648320658148
203228669.6946336 0.6168510581785959
204589375.14572096 0.6150458182450181
205264105.12146676 0.614153256366812
205938835.09721255 0.6132624127580786
206613565.07295835 0.61237328411098
207288295.04870415 0.6114858671240458
207963025.02444994 0.610600158502162
208649000.4997915 0.6097014359912126
209323730.4755373 0.6088191625749042
209998460.4512831 0.6079385876217658
210673190.42702886 0.6070597078620885
211347920.40277466 0.6061825200324575
212022650.37852046 0.6053070208757414
212697380.35426626 0.6044332071410778
213372110.33001205 0.6035610755838636
214058085.8053536 0.6026761296280346
216970670.2006563 0.59893798397303
217645400.1764021 0.5980764312613089
218320130.1521479 0.59721653712336
218994860.1278937 0.5963582983662652
219669590.10363948 0.5955017118032533
220355565.57898104 0.5946325392472489
221030295.55472684 0.5937792749404053
221705025.53047264 0.5929276532513378
222379755.50621843 0.5920776710178453
223054485.48196423 0.5912293250838144
223729215.45771003 0.5903826122992073
224403945.43345582 0.5895375295200505
225078675.40920162 0.5886940736084227
225764650.88454318 0.5878382246350161
226439380.86028898 0.5869980400525501
228463570.78752634 0.5844871784843434
229149546.2628679 0.5836395630440692
229824276.2386137 0.582807461298425
230499006.2143595 0.5819769614305416
231173736.1901053 0.5811480603566463
231848466.1658511 0.5803207549989035
232523196.14159688 0.5794950422854019
233197926.11734268 0.5786709191501449
233883901.59268424 0.5778346870133506
234558631.56843004 0.5770137602254124
234952224.05428174 0.5765356162823259
235345816.54013348 0.5760580094980378
236020546.51587927 0.5752405029891849
236684030.9920293 0.5744381562597946
237370006.46737087 0.5736102082832728
240754901.84569559 0.5695484246317455
242104361.79718718 0.5679400244531102
242779091.77293298 0.5671381458644673
244128551.72442457 0.5655390168010335
244803281.70017037 0.5647417603884328
245489257.17551193 0.5639327897322743
246163987.15125772 0.5631386254648683
246838717.12700352 0.5623459900418395
247513447.10274932 0.5615548805200119
248188177.07849512 0.5607652939618755
248862907.0542409 0.5599772274355749
249548882.52958247 0.5591775816945028
250223612.50532827 0.5583925716705801
250898342.48107406 0.5576090728682139
251573072.45681986 0.5568270823781541
252247802.43256563 0.5560465972967509
252922532.40831143 0.555267614725944
253597262.38405722 0.5544901317732528
254271992.35980302 0.5537141455517647
255632697.81089038 0.5521537810414059
256307427.78663617 0.5513822925250166
256982157.76238197 0.5506122891999498
257656887.73812777 0.5498437682070658
258286635.71549052 0.5491278168225963
258905138.19325748 0.5484259025180132
259591113.66859904 0.547648864475311
260265843.64434484 0.5468860483666744
260940573.62009063 0.546124700754121
261615303.59583643 0.545364818810651
262964763.54732803 0.5438494406501636
263639493.52307382 0.5430939388063163
264325468.99841538 0.5423273362269079
265000198.97416118 0.5415747645838742
265674928.94990698 0.540823641715318
266349658.92565277 0.5400739648322058
267024388.90139857 0.5393257311508729
267699118.87714437 0.5385789378930139
268385094.35248592 0.5378211718565409
269734554.3039775 0.5363348102648604
270173128.7882123 0.5358529748157034
270622948.7720428 0.5353594111310642
271297678.7477886 0.5346202534295851
271972408.7235344 0.5338825186794243
272647138.6992802 0.5331462041412603
273321868.675026 0.5324113070810452
274007844.15036756 0.531665612035361
277190320.53596854 0.5282251222766641
277865050.51171434 0.5274996987833324
278539780.48746014 0.5267756718016153
279214510.46320593 0.5260530386430903
279889240.43895173 0.5253317966245103
280563970.4146975 0.524611943067794
281025035.8981238 0.5241208403205424
281474855.8819544 0.5236423384800688
282835561.3330417 0.5221986069524164
283510291.3087875 0.5214847850941561
284185021.2845333 0.5207723374132198
284859751.2602791 0.5200612612641806
285534481.2360249 0.5193515540067047
286209211.2117707 0.5186432130055408
286895186.6871123 0.5179244642122465
287569916.662858 0.5172188704993745
288244646.6386038 0.516514635123836
288919376.6143496 0.5158117554706977
289594106.5900954 0.5151102289300603
290201363.56826663 0.5144800098016423
290808620.54643786 0.5138508826888566
291483350.52218366 0.5131531310212882
292158080.49792945 0.5124567225943435
292832810.47367525 0.5117616548221517
293507540.44942105 0.5110679251238205
294193515.9247626 0.510364002320072
294868245.9005084 0.5096729632403444
296105250.8560423 0.5084095115451366
296498843.3418941 0.5080084393210649
296858699.3289585 0.5076421390275307
297252291.8148102 0.5072419288888237
297825812.2941941 0.506659570292574
298500542.2699399 0.5059756626090345
299175272.2456857 0.5052930715150852
299850002.2214315 0.5046117944761617
300524732.1971773 0.5039318289625783
301199462.1729231 0.5032531724495195
301874192.1486689 0.5025758224170307
302560167.62401044 0.5018885199487393
303234897.59975624 0.5012137970066004
303909627.57550204 0.5005403729725196
304584357.55124784 0.4998682453459711
305259087.52699363 0.49919741163124254
306316164.4889954 0.4981490343406388
306990894.4647412 0.49748151027626897
307665624.44048697 0.4968152712614083
308340354.41623276 0.49615031482220995
309689814.36772436 0.49482423979921525
310364544.34347016 0.49416311629150045
311050519.8188117 0.4934922787674664
311725249.7945575 0.4928337194158027
312399979.7703033 0.49217642785569293
313074709.7460491 0.49152040164651367
313749439.7217949 0.49086563835233943
314424169.6975407 0.49021213554193455
315098899.6732865 0.4895598907887435
315773629.6490323 0.4889089016708823
316347150.12841624 0.48835654635833425
316920670.6078001 0.4878050950139592
317595400.5835459 0.48715748405063286
318270130.5592917 0.48651111980213424
318944860.5350375 0.4858659998684145
319630836.0103791 0.48521140106199967
320305565.9861249 0.484568783214743
320980295.9618707 0.4839274024700737
321655025.93761647 0.4832872564464475
322329755.91336226 0.4826483427669046
323679215.86485386 0.4813742029551007
325039921.3159412 0.48009440765776723
325714651.291687 0.47946164052630386
326389381.2674328 0.4788300915338295
327064111.2431786 0.4781997583353064
327738841.2189244 0.47757063859021154
328413571.1946702 0.4769427299625275
329099546.67001176 0.47630559535121414
329774276.64575756 0.475680122056237
330449006.62150335 0.47505585285889507
331123736.59724915 0.4744327854411815
331798466.57299495 0.4738109174895523
332473196.54874074 0.47319024669491694
333147926.52448654 0.4725707707526303
333822656.50023234 0.47195248736248385
334508631.9755739 0.47132511941419464
335183361.9513197 0.4707092340254361
335858091.9270655 0.47009453427664843
336532821.9028113 0.469481017885358
337882281.8543029 0.46825752606733495
338557011.8300487 0.467647546097591
339231741.8057944 0.46703874039930465
339917717.281136 0.4664209894004445
340592447.2568818 0.46581454494448016
341267177.2326276 0.46520926795376094
341941907.20837337 0.4646051561808011
342515427.6877573 0.4640925756506281
343774923.6424828 0.4629698506437869
344449653.6182286 0.4623700499694806
345124383.5939744 0.4617714039704852
345799113.5697202 0.46117391042393696
346473843.545466 0.4605775671112513
347159819.02080756 0.4599724616102465
347834548.99655336 0.45937843120473343
348509278.97229916 0.45878554436619534
349184008.94804496 0.45819379889315304
349858738.92379075 0.4576031925883655
350533468.89953655 0.4570137232588216
351208198.8752823 0.45642538871573207
352568904.32636964 0.4552423569609393
355942554.2050986 0.4523289732328935
356617284.1808444 0.45174965729450706
357303259.656186 0.4511618293543225
357977989.6319318 0.45058476028272865
358652719.6076776 0.4500088021258708
359327449.5834234 0.44943395274512865
360002179.5591692 0.44886021000599885
360676909.534915 0.4482875717780874
361351639.51066077 0.4477160359351013
362026369.48640656 0.44714560035484086
362712344.9617481 0.4465667832536109
363387074.9374939 0.44599856009782607
364061804.9132397 0.4454314308275177
364736534.8889855 0.4448653933368486
365411264.8647313 0.44430044552403525
366085994.8404771 0.4437365852913405
367446700.29156446 0.442602766839944
368121430.26731026 0.44204217480573094
368796160.24305606 0.44148266196633335
369470890.21880186 0.4409242262441952
370145620.19454765 0.44036686556575944
370820350.17029345 0.43981057786146105
371495080.14603925 0.4392553610657191
372169810.12178504 0.4387012131169291
372855785.5971266 0.4381389229645054
373485533.57448936 0.43762369109900223
374126527.0514478 0.4371002094069726
374801257.0271936 0.43655021033714014
375475987.0029394 0.4360012700696231
376150716.9786852 0.4354533865661228
376825446.954431 0.4349065577922644
377500176.9301768 0.4343607817175895
378186152.40551835 0.4338069864488548
378860882.38126415 0.43326332715718463
379535612.35700995 0.4327207144631325
380210342.33275574 0.4321791463518947
380885072.30850154 0.43163862081254645
382234532.25999314 0.4305606894251681
382909262.23573893 0.43002327957461456
383595237.7110805 0.4294779734565589
384269967.6868263 0.42894264794075304
384944697.6625721 0.4284083529792254
385619427.6383179 0.4278750865880577
386294157.6140637 0.42734284678715034
386968887.5898095 0.4268116316002162
387643617.5655553 0.4262814390547723
388329593.04089683 0.42574345628709337
389004323.01664263 0.4252153200842027
393851133.3424166 0.421451306481859
394525863.3181624 0.42093143308955183
395200593.2939082 0.4204125605046627
395886568.76924974 0.4198860640239198
396561298.74499553 0.4193692038773104
397236028.72074133 0.41885333873732444
397910758.6964871 0.41833846668847585
398585488.6722329 0.41782458581896653
399260218.6479787 0.4173116942206786
399934948.6237245 0.4167997899891674
400609678.5994703 0.41628887122365466
401295654.0748119 0.41577044542930264
401970384.0505577 0.4152615082533173
402645114.02630347 0.4147535508314561
403319844.00204927 0.41424657127759595
403927100.9802205 0.41379112420030795
404545603.4579874 0.41332805414453366
405220333.4337332 0.4128238188120103
405895063.409479 0.41232055418209934
406569793.3852248 0.4118182583861024
407244523.3609706 0.41131692955891896
407930498.8363122 0.4108082346097245
408560246.8136749 0.41034211254352837
409178749.2914419 0.4098851293557595
409853479.2671877 0.4093875219921016
410539454.7425293 0.4088826031866199
411011765.7255513 0.4085355287275081
411495322.20816916 0.408180675268759
412170052.18391496 0.4076863491468664
412844782.15966076 0.4071929746513794
413530757.6350023 0.4066923509084236
414205487.6107481 0.4062008899573126
414880217.5864939 0.40571037511687125
415554947.5622397 0.4052208045657431
416229677.5379855 0.4047321764860783
416904407.51373124 0.4042444890635263
417579137.48947704 0.40375774048722946
418265112.9648186 0.40326384001938265
418939842.9405644 0.40277897928894774
419614572.9163102 0.4022950519631072
420289302.892056 0.40181205624496524
420964032.8678018 0.4013299903410853
421638762.8435476 0.4008488524614833
422313492.8192934 0.4003686408196211
422988222.7950392 0.39988935363239964
423674198.27038074 0.39940302418526863
424348928.24612653 0.3989255959050392
426238172.1782148 0.39759368066762646
426912902.1539606 0.39711973555162017
427587632.1297064 0.3966467028265751
428262362.1054522 0.3961745807360486
428948337.58079374 0.3956955216637713
429623067.55653954 0.39522523069053184
430297797.53228533 0.3947558450736687
430972527.50803113 0.39428736307028156
431647257.4837769 0.39381978294082554
432321987.4595227 0.3933531029491045
432996717.4352685 0.3928873213622647
433682692.9106101 0.39241469595592726
434357422.8863559 0.3919507208948392
435032152.8621016 0.39148763903137435
435706882.8378474 0.39102544864603916
436381612.8135932 0.3905641480226504
437056342.789339 0.39010373544832877
437731072.7650848 0.38964420921349224
438405802.7408306 0.38918556761185
439091778.21617216 0.38872018709990097
441790698.11915535 0.3868980062923675
442465428.09490114 0.3864446514014211
443140158.07064694 0.385992169263224
443826133.5459885 0.38553303871691397
444309690.02860636 0.38520992939343257
444804492.0108199 0.3848797674706358
445479221.9865657 0.3844302978878993
446153951.9623115 0.3839816935783109
446828681.9380573 0.3835339528761346
447503411.9138031 0.38308707411884113
448178141.8895489 0.3826410556471015
448852871.8652947 0.3821958958047814
449538847.34063625 0.3817441951422652
450213577.31638205 0.3813007618446135
450888307.29212785 0.3808581821996664
451563037.26787364 0.38041645456405837
452237767.24361944 0.3799755772975875
452912497.21936524 0.37953554876320944
455622662.6219442 0.37777661894355075
456297392.59769 0.3773408236202421
456972122.5734358 0.376905867245785
457646852.5491816 0.37647174820512025
458321582.5249274 0.3760384648862977
459007558.00026894 0.375598815251348
459682287.97601473 0.3751672124143006
460357017.9517605 0.37473644045515564
461031747.92750627 0.3743064977743912
461706477.90325207 0.3738773827755647
464416643.305831 0.37216207772478066
465091373.2815768 0.3717370909454142
465766103.2573226 0.3713129223073873
466440833.2330684 0.37088957023569724
467115563.2088142 0.37046703315837326
467790293.18456 0.37004530950647097
468465023.1603058 0.3696243977140663
469150998.63564736 0.36919730138277745
469825728.61139315 0.36877802208939436
470500458.58713895 0.3683595499498778
471175188.56288475 0.36794188341037726
471849918.53863055 0.3675250209200332
472524648.51437634 0.3671089609309719
473199378.49012214 0.36669370189829914
473885353.9654637 0.3662723413838399
474560083.9412095 0.36585869292605677
475234813.9169553 0.36544584078222697
475909543.8927011 0.3650337834193677
476584273.8684469 0.36462251930744727
477259003.8441927 0.36421204691937936
477944979.31953424 0.3637955433806248
478619709.29528004 0.3633866630025273
479294439.27102584 0.36297856975936005
479969169.24677163 0.3625712621358106
480643899.22251743 0.36216473861948373
481318629.1982632 0.36175899770089603
481993359.174009 0.36135403787346965
482668089.1497548 0.36094985763352705
483354064.6250964 0.3605397386946534
484028794.6008422 0.36013712606069226
484703524.576588 0.3597352884956363
485378254.5523338 0.3593342245074015
486052984.52807957 0.3589339326067762
486727714.50382537 0.3585344113074158
487402444.47957116 0.35813565912583684
488077174.45531696 0.3577376745814119
488751904.4310627 0.3573404561963638
489437879.90640426 0.3569374014042722
490112609.88215005 0.35654172362377035
490787339.85789585 0.35614680756189754
491462069.83364165 0.3557526517522702
492136799.80938745 0.3553592547313281
492811529.78513324 0.3549666150383281
493216367.77058077 0.3547313941333243
493621205.75602823 0.3544964450270427
494295935.73177403 0.35410546632754997
494970665.7075198 0.3537152403004924
495645395.6832656 0.35332576549690126
496320125.6590114 0.3529370404705974
497006101.134353 0.35254260383182134
497680831.1100988 0.35215538646871714
498355561.0858446 0.3517689145371049
499030291.0615904 0.35138318660195555
499705021.0373361 0.35099820123100267
500379751.0130819 0.35061395699473685
501054480.9888277 0.35023045246640083
501729210.9645735 0.34984768622198403
502415186.43991506 0.3494592959186359
503089916.41566086 0.3490780142263852
503764646.39140666 0.3486974665388751
504439376.36715245 0.34831765144307436
505114106.34289825 0.3479385675286717
508499001.721223 0.3460478151494293
509173731.6969688 0.3456731008930304
509848461.6727146 0.3452991079984111
510421982.15209854 0.3449817801713426
511006748.13107824 0.34465876492771574
511681478.10682404 0.3442867247295427
512356208.0825698 0.34391540074532384
513030938.0583156 0.3435447915962766
513705668.0340614 0.3431748959062729
514380398.00980717 0.3428057123018339
515055127.98555297 0.34243723941212456
515741103.4608945 0.3420633524785234
516415833.4366403 0.3416963087044482
517090563.4123861 0.34132997152571865
517765293.3881319 0.34096433958206873
518440023.3638777 0.3405994115158516
519114753.3396235 0.3402351859720339
519789483.3153693 0.3398716615981907
520464213.2911151 0.33950883704450086
521150188.76645666 0.33914068143901843
521824918.74220246 0.33877926409398806
522499648.71794826 0.33841854251287296
523174378.69369406 0.33805851535625897
523849108.66943985 0.3376991812873104
524523838.64518565 0.3373405389717654
525198568.62093145 0.3369825870779304
525873298.59667724 0.3366253242766756
526559274.0720188 0.33626281214353815
