1.0 1.0098866688950487
2698920.902983182 1.004067075358087
4183326.849623932 1.0008812859689216
14506695.478534603 0.9790165916869848
19364751.303904332 0.9689012254621977
21377695.731545955 0.9647420996946274
22727155.683037546 0.9619643561866064
37323814.158338256 0.9324497487226054
40022734.06132144 0.9270975818149837
41372194.012813024 0.9244336256572424
44475951.90124369 0.9183370449113789
44667125.39437166 0.9179629168877225
45150681.876989484 0.9170173089447159
45667974.85839459 0.916006863318832
46174022.34020394 0.9150195178652634
47534727.79129129 0.9123702078361239
49671372.71448631 0.9082264191394053
51706808.14131946 0.9042973452455113
54405728.04430264 0.8991151125622648
55091703.5196442 0.8978029549568657
57790623.42262738 0.8926599238705442
59140083.37411898 0.8901000617495255
60995590.80741991 0.8865928806811585
61501638.28922926 0.885638907674393
62851098.24072085 0.8831002678419682
64200558.19221244 0.8805693015066001
65471299.64653369 0.8781929692027134
66067311.12510914 0.8770807378473863
66742041.10085494 0.8758234013869255
68091501.05234653 0.8733144306936995
68766231.02809232 0.8720627907126977
70115690.97958392 0.8695651871439146
70790420.95532972 0.8683192178339398
71476396.43067127 0.8670544142357078
72106144.40803401 0.8658949954014902
72735892.38539675 0.8647372133454801
75446057.7879757 0.8597732393824862
76120787.7637215 0.8585420802371933
76795517.7394673 0.8573127832004529
79505683.14204623 0.852393810927631
83565308.49611677 0.8450812818471666
84240038.47186257 0.843872344053073
84926013.94720413 0.842645131745533
86275473.89869572 0.8402364483597525
86826503.37888812 0.8392549973417393
87377532.85908052 0.8382747587755791
88052262.8348263 0.8370761157389381
88738238.31016786 0.8358593538061884
90087698.26165946 0.8334711816587399
91437158.21315105 0.8310902281925526
92786618.16464265 0.8287164715878568
94136078.11613424 0.8263498900908366
95496783.56722158 0.8239708301062227
96171513.54296738 0.8227938215332335
97520973.49445897 0.8204451423147157
98870433.44595057 0.8181035624029375
99545163.42169636 0.8169354279786213
100759677.3780388 0.8148372365163057
101288215.85903966 0.8139259183698636
101962945.83478546 0.8127641025654047
102637675.81053126 0.8116040439887875
103987135.76202285 0.8092891878919815
105347841.21311021 0.806962126044739
106022571.18885599 0.8058108428649056
106472391.17268653 0.8050442882951235
106910965.6569213 0.8042976419744282
107428258.6383264 0.803417925894457
107945551.61973152 0.8025392300879266
108451599.10154086 0.8016806224721942
108968892.08294597 0.8008039415481705
109643622.05869177 0.7996619725239814
110318352.03443757 0.7985217307096918
110993082.01018336 0.7973832134929238
111667811.98592915 0.7962464182652508
112353787.46127072 0.7950924390436663
113028517.4370165 0.7939591085757365
113703247.4127623 0.7928274922520258
114377977.3885081 0.791697587479918
115480036.3488929 0.7898557503981498
115907365.3335319 0.7891427929169117
116582095.3092777 0.7880184611936529
116975687.79512942 0.7873633865027473
117369280.28098112 0.7867088899549204
118055255.75632268 0.7855695763301735
118729985.73206848 0.7844506490398849
119404715.70781428 0.7833334141092361
120079445.68356007 0.7822178689785598
120754175.65930587 0.7811040110920602
121428905.63505167 0.779991837897807
122114881.11039323 0.7788628529005657
122789611.08613902 0.7777540694222472
123464341.0618848 0.7766469629612128
124813801.0133764 0.7744377709489833
125488530.9891222 0.773335680336367
126163260.964868 0.7722352566181809
127523966.41595535 0.7700211288914486
129548156.34319274 0.7667398652218528
130222886.31893852 0.7656494175685572
130897616.29468432 0.764560619199899
131583591.77002588 0.7634553623661671
132089639.25183523 0.7626410984316174
132606932.23324034 0.7618096946035274
133292907.7085819 0.760708667791401
133967637.68432769 0.7596273422277647
134642367.6600735 0.758547652151749
135317097.6358193 0.7574695950897044
136666557.58731088 0.7553183701316333
137341287.56305668 0.7542451973069925
138027263.03839824 0.7531558022157084
138701993.01414403 0.7520859002404482
140051452.96563563 0.7499509484712806
141400912.91712722 0.7478224499789764
142075642.892873 0.7467606146136562
142750372.8686188 0.7457003852573387
143436348.34396034 0.744624129290088
144043605.32213157 0.743672759148195
144650862.3003028 0.7427226841431989
145336837.77564436 0.7416510069055906
146011567.75139016 0.7405985057491815
146686297.72713593 0.7395475964839311
147361027.70288172 0.7384982767021288
148035757.67862752 0.7374505439997061
148710487.65437332 0.7364043959762308
149385217.63011912 0.7353598302349003
150071193.10546067 0.7342994746565553
150745923.08120647 0.733258092575037
152095383.03269807 0.7311800512509253
152770113.00844386 0.7301433872473866
153456088.48378542 0.7290910528508707
154130818.45953122 0.728057548423979
154805548.43527701 0.7270256071559917
155480278.4110228 0.7259952266826557
156155008.3867686 0.7249664046432935
156829738.3625144 0.7239391386807985
157504468.3382602 0.7229134264416288
158179198.314006 0.7218892655758025
162564943.15635365 0.7152698729595591
163239673.13209945 0.7142572728460123
164589133.08359104 0.7122366649268657
165275108.5589326 0.7112118652078365
165949838.5346784 0.7102054027660423
166624568.5104242 0.709200462582576
167299298.48617 0.7081970423550459
167974028.4619158 0.7071951397845426
168660003.93725735 0.7061780922809074
169334733.91300315 0.7051792433400614
170414301.8741964 0.7035842264295123
170819139.8596439 0.7029870902686566
171505115.33498546 0.7019765133677212
172179845.31073123 0.7009840192476957
172854575.28647703 0.6999930262591315
173529305.26222283 0.6990035321315912
174204035.23796862 0.6980155345980706
174878765.21371442 0.6970290313949951
175553495.18946022 0.6960440202622133
176115770.16924837 0.6952243157992569
177341529.6251866 0.6934409398789603
178016259.6009324 0.6924613556771227
178690989.5766782 0.6914832530806985
179365719.55242395 0.6905066298487829
179927994.53221214 0.6896939056112718
180490269.5120003 0.6888822058632719
181164999.4877461 0.6879095166736036
181839729.4634919 0.6869382986607514
182514459.43923768 0.6859685495995836
183189189.41498348 0.685000267268334
183863919.39072928 0.6840334494485965
184549894.86607084 0.6830520170428989
185224624.84181663 0.6820881459204112
185899354.81756243 0.6811257326375519
186574084.79330823 0.6801647749893616
187248814.76905403 0.6792052707742154
187923544.7447998 0.6782472177938195
188598274.7205456 0.6772906138532033
189273004.6962914 0.6763354567607177
190633710.14737874 0.6744136154126783
191308440.12312454 0.6734628097342267
191983170.09887034 0.6725134421341251
192657900.07461613 0.6715655104373027
193332630.05036193 0.6706190124719785
194007360.02610773 0.6696739460696561
194693335.5014493 0.6687145938795687
195368065.47719508 0.6677724078798415
196042795.45294088 0.6668316469213362
196717525.42868668 0.6658923088487003
198066985.38017827 0.664017892755922
202295293.22818527 0.6581813324857954
203644753.17967683 0.6563302242095725
204319483.15542263 0.6554067693704237
204994213.13116843 0.6544847112419114
205668943.10691422 0.6535640477115329
206343673.08266002 0.6526447766699802
207029648.55800158 0.6517116097678055
207704378.53374738 0.6507951405089356
208379108.50949317 0.6498800573951222
209053838.48523897 0.6489663583298426
209706077.46179324 0.6480844295473328
210358316.43834752 0.6472037902370448
211033046.41409332 0.6462941389829181
211707776.3898391 0.6453858635617231
212382506.36558488 0.644478961892534
213057236.34133068 0.6435734318975723
213743211.81667224 0.64265421375403
214417941.79241803 0.6417514436613572
215092671.76816383 0.6408500389939675
215767401.74390963 0.639949997686677
216442131.71965542 0.6390513176774247
217116861.69540122 0.6381539969072689
217802837.17074278 0.6372431120805971
218477567.14648858 0.6363485261923963
219152297.12223437 0.6354552933509985
219557135.10768184 0.6349200022571682
219961973.09312934 0.6343851970819003
220524248.0729175 0.6336432174046015
221086523.05270565 0.6329021730388745
221761253.02845144 0.6320141527513232
222435983.00419724 0.6311274755802074
223110712.97994304 0.6302421394940844
223785442.95568883 0.6293581424645842
224460172.93143463 0.6284754824664049
225146148.4067762 0.6275794800264792
225820878.382522 0.6266995102266928
226495608.35826778 0.6258208713671057
227170338.33401358 0.624943561434692
228519798.28550518 0.6231929203144989
229194528.26125097 0.6223195851158723
229869258.23699677 0.6214475708227152
231229963.68808413 0.6196930184690544
231904693.66382992 0.6188249768157883
232579423.63957572 0.6179582480615877
232984261.6250232 0.6174388401744263
233389099.61047065 0.6169199037876044
234063829.58621645 0.6160560564257749
234749805.061558 0.6151791509972698
235424535.0373038 0.6143179364960879
236099265.0130496 0.6134580245680118
236773994.9887954 0.6125994132429201
237448724.9645412 0.6117421005536711
237943526.94675478 0.6111142287992916
238449574.42856413 0.6104728076996465
239124304.40430993 0.609618711467134
239799034.38005573 0.6087659070414579
240473764.35580152 0.607914392468781
241148494.33154732 0.6070641657982204
241834469.80688888 0.6062010869537138
242509199.78263468 0.6053534516302295
243183929.75838047 0.6045070983415586
244533389.70987204 0.6028182301153594
245208119.68561783 0.6019757113085104
246568825.1367052 0.6002805058890759
247243555.112451 0.5994418253493561
247918285.08819678 0.5986044133004799
248593015.06394258 0.5977682678238753
249267745.03968838 0.5969333870038716
249942475.01543418 0.5960997689276956
250617204.99117997 0.595267411685467
251303180.46652153 0.5944224723866673
251977910.44226733 0.5935926520285091
252652640.41801313 0.5927640867603096
253079969.4026521 0.5922399770555731
253507298.38729113 0.5917163695382325
254182028.36303693 0.5908906421171516
254856758.33878273 0.5900661635955267
255531488.31452852 0.589242932084417
256217463.78987008 0.588407256462869
256892193.76561588 0.587586534022139
257566923.74136168 0.5867670529109109
258241653.71710747 0.5859488112516937
261817722.58856016 0.5816327470760774
262233806.07360342 0.5811328084908287
262649889.55864665 0.580633336332778
263065973.0436899 0.5801343301667632
263493302.0283289 0.5796223219447973
264168032.0040747 0.5788148865763255
264854007.47941625 0.5779952458746445
265528737.45516205 0.5771902714325716
266203467.43090785 0.5763865145014007
266878197.40665364 0.575583973239666
267440472.3864418 0.5749161161646609
268002747.36622998 0.5742491009650549
268677477.34197575 0.5734497925069281
269352207.31772155 0.5726516929899917
270038182.7930631 0.5718415292621959
270712912.7688089 0.5710458622175565
271387642.7445547 0.5702513986065273
272737102.6960463 0.5686660744073546
273411832.6717921 0.5678752101871173
273985353.15117604 0.5672039161592718
274547628.13096416 0.566546622667634
275233603.6063057 0.5657458465391494
275908333.5820515 0.5649593991165955
276583063.5577973 0.5641741411831187
277257793.5335431 0.5633900709396353
277932523.5092889 0.5626071865897828
278607253.4850347 0.5618254863399161
279281983.4607805 0.5610449683991023
279967958.93612206 0.5602526520135803
280474006.41793144 0.5596689373168259
280980053.89974076 0.5590858848896518
281564819.87872046 0.5584129592457504
282160831.35729593 0.5577280004998473
282846806.8326375 0.5569407845249326
283521536.8083833 0.5561676546170269
284196266.7841291 0.5553956940556669
284870996.7598749 0.5546249010722346
285545726.7356207 0.5538552739007866
287052623.68145293 0.5521406401339918
287727353.6571987 0.5513747703672353
288402083.6329445 0.5506100589661753
289076813.6086903 0.5498465041788021
289762789.0840319 0.5490714073646874
290437519.0597777 0.5483101797630971
291112249.0355235 0.547550103506002
291786979.0112693 0.5467911768520114
292461708.98701507 0.546033398062369
293136438.96276087 0.5452767654009476
293811168.93850666 0.5445212771342466
294485898.91425246 0.543766931531387
295171874.389594 0.5430011831094146
295846604.3653398 0.5422491366242955
296521334.3410856 0.5414982275973775
297263537.314406 0.5406735393787847
297848303.2933857 0.5400247514292981
298523033.2691314 0.5392772067491731
299197763.2448772 0.5385307927183399
299883738.7202188 0.5377730957634108
301907928.64745617 0.535544053294708
302582658.62320197 0.5348032855983578
303257388.59894776 0.5340636383012182
303932118.57469356 0.5333251097087031
304483148.054886 0.5327228067075909
305034177.5350784 0.5321212477714502
305708907.5108242 0.531385657013326
306394882.98616576 0.5306389469375719
307069612.9619115 0.5299055981355822
307744342.9376573 0.5291733585118423
308419072.9134031 0.5284422263887375
309093802.8891489 0.5277122000911906
309768532.8648947 0.5269832779466578
310443262.8406405 0.5262554582851249
311129238.31598204 0.5255166367752048
311803968.29172784 0.5247910353848138
312478698.26747364 0.5240665314548345
313153428.24321944 0.5233431233253754
313828158.21896523 0.5226208093390554
314502888.194711 0.5218995878410002
315188863.6700526 0.5211674642335402
316538323.6215442 0.5197305050707425
317213053.59729 0.5190136551113145
317887783.5730358 0.5182978893758966
318562513.5487816 0.5175832062246173
319237243.5245274 0.5168696040200851
319923218.9998689 0.5161452148807091
320597948.9756147 0.5154337876149058
321272678.9513605 0.5147234363713741
321947408.9271063 0.5140141595226472
322622138.9028521 0.5133059554437197
323296868.8785979 0.5125988225120446
323712952.36364114 0.5121632904368454
324140281.34828013 0.5117164101803965
324815011.3240259 0.5110116814103051
325489741.2997717 0.5103080185311158
329560612.15343803 0.5060851096509974
330235342.1291838 0.505388898132151
331584802.0806754 0.5039996325278813
332259532.0564212 0.5033065752595485
332934262.032167 0.5026145662291555
333608992.0079128 0.5019236038512588
334294967.4832544 0.5012221967660607
334969697.4590002 0.5005333403245169
335644427.43474597 0.4998455257672284
336319157.41049176 0.49915875151836187
336993887.38623756 0.498473016004467
337668617.36198336 0.4977883176544736
338343347.33772916 0.4971046548996877
339029322.8130707 0.4964106577799682
339704052.7888165 0.49572907871351396
340378782.7645623 0.4950485305244
341053512.7403081 0.4943690116534405
341728242.7160539 0.49369052054380785
342402972.6917997 0.4930130556410294
343077702.6675455 0.4923366153929834
343763678.14288706 0.4916499499566673
344438408.11863285 0.4909755713839697
345113138.09437865 0.4903022127979789
345787868.07012445 0.4896298726559811
347137328.02161604 0.4882882415447723
347812057.99736184 0.48761894750178614
348498033.4727034 0.48693953629380377
349172763.4484492 0.4862722821457374
349847493.424195 0.48560603720879775
350522223.3999407 0.484940799956569
351196953.3756865 0.48427656886494386
351882928.8510281 0.48360229714077246
352276521.33687985 0.4832158881348428
352670113.82273155 0.48282982015822096
353356089.2980731 0.4821577730597891
354030819.2738189 0.48149775125140837
354705549.2495647 0.48083872771535446
355380279.2253105 0.48018070094175636
356055009.2010563 0.4795236694230266
356729739.1768021 0.4788676316538576
357415714.65214366 0.47820167710382455
358090444.62788945 0.4775476388266868
358765174.60363525 0.4768945897718793
359372431.5818064 0.4763076901710026
359979688.55997765 0.47572158953912586
360654418.53572345 0.47507130235436934
361913914.49044895 0.47386006333256314
362588644.46619475 0.4732125916761214
363263374.44194055 0.4725660993100994
363938104.41768634 0.471920584753336
369347189.7232484 0.466780871521464
370021919.6989942 0.46614410702824316
370696649.67474 0.4655083056310264
371382625.1500816 0.4648628933494504
372057355.1258274 0.4642290297672136
372732085.10157317 0.46359612489339863
373406815.07731897 0.46296417727797423
374081545.05306476 0.46233318547310215
374756275.02881056 0.4617031480331339
375431005.00455636 0.4610740635146076
376116980.4798979 0.4604354696452244
376791710.4556437 0.4598083024697638
377466440.4313895 0.4591820838745153
378141170.4071353 0.4585568124247664
378815900.3828811 0.4579324866879744
379490630.3586269 0.4573091052337633
380165360.3343727 0.45668666663392055
380840090.3101185 0.4560651694623938
381514820.2858643 0.4554446122952875
382200795.76120585 0.4548146746782459
382875525.73695165 0.45419600886427525
383550255.71269745 0.45357827877234147
384224985.68844324 0.45296148298717964
384899715.66418904 0.4523456200956654
385574445.63993484 0.451730688686812
386249175.61568063 0.4511166873517664
386935151.0910222 0.45049340466587895
387609881.066768 0.44988127470289774
388284611.0425138 0.4492700705765817
388959341.0182596 0.44865979088661734
389634070.9940054 0.4480504342348094
390308800.9697512 0.44744199922507705
390983530.945497 0.44683448446345125
391669506.42083853 0.44621778640315135
392344236.39658433 0.4456121232436074
393018966.3723301 0.4450073761397901
393693696.3480759 0.44440354370617985
394368426.3238217 0.44380062455935215
395043156.2995675 0.44319861731797533
395717886.2753133 0.4425975206028067
396403861.7506549 0.44198733760526615
397078591.7264007 0.44138807293105525
397753321.7021465 0.4407897146349628
398428051.6778922 0.44019226134610634
399102781.653638 0.43959571169567657
399777511.6293838 0.4390000643169345
400452241.6051296 0.4384053178452086
401138217.08047116 0.4378015810824911
401812947.05621696 0.4372086472972512
402487677.03196275 0.43661661031475985
403173652.5073043 0.43601562399838584
403848382.4830501 0.435425391444314
404523112.4587959 0.43483605160742117
405062896.43939257 0.4343652215868589
405613925.91958493 0.4338851703164518
406288655.8953307 0.43329816003906874
406974631.3706723 0.43270227641234826
407649361.3464181 0.43211705524283467
408324091.3221639 0.4315327192108599
408998821.2979097 0.43094926697766744
409673551.2736555 0.43036669720652543
411023011.22514707 0.4292041997135721
411697741.20089287 0.42862426932839387
412383716.6762344 0.4280355726147557
413058446.6519802 0.4274574097591287
413733176.627726 0.42688012136545195
414407906.6034718 0.42630370611111557
415082636.5792176 0.42572816267551
415757366.5549634 0.4251534897400232
416432096.5307092 0.42457968598803747
417106826.506455 0.42400675010492644
417792801.98179656 0.42342515362346067
418467531.95754236 0.4228539639518373
419142261.93328816 0.4222836381953331
419816991.90903395 0.4217141750472903
420210584.39488566 0.42138238604940265
420604176.88073736 0.42105088987535094
421290152.3560789 0.4204738385387605
421964882.3318247 0.4199071126833575
422639612.3075705 0.4193412439916221
423314342.2833163 0.4187762311671077
423989072.2590621 0.4182120729153287
424663802.2348079 0.41764876794375727
425338532.2105537 0.41708631496182047
426024507.68589526 0.4165153598428795
426699237.66164106 0.4159546211223143
427250267.1418335 0.41549731369008536
427801296.62202585 0.41504057120011223
428487272.0973674 0.4144727617650005
429162002.0731132 0.41391511244089807
429836732.048859 0.4133583065523526
430511462.0246048 0.4128023428236811
431186192.0003506 0.41224721998113006
431624766.4845854 0.4118868404561256
432074586.4684159 0.41151758856235776
432749316.4441617 0.4109644088897835
433424046.4199075 0.4104120658924886
434098776.3956533 0.4098605583050149
434784751.87099487 0.4093007140330164
435459481.84674066 0.4087508873471965
436134211.82248646 0.40820189226531645
436808941.79823226 0.40765372752958834
439260460.71010864 0.4056690317008321
439935190.68585443 0.40512469787559785
440621166.161196 0.40457213580567186
441295896.1369418 0.4040294610176731
441970626.1126876 0.4034876070164813
442645356.0884334 0.4029465725606694
443331331.56377494 0.4023973597340057
444006061.53952074 0.4018579742595073
444680791.51526654 0.40131940459678106
445355521.49101233 0.4007816495119246
446030251.46675813 0.4002447077729015
446704981.4425039 0.3997085781495392
447379711.4182497 0.39917325941352544
448054441.3939955 0.3986387503384059
448740416.8693371 0.3980961615312198
449415146.8450829 0.3975632815491531
450089876.8208286 0.3970312075394039
450573433.3034465 0.3966503829382137
451045744.2864685 0.3962788133173082
451731719.76181006 0.395739853320212
452406449.73755586 0.39521053721603805
453081179.71330166 0.3946820216938721
453755909.68904746 0.3941543055428467
454430639.66479325 0.39362738755392546
455105369.64053905 0.39310126651990085
455780099.61628485 0.392575941235391
456466075.0916264 0.39204267504258483
457140805.0673722 0.39151895086048183
457815535.043118 0.390996018802693
458490265.0188638 0.39047387767114267
459164994.9946096 0.38995252626956733
459839724.9703554 0.389431963403513
460514454.9461012 0.38891218788033194
461189184.921847 0.3883931985091807
461875160.39718854 0.387866364004497
462549890.37293434 0.38734895642495637
463224620.34868014 0.3868323314159679
463899350.32442594 0.38631648779390604
464574080.30017173 0.3858014243769353
465248810.27591753 0.38528713998500785
467958975.6784965 0.38322925601513513
468633705.6542423 0.38271886198602545
469308435.6299881 0.38220923991958333
469983165.6057339 0.3817003886482276
470657895.58147967 0.38119230700614265
471343871.0568212 0.3806765451136481
472018601.032567 0.38017001201825396
475797088.8967435 0.3773475518486569
476190681.3825952 0.37705491907545174
476865411.358341 0.3765538636305129
477540141.3340868 0.37605356602378026
478226116.80942833 0.3755457058314653
478900846.78517413 0.37504693304699555
479575576.7609199 0.374548914648244
480250306.7366657 0.37405164949421416
480925036.7124115 0.3735551364456351
481599766.6881573 0.3730593743649594
482274496.6639031 0.37256436211635974
482960472.1392447 0.3720618671765671
483635202.1149905 0.37156836364134943
484309932.09073627 0.3710756065221935
484984662.066482 0.37058359469015684
485659392.0422278 0.3700923270180042
486334122.0179736 0.36960180238020557
487008851.9937194 0.36911201965293317
487683581.9694652 0.3686229777140591
488369557.44480675 0.3681265433322283
489044287.42055255 0.36763899191023836
489719017.39629835 0.36715217790183263
490393747.37204415 0.3666661001916846
491068477.34778994 0.3661807576661549
491743207.32353574 0.3656961492132882
492417937.29928154 0.36521227372281134
493092667.27502733 0.36472913008613006
493778642.7503689 0.3642386831662501
494453372.7261147 0.3637570120694219
496871155.1392038 0.36203699864745487
497275993.12465125 0.3617499071172253
497950723.10039705 0.3612720002536118
498625453.07614285 0.36079481621633985
499300183.05188864 0.36031835391214595
500649643.00338024 0.359367590138204
501324372.97912604 0.3588932864901867
502010348.4544676 0.3584118131857711
502685078.4302134 0.35793895513481117
503359808.4059592 0.3574668122739432
504034538.381705 0.3569953835214535
504709268.3574508 0.3565246677972643
505383998.3331966 0.35605466402293157
506058728.3089424 0.3555853711216423
506744703.78428394 0.35510898430727056
507419433.76002973 0.35464112173112716
508094163.73577553 0.35417396678949875
508768893.7115213 0.35370751841209935
509443623.6872671 0.3532417755302615
510118353.6630129 0.3527767370769344
510793083.6387587 0.352312401986681
511467813.6145045 0.3518487691956757
512153789.0898461 0.3513781280507957
512828519.0655919 0.35091590833387415
513503249.04133767 0.35045438771673176
514177979.01708347 0.3499935651419913
514852708.99282926 0.34953343955387456
515527438.96857506 0.34907400989820025
516202168.94432086 0.34861527512238155
516888144.4196624 0.34814960603193446
517562874.3954082 0.3476922694018746
518237604.371154 0.34723562448600204
518912334.3468998 0.34677967023810996
519587064.3226456 0.346324405613574
520261794.2983914 0.34586982956934964
520936524.2741372 0.34541594106396994
521622499.74947876 0.3449551915010256
522297229.72522455 0.3445026863707892
522971959.7009703 0.34405086564717274
523646689.6767161 0.3435997282950221
524321419.6524619 0.34314927328074846
524996149.6282077 0.3426994995723267
525670879.6039535 0.34225040613929236
526289382.0817205 0.3418393338832567
526907884.55948746 0.34142883159155724
527582614.53523326 0.3409816600230869
528257344.51097906 0.34053516479430823
528932074.48672485 0.3400893448822683
529606804.46247065 0.3396441992655611
530281534.43821645 0.33919972692432565
530956264.41396224 0.3387559268402431
531642239.8893038 0.3383054181969204
532316969.8650496 0.33786297074017324
532991699.8407954 0.3374211924779734
533666429.8165412 0.33698008239817445
534341159.792287 0.3365396394901612
535015889.7680328 0.33609986274484677
535690619.7437786 0.33566075115467053
536365349.7195244 0.3352223037135959
537051325.194866 0.3347772286247603
537726055.1706117 0.33434011749706716
538400785.1463575 0.33390366749280753
539075515.1221033 0.33346787761204283
539750245.0978491 0.3330327468563465
540424975.0735949 0.3325982742288023
541110950.5489365 0.3321572340374671
541785680.5246823 0.33172408560874267
542460410.5004281 0.331291592309932
543135140.4761739 0.3308597531501615
543809870.4519197 0.33042856714005603
544484600.4276655 0.3299980332917372
545170575.903007 0.32956099141889666
545845305.8787528 0.3291317697646623
546520035.8544986 0.32870319730115716
547194765.8302444 0.3282752730464905
547599603.8156918 0.32801882922602255
548015687.3007351 0.32775550454417735
548690417.2764809 0.3273290136592975
549365147.2522267 0.3269031678349013
550051122.7275683 0.3264708848509653
550725852.7033141 0.32604633693234664
551400582.6790599 0.3256224311355058
552075312.6548057 0.3251991664892436
552750042.6305515 0.3247765420238299
553424772.6062973 0.3243545567710012
554099502.582043 0.3239332097639587
554785478.0573846 0.3235054936022791
555460208.0331304 0.32308543078937707
556134938.0088762 0.322666003314601
556809667.984622 0.3222472102170121
557484397.9603678 0.3218290505371247
558665175.4179229 0.321098792377896
559159977.4001365 0.32079335409598425
559845952.875478 0.32037046600336794
560520682.8512238 0.3199551448683636
561195412.8269696 0.3195404518997721
561870142.8027154 0.31912638614750166
562544872.7784612 0.31871294666289757
563219602.754207 0.3183001324987397
563905578.2295486 0.31788107816387634
564580308.2052944 0.3174695221871918
565255038.1810402 0.31705858868217757
565929768.156786 0.31664827670735496
566604498.1325318 0.3162385853226693
567279228.1082776 0.3158295135894878
567953958.0840234 0.3154210605705974
568628688.0597692 0.3150132253302024
569314663.5351107 0.3145992251813763
569989393.5108565 0.3141926329535341
570664123.4866023 0.3137866556897703
571338853.4623481 0.31338129245996127
572013583.4380939 0.3129765423353903
572688313.4138397 0.3125724043887455
573363043.3895855 0.3121688776941173
574037773.3653313 0.31176596132699663
574723748.8406729 0.31135695440598554
576073208.7921644 0.3105541852600914
576747938.7679102 0.3101537110887915
577422668.743656 0.3097538426281056
578097398.7194018 0.3093545789619061
578772128.6951476 0.30895591917545084
579446858.6708934 0.30855786235538113
580132834.146235 0.30815378843917635
580807564.1219808 0.30775694482868243
581482294.0977266 0.3073607014376365
582157024.0734724 0.3069650573582162
582831754.0492182 0.30657001168397224
583506484.024964 0.30617556350982605
584181214.0007098 0.30578171193206827
584855943.9764556 0.3053884560483561
585530673.9522014 0.30499579495771184
586216649.4275429 0.30459719833371335
586891379.4032887 0.30420573400737083
587566109.3790345 0.3038148617643938
588240839.3547803 0.30342458070926553
588915569.3305261 0.3030348899478238
589590299.3062719 0.3026457885872586
590265029.2820177 0.3022572757361105
590939759.2577635 0.3018693505042681
591502034.2375516 0.301546527712351
592053063.717744 0.30123055619095745
592727793.6934898 0.3008441838555608
593402523.6692356 0.30045839590197354
594077253.6449814 0.3000731914463274
594751983.6207272 0.29968856960609097
595437959.0960687 0.29929813375520253
596112689.0718145 0.2989146841769875
596787419.0475603 0.29853181455995775
597462149.0233061 0.298149524026931
598136878.9990519 0.2977678117020519
598811608.9747977 0.29738667671078983
599486338.9505435 0.2970061181799366
600161068.9262893 0.29662613523760506
600847044.4016309 0.2962404084070061
601521774.3773767 0.29586158358811687
602196504.3531225 0.29548333173553726
602871234.3288683 0.2951056519826647
603545964.3046141 0.2947285434642075
604220694.2803599 0.2943520053161825
604895424.2561057 0.29397603667591354
605570154.2318515 0.2936006366820289
606256129.707193 0.2932195620765197
606930859.6829388 0.29284530623802296
607605589.6586846 0.29247161645532493
608280319.6344304 0.29209849187227516
608955049.6101762 0.29172593163401805
609629779.585922 0.2913539348869911
610304509.5616678 0.2909825007789225
610990485.0370094 0.2906054520082466
611665215.0127552 0.2902351499682143
612339944.988501 0.28986540800392285
613014674.9642467 0.28949622526826646
613689404.9399925 0.2891276009154207
614375380.4153341 0.28875340437271435
615050110.3910799 0.28838590352424437
615724840.3668257 0.2880189585147571
616399570.3425715 0.2876525685035549
617074300.3183173 0.28728673265121163
617749030.2940631 0.28692145011957054
618423760.2698089 0.28655672007174293
619098490.2455547 0.2861925416721057
619773220.2213005 0.28582891408629973
620459195.696642 0.2854597898426296
621133925.6723878 0.2850972705318956
621808655.6481336 0.28473529952564697
622483385.6238794 0.28437387599458175
623158115.5996252 0.2840129991106524
623832845.575371 0.2836526680470638
624518821.0507126 0.2832868901564121
625193551.0264584 0.2829276573206513
625868281.0022042 0.2825689678186343
626543010.97795 0.2822108208285772
627217740.9536958 0.28185321552993936
627892470.9294416 0.281496151103421
628567200.9051874 0.2811396267309616
629241930.8809332 0.28078364159573777
629927906.3562747 0.2804222753272571
630602636.3320205 0.2800673751742039
631277366.3077663 0.27971301180178004
631952096.2835121 0.27935918439811336
632626826.2592578 0.27900589215255955
633312801.7345994 0.27864725947993574
633987531.7103451 0.27829504400907856
634662261.686091 0.27794336125831126
635336991.6618367 0.27759221042190313
636011721.6375825 0.27724159069534193
636697697.1129241 0.27688567093997096
637372427.0886699 0.276536119842719
638047157.0644157 0.2761870974357338
638721887.0401615 0.2758386029193796
639396617.0159073 0.27549063549523023
640071346.9916531 0.27514319436606693
640746076.9673989 0.2747962787358769
641420806.9431447 0.27444988780985125
642095536.9188905 0.2741040207943831
642781512.394232 0.2737529255929095
644130972.3457236 0.2730638213734418
644805702.3214694 0.2727200507605742
645480432.2972152 0.2723768000950817
646155162.272961 0.2720340685905522
646829892.2487068 0.2716918554617628
647504622.2244526 0.2713501599246785
648190597.6997942 0.27100329925837874
648865327.67554 0.2706626451511781
649540057.6512858 0.27032250627768684
650214787.6270316 0.2699828818586222
650889517.6027774 0.2696437711158798
651564247.5785232 0.2693051732725325
652924953.0296105 0.268623891270533
653599683.0053563 0.26828683597859704
654274412.9811021 0.26795029047721913
654949142.9568479 0.26761425399534905
655623872.9325937 0.26727872576310285
656298602.9083395 0.26694370501176096
656973332.8840853 0.2666091909737665
657648062.8598311 0.2662751828827235
658334038.3351727 0.2659361258672316
659008768.3109185 0.26560313577603223
659683498.2866642 0.2652706493268389
660358228.26241 0.2649386657579009
661032958.2381558 0.2646071843086198
661707688.2139016 0.2642762042195475
662382418.1896474 0.2639457247323846
663057148.1653932 0.26361574508997854
664417853.6164806 0.26295180349725644
665092583.5922264 0.2626233271442727
666442043.543718 0.26196786413202444
667116773.5194638 0.26164087597104646
667802748.9948053 0.2613089450000988
668477478.9705511 0.2609829534434008
669152208.9462969 0.2606574549435355
669826938.9220427 0.26033244875476225
670501668.8977885 0.2600079341324683
671176398.8735343 0.2596839103331671
671851128.8492801 0.2593603766144966
672525858.8250259 0.2590373322352176
673200588.8007717 0.25871477645521185
673886564.2761133 0.2583873448658752
674561294.2518591 0.25806577218099924
675236024.2276049 0.2577446858694819
675910754.2033507 0.2574240851956913
676585484.1790965 0.25710396942510794
677260214.1548423 0.2567843378243234
677934944.130588 0.2564651896610385
678609674.1063339 0.2561465242040616
679295649.5816754 0.25582304174455084
679970379.5574212 0.2555053475256547
680645109.533167 0.2551881338139986
681319839.5089128 0.2548713998828228
681994569.4846586 0.2545551450064671
682669299.4604044 0.2542393684603684
683344029.4361502 0.2539240695210599
684018759.411896 0.25360924746616875
684704734.8872375 0.25328966650627566
685379464.8629833 0.2529758039754234
686054194.8387291 0.2526624161564434
686728924.8144749 0.25234950233134135
687403654.7902207 0.25203706178320906
688078384.7659665 0.25172509379622243
689439090.2170539 0.2510973928851533
690113820.1927997 0.2507868461317838
690788550.1685454 0.2504767690752253
691463280.1442912 0.2501671610050688
692138010.120037 0.24985802121197975
692812740.0957828 0.24954934898769643
693487470.0715286 0.24924114362502833
694173445.5468701 0.24892827937642448
694848175.5226159 0.2486210133712325
695522905.4983617 0.2483142121007716
696197635.4741075 0.24800787486213785
696872365.4498533 0.24770200095349032
697547095.4255991 0.2473965896740498
698221825.4013449 0.2470916403240968
699582530.8524323 0.24647806139040557
700257260.828178 0.24617450129922339
700931990.8039238 0.24587140033763563
702281450.7554154 0.24526657302658889
702956180.7311612 0.24496484529142662
703630910.706907 0.24466357391444923
704305640.6826528 0.24436275820542216
704991616.1579944 0.24405739531374424
705666346.1337402 0.24375749643977435
707690536.0609776 0.24286051862706576
708365266.0367234 0.24256243000918432
709051241.5120649 0.2422598354318343
709725971.4878107 0.24196265533729583
710400701.4635565 0.2416659247227074
710794293.9494083 0.24149303916614717
711356568.9291965 0.24124632444915547
712031298.9049423 0.2409506772731192
713234567.3616889 0.2404245491386089
713909297.3374346 0.24013014488405665
714584027.3131804 0.23983618591104025
715258757.2889262 0.23954267154607836
715944732.7642678 0.23924472036684769
716619462.7400136 0.23895210058367677
717294192.7157594 0.2386599233830568
717968922.6915052 0.23836818809558863
719318382.6429968 0.23778604058757208
720004358.1183383 0.23749079053060973
720679088.0940841 0.2372008235371134
721353818.06983 0.23691129511386538
722028548.0455757 0.2366222045975352
722703278.0213215 0.23633355132579548
723378007.9970673 0.23604533463732058
724052737.9728131 0.2357575538717853
724727467.9485589 0.235470208369863
725402197.9243047 0.23518329747322433
728787093.3026295 0.23375049695279554
729461823.2783753 0.23346618709101147
730136553.2541211 0.23318230724315314
730811283.2298669 0.2328988567588313
731497258.7052084 0.23261112158760425
732171988.6809542 0.23232853501206124
732846718.6567 0.23204637584400065
733521448.6324458 0.23176464343697545
734196178.6081916 0.23148333714551628
734870908.5839374 0.2312024563251301
735545638.5596832 0.2309220003322985
736231614.0350248 0.23063730491781398
736906344.0107706 0.23035770370705586
737581073.9865164 0.230078525388463
738255803.9622622 0.22979976932241758
738930533.938008 0.22952143487026938
739605263.9137537 0.229243521394334
740279993.8894995 0.22896602825789147
740954723.8652453 0.22868895482518503
741629453.8409911 0.22841230046141933
742315429.3163327 0.2281314641420844
742990159.2920785 0.22785565297366744
743664889.2678243 0.22758025896503636
744339619.2435701 0.2273052814852436
745014349.2193159 0.22703071990429582
745689079.1950617 0.22675657359315257
746375054.6704032 0.22647828323859814
747049784.646149 0.2262049724786819
747724514.6218948 0.2259320750967231
748399244.5976406 0.22565959046749412
749073974.5733864 0.22538751796671289
749748704.5491322 0.2251158569710417
750423434.524878 0.2248446068580854
751098164.5006238 0.22457376700639053
751784139.9759654 0.22429883309229837
752458869.9517112 0.2240288187142994
753133599.927457 0.22375921272853208
753808329.9032028 0.2234900145173096
754483059.8789486 0.2232212234638795
755157789.8546944 0.2229528389524219
755832519.8304402 0.2226848603680486
756518495.3057817 0.22241283097269063
757193225.2815275 0.22214566914135253
757867955.2572733 0.2218789113878143
758542685.2330191 0.22161255710091451
759217415.2087648 0.2213466056704164
759892145.1845106 0.2210810564870058
760566875.1602564 0.22081590894229042
763951770.5385811 0.21949179213600933
764637746.0139227 0.21922467263202694
765312475.9896685 0.21896233283680946
765987205.9654143 0.2187003898261381
766661935.9411601 0.2184388429998825
767336665.9169059 0.21817769175882
772599559.7277231 0.21615422165608458
773274289.7034689 0.2158965258665137
773949019.6792147 0.21563921983750362
774623749.6549605 0.21538230297954752
775309725.1303021 0.21512150252158008
775984455.1060479 0.21486536870238135
776659185.0817937 0.2146096222812878
777333915.0575395 0.21435426267236588
778008645.0332853 0.21409928929056823
778694620.5086268 0.21384046168668164
779369350.4843726 0.21358626542025358
780044080.4601184 0.21333245362141268
780718810.4358642 0.21307902570865767
781393540.41161 0.21282598110136697
782068270.3873558 0.21257331921979705
782743000.3631016 0.21232103948508133
783428975.8384432 0.2120649462459127
784103705.814189 0.2118134354167842
784778435.7899348 0.21156230499356118
785453165.7656806 0.21131155440088573
786127895.7414263 0.21106118306427016
786802625.7171721 0.21081119041009555
787477355.692918 0.21056157586561075
788163331.1682595 0.2103081881041504
788838061.1440053 0.21005933434220214
789512791.1197511 0.20981085696738716
790187521.0954969 0.2095627554104258
790862251.0712427 0.20931502910289945
791536981.0469885 0.20906767747724936
792211711.0227343 0.208820699966775
792886440.9984801 0.20857409600563304
793572416.4738216 0.208323764336015
794247146.4495674 0.20807791198165893
794921876.4253132 0.20783243147485445
795596606.401059 0.20758732225318788
796271336.3768048 0.2073425837550964
796946066.3525506 0.2070982154198664
797620796.3282964 0.20685421668763238
798306771.803638 0.2066065296280138
798981501.7793838 0.20636327456226702
799656231.7551296 0.20612038741571367
800330961.7308754 0.20587786763188176
801005691.7066212 0.20563571465514097
801680421.682367 0.20539392793070135
802355151.6581128 0.205152506904612
803029881.6338586 0.20491145102376002
803715857.1092001 0.2046667513001749
804390587.0849459 0.20442643011649514
805065317.0606916 0.2041864724145584
805740047.0364374 0.2039468776446042
806414777.0121832 0.20370764525770368
807089506.987929 0.20346877470575825
807764236.9636748 0.20323026544149814
808438966.9394206 0.20299211691848146
809113696.9151664 0.20275432859109277
809799672.3905079 0.20251294581387533
810474402.3662537 0.20227588222470655
811149132.3419995 0.2020391771902204
811823862.3177453 0.20180283016810857
812498592.2934911 0.20156684061688296
813173322.2692369 0.20133120799587448
813848052.2449827 0.20109593176523188
814534027.7203243 0.20085709905805021
815208757.6960701 0.20062253990918
815883487.6718159 0.20038833552706586
816558217.6475617 0.20015448537512875
817232947.6233075 0.19992098891760104
817907677.5990533 0.19968784561952557
818582407.5747991 0.1994550549467542
819268383.0501406 0.19921874536956724
819943113.0258864 0.19898666420300676
820617843.0016322 0.19875493405529315
822642032.9288696 0.19806184442014285
823328008.4042112 0.19782767714346458
824002738.379957 0.19759769994410897
824677468.3557028 0.197368070581383
825352198.3314486 0.19713878852918928
826026928.3071944 0.19690985326222613
826701658.2829401 0.19668126425598625
827387633.7582817 0.19644921985845012
828062363.7340275 0.19622132755244964
828737093.7097733 0.19599377992971048
829411823.6855191 0.19576657646890466
830086553.6612649 0.19553971664949255
830761283.6370107 0.19531319995172208
831436013.6127565 0.19508702585662707
832121989.088098 0.1948574328744512
832796719.0638438 0.19463194811935342
833471449.0395896 0.19440680440613414
834146179.0153354 0.19418200121897286
834820908.9910812 0.19395753804282934
835495638.966827 0.19373341436344213
836181614.4421686 0.19350590279141322
837531074.3936602 0.1930593595640993
838205804.369406 0.19283659436446166
838880534.3451518 0.1926141660934177
839555264.3208976 0.19239207424136817
840229994.2966434 0.19217031829948475
840915969.7719849 0.19194521025608996
841590699.7477307 0.19172413018841739
842265429.7234765 0.19150338450060292
842940159.6992223 0.1912829726869023
843614889.6749681 0.19106289424233622
844289619.6507139 0.19084314866268906
844964349.6264597 0.19062373544450795
845639079.6022055 0.19040465408510135
846325055.0775471 0.19018226105363556
846999785.0532929 0.18996384741676312
847674515.0290387 0.18974576412681426
848349245.0047845 0.18952801068414438
849023974.9805303 0.18931058658986477
849698704.956276 0.18909349134584105
850373434.9320219 0.1888767244546925
851048164.9077677 0.18866028541979052
851734140.3831092 0.18844057465466438
852408870.358855 0.18822479528893676
853083600.3346008 0.18800934228583913
853758330.3103466 0.18779421515175307
854433060.2860924 0.18757941339380685
855107790.2618382 0.18736493651987418
855782520.237584 0.18715078403857313
856468495.7129256 0.18693339439098838
857143225.6886714 0.18671989460983168
858492685.640163 0.1862938633034973
859167415.6159087 0.18608133080225125
859842145.5916545 0.18586911975280374
860516875.5674003 0.18565722966896395
861191605.5431461 0.18544566006527652
861877581.0184877 0.18523089233853093
862552310.9942334 0.18501996756281225
863901770.945725 0.18459907458927885
865251230.8972166 0.18417945383984588
865925960.8729624 0.18397011934698526
866611936.3483039 0.18375762051738903
867286666.3240497 0.183548924040256
867961396.2997955 0.18334054321299542
868636126.2755413 0.1831324775581919
869310856.2512871 0.1829247265991521
869985586.2270329 0.18271728985990346
870660316.2027787 0.1825101668651937
871335046.1785245 0.18230335714048898
872021021.653866 0.18209342124388167
872695751.6296118 0.18188724183983673
873370481.6053576 0.18168137427863087
874719941.5568492 0.18127057279882036
875394671.532595 0.18106563793903996
876069401.5083408 0.18086101303974503
876744131.4840866 0.18065669763212527
877430106.9594282 0.1804492937571321
878104836.935174 0.18024560106791399
878779566.9109198 0.18004221646041793
880129026.8624114 0.17963636962742188
880803756.8381572 0.17943390647209767
881489732.3134987 0.17922838284836665
882164462.2892445 0.17902653676609118
882839192.2649903 0.17882499597257387
883513922.2407361 0.1786237600060704
884188652.2164819 0.17842282840553453
884863382.1922277 0.17822220071061762
885538112.1679735 0.17802187646166717
886224087.6433151 0.17781852407638937
887573547.5948067 0.17741939875008972
888248277.5705525 0.17722028872540735
888923007.5462983 0.17702147985123917
889597737.5220441 0.17682297167209976
890272467.4977899 0.17662476373319264
891633172.9488772 0.17622595581342648
892307902.924623 0.1760286508508117
892982632.9003688 0.1758316443085831
893657362.8761146 0.1756349357353846
894332092.8518604 0.17543852468054272
895006822.8276062 0.17524241069406563
895681552.803352 0.1750465933266421
896367528.2786936 0.17484781594969329
897042258.2544394 0.17465259540007705
898391718.205931 0.17426303965749002
899066448.1816767 0.17406870357201895
899741178.1574225 0.17387466141655425
900415908.1331683 0.17368091274653133
901101883.6085099 0.17348423533777146
901776613.5842557 0.17329107718051479
902451343.5600015 0.17309821117166654
903800803.5114931 0.1727133538323842
905161508.9625804 0.17232646722022887
905836238.9383262 0.17213506016743774
907185698.8898178 0.17175311412366295
907860428.8655636 0.17156257425761354
908546404.3409052 0.1713691541576641
909221134.316651 0.1711791950244872
909895864.2923968 0.1709895232012452
910570594.2681426 0.17080013825338633
911245324.2438884 0.17061103974701616
911920054.2196342 0.17042222724889639
912594784.19538 0.17023370032644405
913280759.6707215 0.17004232359809596
913955489.6464673 0.16985437127340328
914630219.6222131 0.1696667032233793
915304949.5979589 0.16947931901806304
915979679.5737047 0.16929221822814386
916654409.5494505 0.16910540042496042
918003869.5009421 0.16873261206739626
918689844.9762837 0.16854354351969303
919364574.9520295 0.16835785807416148
920039304.9277753 0.16817245347467963
920714034.903521 0.16798732929647223
921388764.8792667 0.16780248511540646
922063494.8550125 0.16761792050799107
922738224.8307583 0.1674336350513754
923412954.8065041 0.1672496283233482
924098930.2818457 0.1670628401174673
924773660.2575915 0.1668793942104089
925279707.7394009 0.16674199188540206
925785755.2212102 0.16660474545387338
926460485.196956 0.1664219924071233
927146460.6722976 0.16623647683338302
927821190.6480434 0.16605428078659254
928495920.6237892 0.16587236030819105
929170650.599535 0.16569071498138577
929845380.5752808 0.1655093443900142
930520110.5510266 0.16532824811854333
931194840.5267724 0.16514742575206864
931869570.5025182 0.16496687687631317
932555545.9778597 0.16478359879219812
933230275.9536055 0.1646036001984605
933905005.9293513 0.16442387384949875
934579735.9050971 0.164244419333547
935254465.8808429 0.164065236239462
935929195.8565887 0.1638863241567226
936603925.8323345 0.16370768267542832
937278655.8080803 0.16352931138629873
938639361.2591677 0.16317041616155759
939314091.2349135 0.16299285747877745
939988821.2106593 0.16281556735044633
940663551.1864051 0.16263854537037986
941338281.1621509 0.162461791133008
942013011.1378967 0.1622853042333741
942698986.6132382 0.1621061495269156
943373716.588984 0.16193020052908091
944048446.5647298 0.1617545176510721
944723176.5404756 0.16157910049038715
945397906.5162214 0.16140394864513283
946072636.4919672 0.1612290617140236
946758611.9673088 0.16105153116149118
947433341.9430546 0.16087717725574674
948108071.9188004 0.16070308705727654
948782801.8945462 0.16052926016722743
949457531.8702918 0.16035569618734968
950132261.8460376 0.16018239471999565
950806991.8217834 0.16000935536811936
951481721.7975292 0.15983657773527526
952167697.2728708 0.1596611883655261
952842427.2486166 0.15948893732926114
953517157.2243624 0.15931694681971348
954866617.175854 0.15897374580519563
955541347.1515998 0.15880253451392742
956216077.1273456 0.15863158217677853
956902052.6026871 0.15845804569421063
957576782.5784329 0.1582876143904472
958251512.5541787 0.1581174408610843
958926242.5299245 0.1579475247162422
959600972.5056703 0.1577778655666309
960275702.4814161 0.15760846302354908
960950432.4571619 0.15743931669888345
961625162.4329077 0.15727042620510767
962299892.4086535 0.1571017911552816
962985867.883995 0.15693060698855313
963660597.8597409 0.15676248590941128
964335327.8354867 0.1565946191104916
965010057.8112324 0.1564270062071993
965684787.7869782 0.15625964681552115
966359517.762724 0.15609254055202487
967034247.7384698 0.15592568703385812
967720223.2138114 0.15575631132873022
968394953.1895572 0.15558996635143943
969744413.1410488 0.1552580307980143
970419143.1167946 0.15509243946139192
971093873.0925404 0.15492709857879597
971779848.567882 0.15475925837450033
973129308.5193735 0.15442983378357544
973815283.9947151 0.15426275820909052
974490013.9704609 0.15409867220500184
975164743.9462067 0.15393483437814787
975839473.9219525 0.15377124435316444
976514203.8976983 0.15360790175525513
977188933.8734441 0.15344480621019035
977863663.8491899 0.15328195734430666
978549639.3245314 0.15311664682647969
979899099.276023 0.15279218732083694
980573829.2517688 0.15263032552969175
981248559.2275146 0.15246870855169425
981923289.2032604 0.15230733601656835
983272749.154752 0.1519853227966267
984633454.6058394 0.15166161166763695
985308184.5815852 0.15150145985252145
985982914.557331 0.15134155026424181
986657644.5330768 0.15118188253643372
987332374.5088226 0.1510224563032871
988007104.4845684 0.15086327119954498
988693079.9599099 0.15070167982592303
989367809.9356557 0.1505429798910221
990042539.9114015 0.1503845199870111
990717269.8871473 0.15022629975084706
991391999.8628931 0.1500683188200361
992066729.8386389 0.1499105768326327
992752705.3139805 0.149750450389746
993427435.2897263 0.1495931891728084
994102165.265472 0.14943616581072242
994776895.2412179 0.14927937994373633
995451625.2169636 0.1491228312126426
996137600.6923052 0.14896391606353476
996812330.668051 0.14880784446606268
997487060.6437968 0.14865200892416155
998161790.6195426 0.148496409080801
998836520.5952884 0.14834104457949074
999511250.5710342 0.14818591506427958
1000197226.0463758 0.1480284405841675
1000871956.0221215 0.14787378387704717
1001546685.9978673 0.14771936108549844
1002221415.9736131 0.1475651718557276
1002896145.9493589 0.14741121583447625
1003570875.9251047 0.1472574926690201
1004245605.9008505 0.14710400200716847
1005606311.3519379 0.14679516830489764
1006281041.3276837 0.1466423769005744
1006955771.3034295 0.1464898165905817
1007630501.2791753 0.14633748702539287
1008979961.2306668 0.14603351873396342
1009665936.7060083 0.14587935393168378
1010340666.6817541 0.14572794768059896
1011015396.6574999 0.14557677042882217
1011408989.1433517 0.1454886893140153
1012297383.6114169 0.14529016330348138
1013298233.0754399 0.1450669808508134
1013804280.5572493 0.14495432637966668
1014479010.5329951 0.14480431921657755
1015142495.009145 0.14465703341737376
1015817224.9848908 0.14450747590468788
1016491954.9606366 0.1443581445951223
1017166684.9363824 0.1442090391465484
1018516144.887874 0.1439115044664474
1019202120.3632156 0.1437606026242981
1019876850.3389614 0.14361240094749098
1020551580.3147072 0.14346442342312377
1021226310.290453 0.14331666971216944
1021721112.2726666 0.14320845904062043
1022879398.7310302 0.14295561689080594
1023554128.706776 0.14280863274081376
1024240104.1821176 0.14265942675267274
1024914834.1578634 0.14251289058507094
1025589564.1336092 0.1423665760508526
1026264294.109355 0.14222048281480068
1026939024.0851008 0.14207461054220524
1027613754.0608466 0.14192895889886253
1028288484.0365924 0.14178352755107426
1028974459.5119339 0.14163589783756428
1029649189.4876797 0.14149090973948697
1030998649.4391713 0.14120159108751473
1031673379.4149171 0.14105725987077022
1032348109.3906629 0.14091314695245574
1033022839.3664087 0.14076925200239834
1033708814.8417503 0.1406231819110736
1035058274.7932419 0.14033648612027577
1035733004.7689877 0.14019346335959187
1037082464.7204792 0.13990806646927692
1037757194.696225 0.1397656916857813
1038431924.6719708 0.1396235322416412
1039792630.1230582 0.13933749772380186
1040456114.5992081 0.13919834269084272
1041805574.5506997 0.13891595372909132
1042480304.5264455 0.1387750794986548
1043155034.5021913 0.13863441833801096
1043829764.4779371 0.1384939699248951
1044504494.4536829 0.13835373393752992
1045190469.9290245 0.13821137811841147
1045865199.9047703 0.13807156954617422
1047214659.8562618 0.1377925864558772
1047889389.8320076 0.13765341129864733
1048575365.3073492 0.13751213234535634
1049250095.283095 0.13737338137002292
1050599555.2345866 0.13709650867715692
1051949015.1860782 0.13682047288104146
1052623745.161824 0.13668276802844376
1053298475.1375698 0.13654527145200468
1053984450.6129113 0.13640569645322256
1054659180.5886571 0.1362686189426486
1055333910.5644029 0.13613174875938833
1056008640.5401487 0.13599508558986245
1056683370.5158945 0.13585862912096597
1057358100.4916403 0.1357223790400674
1058044075.9669819 0.13558406937906842
1058718805.9427277 0.1354482345649266
1060068265.8942193 0.13517718096917128
1060742995.8699651 0.1350419615665547
1061417725.8457109 0.13490694668089284
1062092455.8214567 0.13477213600285698
1062767185.7972025 0.13463752922358627
1063453161.272544 0.13450088770464724
1064127891.2482898 0.13436669118362687
1065477351.1997814 0.13409890674418465
1066152081.1755272 0.13396531821224955
1066838056.6508688 0.13382971033264932
1067512786.6266146 0.1336965289555183
1068187516.6023604 0.13356354901286055
1068862246.5781062 0.13343077020000954
1069536976.553852 0.13329819221275963
1070211706.5295978 0.13316581474736525
1070886436.5053436 0.13303363750054026
1071561166.4810894 0.13290166016945723
1072247141.9564309 0.13276768784590035
