1.0 1.0197474927016419
2192873.421173835 1.014107633714664
8816472.683078395 0.997418239881245
11245500.595763259 0.9914229153281284
18690021.328158535 0.9734427607640419
19364751.303904332 0.971841478141693
20039481.279650126 0.9702447651522007
21388941.231141716 0.9670649236311691
23424376.657974865 0.9623024624106208
25133692.59653088 0.9583339199597284
29193317.950601418 0.9490187183656172
30554023.401688773 0.945930319705126
34759840.25050423 0.9364885957967681
35434570.22625003 0.9349882542223866
40168925.55606636 0.9245693176820842
41450912.50998337 0.9217800364914508
46106549.34262936 0.9117615618472025
47456009.29412095 0.908889499323291
48130739.26986674 0.9074587294608905
50840904.67244569 0.9017466581832094
52190364.62393728 0.8989230040820834
54889284.52692046 0.8933158575002299
55575260.00226202 0.8918991285852901
56924719.95375361 0.889121950315423
58274179.90524521 0.8863576831362688
58948909.880991 0.8849803461058582
59623639.856736794 0.8836061830695724
60298369.83248259 0.882235176453552
61659075.28356995 0.8794798436018388
63008535.235061534 0.8767597519951967
64357995.18655313 0.8740519434561296
65460054.14693793 0.8718495859829103
68170219.54951687 0.8664676084930475
70869139.45250006 0.8611552271458272
71262731.93835177 0.8603843867374057
71667569.92379925 0.8595925439595928
72342299.89954504 0.8582750996608655
73691759.85103664 0.8556487594691862
74366489.82678242 0.8543398345340747
75715949.77827401 0.8517304033792996
77076655.22936137 0.8491104971832674
77515229.71359614 0.848268457507834
78639779.67317246 0.8461146735299596
79989239.62466405 0.8435401126837345
81338699.57615565 0.8409763384134554
81732292.06200737 0.8402305876517184
82137130.04745483 0.8394644750263465
82733141.52603029 0.8383383257096844
83329153.00460574 0.8372142393622639
84015128.4799473 0.8359230218070707
85364588.4314389 0.8333908128114904
86039318.40718469 0.8321286071735021
86714048.38293049 0.8308689844314847
88074753.83401784 0.8283365526513478
89424213.78550942 0.8258352795175905
90098943.76125522 0.8245884335533966
91335948.71678919 0.822309064135093
94597143.59956053 0.8163397632820969
95271873.57530633 0.8151118841193045
95946603.55105212 0.8138864310328368
96621333.52679792 0.8126633932904018
97296063.5025437 0.8114427602535406
97970793.4782895 0.810224521376645
99331498.92937686 0.8077749797304989
100680958.88086845 0.8053551735309751
101355688.85661425 0.8041487894136455
102030418.83236004 0.8029447379127584
102705148.80810584 0.8017430091074712
103391124.2834474 0.8005236224359522
104009626.76121438 0.799426216390585
104639374.73857711 0.7983108380197642
105314104.71432291 0.79711799851875
105988834.6900687 0.795927434634071
106674810.16541027 0.7947193511176213
107349540.14115606 0.79353334778297
108024270.11690186 0.7923495918527415
108541563.09830697 0.791443561887414
109070101.57930784 0.7905191901203267
109744831.55505364 0.7893411236428198
110419561.53079943 0.7881652722844147
111094291.50654523 0.7869916271244604
112454996.95763259 0.7846314509299145
113129726.93337838 0.7834644078449372
113804456.90912417 0.7822995358742243
114479186.88486996 0.7811368264652684
115153916.86061576 0.7799762711366696
115828646.83636156 0.7788178614773984
116503376.81210735 0.7776615891460653
117189352.28744891 0.7764882281399463
117864082.26319471 0.7753362409936785
118538812.2389405 0.7741863664267978
119888272.1904321 0.7718929228218426
120529265.6673906 0.770806467610804
121170259.14434911 0.7697218905829188
121844989.1200949 0.7685822522523877
122530964.59543645 0.7674257377563946
123992879.54288569 0.7649681222403538
124678855.01822725 0.7638182419042188
125353584.99397303 0.7626892630956549
126028314.96971883 0.7615623108933187
126703044.94546463 0.7604373779248998
127377774.92121042 0.7593144568769908
128052504.89695622 0.7581935404944817
128727234.87270202 0.7570746215799586
129401964.84844781 0.7559576929931104
130762670.29953517 0.7537112457408986
131437400.27528097 0.7526002786194336
132112130.25102676 0.7514912737089428
132786860.22677255 0.750384224146844
133461590.20251834 0.7492791231242183
134822295.6536057 0.7470564023472291
136171755.6050973 0.744859796777402
136846485.5808431 0.7437643700245026
137240078.0666948 0.7431262529365082
137633670.55254653 0.7424887840452715
138319646.0278881 0.7413793123550946
138994376.00363386 0.7402899392112313
139669105.97937965 0.739202454388316
140343835.95512545 0.7381168515943618
141018565.93087125 0.7370331245852063
141693295.90661705 0.7359512671640238
142379271.3819586 0.734853289033758
143054001.3577044 0.7337751832891073
144403461.309196 0.7316245193167246
145078191.2849418 0.7305519491109582
145752921.2606876 0.7294812121812737
147102381.21217918 0.7273452146818956
147788356.68752074 0.7262622033009009
148463086.66326654 0.7251987712483823
149137816.63901234 0.7241371434190662
150487276.59050393 0.7220192778170729
151847982.0415913 0.7198910022927271
152522712.01733708 0.7188383410067581
153197441.99308288 0.717787450484939
156289954.38191777 0.7129933748763725
156964684.35766357 0.7119522725846471
157639414.33340934 0.7109129060773746
158988874.28490093 0.7088393597685784
159663604.26064673 0.7078051697340536
160338334.23639253 0.7067726950172518
161013064.21213832 0.7057419305908438
161699039.68747988 0.7046957348964367
162115123.17252314 0.7040620137804364
162531206.65756637 0.7034289380782125
162924799.14341807 0.7028306756697149
163329637.12886557 0.7022159204651176
163981876.10541984 0.7012267595830374
164634115.0819741 0.7002391720615911
165185144.5621665 0.6994060537577892
165736174.0423589 0.6985740527093453
166410904.0181047 0.6975567937526994
167085633.9938505 0.696541201375361
167760363.9695963 0.6955272708849214
168435093.9453421 0.6945149976206537
169109823.9210879 0.693504376953199
169795799.39642945 0.6924786020092576
170470529.37217522 0.6914713001232564
171606324.83134732 0.6897793741883418
172078635.81436938 0.6890771629863424
172753365.79011518 0.6880753876557032
173439341.26545674 0.6870585805535272
174114071.24120253 0.6860600751497142
174788801.21694833 0.6850631845799202
175463531.19269413 0.6840679044953213
176138261.16843992 0.6830742305753716
176812991.14418572 0.6820821585275257
177487721.1199315 0.6810916840869616
178162451.0956773 0.6801028030163087
178848426.57101884 0.6790990696800472
179523156.54676464 0.6781133891265467
180197886.52251044 0.6771292893238142
180872616.49825624 0.6761467661420504
181547346.47400203 0.6751658154775815
182222076.44974783 0.6741864332526039
182896806.42549363 0.67320861541493
184257511.87658098 0.6712414249638237
184932241.85232678 0.6702683020668472
185606971.82807258 0.6692967275339627
186281701.80381837 0.6683266974377686
187631161.75530997 0.6663912549663589
188305891.73105577 0.6654258348561523
188980621.70680156 0.6644619437121922
189666597.18214312 0.66348355119227
190341327.15788892 0.6625227319011215
191016057.13363472 0.661563430155546
191465877.11746523 0.6609247368914039
191926942.60089153 0.6602707733839739
192601672.57663733 0.6593150231874123
193287648.0519789 0.65834488673985
193962378.02772468 0.6573921680764787
194637108.00347048 0.6564409471448379
195986567.95496207 0.6545429840064123
196661297.93070787 0.653596234617273
197336027.90645367 0.6526509685947504
198696733.357541 0.6507491798357591
199371463.3332868 0.6498083672761926
200046193.3090326 0.6488690239900072
200720923.2847784 0.6479311465187219
201395653.26052418 0.6469947314234914
202070383.23626998 0.6460597752849181
202745113.21201578 0.6451262747028682
203419843.18776157 0.6441942262962885
204105818.66310313 0.6432481289654052
204780548.63884893 0.6423189989049702
205455278.61459473 0.6413913109342713
206130008.59034052 0.6404650617470918
206804738.56608632 0.6395402480554087
207479468.54183212 0.6386168665892182
208154198.51757792 0.6376949140963682
208828928.4933237 0.6367743873423902
209514903.96866527 0.6358399767401395
210189633.94441107 0.634922315458764
210864363.92015687 0.6340060702644045
211539093.89590266 0.6330912379919635
212213823.87164843 0.6321778154932114
212888553.84739423 0.6312657996366279
213563283.82314003 0.6303551873072475
214035594.8061621 0.6297185921154307
214507905.78918415 0.6290826820752432
215193881.2645257 0.6281603164694242
215868611.2402715 0.6272544762439721
216543341.2160173 0.6263500259820663
217218071.1917631 0.6254469626557718
217892801.1675089 0.6245452832527462
218567531.1432547 0.6236449847760966
219242261.1190005 0.622746064244236
219928236.59434205 0.6218335712304773
220602966.57008785 0.6209374205461531
221952426.5215794 0.6191492233809393
222627156.4973252 0.6182571710716411
223301886.473071 0.6173664790831663
223976616.4488168 0.6164771445374464
224651346.4245626 0.61558916457063
225337321.89990416 0.6146877706316386
226012051.87564996 0.6138025137449074
226686781.85139576 0.6129186028826252
227361511.82714155 0.6120360352367558
228036241.80288735 0.6111548080128446
228710971.77863315 0.6102749184298957
229385701.75437894 0.6093963637202497
229790539.7398264 0.6088698704872535
230184132.22567815 0.6083584612690921
230858862.2014239 0.6074828114787016
231252454.68727565 0.6069726283655513
231646047.17312735 0.6064628959725792
232332022.6484689 0.6055755809414188
233006752.6242147 0.6047041433184953
234356212.5757063 0.6029652180722628
235705672.5271979 0.6012315417337017
237066377.97828525 0.5994887113307281
237741107.95403105 0.5986264625790425
238415837.92977685 0.5977655128863811
239090567.90552264 0.5969058596642203
239765297.88126844 0.5960475003356573
240440027.8570142 0.5951904323353089
241114757.83276 0.594334653109209
241800733.30810156 0.5934659294476087
242475463.28384736 0.5926127415269004
245860358.6621721 0.5883518662759126
246535088.6379179 0.587506348887673
247209818.6136637 0.5866620977039492
248469314.56838918 0.5850895415384839
249042835.04777312 0.5843749216834788
249717565.02351892 0.5835353552130869
250392294.99926472 0.582697043506212
251067024.9750105 0.5818599841662165
251753000.45035207 0.5810102552269842
252427730.42609787 0.5801757142438906
253102460.40184364 0.579342418457804
253777190.37758943 0.5785103655115734
254361956.35656914 0.5777902564627824
254946722.33554882 0.577071077639059
255632697.81089038 0.5762286091711097
256307427.78663617 0.5754011960442666
256982157.76238197 0.5745750146908379
257656887.73812777 0.5737500628079044
258331617.71387357 0.5729263381017129
259006347.68961936 0.5721038382875999
259681077.66536516 0.5712825610899158
260355807.64111096 0.5704625042419492
261716513.0921983 0.5688124258121381
262391243.0679441 0.567996036709113
263065973.0436899 0.5671808589397535
263740703.0194357 0.5663668902810864
264415432.9951815 0.5655541285186423
265090162.9709273 0.5647425714463854
265776138.44626886 0.5639187211322862
266450868.42201465 0.5631095868422392
267125598.39776042 0.5623016506379068
267800328.37350622 0.5614949103464419
268475058.34925205 0.560689363803092
269149788.32499784 0.5598850088511342
269835763.8003394 0.5590684673150074
270510493.7760852 0.5582665088777299
271185223.751831 0.5574657355737239
271859953.7275768 0.5566661452778718
272534683.7033226 0.5558677358727674
273220659.17866415 0.5550572280464964
274570119.1301557 0.5534663338923407
275244849.1059015 0.5526726465522176
275672178.0905405 0.5521705833825471
276099507.0751795 0.5516689891394362
276774237.0509253 0.5508779516926963
277448967.0266711 0.5500880799418787
277853805.0121186 0.5496147155699025
278247397.4979703 0.5491549014049547
278922127.4737161 0.5483675676223837
279596857.4494619 0.5475813930161252
280282832.92480344 0.546783301720586
280957562.90054923 0.5459994586090683
281632292.87629503 0.5452167685614835
282307022.8520408 0.5444352295655156
282981752.8277866 0.5436548396156758
283656482.8035324 0.5428755967132481
284342458.278874 0.5420845402586366
285017188.2546198 0.541307604516108
285691918.2303656 0.5405318098320476
286366648.2061114 0.5397571542344297
287041378.18185717 0.5389836357577465
287716108.15760297 0.5382112524429602
289065568.10909456 0.5366698834949797
289751543.5844361 0.5358880870404845
290426273.5601819 0.5351202436840692
291101003.5359277 0.5343535257576368
291775733.5116735 0.5335879313400594
292450463.4874193 0.5328234585163466
293125193.4631651 0.5320601053775993
293799923.4389109 0.5312978700209652
294485898.91425246 0.5305240746683221
295160628.88999826 0.5297640877419091
295835358.86574405 0.5290052128935234
296510088.84148985 0.5282474482441569
297184818.81723565 0.527490791920629
297859548.79298145 0.5267352420555443
298534278.76872724 0.5259807967872522
299220254.2440688 0.5252149078831325
299894984.2198146 0.5244626845787719
300569714.19556034 0.5237115602896032
301244444.17130613 0.5229615331766331
302942514.6102664 0.5210788078982692
303617244.5860122 0.5203326246638796
304291974.561758 0.5195875303680159
304966704.5375038 0.5188435232017617
305641434.5132496 0.5181006013615287
306316164.4889954 0.5173587630490186
306990894.4647412 0.5166180064711867
307665624.44048697 0.5158783298402054
308351599.9158285 0.5151274305232976
309026329.8915743 0.5143899263679697
309701059.8673201 0.5136534967974546
310375789.8430659 0.5129181400445186
311050519.8188117 0.5121838543469677
311725249.7945575 0.5114506379476124
312399979.7703033 0.5107184890942342
313085955.24564487 0.5099752303417269
313760685.22139066 0.5092452290629005
314435415.19713646 0.5085162900739678
315110145.17288226 0.5077884116423408
315784875.14862806 0.5070615920402357
316459605.12437385 0.5063358295446427
317820310.5754612 0.504875417031311
318495040.551207 0.5041528330827625
321868690.429936 0.5005556329160191
322554665.90527755 0.499827395315743
325253585.80826074 0.49697261696767553
325928315.78400654 0.49626151006694913
326614291.2593481 0.49553960907058675
327289021.2350939 0.49483058119014395
327952505.7112439 0.49413437331578836
328615990.1873939 0.4934391583185138
329065810.1712245 0.4929683900766064
329515630.155055 0.4924980769985876
330190360.1308008 0.4917934597565226
330865090.1065466 0.4910898639174412
331539820.0822924 0.4903872878572873
332214550.0580382 0.4896857299561139
332889280.033784 0.4889851885980566
333564010.00952977 0.48828566217130975
334238739.98527557 0.48758714906810086
334924715.4606171 0.4868780312240079
335599445.4363629 0.4861815567823731
336274175.4121087 0.48548609083835426
336948905.3878545 0.4847916318001365
337623635.3636003 0.48409817807981853
338298365.3393461 0.4834057280933884
338973095.3150919 0.48271428026070146
339647825.2908377 0.4820238330054567
340333800.76617926 0.48132290240585607
341008530.74192506 0.4806344682025255
341683260.71767086 0.479947029844523
342357990.69341666 0.47926058577076175
343032720.66916245 0.4785751344238875
343707450.64490825 0.4778906742502568
344382180.62065405 0.4772072036999159
345068156.0959956 0.47651335488110785
345742886.0717414 0.47583187537132887
346417616.04748714 0.4751513808312861
347092346.02323294 0.47447186972563454
347767075.99897873 0.47379334052261457
348441805.97472453 0.47311579169403234
349116535.9504703 0.4724392217152387
349791265.9262161 0.47176362906511066
350465995.9019619 0.4710890122260305
351151971.3773035 0.4704041505540167
351826701.3530493 0.4697314969984328
352501431.3287951 0.46905981469679625
353176161.3045409 0.46838910214537793
353850891.28028667 0.46771935784385943
354525621.25603247 0.4670505802953139
355200351.23177826 0.46638276800618805
355886326.7071198 0.46570481350108006
356561056.6828656 0.4650389432889988
357247032.1582072 0.46436296015853146
357921762.133953 0.4636990259902217
358596492.1096988 0.46303604961436273
359271222.08544457 0.4623740295573752
359945952.06119037 0.46171296434892933
360620682.03693616 0.4610528525219271
361306657.5122777 0.46038271467052955
361981387.4880235 0.4597245210465576
362656117.4637693 0.4590672763976973
363330847.4395151 0.4584109792696654
364005577.4152609 0.4577556282113283
364680307.3910067 0.45710122177468515
365355037.3667525 0.4564477585148528
366041012.84209406 0.4557843696016931
366715742.81783986 0.4551328040326564
367390472.79358566 0.4544821773004254
368065202.76933146 0.4538324879724802
368739932.74507725 0.4531837346193402
369414662.72082305 0.45253591581454916
370089392.69656885 0.45188903013466036
370775368.1719104 0.4512323181451614
371450098.1476562 0.4505873099494917
372124828.123402 0.4499432306027437
372799558.0991478 0.44930007869341054
373474288.0748936 0.4486578528129225
374149018.0506394 0.44801655155563186
374834993.52598095 0.4473655083652714
375509723.50172675 0.4467260675008862
376184453.4774725 0.4460875470368923
376859183.4532183 0.44544994557924017
377533913.4289641 0.44481326173673424
378208643.4047099 0.4441774941210184
378883373.3804557 0.44354264134656357
379569348.85579723 0.44289814410654965
380244078.831543 0.4422651320589052
380930054.3068846 0.44162250337465697
381616029.78222615 0.44098081453375954
382290759.75797194 0.44035056064251243
382965489.73371774 0.4397212132696122
383651465.2090593 0.4390823046729664
384326195.1848051 0.43845478129319787
385000925.1605509 0.43782816031937954
385675655.1362967 0.43720244039372386
386350385.1120425 0.4365776201611306
387025115.0877883 0.43595369826917507
387429953.07323575 0.4355797757758968
387834791.0586833 0.4352061759081935
388509521.0344291 0.4345842256182153
389184251.0101748 0.43396316935895807
389858980.9859206 0.4333430057891061
390533710.9616664 0.43272373356995913
391208440.9374122 0.4321053513654206
391883170.913158 0.43148785784198646
392569146.38849956 0.43086098240943915
393243876.36424536 0.4302452770138082
393918606.33999115 0.42963045629214014
394593336.31573695 0.4290165189212342
395268066.29148275 0.42840346358042697
395954041.7668243 0.4277810934951932
396628771.7425701 0.4271698129081667
397303501.7183159 0.4265594103825071
397978231.6940617 0.42594988460763916
398652961.6698075 0.42534123427547293
399338937.14514905 0.42472333587560107
400013667.12089485 0.42411644705066537
400688397.09664065 0.42351042973731584
401363127.07238644 0.42290528263734406
402037857.04813224 0.42230100445497726
402690096.0246865 0.42171769361738826
403342335.0012408 0.42113519236032404
404017064.9769866 0.42053345555072646
404691794.9527324 0.41993258258546795
405377770.42807394 0.41932257930773637
406052500.40381974 0.4187234445256384
406727230.37956554 0.41812516972200564
407401960.35531133 0.41752775362008493
408076690.33105713 0.4169311949454736
408751420.3068029 0.416335492426111
411461585.7093819 0.41395135423529283
416870671.01494396 0.40923387933347494
417545400.99068975 0.4086492200971312
418220130.96643555 0.4080653994068618
418894860.94218135 0.4074824160247671
419580836.4175229 0.406890573336357
420255566.3932687 0.4063092747692742
420930296.3690145 0.405728809789369
421605026.3447603 0.4051491771675555
422279756.3205061 0.4045703756769225
422954486.2962519 0.40399240409272613
423629216.2719977 0.40341526119238214
424303946.2477435 0.40283894575545826
424989921.72308505 0.40225387207034013
425664651.69883084 0.40167922164772263
426339381.67457664 0.4011053950198511
427014111.65032244 0.40053239097486293
427688841.62606823 0.39996020830301077
428363571.60181403 0.39938884579665535
429049547.0771556 0.3988088001227055
429724277.0529014 0.39823908795191326
430399007.0286472 0.3976701923162721
431073737.004393 0.3971021120165388
431748466.9801388 0.39653484585554294
432423196.9558846 0.3959683926381802
433109172.43122613 0.39539333068417143
433783902.40697193 0.39482851327623997
434458632.3827177 0.39426450521915823
435133362.3584635 0.3937013053260526
435808092.3342093 0.3931389124120814
436494067.8095509 0.39256797232929264
437168797.7852967 0.392007203227429
437843527.7610425 0.391447237542675
438518257.7367883 0.39088807409828713
439192987.71253407 0.3903297117195218
439867717.68827987 0.3897721492336293
440328783.17170614 0.3893916076487449
440789848.6551324 0.3890114386496386
441464578.6308782 0.3884557645829522
443500014.05771136 0.38678429870607894
444174744.03345716 0.38623181469733975
444849474.00920296 0.38568012198377316
445524203.98494875 0.3851292194091014
446198933.96069455 0.384579105818983
446873663.93644035 0.38402978006100774
447548393.91218615 0.38348124098469016
448223123.88793194 0.38293348744146427
448909099.3632735 0.3823774087710382
449583829.3390193 0.3818312359002861
450258559.3147651 0.38128584510935454
450933289.2905109 0.380741235257329
451608019.2662567 0.380197405205186
452293994.74159825 0.37964530954983333
452968724.71734405 0.3791030486371053
453632209.1934941 0.37857058248606634
454295693.6696441 0.37803886597087505
454981669.1449857 0.37748991220856104
455656399.1207315 0.37695073714142124
456072482.6057747 0.37661863068199897
456499811.5904137 0.3762778536308582
457174541.5661595 0.3757404137113909
457860517.04150105 0.37519480514680914
458535247.01724684 0.3746589156069643
459209976.99299264 0.37412379316301186
459884706.96873844 0.3735894366986852
460559436.94448423 0.37305584509953843
461234166.92023003 0.3725230172529413
461908896.8959758 0.37199095204807375
462594872.3713174 0.37145079976028517
463269602.3470632 0.3709202691780228
463944332.322809 0.37039049789743556
464619062.2985548 0.3698614848149262
465293792.2743006 0.369333228828683
465968522.2500464 0.36880572883867563
466643252.22579217 0.36827898374664964
467317982.20153797 0.3677529924561225
468003957.6768795 0.3672190062668543
468678687.6526253 0.3666945318145859
469353417.6283711 0.3661708078667782
470028147.6041169 0.36564783333401646
470702877.5798627 0.3651256071286343
471377607.5556085 0.3646041281647088
472052337.5313543 0.3640833953580559
472648349.0099297 0.36362403450453107
473233114.9889094 0.3631739051325213
473919090.464251 0.3626465801983022
474593820.4399968 0.36212864821429236
475268550.4157426 0.3616114572433725
475943280.3914884 0.36109500621129953
476618010.3672342 0.36057929404553896
477292740.34297997 0.36006431967526126
477978715.8183215 0.35954151763956593
478653445.7940673 0.35902802790651006
479328175.7698131 0.3585152727488845
480002905.7455589 0.3580032511026636
480677635.7213047 0.35749196190550464
481352365.6970505 0.3569814040967441
482038341.1723921 0.3564630856742265
482713071.14813787 0.3559539996125541
483387801.12388366 0.3554456417497425
484062531.09962946 0.35493801103183104
484737261.07537526 0.3544311064065173
485423236.5507168 0.35391649663350433
486008002.52969646 0.35347840377977086
486604014.00827193 0.35303244493002905
487278743.9840177 0.35252826583525243
487953473.9597635 0.3520248078397699
488639449.4351051 0.35151369702966223
489314179.4108509 0.35101169008072874
489988909.3865967 0.350510401090221
490663639.3623425 0.35000982902023364
491338369.3380883 0.3495099728344815
492013099.3138341 0.3490108314982956
492687829.28957987 0.3485124039786198
493362559.26532567 0.34801468924400636
494048534.7406672 0.34750940890591286
494723264.716413 0.34701312849024496
495397994.6921588 0.3465175577578148
496072724.6679046 0.34602269568359884
496747454.6436504 0.34552854124416427
497422184.6193962 0.3450350934176646
498096914.595142 0.34454235118383636
498782890.07048357 0.34404211885984365
499457620.04622936 0.343550796474221
500132350.02197516 0.3430601766130284
500807079.99772096 0.3425702582623247
501481809.97346675 0.34208104040973325
502156539.94921255 0.3415925220444393
502831269.92495835 0.34110470215718636
503505999.90070415 0.34061757974027224
504191975.3760457 0.3401230525832097
504866705.3517915 0.339637333672559
505541435.3275373 0.3391523092017297
506216165.3032831 0.3386679781692298
506890895.27902883 0.3381843395751044
507565625.25477463 0.33770139242093333
508240355.2305204 0.3372191357098267
508926330.705862 0.33672954816085754
509601060.6816078 0.33624868081713744
510275790.6573536 0.33576850091843885
510950520.6330994 0.3352890074739877
511625250.6088452 0.3348101994945242
512299980.584591 0.33433207599229947
512974710.56033677 0.3338546359810729
513660686.0356783 0.3333699382944348
514335416.0114241 0.33289387366289236
515010145.9871699 0.3324184895562909
515684875.9629157 0.331943784994414
516359605.9386615 0.33146975899853703
517034335.9144073 0.33099641059142443
517720311.3897489 0.3305158666609563
518395041.36549467 0.3300438817580049
519069771.34124047 0.329572571504812
519744501.31698626 0.3291019349300907
520419231.29273206 0.3286319710640274
521093961.26847786 0.3281626789382791
521768691.24422365 0.3276940575859697
522443421.21996945 0.32722610604168756
523129396.695311 0.326751040957591
528437272.50451124 0.3230983869826339
529112002.48025703 0.32263700376267773
529786732.45600283 0.32217627993771714
530461462.4317486 0.3217162145595155
531136192.4074944 0.3212568066812629
531822167.882836 0.3207904150592766
532496897.8585818 0.32033233026503893
533171627.8343276 0.3198749001231554
533846357.8100734 0.3194181236925185
534521087.7858192 0.3189620000334332
