1.0 0.9931998956192654
798431.4712991914 0.9912291283452614
4858056.825369728 0.9812863093259865
18251446.84392377 0.9493821858887779
18926176.819669563 0.9478106210492141
19612152.29501112 0.9462163102051204
27281583.019321665 0.9286254152474447
29035880.956260733 0.924661321448625
29429473.442112446 0.923774954115834
30104203.417858243 0.9222580271631426
36873994.17450772 0.9072154651501441
37267586.660359435 0.9063507201015286
39471704.58112904 0.9015278673328859
39876542.56657651 0.9006456615241992
40292626.05161975 0.8997401177475524
40967356.02736555 0.8982741799984413
42316815.97885714 0.8953515982095406
44802071.389520824 0.8900014237757156
45937866.84869291 0.8875701533602669
49963755.703976154 0.87902162151546
51965454.632022016 0.8748110853918902
54675620.03460096 0.869152034284935
55800169.99417729 0.8668178726791016
60028477.842184275 0.858114147603531
62468751.2544649 0.8531427801440694
63143481.23021069 0.8517748383571142
67203106.58428124 0.8436044889979104
68563812.03536859 0.8408888439975427
69238542.01111437 0.8395464745858835
71262731.93835177 0.8355361157959152
74647627.31667651 0.8288856266375093
75322357.29242231 0.827568222744281
77346547.21965969 0.8236323939715855
77953804.1978309 0.8224564181899611
78549815.67640635 0.8213043534209474
78954653.66185383 0.8205230220042048
79348246.14770555 0.819764325813821
80022976.12345135 0.8184658367813886
81372436.07494293 0.8158769180912199
84082601.47752188 0.8107097828969686
86781521.38050507 0.8056065668588359
87456251.35625085 0.8043373378187209
88816956.80733821 0.8017856802078782
90571254.74427728 0.798511562502816
91931960.19536464 0.7959840748208804
92438007.67717399 0.7950467744796397
94979490.58581647 0.7903612550403396
101738035.84287019 0.7780760189243279
102412765.81861599 0.7768633310711217
103762225.77010758 0.7744453876314104
104448201.24544914 0.7732200530858837
107079648.15085775 0.7685431321309957
107754378.12660354 0.767349908983359
108429108.10234934 0.7661591179944116
109789813.5534367 0.7637650636350932
111139273.50492828 0.7614004928468255
111814003.48067407 0.7602218144349957
112488733.45641987 0.7590455329072822
112994780.93822922 0.7581648912216776
113489582.9204428 0.757305117483581
114164312.8961886 0.7561347631261497
115513772.84768018 0.7538011788015413
116199748.32302174 0.752618569985669
117549208.27451333 0.7502992382820058
118898668.22600493 0.7479892985572419
119573398.20175073 0.7468378364944637
120248128.17749652 0.7456887054251862
120922858.15324232 0.7445418997132598
121586342.62939234 0.7434164695250218
123588041.55743821 0.7400346416404138
126298206.96001716 0.7354880721798577
126972936.93576294 0.7343618677273767
128322396.88725454 0.7321162633000233
128997126.86300033 0.7309968523869022
129683102.33834189 0.729861094845968
130357832.31408769 0.7287462231204016
132382022.24132508 0.7254150422748415
133056752.21707088 0.7243091088013683
133742727.69241244 0.7231870200311715
134417457.66815823 0.7220855603372113
134811050.15400994 0.7214440632759753
135901863.61479896 0.7196701219535208
137251323.56629056 0.7174835047668586
138567047.01899487 0.7153599802765185
139241776.99474066 0.714274208139811
139916506.97048646 0.7131906086186621
140591236.94623226 0.7121091764915927
141265966.92197806 0.7110299065507776
141951942.3973196 0.7099348599645204
142626672.3730654 0.7088599346468768
143301402.3488112 0.7077871558875608
143976132.324557 0.7067165185332183
144650862.3003028 0.705648017443965
145325592.27604857 0.7045816474933497
146000322.25179437 0.7035174035683184
146675052.22754017 0.7024552805691775
147349782.20328596 0.7013952734095585
147754620.18873346 0.7007602826058049
147934548.18226567 0.7004783080954498
148406859.16528773 0.6997388374172298
148912906.64709705 0.6989476907809463
149418954.1289064 0.6981577248682652
151443144.0561438 0.6950096260676445
152117874.0318896 0.6939644270078653
152792604.00763538 0.692921303240448
154142063.95912698 0.6908412617269197
154828039.43446854 0.6897870693862729
156852229.36170593 0.6866887022245871
157526959.33745173 0.6856600011180544
158201689.31319752 0.684633335846339
158876419.28894332 0.683608701545229
160225879.2404349 0.6815655064613881
161485375.1951604 0.6796658023249669
162070141.17414007 0.6787861764756961
162699889.15150282 0.677840569804194
164015612.60420713 0.6758705420609583
164690342.57995293 0.6748632082744853
165365072.55569872 0.6738578593238866
166039802.53144452 0.6728544904779347
166714532.50719032 0.671853097017732
171448887.83700663 0.6648818146023026
172123617.81275243 0.6638960880786886
173484323.26383978 0.6619140825086542
174159053.23958558 0.6609341744018297
174833783.21533138 0.6599561858515155
175508513.19107717 0.6589801122965154
176183243.16682297 0.6580059491875053
176857973.14256877 0.6570336919870012
177543948.61791033 0.6560471796555798
178218678.59365612 0.6550787522831428
178893408.56940192 0.6541122172025454
179500665.54757312 0.6532439498281001
180107922.52574435 0.6523772083074959
180782652.50149015 0.651415947793202
181457382.47723594 0.6504565625698522
182132112.45298174 0.6494990481914202
182818087.9283233 0.6485274885447466
183492817.9040691 0.6475737335600056
184651104.3624327 0.6459407830532381
185145906.34464628 0.6452448751332623
186506611.79573363 0.6433362440322394
187181341.77147943 0.6423925898400858
187856071.74722522 0.6414507692376875
188530801.72297102 0.6405107778874175
189205531.69871682 0.6395726114629185
189880261.67446262 0.6386362656490725
190554991.6502084 0.6377017361419707
191240967.12554997 0.6367534886847167
191915697.10129577 0.6358226090167245
192590427.07704157 0.6348935327396223
193265157.05278736 0.6339662555942209
193939887.02853316 0.6330407733323897
194614617.00427896 0.6321170817170266
195289346.98002476 0.6311951765220285
195964076.95577052 0.6302750535322615
196650052.4311121 0.6293414178334427
197324782.40685788 0.6284248761804647
197999512.38260368 0.6275101040832228
198674242.35834947 0.6265970973703467
199686337.32196817 0.6252308882984707
200361067.29771397 0.6243222768677111
201035797.27345976 0.6234154163065527
201710527.24920556 0.6225103024920948
202385257.22495136 0.6216069313121289
203059987.20069715 0.6207052986651082
203734717.17644295 0.6198054004601202
204420692.6517845 0.6188922777896202
205095422.6275303 0.6179958649754674
205770152.6032761 0.6171011743265646
206444882.5790219 0.616208201794425
206860966.06406513 0.6156583900770165
207277049.5491084 0.6151092292405226
207963025.02444994 0.6142052745629041
208637755.00019574 0.6133178580769862
209312484.97594154 0.612432142618464
209987214.9516873 0.6115481241936152
210414543.93632632 0.6109891217924972
210841872.9209653 0.6104307974826733
212191332.8724569 0.6086721084492879
212866062.8482027 0.6077952860719915
213552038.32354426 0.6069055682731819
214226768.29929006 0.6060321221442007
214901498.27503586 0.6051603442715527
215576228.25078166 0.6042902307463618
216250958.22652745 0.603421777669868
216936933.701869 0.6025405485574322
217611663.6776148 0.6016754322342641
218286393.6533606 0.6008119646595418
218961123.6291064 0.5999501419748624
219635853.6048522 0.5990899603318025
220310583.580598 0.598231415891892
220985313.5563438 0.5973745048265864
221660043.5320896 0.5965192233172414
222346019.00743115 0.5956513537110909
223020748.98317695 0.5947993468975391
223695478.95892274 0.593948958180076
224370208.93466854 0.5931001837795521
225044938.9104143 0.5922530199265852
225719668.8861601 0.5914074628615327
227080374.33724746 0.5897071283880047
227755104.31299326 0.5888663957870889
228429834.28873906 0.5880272549704658
229104564.26448485 0.5871897022269639
229779294.24023065 0.5863537338549953
230172886.72608235 0.5858668158410005
230577724.71152985 0.5853665462545339
231252454.68727565 0.5845340242764958
231927184.66302145 0.583703074950122
232601914.63876724 0.5828736946136384
233276644.61451304 0.582045879614723
233951374.59025884 0.581219626310479
234637350.0656004 0.5803811993262797
235312080.0413462 0.5795580843968984
235986810.01709196 0.5787365202296331
236661539.99283776 0.5779165032191926
237336269.96858355 0.5770980297695857
238010999.94432935 0.5762810962940946
238685729.92007515 0.5754656992152519
240046435.3711625 0.5738259740034668
240440027.8570142 0.5733528315672604
240833620.34286594 0.5728802075760521
241508350.31861174 0.5720711991760058
242183080.29435754 0.571263708776673
242857810.27010334 0.5704577328572293
243465067.24827453 0.569733646507385
244083569.72604153 0.5689974066004203
244758299.70178732 0.5681956776192777
245433029.67753312 0.5673954497633932
246107759.65327892 0.5665967195554178
246793735.12862048 0.5657862088991237
247468465.10436627 0.5649904884067951
248143195.08011207 0.5641962551265337
248817925.05585784 0.5634035056168174
249492655.03160363 0.5626122364449839
250167385.00734943 0.5618224441872062
250842114.98309523 0.5610341254284693
251516844.95884103 0.5602472767625472
252191574.93458682 0.5594618947919779
252877550.40992838 0.5586649231951725
253552280.38567418 0.5578824887613896
254901740.33716577 0.5563219860289509
255576470.31291157 0.5555439110139567
256251200.28865737 0.5547672824366096
256925930.26440316 0.5539920969602888
257600660.24014896 0.5532183512569525
258286635.71549052 0.5524331823373672
258961365.69123632 0.5516623300877754
259636095.6669821 0.5508929076233099
260310825.6427279 0.5501249116501515
260985555.6184737 0.5493583388829449
261660285.5942195 0.5485931860447745
262346261.06956106 0.5478167329145329
263020991.04530683 0.5470544336664385
263448320.02994585 0.5465723736801033
263886894.51418063 0.5460782151668049
264561624.4899264 0.5453191308840266
265236354.4656722 0.5445614493026284
269295979.81974274 0.5400321593859827
269970709.79548854 0.5392842298751486
271320169.74698013 0.5377924989502506
271994899.7227259 0.5370486912272269
272669629.6984717 0.5363062511379925
273355605.1738133 0.5355528358309509
274030335.1495591 0.5348131442775605
274705065.1253049 0.5340748109272578
275379795.1010507 0.533337832669923
276054525.0767965 0.5326022064034062
276740500.55213803 0.5318557024879063
277415230.5278838 0.5311227933324225
278089960.5036296 0.5303912268576787
278764690.4793754 0.5296609999933257
279439420.4551212 0.5289321096768778
280114150.430867 0.5282045528536923
280788880.4066128 0.5274783264769485
281463610.3823586 0.5267534275076261
282149585.85770017 0.5260178045411119
282824315.83344597 0.5252955732976448
284173775.78493756 0.5238550626630962
284848505.76068336 0.5231367772639178
285523235.73642915 0.5224198011508792
286197965.7121749 0.5217041313391115
286872695.6879207 0.5209897648513809
287558671.16326225 0.5202648252825242
288233401.13900805 0.5195530781397578
288908131.11475384 0.5188426253857548
289335460.0993929 0.518393340123352
289762789.0840319 0.5179445721255047
290437519.0597777 0.5172370424215309
291123494.53511924 0.5165190376278728
291798224.51086503 0.5158140959224068
292472954.48661083 0.5151104331219077
293147684.4623566 0.5144080463191737
293822414.4381024 0.51370693261443
294497144.4138482 0.5130070891153087
295171874.389594 0.5123085129368291
295857849.8649356 0.5115995900354058
296532579.8406814 0.5109035608746547
297207309.8164272 0.5102087903760752
297882039.79217297 0.5095152756841598
299231499.74366456 0.5081320023347144
299906229.71941036 0.5074422380025339
300592205.1947519 0.5067422533236826
301266935.1704977 0.5060549957570144
301941665.14624345 0.505368976969536
302616395.12198925 0.5046841941564709
303291125.09773505 0.5040006445201954
303965855.07348084 0.5033183252702197
304640585.04922664 0.5026372336231683
305315315.02497244 0.5019573668027609
306001290.500314 0.5012674216315464
306676020.4760598 0.5005900164621016
307350750.4518056 0.4999138277869855
308025480.4275514 0.4992388528582278
308700210.4032972 0.49856508893485874
309374940.379043 0.49789253328289074
310049670.3547888 0.49722118317529956
310735645.83013034 0.49653987694575075
311410375.80587614 0.49587094975250673
312051369.28283465 0.4952365780151862
312692362.75979316 0.4946032845806729
313367092.73553896 0.49393782230027083
314727798.1866263 0.49259942232224047
315402528.1623721 0.4919375403774954
316077258.1381179 0.49127683992167437
316751988.1138637 0.49061731829592004
317426718.0896095 0.48995897284813733
318101448.0653553 0.4893018009329758
318787423.54069686 0.488634876466534
322161073.41942585 0.48537243969542526
322835803.39517164 0.4847234282329554
323510533.37091744 0.4840755693378054
324196508.846259 0.48341809167094985
324871238.8220048 0.4827725492625432
325545968.79775053 0.48212815164228373
325939561.2836023 0.4817527806794735
326333153.769454 0.48137779788126045
327019129.24479556 0.4807251827126259
327693859.22054136 0.4800844122832514
328368589.19628716 0.4794447759525832
329043319.17203295 0.4788062711821613
330392779.12352455 0.4775326462004042
331078754.5988661 0.47688694503166706
331753484.5746119 0.47625295991611577
332428214.5503577 0.475620093723061
333102944.5261035 0.47498834395253686
333777674.5018493 0.4743577081109151
334452404.4775951 0.4737281837108892
339186759.8074114 0.4693420713606518
339861489.78315717 0.46872136787886864
340536219.75890297 0.46810175369413554
341222195.2342445 0.46747292678743424
341896925.2099903 0.4668555019819643
342571655.1857361 0.46623915917704223
343246385.1614819 0.4656238959662205
343921115.1372277 0.46500970994914015
344595845.1129735 0.4643965987315143
345945305.0644651 0.4631735911477438
351545563.8631552 0.4581435346494023
352231539.33849674 0.4575323941527457
352906269.31424254 0.4569323268822701
