1.0 1.0023166613940628
427329.9846390038 1.0012046850953629
3486105.87468661 0.9932937781075677
8209215.704907179 0.9812439923498979
26134542.06055381 0.9372872366550066
26618098.543171633 0.9361393324913789
29125844.95302684 0.930217394571055
29598155.936048895 0.9291078724690636
30272885.911794692 0.9275260277053641
32308321.33862784 0.9227767593252216
33556571.793757565 0.9198809618148778
38189717.627212025 0.9092428410480764
41012338.0257486 0.9028461303639244
41687068.0014944 0.9013263970294834
45634238.3596073 0.8925076987580713
49480199.22135834 0.8840318245637795
51954209.132426254 0.8786396619827671
53989644.5592594 0.8742383517076695
57352048.93839262 0.8670361920592371
57959305.91656383 0.86574450360589
58577808.394330814 0.8644317216043556
61175518.80095212 0.8589490480094089
65898628.631172694 0.8491077065379984
66584604.10651425 0.8476918868152401
67731645.0652821 0.8453320518949443
68215201.54789992 0.8443400624274757
69564661.49939151 0.8415806072400347
70239391.47513731 0.8402057724880947
71600096.92622466 0.8374430719105879
72679664.88741794 0.8352605435014056
73095748.37246118 0.8344215658225426
73568059.35548323 0.8334706961885687
74006633.839718 0.8325891559449488
74636381.81708075 0.8313257250628252
75311111.79282653 0.8299751440479837
77335301.72006392 0.8259425362905557
78403624.18166144 0.8238257366273539
78808462.16710891 0.8230256522212791
79483192.1428547 0.8216947016401286
82182112.0458379 0.8164023031569013
83542817.49692525 0.8137529991525433
84892277.44841683 0.811138055292703
85567007.42416263 0.8098352199688161
86241737.39990842 0.8085354659699878
86916467.37565422 0.8072387860086012
88277172.82674158 0.8046331357854672
89626632.77823317 0.8020612795391968
90301362.75397897 0.8007799116226385
91808259.69981124 0.7979291212835193
92482989.67555703 0.7966575263003051
93157719.65130283 0.7953889387558776
93832449.62704863 0.7941233515373682
94507179.60279442 0.7928607575487312
95193155.07813598 0.7915801815058214
95867885.05388178 0.7903236023476101
96542615.02962758 0.789069995114382
97217345.00537337 0.7878193527772618
97892074.98111916 0.7865716683239983
99241534.93261075 0.7840851451029197
99927510.40795231 0.7828256696910894
100602240.3836981 0.7815897957564266
101187006.3626778 0.7805210696077558
101760526.84206173 0.779475024080321
102435256.81780753 0.7782470747299035
103784716.7692991 0.775799881798922
105820152.19613226 0.7721305534271463
106494882.17187805 0.7709199744235773
107844342.12336965 0.7685073990360656
108282916.60760441 0.7677257688734851
108732736.59143494 0.7669253456308771
109351239.06920192 0.7658268247692276
109980987.04656467 0.7647107779504468
110666962.52190623 0.7634978874779792
111341692.49765202 0.7623077255213078
112016422.47339782 0.7611203784068444
112691152.4491436 0.7599358394772295
115401317.85172255 0.7552061003326587
116076047.82746835 0.7540355492132417
116750777.80321415 0.7528677665546037
117425507.77895994 0.7517027458090811
117819100.26481165 0.751024423242749
118212692.75066337 0.7503470369768519
118898668.22600493 0.7491686835809745
120056954.68436855 0.7471854324422282
120540511.16698636 0.7463598555635271
121215241.14273216 0.745210226624508
121889971.11847796 0.7440633166633919
122564701.09422375 0.7429191192495466
123239431.06996955 0.7417776279675491
123914161.04571535 0.7406388364171492
124588891.02146114 0.7395027382132342
125274866.4968027 0.7383504595271162
126624326.44829428 0.7360917617379015
127973786.39978588 0.733843735369252
128648516.37553167 0.7327237082026693
129323246.35127747 0.7316063300030824
129997976.32702327 0.7304915945054408
130683951.80236483 0.7293609827764855
131358681.77811062 0.7282515577310136
132033411.75385642 0.727144756577548
132708141.7296022 0.7260405731103436
133382871.705348 0.7249390011383325
134057601.6810938 0.7238400344850884
134743577.15643537 0.7227254161827937
135418307.13218117 0.7216316848610344
135969336.61237356 0.7207403901098005
136520366.09256595 0.7198508172604537
137195096.06831175 0.7187638846288489
137869826.04405755 0.717679522692628
138544556.01980335 0.7165977253718612
139219285.99554914 0.7155184866009972
139894015.97129494 0.7144418003288309
141929451.3981281 0.7112091998960348
142604181.3738739 0.7101427054822406
143278911.3496197 0.7090787334255704
143953641.32536545 0.7080172777604183
145089436.78453755 0.7062361607615075
145550502.26796386 0.7055151565602794
146225232.24370965 0.7044621290813202
146899962.21945545 0.7034115921089487
147574692.19520125 0.7023635397528882
148249422.17094705 0.7013179661367934
148935397.6462886 0.7002575013033467
149610127.6220344 0.6992169086613835
150959587.57352597 0.6971431008479088
151398162.05776075 0.6964712251640237
151836736.54199553 0.6958003827890522
153309896.9890405 0.6935545843800162
153984626.9647863 0.692529844751471
154659356.9405321 0.6915075287261521
155334086.9162779 0.6904876305720156
156020062.39161944 0.689453206874334
157369522.34311104 0.6874255285468469
158044252.31885684 0.6864152846975979
158718982.29460263 0.6854074301677271
159404957.7699442 0.684385221621427
160079687.74569 0.6833821683769596
160754417.7214358 0.6823814874454309
161429147.69718158 0.6813831732161028
163453337.62441894 0.6784023748328056
164814043.0755063 0.6764104841972316
165488773.0512521 0.6754262919383363
166838233.0027437 0.6734648850302412
167512962.9784895 0.6724876593835905
168120219.95666072 0.6716101325576913
168727476.93483192 0.6707344738411692
170088182.38591927 0.6687791120696449
170762912.36166507 0.6678129687058952
171437642.33741087 0.6668491103598301
172787102.28890246 0.6649282271164287
173461832.26464826 0.6639711914488541
174147807.73998982 0.6630005255347617
175497267.6914814 0.6610978252760114
176171997.6672272 0.6601498488601708
180231623.02129775 0.6544933303037932
180906352.99704352 0.653560974124424
181581082.97278932 0.6526308230529485
182255812.9485351 0.6517028718740843
182930542.9242809 0.6507771153848834
183616518.39962247 0.649838174131947
184291248.37536827 0.6489168278239636
184965978.35111406 0.6479976605845181
185640708.32685986 0.6470806672599134
186315438.30260566 0.6461658427086414
187001413.77794722 0.6452379890879448
188350873.7294388 0.6434192095279005
189025603.7051846 0.6425130446600472
189700333.6809304 0.6416090229552329
190375063.6566762 0.6407071393446806
191061039.13201776 0.6397924109715356
191735769.10776356 0.6388948238149708
192410499.08350936 0.6379993595343708
193085229.05925515 0.6371060131089394
193658749.53863907 0.6363483300692656
194232270.01802298 0.635592170491434
194918245.49336454 0.6346897408690984
195592975.46911034 0.6338042219954165
196267705.44485614 0.6329207974551034
196942435.42060193 0.6320394622948685
197617165.39634773 0.6311602115731363
198303140.8716893 0.6302684384298324
198977870.8474351 0.6293933763420048
199652600.82318088 0.6285203838562882
201676790.75041828 0.6259137751216712
202351520.72616407 0.6250490122120393
203037496.20150563 0.6241719332184437
203712226.17725143 0.6233112899246995
204386956.15299723 0.6224526821312957
205061686.12874302 0.6215961050240868
205736416.10448882 0.6207415538003138
206411146.08023462 0.6198890236685768
207085876.0559804 0.6190385098488074
207760606.03172618 0.6181900075722429
208401599.5086847 0.6173857892680958
209042592.9856432 0.6165833780184378
209717322.961389 0.6157406823538714
210392052.9371348 0.6148999797418557
211066782.9128806 0.6140612654686384
211741512.8886264 0.613224534831616
212427488.36396796 0.6123758873504896
213338373.83122477 0.6112521477273418
214024349.30656633 0.6104082427770474
214699079.28231212 0.6095801518737969
215373809.25805792 0.6087540194814968
216048539.23380372 0.6079298409680888
216723269.20954952 0.6071076117124701
217397999.1852953 0.6062873271044673
218083974.66063687 0.6054553598791896
218758704.63638267 0.60463898299834
219433434.61212847 0.603824536923703
220108164.58787426 0.6030120170887447
220782894.56362006 0.6022014189377317
221457624.53936586 0.6013927379257051
222132354.51511163 0.6005859695184554
222818329.99045318 0.5997677109937031
223493059.96619898 0.5989647859242173
224167789.94194478 0.5981637598461762
224842519.91769058 0.5973646282682907
225517249.89343637 0.5965673867098944
226191979.86918217 0.5957720307009173
227541439.82067376 0.5941869575037797
228227415.29601532 0.5933840851634651
228902145.27176112 0.5925962579546613
229576875.24750692 0.5918102940294765
230251605.2232527 0.5910261889810742
230926335.1989985 0.59024393841304
231409891.68161634 0.5896844638253353
231893448.16423416 0.5891259378552692
233254153.6153215 0.5875593483329729
233928883.59106728 0.5867852971610968
234603613.56681308 0.5860130766912488
235278343.54255888 0.5852426825936505
235953073.51830468 0.5844741105487639
236627803.49405047 0.583707356247267
237302533.46979627 0.5829424153900302
237977263.44554207 0.5821792836880915
238663238.92088363 0.5814052833491974
240687428.84812102 0.5791321792047288
241227212.82871765 0.5785287402694343
241766996.80931428 0.57792644335518
242441726.78506008 0.5771751748872354
243116456.76080588 0.5764256832381336
243791186.73655167 0.5756779642055354
244477162.21189323 0.5749195960455463
245151892.18763903 0.5741754390473167
245826622.16338482 0.5734330420486519
246501352.13913062 0.5726924008869911
247176082.11487642 0.5719535114096193
247850812.09062222 0.5712163694736418
248525542.066368 0.5704809709459635
249200272.0421138 0.5697473117032632
249886247.51745537 0.5690032035748234
250560977.49320117 0.5682730393875162
251235707.46894696 0.567544602105492
251910437.44469276 0.5668178876444614
252585167.42043853 0.5660928919297952
253934627.37193012 0.5646480404891971
254598111.84808016 0.5639401604299534
255261596.3242302 0.5632339267011042
255947571.79957175 0.5625054797626567
256622301.77531755 0.5617906832882205
257297031.75106335 0.5610775773730166
257971761.72680914 0.5603661580187176
258646491.70255494 0.5596564212364518
259321221.67830074 0.5589483630467822
260007197.1536423 0.5582302205854365
260681927.1293881 0.5575255354911359
261356657.1051339 0.556822517041726
262031387.0808797 0.5561211612954389
262706117.0566255 0.5554214643198288
263380847.03237128 0.5547234221917512
264055577.00811708 0.5540270309973396
265416282.4592044 0.5526276480152987
266091012.4349502 0.5519362135190655
267440472.3864418 0.550558246576982
268115202.3621876 0.5498717064049818
268789932.3379334 0.5491867899634664
270825367.7647666 0.5471304238310825
271500097.7405124 0.5464519907743189
272174827.7162581 0.545775162273969
272748348.19564205 0.5452011167963298
273321868.675026 0.5446282255432597
274007844.15036756 0.5439445153155446
278056224.00484234 0.5399428528807311
278742199.4801839 0.5392704084558828
279416929.4559297 0.538610565056499
280091659.4316755 0.5379522822472835
280766389.4074213 0.5372955563372976
282801824.83425444 0.5353238283458257
283476554.81000024 0.5346733189704302
284151284.785746 0.5340243481093803
284826014.7614918 0.533376912123948
285500744.7372376 0.5327310073840119
286175474.71298337 0.5320866302680358
286861450.1883249 0.5314330758358523
287536180.1640707 0.5307917684470495
288210910.1398165 0.5301519778090494
288885640.1155623 0.5295137003345975
289560370.0913081 0.5288769324449231
290235100.0670539 0.5282416705697195
290909830.0427997 0.5276079111471247
291584560.0185455 0.5269756506237001
292270535.49388707 0.5263343853504092
292945265.46963286 0.5257051368323167
294294725.42112446 0.524451100967732
294969455.39687026 0.5238263065899613
296318915.34836185 0.5225811474275841
297004890.8237034 0.5219504485724332
297567165.8034916 0.5214346134111967
298129440.7832797 0.5209197951150824
298804170.7590255 0.5203033525995857
299490146.2343671 0.5196781306166804
300164876.21011287 0.5190646247516223
300839606.18585867 0.5184525698842128
301514336.16160446 0.5178419625827094
302189066.13735026 0.517232799423486
302717604.61835116 0.5167566280950564
303246143.099352 0.5162813391741576
303920873.0750978 0.5156758670324537
304595603.0508436 0.5150718268879055
305270333.0265894 0.5144692153537089
305956308.50193095 0.5138580213350279
306631038.47767675 0.5132582805623077
307305768.45342255 0.51265995823153
307980498.42916834 0.5120630509879494
308655228.40491414 0.5114675554847549
309329958.38065994 0.5108734683830509
310004688.35640574 0.5102807863518388
311365393.8074931 0.5090898046810519
312040123.7832389 0.5085013411781126
312714853.7589847 0.5079142694453382
313389583.7347305 0.5073285861910645
314064313.7104763 0.5067442881314124
314739043.6862221 0.5061613719902697
315425019.16156363 0.5055701538694053
316099749.13730943 0.5049900146634967
316774479.1130552 0.5044112475400269
317449209.088801 0.5038338492538948
318123939.0645468 0.5032578165676749
318798669.0402926 0.5026831462515977
319473399.0160384 0.5021098350835331
320148128.9917842 0.5015378798489714
320834104.4671258 0.5009577787415747
321508834.4428716 0.5003885482259407
322183564.41861737 0.499820663992692
322858294.39436316 0.49925412285774745
323533024.37010896 0.49868892164455636
324207754.34585476 0.49812505718408073
324882484.32160056 0.4975625263147777
325568459.7969421 0.4969919837958733
326917919.74843365 0.49587360580134976
327592649.72417945 0.495316399821094
328267379.69992524 0.4947605116840943
328672217.68537277 0.49442761006975333
329043319.17203295 0.4941228654648015
331618538.5794627 0.49201902038492257
332293268.5552085 0.4914709308527595
332866789.03459245 0.4910060740727666
333350345.51721025 0.49061486233477564
333923865.9965942 0.4901517268388167
334598595.97234 0.4896080536271778
335273325.9480858 0.48906566625255554
335948055.9238316 0.48852456167382774
336386630.40806633 0.4881735301595207
336825204.8923011 0.487823038512931
337499934.8680469 0.48728487286279387
338174664.8437927 0.4867479800237854
338849394.8195385 0.4862123569855904
339535370.29488003 0.4856691055231882
340210100.2706258 0.48513603412215234
340614938.25607336 0.48481679663865124
341031021.7411166 0.48448916373058926
341705751.7168624 0.483958883000129
342380481.6926082 0.48342985643223907
343055211.668354 0.48290208106070975
343729941.6440998 0.4823755539263469
344415917.11944133 0.48184152791301293
345090647.0951871 0.48131750908412885
349150272.4492576 0.4781907200839005
349825002.4250034 0.4776753357504202
350499732.4007492 0.4771611703481646
351174462.376495 0.47664822099424947
351849192.3522408 0.4761364848126092
352523922.3279866 0.4756259589339797
353198652.3037324 0.4751166404958836
353884627.77907395 0.47460006826766743
354559357.75481975 0.47409317615510155
355234087.73056555 0.4735874828888789
355908817.70631135 0.47308298563361795
356583547.68205714 0.4725796815606429
357258277.65780294 0.47207756784796806
357944253.1331445 0.47156830295596086
358618983.1088903 0.4710685812464594
359293713.0846361 0.47057004142464004
359968443.0603819 0.47007268069522995
360643173.0361277 0.46957649626956754
361317903.0118735 0.46908148536558636
361992632.9876193 0.46858764520780016
362509925.9690244 0.4682098255459364
363038464.45002526 0.4678245001772078
363713194.42577106 0.46733363290469426
364387924.40151685 0.4668439265783072
365073899.8768584 0.4663472457804568
365748629.8526042 0.46585987235009885
366423359.82835 0.4653736516026099
367098089.8040958 0.4648885808117894
367772819.7798416 0.46440465725788427
368447549.7555874 0.4639218782275739
369122279.7313332 0.4634402410139551
369695800.21071714 0.46303174511846806
370100638.1961646 0.462743889691294
370617931.1775697 0.46237666906971087
371292661.1533155 0.46189868641749066
371967391.1290613 0.46142183423808775
372642121.1048071 0.4609461098578301
373328096.58014864 0.46046361013909776
374002826.55589443 0.459990152046731
374677556.53164023 0.4595178137261824
375352286.507386 0.45904659252908886
376027016.4831318 0.45857648581335086
376701746.4588776 0.45810749094311787
377376476.4346234 0.45763960528877323
377781314.4200709 0.45735940522820123
378174906.9059226 0.4570873698934156
378860882.38126415 0.45661414837021186
379535612.35700995 0.4561497946080342
380210342.33275574 0.4556865390850985
380885072.30850154 0.4552243792039684
381559802.28424734 0.4547633123733502
382245777.7595889 0.45429567895929285
382920507.7353347 0.4538368085899416
383494028.21471864 0.45344762217090984
384078794.19369835 0.45305161033233476
384753524.16944414 0.45259568229940245
385428254.1451899 0.45214083257808957
386102984.1209357 0.45168705861809005
386777714.0966815 0.4512343578751299
387452444.0724273 0.4507827278109522
388127174.04817307 0.4503321658933034
388813149.5235146 0.44987518700477236
389487879.4992604 0.44942677150437715
390162609.4750062 0.4489794165477726
390837339.450752 0.44853311962667547
391512069.4264978 0.44808787823873464
392096835.4054775 0.4477028542484872
392681601.38445723 0.44731861958423386
393356331.360203 0.4468762506002969
394031061.3359488 0.4464349278595845
394705791.3116946 0.4459946488876354
395380521.2874404 0.44555541121584086
396066496.762782 0.44510991785478377
396741226.7385278 0.44467277265303623
397415956.7142736 0.4442366613397892
398090686.69001937 0.4438015814698014
398765416.6657651 0.443367530603615
399440146.6415109 0.44293450630754155
402150312.04408985 0.44120548591612363
402825042.01983565 0.440777575054055
403499771.99558145 0.4403506762404263
404185747.470923 0.43991769746941656
404860477.4466688 0.4394928323451498
405535207.4224146 0.43906897206587375
406209937.3981604 0.43864611425503774
406884667.3739062 0.4382242565417119
407559397.349652 0.4378033965605739
408245372.82499355 0.4373765426280191
408762665.8063987 0.4370553317226982
409291204.28739953 0.43672773969129874
409965934.2631453 0.4363104191097832
410640664.2388911 0.4358940855297224
411315394.2146369 0.4354787366167676
411990124.1903827 0.4350643700420906
412664854.1661285 0.4346509834823713
413339584.1418743 0.43423857461978443
414700289.59296167 0.43340984796645604
415375019.56870747 0.4330003745032097
416049749.54445326 0.4325918694822637
416679497.521816 0.43221146985888814
417297999.999583 0.431838680504384
417972729.9753288 0.43143292299630354
425597178.7012563 0.42691401571492177
426271908.6770021 0.42651990549079044
426946638.65274787 0.42612672737348944
427621368.62849367 0.4257344791585006
428296098.60423946 0.42534315864651967
428970828.57998526 0.4249527636434438
429645558.55573106 0.42456329196035975
430331534.0310726 0.42416827336274
431006264.0068184 0.4237806570711279
431680993.9825642 0.4233939575276
432355723.95831 0.4230081725639629
