1.0 1.010843256756674
3711015.866601875 0.9999074135212116
27686421.004769143 0.9348977310866585
29440718.94170821 0.9304866425958649
30115448.917454004 0.9288014980257118
32150884.344287153 0.9237558577610682
32825614.32003295 0.9220956817229663
34141337.77273725 0.9188758712462043
37481251.15267894 0.9108047384211896
38841956.60376629 0.9075577024436722
41968205.49138848 0.9001855769908688
42642935.467134275 0.8986102844837531
43317665.44288007 0.8970405226538106
44385987.90447758 0.894566286569902
45735447.85596917 0.891460393522683
47073662.307865 0.8884015666607212
47748392.28361079 0.8868672118512463
56261235.47760358 0.8679489058000729
56666073.46305106 0.8670689134607235
58690263.39028844 0.8626948269441523
60039723.34178004 0.8598024383428557
60714453.317525834 0.8583632529918274
61400428.79286739 0.8569048299312835
62749888.74435898 0.8540496546680943
63424618.72010478 0.8526288964239638
64099348.69585057 0.8512126522071323
64774078.67159637 0.8498008931425671
66134784.12268372 0.8469673722631708
66697059.10247188 0.8458017334231634
67259334.08226004 0.844639133586132
67934064.05800584 0.8432480026480356
68620039.5333474 0.8418381202467534
69294769.5090932 0.8404556843209856
70644229.46058479 0.8377035973052868
71318959.43633059 0.8363338926602313
71993689.41207638 0.8349683785836084
72668419.38782218 0.8336070288400396
74029124.83890952 0.8308742015235054
74703854.81465532 0.8295252573924305
75378584.79040112 0.8281803743486682
76728044.74189271 0.8255026909981771
77402774.71763851 0.8241698409385846
78088750.19298007 0.8228188377400086
78763480.16872586 0.8214939518766424
79438210.14447166 0.8201729786384117
79843048.12991913 0.8193822627726591
80247886.11536661 0.8185929416706148
81608591.56645396 0.8159501012190834
82283321.54219976 0.8146453647770553
82958051.51794556 0.8133444179926104
83632781.49369135 0.8120472378830895
84026373.97954306 0.8112922798840678
84431211.96499054 0.810517075994464
87130131.86797373 0.8053830150726953
87804861.84371953 0.8041086262879521
88479591.81946531 0.8028378444499568
89154321.7952111 0.8015706480501329
89840297.27055266 0.8002859852898593
90515027.24629846 0.7990259548023844
91189757.22204426 0.7977694459118362
91864487.19779006 0.7965164377961825
92505480.67474855 0.7953293038645582
93146474.15170707 0.7941452931699472
93821204.12745287 0.7929023210917125
94507179.60279442 0.7916421398561545
95181909.57854022 0.7904060465873717
95856639.55428602 0.7891733342718121
96340196.03690383 0.7882919592249397
96823752.51952165 0.7874123033557686
98184457.97060901 0.7849461565344675
98859187.9463548 0.7837282528355266
99533917.9221006 0.7825136246515284
100208647.8978464 0.7813022531317008
100883377.87359218 0.7800941195757334
102918813.30042534 0.7764690132732271
103593543.27617113 0.7752737001255507
104943003.22766273 0.7728924951378702
105617733.20340852 0.7717065677960939
106123780.68521787 0.7708191532448914
106641073.66662298 0.7699138091472699
107315803.64236878 0.7687356335364146
107990533.61811458 0.767560507733173
108665263.59386036 0.7663884146825758
110025969.04494771 0.764033849971457
110700699.02069351 0.7628708037610328
111375428.99643931 0.7617107231492398
112050158.9721851 0.760553591747649
112724888.9479309 0.7593993932973122
113399618.9236767 0.7582481116676613
114085594.39901826 0.7570806156609807
114760324.37476406 0.755935167737598
115435054.35050985 0.754792588741113
116109784.32625563 0.7536528630457002
116784514.30200143 0.7525159751485261
117459244.27774723 0.7513819096687016
118133974.25349303 0.7502506513462466
119483434.20498462 0.7479964957319034
120146918.68113466 0.7468922614154438
120832894.15647621 0.7457533886049615
121507624.13222201 0.7446359413299458
122182354.1079678 0.7435212121345187
123531814.05945939 0.7412998503276526
124206544.03520519 0.7401931891701788
124881274.01095098 0.7390891889983133
125567249.48629254 0.7379695022763814
126017069.47012307 0.7372367597134181
126466889.45395361 0.7365051832263819
127152864.92929517 0.735391764952049
127827594.90504095 0.7342992218515729
128502324.88078675 0.7332092658917622
129177054.85653254 0.7321218836516094
129851784.83227834 0.7310370618143622
130526514.80802414 0.7299547871666375
131201244.78376994 0.7288750465975447
131887220.2591115 0.7277798947248891
132561950.23485729 0.7267052250799021
133236680.21060309 0.7256330505745329
133911410.18634889 0.7245633585008804
134305002.6722006 0.723940512840185
134709840.65764806 0.7233007457542017
135384570.63339385 0.7222364299694356
136059300.60913965 0.7211745568127647
136734030.58488545 0.720115113981597
137408760.56063125 0.7190580892681085
138083490.53637704 0.7180034705584392
138769466.0117186 0.7169337289674153
139444195.9874644 0.7158839258960631
140118925.9632102 0.7148364928462992
140793655.938956 0.7137914180737329
141468385.9147018 0.7127486899240112
142817845.86619338 0.7106702273213105
144178551.31728074 0.7085838087311873
145528011.26877233 0.7065238297201776
146877471.22026393 0.7044729200606115
147552201.19600973 0.7034508388905752
148226931.1717555 0.7024309924081736
148732978.65356484 0.7016675676134422
149239026.1353742 0.7009053893147623
149913756.11112 0.6998910828663526
150588486.08686578 0.6988789739695555
151274461.56220734 0.6978522386355674
151949191.53795314 0.6968445298233611
152623921.51369894 0.695838987338486
153298651.48944473 0.69483560098705
154648111.44093633 0.692835256292893
155322841.41668212 0.6918382779444117
157358276.84351528 0.6888435071516943
158707736.79500687 0.6868685087582994
159393712.27034843 0.6858677266589602
160068442.24609423 0.6848854260324887
160743172.22184002 0.683905174031854
161417902.19758582 0.6829269613469
162092632.17333162 0.6819507787369381
162767362.1490774 0.6809766170301603
163419601.12563166 0.6800368398032517
164060594.60259017 0.6791150892999601
164735324.57833597 0.678146770143339
165410054.55408177 0.6771804366192543
166084784.52982756 0.6762160798862149
166759514.50557336 0.6752536911682486
167445489.98091492 0.6742772711477769
168120219.95666072 0.6733188248294274
168794949.9324065 0.6723623204433463
170144409.8838981 0.6704551034575279
170819139.8596439 0.6695043740090292
175553495.18946022 0.6628866294853953
176228225.16520602 0.6619509684966501
176914200.64054757 0.6610016030727838
177588930.61629337 0.6600696520431689
178263660.59203917 0.6591395289592541
178938390.56778497 0.6582112261373314
179613120.54353076 0.6572847359494811
180287850.51927656 0.6563600508231042
180962580.49502236 0.6554371632404586
181648555.97036391 0.6545007292368471
182998015.9218555 0.6526639340646392
183672745.8976013 0.6517481919659195
184347475.8733471 0.6508342105087197
185022205.8490929 0.649921982495784
185696935.82483867 0.6490115007815687
186382911.30018023 0.6480876272580554
187057641.27592602 0.6471806457193032
187732371.25167182 0.6462753892324788
188407101.22741762 0.6453718508554257
189081831.20316342 0.6444700236955654
189756561.1789092 0.643569900909483
190442536.65425077 0.6426565162928446
191117266.62999657 0.6417598100423384
191791996.60574237 0.6408647878150174
192466726.58148816 0.6399714429608343
193141456.55723396 0.6390797688768792
193816186.53297976 0.6381897590069857
194502162.00832132 0.6372866149794746
195851621.9598129 0.6355149127768775
196526351.9355587 0.6346315223765939
197201081.9113045 0.6337497639920585
197875811.8870503 0.6328696313402259
198550541.8627961 0.631991118182126
199236517.33813766 0.6310996169579631
199911247.31388345 0.6302243509787887
200585977.28962925 0.6293506859357798
201193234.26780045 0.6285657511833984
201800491.24597168 0.6277821038830904
202475221.22171748 0.6269128893270269
203149951.19746327 0.6260452528815684
203824681.17320904 0.6251791886398571
204499411.14895484 0.6243146907359788
205174141.12470064 0.6234517533446229
205848871.10044643 0.6225903706807454
206534846.575788 0.6217162195286485
207209576.5515338 0.6208579547971562
207670642.0349601 0.6202723585252009
208131707.5183864 0.6196874783899304
209481167.469878 0.6179797325837544
210167142.94521955 0.6171139601734954
210841872.9209653 0.6162639065312765
211516602.8967111 0.6154153605668026
212191332.8724569 0.614568316857565
212866062.8482027 0.6137227700179787
213540792.8239485 0.6128787146990765
214215522.7996943 0.6120361455882061
214901498.27503586 0.611181051789286
215576228.25078166 0.6103414638509203
216250958.22652745 0.6095033463110626
216925688.20227325 0.6086666939999212
217600418.17801905 0.6078315017825364
218275148.15376484 0.6069977645584923
218949878.12951064 0.6061654772616321
219635853.6048522 0.6053207996993669
220310583.580598 0.6044914211501423
220985313.5563438 0.6036634774498948
222334773.5078354 0.6020118749036792
223009503.4835812 0.6011882062932724
223684233.45932698 0.6003659530024253
224358963.43507275 0.5995451102295944
225044938.9104143 0.598712027804069
225719668.8861601 0.5978940150997522
226394398.8619059 0.597077398620347
226855464.3453322 0.5965201779762339
227316529.8287585 0.5959636056242301
227991259.8045043 0.5951502749732014
228665989.7802501 0.594338324928566
229340719.7559959 0.5935277509174393
230015449.7317417 0.592718548396848
230701425.20708326 0.5918972604835185
231376155.18282902 0.5910908101038962
232050885.15857482 0.5902857176889097
232725615.13432062 0.589481978813274
233400345.1100664 0.5886795890804034
234075075.0858122 0.5878785441221762
234761050.56115377 0.5870655225218415
236110510.51264536 0.5854701619528643
236785240.48839116 0.5846744750636075
237178832.97424287 0.5842109357475909
237302533.46979627 0.5840653448266735
237707371.45524377 0.5835891755256871
238382101.43098953 0.5827966136155418
239056831.40673533 0.5820053650873719
240406291.35822693 0.58042679164936
241081021.33397272 0.5796394585413819
241766996.80931428 0.5788403327819681
242441726.78506008 0.578055611125319
243116456.76080588 0.5772721783441119
244465916.71229747 0.5757091635004947
245140646.68804327 0.5749295735468243
245680430.6686399 0.5743068183972827
246220214.64923653 0.5736848760366083
246906190.1245781 0.5728956606331876
247580920.1003239 0.5721206567140829
248255650.07606968 0.5713469119545843
248930380.05181548 0.5705744225575209
249605110.02756128 0.5698031847492915
250965815.47864863 0.5682516470099261
255025440.83271918 0.5636525366788557
255700170.80846497 0.562892437714218
256374900.78421077 0.562133553739509
257049630.75995657 0.5613758812288252
257724360.73570237 0.5606194166776343
258399090.71144813 0.559864156602602
259073820.68719393 0.559110097541422
259759796.1625355 0.5583446984877543
260434526.1382813 0.5575930510242838
261109256.11402708 0.5568425942557214
261783986.08977288 0.5560933248025244
262458716.06551868 0.5553452393053402
263133446.04126447 0.5545983344248442
264494151.49235183 0.5530956539570177
265168881.46809763 0.552352290572777
265843611.44384342 0.5516100945908136
266518341.41958922 0.5508690627698689
267193071.39533502 0.5501291918877627
267867801.37108082 0.5493904787412397
268542531.3468266 0.5486529201458181
269217261.3225724 0.5479165129356385
269903236.79791397 0.5471690093573901
270577966.77365977 0.5464349145526036
271252696.74940556 0.5457019616940378
271927426.72515136 0.5449701476891442
272602156.70089716 0.5442394694632614
273153186.1810895 0.5436435893096806
273704215.66128194 0.543048462962181
274378945.63702774 0.5423207610428614
275064921.1123693 0.5415820837723165
275739651.0881151 0.5408566470422457
276414381.0638609 0.5401323290485964
277089111.0396067 0.5394091268320772
277763841.0153525 0.5386870374502204
279124546.46643984 0.537234196991635
279799276.44218564 0.5365154470025629
280474006.41793144 0.5357977981960569
281148736.39367723 0.5350812477120516
281834711.8690188 0.5343538777214328
282509441.8447646 0.5336395335532162
283184171.8205104 0.5329262791762701
283858901.7962562 0.5322141117941721
284533631.772002 0.5315030286260309
285208361.7477478 0.530793026906364
285883091.7234936 0.5300841038849747
286569067.19883513 0.5293644684761517
287243797.17458093 0.5286577125257006
287918527.1503267 0.5279520270684963
288593257.12607247 0.5272474094145365
289267987.10181826 0.5265438568885099
289717807.08564883 0.5260754122943595
290167627.06947935 0.5256074391227634
290842357.04522514 0.5249063615729174
291528332.5205667 0.5241946822517721
292203062.4963125 0.5234957322582934
293552522.4478041 0.5221009828660188
294227252.4235499 0.5214051783117173
294901982.3992957 0.5207104171046325
295576712.3750415 0.5200166967013442
296251442.3507873 0.5193240145719714
296914926.8269373 0.5186438871657207
297600902.3022789 0.5179417550825137
298275632.2780247 0.5172521727294174
298950362.2537705 0.516563618664006
299625092.22951627 0.5158760904225265
300311067.7048578 0.5151781524626783
300985797.6806036 0.5144926855243744
301660527.6563494 0.513808237055532
302335257.6320952 0.513124804643677
303009987.607841 0.5124423858888537
303684717.5835868 0.5117609784035277
304370693.0589284 0.511069248370074
305045423.03467417 0.510389873065914
305720153.01041996 0.5097115019031366
306394882.98616576 0.5090341325431353
307069612.9619115 0.5083577626592503
307744342.9376573 0.5076823899366739
311815213.7913236 0.5036286681518637
312489943.7670694 0.5029602443915244
313164673.7428152 0.5022927996160055
315728647.65064925 0.49976539894728667
316403377.62639505 0.4991026227031268
317089353.1017366 0.4984297907755119
317764083.0774824 0.49776896104844726
318438813.0532282 0.49710909330528563
319113543.028974 0.49645018541776803
319788273.0047198 0.4957922352679653
320463002.9804656 0.4951352407481997
321148978.45580715 0.49446827381114916
321823708.43155295 0.4938132001088289
322498438.40729874 0.4931590757397018
323173168.38304454 0.4925058986364853
323847898.35879034 0.49185366674176295
324522628.3345361 0.4912023780079096
325197358.3102819 0.49055203039701734
325872088.28602767 0.48990262188082195
326411872.26662433 0.4893837698591656
326951656.247221 0.4888655165367782
327637631.72256255 0.48820776520530934
328312361.69830835 0.4875617362975492
328987091.67405415 0.4869166372436291
329661821.64979994 0.486272466068113
330336551.6255457 0.48562922080473736
331011281.6012915 0.4849868994963426
331686011.5770373 0.48434550019480443
332371987.05237883 0.483694354091081
333046717.02812463 0.4830548082806737
333721447.0038704 0.48241617865433795
334396176.9796162 0.48177846329956475
335082152.4549578 0.4811310546484055
335756882.4307036 0.4804951772925043
336431612.4064494 0.4798602084912141
337106342.3821952 0.4792261463665836
337781072.357941 0.4785929890491056
338455802.33368677 0.47796073467765327
339141777.8090283 0.47731886646852645
339816507.7847741 0.47668842741085465
340491237.7605199 0.4760588857349562
341165967.7362657 0.47543023961274533
341840697.7120115 0.4748024872242099
342515427.6877573 0.47417562675735186
343201403.1630989 0.4735392311000084
343876133.13884467 0.47291416386245777
344550863.11459047 0.47228998312834664
345225593.09033626 0.47166668711727594
345900323.06608206 0.47104427405656896
346383879.54869986 0.47059875351668073
346856190.53172195 0.4701640302204623
347542166.0070635 0.4695334130101229
348216895.9828093 0.46891401802646254
348891625.9585551 0.46829549822585004
349566355.9343009 0.4676778518765871
350241085.9100467 0.4670610772543413
350915815.8857925 0.46644517264209207
351590545.8615383 0.46583013633007747
352276521.33687985 0.4652057377861787
352951251.31262565 0.464592447374834
353625981.28837144 0.46398002014938633
354300711.26411724 0.46336845442870217
354975441.239863 0.4627577485386459
355650171.2156088 0.46214790081202956
356336146.69095033 0.4615287669818969
357010876.66669613 0.46092064484166173
357685606.6424419 0.4603133758771014
358360336.6181877 0.45970695844843223
359035066.5939335 0.45910139092257085
359709796.5696793 0.4584966716730852
360395772.0450209 0.4578827417007974
361070502.0207667 0.4572797282215606
361745231.9965125 0.4566775581521149
362419961.97225827 0.45607622989226987
363094691.94800407 0.4554757418482509
363769421.92374986 0.4548760924326542
364455397.3990914 0.45426730694093714
365130127.3748372 0.45366934395646535
365804857.350583 0.45307221484988586
366479587.3263288 0.45247591805892995
367154317.3020746 0.4518804520274758
367829047.2778204 0.45128581520550454
368413813.2568001 0.45077113283792675
368987333.736184 0.45026695109258685
370348039.18727136 0.44907313826166073
371022769.16301715 0.4484824055158904
371697499.13876295 0.44789249320850927
372372229.11450875 0.44730339982948797
373046959.09025455 0.44671512387457624
373721689.06600034 0.446127663845262
374396419.04174614 0.44554101824873155
375071149.01749194 0.4449551855978297
375757124.4928335 0.4443604209243972
376431854.4685793 0.44377622321305327
377106584.4443251 0.44319283399497045
377522667.9293683 0.4428334796848176
377938751.4144116 0.4424744319270692
378613481.3901574 0.4418928430632258
379288211.3659032 0.44131205797606116
379962941.341649 0.4407320752182847
380648916.81699055 0.4401432470938842
381323646.79273635 0.4395648779863871
381840939.77414143 0.4391220021662025
382358232.75554657 0.4386795947471074
383032962.7312923 0.4381032444605906
383707692.7070381 0.43752768856710633
384382422.6827839 0.4369529256536993
385057152.6585297 0.436378954312521
385743128.13387126 0.43579622680779034
386417858.10961705 0.435223847542161
387092588.08536285 0.4346522556323412
387767318.06110865 0.4340814496906482
388442048.03685445 0.4335114283343345
389128023.512196 0.4329327095107565
389802753.4879418 0.43236426621550367
390477483.4636876 0.43179660336390396
391152213.4394334 0.4312297195926989
391826943.4151792 0.43066361354340016
392265517.89941394 0.43029606102327833
392692846.884053 0.4299382480805221
393378822.35939455 0.42936451372924045
394053552.33514035 0.42880096458292016
394728282.31088614 0.4282381873706014
395403012.28663194 0.42767618075854913
395796604.77248365 0.42734869890691846
396190197.25833535 0.4270214785579468
396864927.23408115 0.42646113702609784
397550902.7094227 0.42589224213463267
398225632.6851685 0.42533344484190705
398900362.6609143 0.4247754113088557
403634717.99073064 0.42088124702627944
404309447.96647644 0.4203292894681133
404995423.441818 0.4197689036586751
405670153.4175638 0.41921846161816595
406344883.3933096 0.41866876916658236
407019613.3690554 0.4181198250448378
407694343.3448012 0.41757162799792813
408369073.320547 0.4170241767749049
409055048.79588854 0.41646836465255227
409729778.77163434 0.41592241371894223
410404508.7473801 0.41537720485983165
411079238.7231259 0.41483273684030103
411753968.6988717 0.41428900842935745
412428698.67461747 0.4137460183999095
413103428.65036327 0.41320376552874205
413789404.1257048 0.4126532295423976
414464134.1014506 0.41211245956864173
415138864.0771964 0.41157242308637065
415813594.0529422 0.4110331188876929
416488324.028688 0.41049454576847155
417174299.5040296 0.4099477446511744
417849029.47977537 0.40941064222794266
418523759.45552117 0.40887426727419474
419198489.43126696 0.4083386186006373
419816991.90903395 0.4078482443208179
420435494.38680094 0.407358478411194
421121469.8621425 0.40681599393440365
421796199.8378883 0.4062831304019663
422470929.8136341 0.4057509874328357
423145659.7893799 0.405219563858678
423820389.7651257 0.40468885851466585
426530555.16770464 0.4025644049043021
427205285.14345044 0.4020372852244333
427880015.11919624 0.401510876839145
428565990.5945378 0.40097642298052105
429240720.5702836 0.4004514455725866
429634313.0561353 0.4001455357190702
430027905.541987 0.39983986651102316
430713881.01732856 0.39930770327179116
431388610.99307436 0.39878497530323725
432063340.96882015 0.39826295160951797
432738070.94456595 0.39774163107018135
433412800.92031175 0.39722101256798953
434087530.89605755 0.39670109498890005
434773506.3713991 0.3961732295152498
435448236.3471449 0.3956547220886286
436122966.3228907 0.39513691224357667
436797696.2986365 0.39461979887869214
437472426.2743823 0.39410338089567376
438147156.2501281 0.3935876571993018
438821886.2258739 0.39307262669742027
439507861.70121545 0.39254972185179116
440182591.67696124 0.3920360859823899
440857321.65270704 0.3915231400311857
441532051.6284528 0.39101088291814684
442150554.10621977 0.39054191810311883
442780302.0835825 0.3900650195668742
443455032.0593283 0.389554719743587
444129762.0350741 0.3890451046279545
444815737.5104157 0.388527696748887
445490467.4861615 0.3880194592214757
446165197.46190727 0.3875119031954255
446839927.43765306 0.38700502761363736
447514657.41339886 0.38649883142185343
448200632.8887404 0.3859848940121457
448875362.8644862 0.38548006472817536
449550092.840232 0.38497591167091044
450224822.8159778 0.38447243379734053
450899552.7917236 0.38396963006721485
451574282.7674694 0.3834674994430278
452249012.7432152 0.38296604089000214
452934988.21855676 0.38245691259683506
453609718.19430256 0.3819568062507629
454284448.17004836 0.3814573688706518
454959178.14579415 0.3809585994325316
455633908.12153995 0.3804604969150844
456308638.09728575 0.3799630602996304
456994613.5726273 0.37945801466857343
457669343.5483731 0.3789619178675138
458344073.5241189 0.3784664839112619
459018803.4998647 0.37797171179158595
459693533.4756105 0.377477600502819
460379508.95095205 0.3769759304353344
461054238.92669785 0.37648314877356515
461728968.90244365 0.37599102492434083
462403698.8781894 0.3754995578921562
463078428.8539352 0.3750087466840012
463753158.829681 0.3745185903093476
464439134.30502254 0.37402093493855526
465113864.28076833 0.373532096141839
465788594.25651413 0.37304390920542874
466452078.73266417 0.372564493421282
467115563.2088142 0.37208570607135616
467576628.69224054 0.37175335903933215
468037694.1756668 0.3714213147237993
468712424.1514126 0.3709359412138118
469387154.1271584 0.37045121436149564
470061884.1029042 0.36996713319888686
470736614.07865 0.36948369676036846
471422589.55399156 0.368992862986638
472097319.52973735 0.3685107238139778
472772049.50548315 0.3680292264665571
473446779.48122895 0.3675483699880617
473907844.9646552 0.3672201528255247
474357664.94848573 0.36690022863089555
475032394.9242315 0.36642087444310506
475707124.8999773 0.36594215793717255
476393100.3753189 0.3654561155596471
477067830.3510647 0.36497868216882196
477742560.3268105 0.36450188361148916
478417290.3025563 0.36402571894789537
479092020.2783021 0.3635501872404864
479766750.2540479 0.3630752875538968
480452725.7293894 0.362593119819698
481127455.7051352 0.36211949187208237
481802185.680881 0.36164649313674513
482476915.6566268 0.36117412268699844
483151645.6323726 0.3607023795982879
483826375.6081184 0.3602312629481809
484501105.5838642 0.35976077181635696
485187081.0592058 0.3592830794622635
485861811.03495157 0.358813847001419
486536541.01069736 0.3583452372952422
487211270.98644316 0.35787724943178784
487886000.96218896 0.3574098825011698
488560730.93793476 0.3569431355955508
489235460.91368055 0.3564770078091325
489910190.88942635 0.3560114982381452
490596166.3647679 0.35553886300144144
491270896.3405137 0.355074597424027
491945626.3162595 0.3546109473478628
492620356.2920053 0.35414791187722827
493295086.2677511 0.3536854901183825
493981061.74309266 0.35321598955078465
494655791.71883845 0.35275480273347354
495330521.69458425 0.35229422694372897
496005251.67033005 0.3518342612956653
496679981.64607584 0.35137490490532874
497354711.62182164 0.3509161568906886
497827022.6048437 0.35059539479260055
501684228.96619046 0.3479869415970299
502358958.94193625 0.34753267835843155
503033688.91768205 0.3470790161467267
503719664.3930236 0.34661840814319395
504394394.3687694 0.3461659553750509
505069124.3445152 0.3457141010318632
505743854.320261 0.34526284425476395
506418584.2960068 0.3448121841866912
507093314.2717526 0.3443621199723804
507768044.2474984 0.34391265075835575
508454019.72283995 0.3434562994707476
509128749.69858575 0.3430080275851029
509803479.67433155 0.3425603481358477
510478209.65007734 0.34211326027660977
511152939.62582314 0.34166676316276556
511838915.1011647 0.34121342915756864
512513645.0769105 0.3407681208181684
513188375.0526563 0.34032340068672795
513863105.0284021 0.3398792679255684
514537835.0041479 0.33943572169872044
515223810.47948945 0.33898538345390705
515898540.45523524 0.3385430175353226
516393342.4374488 0.33821898708747256
516876898.92006665 0.3379026241028045
517562874.3954082 0.33745434355840787
518237604.371154 0.337013998710332
518912334.3468998 0.3365742350176611
519587064.3226456 0.3361350516569839
520261794.2983914 0.3356964478065361
520801578.278988 0.33534598142236494
521352607.7591804 0.3349885952356621
522027337.7349262 0.3345515038938086
523376797.6864178 0.33367905005132165
524051527.6621636 0.3332436859237946
524726257.6379094 0.33280889591015583
525400987.6136552 0.3323746792009582
526086963.08899677 0.33193381243052245
526761693.06474257 0.33150074942955876
527436423.04048836 0.33106825730079525
528111153.01623416 0.3306363352411213
528785882.9919799 0.3302049824489879
529460612.9677257 0.32977419812440034
530135342.9434715 0.32934398146891225
530821318.41881305 0.328907175654033
531496048.39455885 0.32847810137545
532170778.37030464 0.3280495923666354
532654334.8529225 0.32774284152166905
533149136.83513606 0.32742925674622536
533823866.81088185 0.3270021293030182
534498596.78662765 0.326575564402571
535173326.76237345 0.3261495612577987
535848056.73811924 0.3257241190831119
536534032.2134608 0.32529216046949316
537208762.1892066 0.32486784720092865
537883492.1649524 0.32444409254158824
538558222.1406982 0.3240208957118297
539232952.116444 0.32359825593347663
539918927.5917856 0.32316914241321676
540593657.5675313 0.3227476236607431
541268387.5432771 0.32232665962099816
541943117.519023 0.32190624952163516
542617847.4947687 0.3214863925917446
543292577.4705145 0.3210670880618487
543978552.9458561 0.3206413606181098
544653282.9216019 0.3202231677600696
545328012.8973477 0.3198055249893827
546002742.8730935 0.31938843154226587
546677472.8488393 0.31897188665633996
547352202.8245851 0.31855588957062453
548038178.2999266 0.3181335199884439
548712908.2756724 0.31771862532406775
549387638.2514182 0.31730427617269785
550062368.227164 0.316890471778919
550737098.2029098 0.31647721138868806
551423073.6782514 0.31605762022860107
552097803.6539972 0.3156454546241021
552772533.629743 0.31523383075671685
553447263.6054888 0.3148227478778632
554121993.5812346 0.31441220524030616
554583059.0646608 0.3141319781013236
555032879.0484914 0.3138588283163579
555707609.0242372 0.3134495523121929
556382338.999983 0.31304081405583634
557068314.4753245 0.3126258139971089
557563116.4575381 0.312326813833529
558057918.4397517 0.31202810176395346
558732648.4154975 0.31162123088152716
559407378.3912432 0.3112148944330989
560082108.366989 0.31080909168311976
560768083.8423306 0.31039707191212546
561442813.8180764 0.3099923432219093
562117543.7938222 0.30958814601909024
562792273.769568 0.3091844795733114
563467003.7453138 0.30878134315549677
564141733.7210596 0.3083787360378469
564816463.6968054 0.30797665749383435
565502439.1721469 0.3075684187545294
568876089.0508759 0.3055686014823707
569562064.5262175 0.30516357603341654
570236794.5019633 0.30476571748927983
570911524.477709 0.30436838101273245
571586254.4534549 0.3039715658897689
572159774.9328388 0.30363468241706804
573419270.8875643 0.30289617785805384
574094000.8633101 0.3025012941946244
574768730.8390559 0.30210692853349247
575443460.8148017 0.3017130801675976
576118190.7905475 0.3013197483910804
576804166.265889 0.3009203899344306
577478896.2416348 0.30052809780427664
578153626.2173806 0.3001363201413954
578828356.1931264 0.2997450562447127
579503086.1688722 0.299354305414336
580177816.144618 0.2989640669515501
580852546.1203638 0.2985743401588139
581538521.5957054 0.2981786417345601
582213251.5714512 0.2977899446927339
582887981.547197 0.29740175722378137
583562711.5229428 0.2970140786348379
584237441.4986886 0.29662690823419435
584912171.4744344 0.29624024533129245
585586901.4501802 0.2958540892367217
586272876.9255217 0.2954620160466873
586947606.9012675 0.29507687992318715
587622336.8770133 0.2946922485352126
588297066.8527591 0.2943081211979265
588971796.8285049 0.2939244972276211
589646526.8042507 0.29354137594171503
590332502.2795923 0.29315238391990395
591007232.2553381 0.2927702743091575
591681962.2310839 0.29238866533047614
592356692.2068297 0.2920075563057666
593031422.1825755 0.29162694655804394
593706152.1583213 0.2912468354114288
594392127.6336628 0.2908608995188433
595066857.6094086 0.2904817918330525
599621284.9456927 0.2879357697352206
600296014.9214385 0.28756049294931135
600970744.8971843 0.28718570755666367
601645474.87293 0.2868114128941568
602320204.8486758 0.2864376082997338
603006180.3240174 0.28605807533521543
603680910.2997632 0.2856852570352301
604355640.275509 0.28531292681253784
605030370.2512548 0.28494108400932344
605705100.2270006 0.28456972796882035
