1.0 0.9747162873581895
573521.4793839261 0.9736681148736217
11402937.590103943 0.9543690049817228
13438373.016937094 0.9508422553570097
13854456.501980335 0.9501250910607137
16733304.398495728 0.9451976589979392
17801626.860093236 0.943384301134983
18195219.345944952 0.9427182684218456
26696817.040341973 0.9285936127397626
27371547.01608777 0.9274934702440613
28057522.49142933 0.9263780522291126
30081712.418666717 0.9231044741182732
33376643.80022535 0.9178318184378398
34051373.775971144 0.9167605132746341
34726103.75171694 0.9156920342640176
36761539.178550094 0.9124857549903774
38785729.10578748 0.9093221413825272
39460459.081533276 0.9082730625921849
43744994.427519076 0.9016739258180511
44419724.40326487 0.9006443887652424
45780429.85435222 0.8985760473385793
46815015.81716245 0.8970104276918484
48164475.76865403 0.8949773173010934
49525181.21974139 0.8929374813156368
50874641.17123298 0.89092452783029
51549371.14697877 0.8899217613203654
52224101.12272457 0.888921450773514
52898831.09847037 0.8879235831543723
54248291.049961954 0.8859351249884228
56283726.47679511 0.8829540280668662
56958456.452540904 0.8819705883964148
57554467.93111636 0.8811038417050229
58161724.90928757 0.8802226214503268
58836454.88503337 0.8792457027220776
59511184.86077916 0.8782711036490004
60185914.836524956 0.8772988120966433
60860644.81227075 0.8763288160106446
62210104.76376235 0.8743956624174483
62884834.73950814 0.8734324811970708
64065612.19706328 0.8717523163867242
64571659.67887263 0.8710343378267191
64976497.664320104 0.870460853916655
65370090.15017182 0.8699040636299752
66044820.12591761 0.8689513107297022
66595849.606110014 0.8681748572891904
67146879.08630241 0.8673998610150452
67551717.0717499 0.866831400992513
67945309.5576016 0.8662794801288756
68620039.5333474 0.8653350407702382
69204805.51232709 0.8645182672398426
69744589.49292372 0.8637657504483682
70295618.97311613 0.8629989642521972
70891630.45169158 0.8621711779114881
71285222.93754329 0.861625431550286
71678815.42339501 0.8610804025601659
73028275.3748866 0.8592171486381602
73703005.3506324 0.8582886478791175
75063710.80171975 0.8564224571656158
75592249.28272063 0.8556998248747165
75895877.77180623 0.8552852623342007
76334452.25604099 0.8546871774653073
76728044.74189271 0.8541511647725488
77076655.22936137 0.8536769857566667
77706403.2067241 0.8528217690391612
79741838.63355726 0.8500695129170431
80416568.60930306 0.8491611498684577
81091298.58504885 0.8482547554762078
81766028.56079465 0.8473503199138446
82440758.53654045 0.8464478334192395
83115488.51228625 0.845547286294145
83790218.48803204 0.8446486689037577
84476193.9633736 0.8437370429362976
85150923.93911938 0.84284228812655
85825653.91486518 0.8419494343665241
86500383.89061098 0.841058472271918
87175113.86635678 0.840169392519731
88524573.81784837 0.8383968430546079
89199303.79359417 0.8375133549984237
89874033.76933996 0.836631712597339
90560009.24468152 0.8357372589083845
91797014.20021547 0.8341290776941845
92359289.18000364 0.8334001019985351
93719994.631091 0.8316411548584436
94394724.6068368 0.8307716484659939
95069454.58258258 0.8299039197518031
95744184.55832838 0.8290379601359442
97093644.50981997 0.8273113141581885
97768374.48556577 0.8264506109139722
98161966.97141749 0.8259493359417919
98285667.46697088 0.8257919140710777
98454349.96090733 0.8255773415255947
98634277.95443954 0.8253485831038458
99027870.44029126 0.8248486014174123
99702600.41603705 0.823992850616423
100377330.39178284 0.8231388114857155
101052060.36752863 0.8222864758742618
101726790.34327443 0.8214358356839184
102401520.31902023 0.8205868828690671
105763924.69815344 0.8163811485806226
106438654.67389923 0.8155421266839863
107079648.15085775 0.8147465682190125
107709396.12822048 0.8139663954735263
108114234.11366796 0.8134656006461889
108507826.59951968 0.8129792737661923
109182556.57526547 0.8121468437890746
110532016.52675706 0.8104867819935732
111206746.50250286 0.8096591353428934
111881476.47824866 0.8088330683817996
112567451.95359021 0.8079948455174198
113242181.92933601 0.807171942116014
114591641.8808276 0.8055308016162468
115266371.8565734 0.8047125502519166
117965291.75955658 0.8014548397291865
121350187.13788132 0.7974031984874858
122002426.11443558 0.7966267747837597
122654665.09098986 0.7958517232263214
123048257.57684158 0.795384681045597
123453095.56228904 0.7949048124590322
124127825.53803484 0.7941061942350884
124802555.51378064 0.7933090238313355
125477285.48952644 0.792513294798372
126152015.46527223 0.7917190007280841
126826745.44101803 0.7909261352533659
127501475.41676383 0.7901346920478385
128176205.39250961 0.7893446648255742
128862180.86785118 0.7885429156242844
129536910.84359697 0.7877557250110332
130627724.304386 0.7864860529264182
131055053.28902501 0.7859896455449062
131729783.2647708 0.7852069736969962
132404513.2405166 0.7844256793444296
133090488.71585816 0.7836327693583824
133765218.69160396 0.782854234742909
134439948.66734976 0.7820770596383797
135114678.64309555 0.7813012381591933
135789408.61884135 0.7805267644571999
136464138.59458715 0.7797536327214466
137138868.57033294 0.7789818371779229
137824844.0456745 0.7781985422438915
138499574.0214203 0.7774294239404561
139174303.9971661 0.7766616246322692
139849033.97291186 0.7758951386911949
140332590.4555297 0.7753466285533192
140827392.43774328 0.7747860555295264
141502122.41348907 0.7740227637752187
142176852.38923487 0.7732607662434788
142851582.36498067 0.7725000574631828
143526312.34072646 0.7717406319978387
144201042.31647226 0.7709824844453522
144875772.29221806 0.7702256094377915
145561747.76755962 0.7694574188837376
146236477.74330541 0.7687030939848563
146911207.7190512 0.7679500256422724
147585937.694797 0.7671982086229534
148260667.6705428 0.7664476377268803
148935397.6462886 0.7656983077868242
149610127.6220344 0.7649502136681238
150284857.59778017 0.7642033502684626
150948342.0739302 0.763470129797325
151611826.55008024 0.7627380896696543
152286556.52582604 0.7619948476935837
152972532.0011676 0.761240459555255
153647261.9769134 0.760499654278454
154321991.9526592 0.7597600498554866
154996721.928405 0.7590216414038772
155671451.90415078 0.7582844240717824
156346181.87989658 0.7575483930377849
157020911.85564238 0.7568135435106852
157695641.83138818 0.7560798707292978
158370371.80713397 0.7553473699622467
160405807.23396713 0.7531447124471257
161080537.20971292 0.7524168721969215
161755267.18545872 0.7516901806681066
162429997.1612045 0.7509646333044377
163104727.13695028 0.7502402255780909
163779457.11269608 0.749516952989468
164454187.08844188 0.7487948110670054
165140162.56378344 0.7480617879550693
165814892.53952923 0.7473419127209434
166489622.51527503 0.7466231548316903
167164352.49102083 0.7459055099264499
167839082.46676663 0.7451889736714562
168513812.44251242 0.7444735417598537
169188542.41825822 0.7437592099115142
169863272.39400402 0.7430459738728562
170538002.3697498 0.7423338294166645
171898707.82083717 0.7409009747292763
172573437.79658297 0.7401920978674675
173248167.77232876 0.7394842958708664
173922897.74807456 0.7387775646418575
174597627.72382036 0.7380719001081358
175272357.69956616 0.737367298222534
175947087.67531192 0.7366637549628527
177307793.12639928 0.7352481466022264
177982523.10214508 0.7345477727460729
178657253.07789087 0.7338484416081622
179331983.05363667 0.7331501492890222
180006713.02938247 0.7324528919131479
180681443.00512826 0.7317566656288403
181356172.98087406 0.7310614666080447
182030902.95661986 0.7303672910461907
182705632.93236566 0.7296741351620332
183391608.4077072 0.7289704681172118
184066338.383453 0.7282793571754544
184741068.3591988 0.7275892546443605
185415798.3349446 0.7269001568347958
186090528.3106904 0.7262120600801706
186607821.2920955 0.7256851948948154
187113868.77390486 0.7251703490083348
187799844.24924642 0.7244733373237977
188474574.22499222 0.7237887485940065
189149304.200738 0.7231051445758976
189824034.1764838 0.7224225217248985
190498764.1522296 0.7217408765180037
191173494.12797537 0.7210602054536287
191848224.10372117 0.7203805050514651
194558389.50630012 0.7176600850813787
195233119.48204592 0.7169852023847302
195907849.45779172 0.7163112698515042
196582579.4335375 0.7156382841466912
196976171.91938922 0.7152461450838012
197167345.41251722 0.7150557931854719
197639656.39553925 0.7145858356101281
198314386.37128505 0.7139152649731928
198989116.34703085 0.7132456294329635
199663846.32277665 0.712576925745351
200338576.29852244 0.711909150685803
201013306.27426824 0.7112423010491721
201688036.25001404 0.710576373649585
202362766.22575983 0.7099113653203128
203048741.7011014 0.7092362124489175
203723471.6768472 0.7085730480228469
204398201.652593 0.7079107932288039
205072931.62833878 0.7072494449756622
205736416.10448882 0.7066000002170318
206399900.58063883 0.7059514261577808
206793493.06649056 0.7055670891167898
207187085.55234227 0.7051830568677101
207861815.52808806 0.7045254232561181
208536545.50383386 0.7038686806062595
209222520.97917542 0.7032019025337192
209897250.95492122 0.7025469476116981
210571980.930667 0.7018928747168994
211246710.9064128 0.7012396809229383
211921440.8821586 0.7005873633208239
212596170.8579044 0.6999359190188428
213270900.8336502 0.6992853451424422
213945630.809396 0.6986356388341148
214620360.7851418 0.6979867972532839
215306336.26048335 0.6973280252011336
215981066.23622915 0.6966809189153071
216374658.72208086 0.6963038358524061
216768251.20793256 0.6959270436041467
217442981.18367836 0.6952817890434672
218117711.15942416 0.694637384753596
218781195.6355742 0.6940045470118109
219186033.62102166 0.6936188101995873
219579626.1068734 0.6932440793350195
220254356.08261916 0.6926023495802885
220749158.06483275 0.6921322811213452
221243960.04704633 0.6916626627851934
221648798.03249383 0.6912787636693424
222042390.51834553 0.6909058160827818
222717120.49409133 0.6902671356762906
223324377.47226253 0.6896930324279196
223920388.950838 0.6891302120589544
224606364.42617956 0.688483234022235
225281094.40192536 0.6878476910532123
225955824.37767115 0.6872129675174485
226630554.35341695 0.6865790608573663
227305284.32916275 0.6859459685303019
227980014.30490854 0.6853136880084039
228654744.28065434 0.6846822167785346
229329474.25640014 0.684051552342171
230015449.7317417 0.6834112013467292
230690179.70748746 0.6827821564029332
231364909.68323326 0.6821539108029828
232039639.65897906 0.6815264621060748
232714369.63472486 0.6808998078855354
233389099.61047065 0.6802739457287245
234063829.58621645 0.6796488732369425
234738559.56196225 0.6790245880253363
235413289.53770804 0.678401087722806
236099265.0130496 0.6777679979593164
236773994.9887954 0.6771460733998766
237448724.9645412 0.6765249266790915
238033490.94352087 0.6759872269150531
238629502.42209634 0.6754397846310471
239304232.39784214 0.6748207650606197
239978962.37358794 0.6742025147092247
240653692.34933373 0.6735850313094909
241328422.32507953 0.6729683126070142
242003152.30082533 0.6723523563602688
242689127.7761669 0.6717269135017011
243363857.75191268 0.6711124881077439
244038587.72765848 0.6704988184847431
244713317.70340425 0.6698859024420428
245185628.6864263 0.6694573084255061
251730509.45116052 0.6635557211691748
252416484.92650208 0.6629411765354541
253091214.90224788 0.6623374398679028
253765944.87799367 0.6617344285609708
254440674.85373947 0.6611321405956951
255115404.82948527 0.6605305739644178
255790134.80523106 0.6599297266707106
256464864.78097686 0.6593295967292998
257139594.75672266 0.6587301821659926
257589414.7405532 0.6583309689194748
258039234.7243837 0.657932072167046
258713964.7001295 0.6573343192035837
259163784.68396005 0.656936211167414
259591113.66859904 0.6565582998331365
260243352.6451533 0.6559820338937391
260670681.62979233 0.6556048374133393
261109256.11402708 0.6552180080471813
261727758.59179407 0.6546729834679321
262346261.06956106 0.6541285473783517
263020991.04530683 0.65353528656724
264370450.99679843 0.6523508533578689
265045180.97254422 0.6517596772498768
266394640.92403582 0.6505793968293786
267058125.40018585 0.6500001017096714
267451717.88603756 0.6496567655356327
267845310.3718893 0.6493136623594907
268531285.84723085 0.6487162383882746
268969860.3314656 0.6483346482607854
269397189.3161046 0.6479631191308989
270060673.7922546 0.6473868112811382
270735403.7680004 0.64680140768987
271410133.7437462 0.6462166801887991
272084863.719492 0.6456326270310916
272759593.6952378 0.6450492464794072
273434323.6709836 0.6444665368058342
274109053.6467294 0.6438844962918285
274783783.6224752 0.6433031232281508
275458513.598221 0.6427224159148043
276144489.07356256 0.6421327108898799
276819219.04930836 0.6415533410393065
277493949.02505416 0.6409746318661208
278843408.97654575 0.6398191889069141
279518138.95229155 0.6392424518206836
280192868.92803735 0.6386663688113032
280867598.90378314 0.6380909382506926
281542328.87952894 0.6375161585194755
282228304.3548705 0.636932464656236
282903034.3306163 0.6363589925402937
283735201.30070275 0.6356525997746534
284196266.7841291 0.6352616419473114
284826014.7614918 0.6347281357515226
285455762.7388545 0.6341951883746252
286130492.7146003 0.6336247920036944
286737749.69277155 0.6331119812234383
287333761.171347 0.6326091687501365
288019736.6466886 0.6320310740080556
288694466.6224344 0.6314630957069225
289369196.5981802 0.630895750067804
290043926.573926 0.6303290355761911
290718656.54967177 0.6297629507255292
291393386.52541757 0.6291974940171636
292068116.50116336 0.628632663960289
292742846.47690916 0.6280684590718967
293417576.45265496 0.6275048778767233
294103551.9279965 0.6269325415210165
294778281.9037423 0.6263702136509877
295453011.8794881 0.6258085050702098
296127741.85523385 0.625247414334019
296746244.33300084 0.6247336226909067
297353501.31117207 0.6242296755618524
297758339.29661953 0.623893987089951
298151931.78247124 0.6235678348584216
298826661.75821704 0.6230092012030518
299501391.73396283 0.6224511782803551
300176121.70970863 0.6218937646898889
300850851.6854544 0.6213369590384115
301334408.1680723 0.6209382881827097
301806719.1510943 0.6205491890046791
303167424.6021817 0.6194298673427109
303842154.5779275 0.6188757402910998
304269483.56256646 0.618525103832033
304438166.05650294 0.6183867609324797
304573112.0516521 0.6182761135824006
304966704.5375038 0.6179535289676935
305630189.0136538 0.6174102041552341
306282427.9902081 0.6168766508566109
306957157.9659539 0.6163252848761802
307631887.9416997 0.6157745132221142
308306617.9174455 0.615224334577662
308835156.3984464 0.6147937746577047
309352449.37985146 0.6143727265523855
309746041.86570317 0.6140525960818923
310139634.3515549 0.6137326660099338
310814364.32730067 0.613184679953638
311489094.30304646 0.6126372807852255
312163824.27879226 0.6120904672253854
312838554.25453806 0.6115442380012124
313513284.23028386 0.6109985918461649
314199259.7056254 0.6104444480163194
314873989.6813712 0.609899973890475
315548719.657117 0.6093560790511582
316223449.6328628 0.6088127622569725
316898179.6086086 0.6082700222726789
317572909.5843544 0.6077278578691562
318247639.5601002 0.6071862678233604
318922369.535846 0.6066452509182855
319608345.01118755 0.606095803365312
320181865.4905715 0.6056368819936194
320744140.4703596 0.605187358655544
321148978.45580715 0.604863946428453
321542570.94165885 0.6045497139069248
323566760.86889625 0.6029367049712729
324241490.84464204 0.6024001643961368
324916220.82038784 0.6018641864095022
325602196.2957294 0.6013198509926385
326276926.2714752 0.6007850040385737
326951656.247221 0.6002507161925175
327626386.2229668 0.5997169863119091
328301116.1987126 0.5991838132597005
328897127.677288 0.5987133059984363
329493139.15586346 0.5982432315585847
329886731.64171517 0.5979330419547664
330887581.1057381 0.5971451213088109
331281173.5915898 0.5968355974528341
331674766.0774415 0.5965262610093959
332349496.0531873 0.5959964053538241
333024226.0289331 0.5954670987187007
333710201.50427467 0.5949295320006067
334384931.48002046 0.5944013292336932
335734391.43151206 0.5933465598272787
336409121.40725785 0.5928199910356098
337083851.38300365 0.5922939647586515
337758581.35874945 0.5917684799329658
338433311.33449525 0.5912435355001143
339119286.8098368 0.5907103948851591
339794016.7855826 0.5901865370451561
340468746.7613284 0.5896632164349946
341143476.7370742 0.5891404320159941
341818206.71282 0.5886181827543131
342492936.6885658 0.5880964676209187
343167666.6643116 0.5875752855915551
343842396.6400574 0.5870546356467125
344517126.6158032 0.5865345167715968
345203102.09114474 0.586006272627558
345877832.06689054 0.5854872216753023
346552562.04263633 0.5849686987597408
347227292.01838213 0.5844507028847163
347902021.9941279 0.5839332330586366
348576751.9698737 0.5834162882944448
349251481.9456195 0.5828998676095916
349926211.9213653 0.5823839700260042
350600941.8971111 0.5818685945700588
351286917.3724527 0.5813451637774626
351961647.3481985 0.5808308383353268
352636377.3239443 0.5803170321103984
353311107.29969007 0.5798037441466367
353985837.27543586 0.5792909734923076
354660567.25118166 0.5787787191999569
355335297.22692746 0.5782669803263826
356010027.20267326 0.5777557559326072
356684757.178419 0.5772450450838513
357359487.1541648 0.5767348468495059
358045462.62950635 0.5762166698572084
359394922.58099794 0.5751988451376191
360069652.55674374 0.5746906966118116
360744382.53248954 0.57418305609387
361419112.50823534 0.5736759226777227
362093842.48398113 0.5731692954612854
362768572.4597269 0.5726631735464353
363173410.4451744 0.5723597425701428
363567002.93102616 0.5720649141398017
364241732.90677196 0.5715598923646896
364916462.88251776 0.571055373058231
365591192.85826355 0.570551355338604
366265922.8340093 0.5700478383278202
366850688.812989 0.5696118612605084
367233035.79924494 0.569327002049094
367694101.2826713 0.5689837082772358
368380076.75801283 0.5684733843980216
369021070.23497134 0.5679969887904865
369504626.71758914 0.5676378990740186
369965692.2010154 0.5672957483147485
370584194.6787824 0.566837128619336
371258924.6545282 0.566337289933199
371933654.630274 0.5658379447288084
372608384.6060198 0.5653390921630314
373294360.08136135 0.5648324295454069
373969090.05710715 0.5643345679174351
374643820.03285295 0.563837196406261
375037412.51870465 0.5635472890336468
375431005.00455636 0.5632575479908023
376105734.98030216 0.5627612355605552
376544309.46453696 0.5624388939561689
376971638.44917595 0.5621250154229213
377646368.42492175 0.5616298149290506
378321098.40066755 0.5611351000767575
378995828.37641335 0.5606408700559663
379670558.35215914 0.560147124059979
380356533.8275007 0.5596456443286105
381031263.8032465 0.5591528720091392
385934301.62699926 0.555586475783962
386609031.60274506 0.5550976611613697
387283761.57849085 0.5546093216889689
387969737.0538324 0.5541133295297612
388644467.0295782 0.5536259459473363
389319197.005324 0.5531390352110309
389993926.9810698 0.5526525965632496
390668656.9568156 0.5521666292494448
391343386.9325614 0.5516811325180974
392018116.9083072 0.5511961056206972
392692846.884053 0.5507115478117254
393367576.8597988 0.5502274583486354
394053552.33514035 0.5497357800850187
394728282.31088614 0.5492526328727831
395403012.28663194 0.5487699517842317
396077742.26237774 0.5482877360885698
396752472.23812354 0.5478059850578829
397427202.21386933 0.5473246979671188
398101932.18961513 0.5468438740940695
398776662.1653609 0.5463635127193546
399451392.14110667 0.5458836131264018
400137367.6164482 0.5453961878615657
400812097.592194 0.5449172173601802
401486827.5679398 0.5444387064957421
402161557.5436856 0.5439606545627885
402836287.5194314 0.5434830608585799
403511017.4951772 0.5430059246830816
404185747.470923 0.5425292453389492
404860477.4466688 0.5420530221315105
405535207.4224146 0.5415772543687488
406221182.89775616 0.5410940233267032
406895912.87350196 0.5406191719497949
407570642.84924775 0.5401447739459072
408245372.82499355 0.5396708286335278
408920102.80073935 0.5391973353337193
409594832.77648515 0.538724293370103
410269562.75223094 0.5382517020688437
410944292.72797674 0.5377795607586334
411619022.70372254 0.5373078687706764
412304998.1790641 0.5368287751804685
412979728.1548099 0.5363579873015257
413654458.1305557 0.5358876467423646
414329188.1063015 0.535417752844124
415003918.0820473 0.5349483049503783
415678648.0577931 0.5344793024071232
416353378.0335389 0.5340107445627595
417028108.0092847 0.5335426307680796
417714083.48462623 0.5330671696226551
419063543.4361178 0.5321331712090628
420413003.3876094 0.5312009386611021
421762463.339101 0.5302704668885113
425147358.71742576 0.5279442476726474
425822088.69317156 0.5274818630244059
426485573.16932154 0.5270276091544482
427160303.14506733 0.5265660870200297
427835033.12081313 0.52610499885132
428509763.0965589 0.5256443440376363
429184493.0723047 0.5251841219704377
429870468.5476463 0.5247166725356033
430545198.5233921 0.5242573213314129
431219928.4991379 0.5237984010507913
431894658.4748837 0.523339911093673
432569388.4506295 0.5228818508620704
433244118.42637527 0.5224242197600617
433727674.9089931 0.5220965144470329
434222476.8912067 0.5217614156909715
434897206.8669525 0.5213048334507966
435571936.8426983 0.5208486782999694
436246666.8184441 0.5203929496516104
436921396.7941899 0.5199376469208395
437607372.2695314 0.5194751918350478
438282102.2452772 0.5190207462670676
438956832.221023 0.5185667248642765
439631562.1967688 0.5181131270497034
440306292.1725146 0.5176599522483173
440981022.1482604 0.5172071998870147
441655752.1240062 0.516754869394609
442330482.099752 0.5163029602018192
443005212.0754978 0.5158514717412575
443691187.55083936 0.5153928891990548
444365917.52658516 0.5149422474969261
445040647.50233096 0.5144920248267664
445715377.47807676 0.5140422206286827
446390107.45382255 0.5135928343446193
447064837.42956835 0.5131438654183486
447739567.40531415 0.5126953132954586
448414297.38105994 0.5122471774233435
449089027.35680574 0.5117994572511919
449775002.8321473 0.5113447006604226
450449732.8078931 0.5108978171483274
451124462.7836389 0.5104513476853502
451799192.75938463 0.5100052917277837
452473922.7351304 0.5095596487336631
453148652.7108762 0.5091144181627556
453823382.686622 0.5086695994765508
454498112.6623678 0.5082251921382499
455172842.6381136 0.5077811956127565
455858818.1134552 0.5073302197355116
456533548.089201 0.5068870500617335
457208278.0649468 0.5064442895967648
457883008.04069257 0.5060019378122451
458557738.01643836 0.5055599941814666
459232467.99218416 0.5051184581793641
459907197.96792996 0.5046773292825062
460581927.94367576 0.5042366069690851
461256657.91942155 0.5037962907189073
461942633.3947631 0.5033490516012102
462617363.3705089 0.5029095526694394
463292093.3462547 0.5024704582413476
463966823.3220005 0.5020317678031319
464641553.2977463 0.5015934808425572
465316283.2734921 0.5011555968489472
465991013.2492379 0.5007181153131757
466665743.2249837 0.5002810357276569
467340473.2007295 0.4998443575863377
468026448.67607105 0.4994008124919763
468701178.65181684 0.49896494239667016
469375908.62756264 0.49852947222816096
470050638.60330844 0.49809440148646017
470725368.57905424 0.4976597296730675
471400098.55480003 0.49722545629096265
472074828.53054583 0.4967915808445964
472749558.5062916 0.49635810283988213
473424288.4820374 0.495925021784188
474110263.957379 0.4954851291324516
474784993.9331248 0.49505284709800496
475459723.9088706 0.4946209605351999
476134453.8846164 0.49418946895716304
476809183.8603622 0.49375837187843463
477483913.83610797 0.49332766881495993
478158643.81185377 0.49289735928408174
478833373.7875995 0.49246744280453203
479508103.7633453 0.4920379188964241
480182833.7390911 0.4916087870812453
480587671.7245386 0.4913514959981941
480936282.2120073 0.49113005267945514
481554784.6897742 0.49073742625122263
482162041.66794544 0.49035225784363856
482769298.6461167 0.48996740551744267
483444028.6218625 0.4895401621160065
484118758.59760827 0.4891133080431502
484793488.57335407 0.4886868428295421
485479464.0486956 0.4882536680146687
486154194.0244414 0.487827985578273
486828924.0001872 0.4874026905932397
487503653.975933 0.4869777825954711
488178383.9516788 0.4865532611221541
488785640.92985004 0.48617152189308965
489392897.9080212 0.48579009503939197
490067627.883767 0.48536665338322216
490742357.8595128 0.484943596504406
491428333.33485436 0.4845138826570153
492103063.31060016 0.4840916003578146
492710320.2887714 0.4837118741112608
493317577.2669426 0.48333245809105835
494003552.7422842 0.48290423125390336
494678282.71803 0.48248340984619464
495353012.6937758 0.48206297011931765
496027742.6695216 0.481642911624891
496702472.64526737 0.48122323391573013
497377202.62101316 0.48080393654584175
498051932.59675896 0.48038501907041686
498726662.57250476 0.47996648104582457
499401392.54825056 0.47954832202960507
500087368.0235921 0.47912358177777414
500762097.9993379 0.47870618575396817
501436827.9750837 0.4782891674108136
502111557.9508295 0.4778725263104919
502786287.9265753 0.4774562620163237
503461017.90232104 0.47704037409276323
504012047.38251346 0.47670101117973335
504574322.36230165 0.4763549807040881
505069124.3445152 0.47605068943787776
505575171.8263246 0.4757396910008079
506238656.3024746 0.47533225669319557
506890895.27902883 0.4749320806994554
507576870.75437045 0.4745115827479562
508251600.7301162 0.474098354629102
508926330.705862 0.4736854993939491
509601060.6816078 0.47327301661698706
510275790.6573536 0.4728609058737785
510950520.6330994 0.47244916674095294
511602759.60965365 0.4720515050852263
512254998.5862079 0.47165418990359553
512929728.5619537 0.4712435383955602
513604458.5376995 0.4708332568428953
514279188.5134453 0.47042334482741205
514953918.4891911 0.47001380193195524
515594911.9661496 0.4696250776996704
516235905.44310814 0.46923668586672523
516910635.41885394 0.46882821106980505
517585365.39459974 0.46842010377577986
518260095.37034553 0.4680123635724807
518934825.34609133 0.46760499004874
519609555.3218371 0.4671979827943871
520284285.2975829 0.466791341400242
520959015.2733287 0.46638506545811104
521644990.7486703 0.46597239246958433
522319720.7244161 0.4655668522846908
522994450.7001619 0.4651616763263473
523669180.6759077 0.464756864190268
524343910.65165347 0.4643524154731276
525018640.6273992 0.4639483297725558
525693370.603145 0.4635446066871325
526368100.5788908 0.46314124581638266
527042830.5546366 0.46273824676077185
527728806.02997816 0.4623289015541185
528403536.00572395 0.46192663094753644
529078265.98146975 0.46152472095647856
529752995.95721555 0.4611231711851381
530427725.93296134 0.46072198123862473
531102455.90870714 0.4603211507229593
531777185.88445294 0.4599206792450695
532451915.86019874 0.45952056641278466
533126645.83594453 0.459120811834832
533812621.3112861 0.4587147615386143
534487351.2870319 0.4583157282536855
535162081.2627777 0.4579170520481385
535836811.2385235 0.45751873253425807
536511541.2142693 0.457120769325204
537186271.1900151 0.4567231620350062
537861001.1657609 0.4563259102785599
538535731.1415067 0.455929013671622
539086760.6216991 0.45560514462745516
539637790.1018915 0.45528151198416905
540312520.0776373 0.4548855487724096
540987250.0533831 0.45448993932125464
541661980.0291289 0.4540946832503946
542257991.5077043 0.4537458340281026
542842757.486684 0.4534038343068117
543517487.4624298 0.4530095480776098
544203462.9377713 0.4526090512185866
544878192.9135171 0.45221547439269105
545552922.8892629 0.45182224877017224
546227652.8650087 0.4514293739763031
546902382.8407545 0.4510368496371651
547577112.8165003 0.4506446753796451
548251842.7922461 0.4502528508314308
548926572.7679919 0.4498613756210067
549601302.7437377 0.4494702493776507
550287278.2190793 0.4490729617219483
550962008.194825 0.44868253810439096
551636738.1705709 0.4482924623403213
552311468.1463166 0.447902734062163
552986198.1220624 0.44751335290311384
553660928.0978082 0.4471243184971408
554335658.073554 0.44673563047897746
555010388.0492998 0.4463472884841193
555685118.0250456 0.44595929214882063
556371093.5003872 0.4455651831828102
557045823.476133 0.4451778828242496
557720553.4518788 0.4447909270325072
558395283.4276246 0.44440431544684694
559070013.4033704 0.44401804770727327
559744743.3791162 0.4436321234545272
560419473.354862 0.44324654233008276
561094203.3306078 0.4428613039761437
561768933.3063536 0.44247640803563987
562454908.7816951 0.44208544781679066
563129638.7574409 0.44170124132684885
563804368.7331867 0.4413173761775441
564479098.7089325 0.4409338520146875
565153828.6846783 0.4405506684847991
565828558.6604241 0.4401678252351044
566503288.6361699 0.4397853219135309
567178018.6119157 0.43940315816870473
567852748.5876615 0.4390213336499476
568482496.5650243 0.43866526984764703
569100999.0427912 0.4383158513913977
569775729.018537 0.4379349917491537
570461704.4938786 0.4375481308206045
571136434.4696244 0.4371679522184342
571811164.4453702 0.4367881107988548
572485894.421116 0.4364086062158754
573160624.3968618 0.43602943812417516
573621689.880288 0.4357705332800733
574071509.8641186 0.435518094349285
574746239.8398644 0.43513971565662296
575331005.8188441 0.4348120587208646
575915771.7978238 0.43448465343922243
576601747.2731653 0.4341009023154186
577141531.2537619 0.43379917723260614
577681315.2343585 0.4334976659907919
578074907.7202103 0.4332779487545155
578468500.206062 0.43305834505402746
579143230.1818078 0.43268214551795836
579817960.1575536 0.4323062791012738
580492690.1332994 0.43193074546573745
581167420.1090451 0.4315555442737474
581842150.084791 0.4311806751883332
582528125.5601325 0.43079989839348465
583202855.5358783 0.43042569803388925
583877585.5116241 0.4300518287681379
584552315.4873699 0.4296782902617675
585013380.9707962 0.42942322900989827
585485691.9538183 0.42916210662172594
586835151.9053099 0.4284169331713185
587509881.8810557 0.4280448405628462
588184611.8568015 0.42767307692376166
588859341.8325473 0.4273016419234939
589534071.8082931 0.4269305352320713
590220047.2836347 0.42655357965176177
590894777.2593805 0.42618313404856306
591569507.2351261 0.4258130157624017
592244237.2108719 0.4254432244656881
592918967.1866177 0.4250737598314191
593593697.1623635 0.42470462153317545
594268427.1381093 0.4243358092451194
594943157.1138551 0.4239673226419915
595629132.5891967 0.42359302813307176
596303862.5649425 0.42322519734085123
596978592.5406883 0.4228576912558407
597653322.5164341 0.4224905095550804
598136878.9990519 0.42222756203129325
598631680.9812655 0.4219586716180816
599306410.9570113 0.4215922832973675
599981140.9327571 0.4212262182510218
600667116.4080987 0.420854383191359
601341846.3838445 0.42048896910745326
602016576.3595903 0.4201238773328833
602691306.3353361 0.4197591075488578
603366036.3110819 0.4193946594371333
603782119.796125 0.4191700766414592
604198203.2811683 0.4189456159753906
604872933.2569141 0.4185818851188807
605547663.2326599 0.41821847490940905
606222393.2084057 0.4178553850310271
606908368.6837473 0.41748657171339404
607583098.6594931 0.41712412687717015
608257828.6352389 0.41676200142216335
608932558.6109847 0.41640019503456477
609607288.5867305 0.41603870740109244
610282018.5624763 0.4156775382089893
610765575.0450941 0.41541889599970366
611260377.0273076 0.4151544078742441
611935107.0030534 0.4147940175449776
612609836.9787992 0.41443394458206656
613284566.954545 0.41407418867506335
613959296.9302908 0.41371474951403286
614634026.9060366 0.4133556267895512
615308756.8817824 0.412996820192703
615994732.357124 0.41263235724272257
616669462.3328698 0.41227418723233683
617344192.3086156 0.4119163324207518
618018922.2843614 0.41155879250107513
618693652.2601072 0.4112015671669126
619368382.235853 0.4108446561123665
620043112.2115988 0.4104880590320337
620717842.1873446 0.41013177562100317
621392572.1630903 0.4097758055748544
622078547.6384319 0.40941422362382823
622753277.6141777 0.40905888460618994
623428007.5899235 0.40870385803804904
624102737.5656693 0.4083491436169349
624777467.5414151 0.4079947410408574
625452197.5171609 0.4076406500083052
626126927.4929067 0.4072868702182435
626801657.4686525 0.4069334013701124
627487632.943994 0.40657435982384027
628162362.9197398 0.406221517129616
628837092.8954856 0.40586898447349157
629511822.8712314 0.40551676155679556
630186552.8469772 0.40516484808132214
630861282.822723 0.4048132437493293
631536012.7984688 0.40446194826353693
632210742.7742146 0.40411096132712465
632885472.7499604 0.40376028264373076
633571448.225302 0.4034040750127431
634246178.2010478 0.40305401707331867
634920908.1767936 0.40270426649564645
635595638.1525394 0.40235482298518754
636270368.1282852 0.4020056862478527
636663960.6141368 0.4018021647038174
637057553.0999886 0.40159874738971457
637732283.0757344 0.40125027432072313
638418258.5510759 0.4008963068989687
639092988.5268217 0.4005484503173856
639767718.5025675 0.4002008989917009
640442448.4783133 0.39985365263056655
641117178.4540591 0.39950671094307205
641791908.4298049 0.3991600736387425
642466638.4055507 0.39881374042753703
643141368.3812965 0.3984677110198471
643816098.3570423 0.3981219851264952
644502073.8323839 0.397770807981622
645176803.8081297 0.39742569329764216
645851533.7838755 0.3970808812582413
646526263.7596213 0.3967363715759559
647200993.7353671 0.39639216396374544
647875723.7111129 0.3960482581349904
648550453.6868587 0.395704653803491
649225183.6626045 0.39536135068346606
649899913.6383502 0.3950183484895503
650585889.1136918 0.39466993778972587
651260619.0894376 0.3943275415971286
651935349.0651834 0.3939854454722985
653284809.016675 0.39330215229152277
654634268.9681666 0.39262005598264543
655308998.9439124 0.3922794559492113
655983728.9196582 0.3919391542874112
656669704.3949997 0.3915934865136681
657344434.3707455 0.39125378571282804
658019164.3464913 0.39091438243632814
658693894.3222371 0.3905752764040974
659368624.2979829 0.3902364673364613
660043354.2737287 0.38989795495413987
660718084.2494745 0.3895597389782464
661392814.2252203 0.3892218191302862
662078789.7005619 0.38887857057044284
662753519.6763077 0.388541247068277
663428249.6520535 0.3882042188562791
664102979.6277992 0.38786748565751505
664777709.603545 0.3875310471954355
