1.0 1.0
1180778.457555142 0.9982683451633245
1428179.448661934 0.9979401491525969
2530238.4090467333 0.9922959777986569
9288783.666100452 0.965550836342506
9974759.14144201 0.9638184314355618
10649489.117187805 0.9623160470962906
13348409.020170987 0.9525198378185463
15372598.947408374 0.9461699366982008
16598358.403346568 0.9415266048391956
17812872.359689 0.9374104867906936
20523037.762267947 0.9298893976143457
23221957.66525113 0.9205851489895513
23896687.64099692 0.9199344241372354
24582663.116338484 0.9182817763693756
25257393.092084277 0.9165779573486194
25932123.067830075 0.9155757010656669
26606853.043575868 0.9142122458167057
27000445.529427584 0.9130494751789607
27394038.015279297 0.911767360536539
28754743.466366652 0.9067260764305024
29429473.442112446 0.9054011246179902
30104203.417858243 0.904010000232547
30778933.393604036 0.9027368030552286
31453663.369349834 0.9015216943999925
32128393.345095627 0.9000063089024678
33489098.796182983 0.89483051276668
34163828.77192878 0.893754749904614
38212208.62640355 0.9324942138584732
38886938.602149345 0.9318366550638889
39291776.587596826 0.9313843646205169
39550423.07829938 0.9313124415259267
40090207.05889601 0.9300503286719983
40764937.03464181 0.9291489980726843
41439667.01038761 0.9277060357165957
42114396.986133404 0.9267032793867973
42789126.961879194 0.925394329013614
43463856.93762499 0.9243930728158191
44138586.91337079 0.9231664631343327
44813316.889116585 0.9221344541920632
45499292.36445814 0.9208627571467484
46174022.34020394 0.9194755497750181
46848752.31594973 0.9179815828540044
47523482.29169553 0.9171086714699753
48007038.774313346 0.9163201843004785
48479349.75733541 0.9155858686393508
49165325.23267697 0.9148491360965135
49840055.20842276 0.9134042568970271
50514785.184168555 0.9121864813451926
51189515.15991435 0.9110100428143769
51583107.645766065 0.910027954999355
51695562.6417237 0.909711843405709
51852999.63606438 0.9095424949297989
52280328.620703384 0.9089634431486502
52955058.59644918 0.9075889035762991
53629788.57219498 0.906496305877718
54304518.547940776 0.9055980588949308
54979248.52368657 0.9042616894001542
55653978.49943236 0.9030744165693714
56328708.47517816 0.9020974958851771
57003438.45092396 0.9007992964765092
57678168.426669754 0.8996505270907096
58364143.90201131 0.8985729307292315
59038873.8777571 0.8974444964993339
59713603.8535029 0.896036203909967
60388333.8292487 0.894882434072777
61063063.80499449 0.8944173924945744
61737793.78074029 0.8932036172919045
62412523.75648608 0.8918845826804888
63087253.73223188 0.8906137190494283
63773229.207573436 0.8892654318170072
64447959.18331923 0.8877082092430838
65122689.15906503 0.8858904633719014
65797419.13481082 0.885447507096493
66472149.11055662 0.884140306878736
67146879.08630241 0.8831738037916486
67821609.06204821 0.8821571295538906
68496339.03779401 0.8810483637450776
69171069.0135398 0.8800657758832098
69857044.48888136 0.8787283229592899
70531774.46462716 0.8772285221896996
71206504.44037294 0.876447369009317
71881234.41611874 0.8750705792261594
72555964.39186454 0.8740275693044856
73039520.87448236 0.8732119963722699
73523077.35710019 0.8726859493348956
74209052.83244175 0.8717201129740912
74883782.80818753 0.8709303756960138
75558512.78393333 0.8697727721805624
76233242.75967912 0.8683057243428303
76907972.73542492 0.867403310314373
77582702.71117072 0.8664455580129516
78257432.68691652 0.865509307623493
78932162.66266231 0.8645739739922744
79606892.63840811 0.8634864600805353
80292868.11374967 0.8622239305237468
85690707.91971603 0.8886809628901422
86376683.39505759 0.8879642321357983
87051413.37080339 0.8868262137145142
87726143.34654918 0.8857131975245797
88400873.32229497 0.8846084320734653
89075603.29804076 0.8836106761950574
89750333.27378656 0.8825657494214516
90425063.24953236 0.8816654189158294
91099793.22527815 0.8803006302143019
91785768.70061971 0.879443636925616
92246834.184046 0.8787330733872574
92707899.6674723 0.8778517445764367
93382629.6432181 0.8770617572749363
94057359.6189639 0.876009829879625
94732089.5947097 0.8748068056414705
95406819.57045548 0.8737770469014732
96081549.54620127 0.8730216460227089
96767525.02154283 0.8720598933550547
97442254.99728863 0.8710573870486793
98116984.97303443 0.8697546038914812
98791714.94878022 0.8688271042962228
99466444.92452602 0.8680241991633862
100141174.90027182 0.8668968483626318
100815904.87601762 0.8663515496070331
101490634.85176341 0.865342459373278
102165364.8275092 0.8642071078571264
102851340.30285075 0.8632888590858458
103526070.27859655 0.8622676010995576
104200800.25434235 0.8612177572270814
104875530.23008814 0.8604187691164918
105550260.20583394 0.8594510159122898
106224990.18157974 0.8586404434399987
106899720.15732554 0.8573710799324076
107574450.13307133 0.8566338473427244
108260425.60841289 0.8555736692171271
108935155.58415869 0.8546432526847791
109609885.55990447 0.8538811012077321
110284615.53565027 0.8527340819756521
110959345.51139607 0.8517902475804836
111634075.48714186 0.850750071238259
112308805.46288766 0.8496415554520155
112983535.43863346 0.8487234733601722
113658265.41437925 0.8479967417115816
114344240.88972081 0.8470754093288948
115018970.86546661 0.8460302325395468
115693700.8412124 0.8452893329570136
116368430.81695819 0.8442387390168287
117043160.79270399 0.8433338247686502
117717890.76844978 0.8422288926363917
118392620.74419558 0.8412749740064046
119067350.71994138 0.8405069886696865
119742080.69568717 0.839476063154
120428056.17102873 0.8385030594843722
121102786.14677453 0.8375056369648387
121777516.12252033 0.836621974618001
122452246.09826612 0.8355991331582839
123126976.0740119 0.8347705590703748
123801706.0497577 0.8338231410220746
124476436.0255035 0.8330481550585306
125151166.0012493 0.8322742525258366
125825895.9769951 0.8310316414152625
126388170.95678326 0.8304095857931203
126950445.93657142 0.8296985222121829
127636421.41191298 0.8287863573163154
128311151.38765877 0.8277999357804533
128985881.36340457 0.8268930213534255
129660611.33915037 0.8258373436246917
130335341.31489617 0.825145781787962
131010071.29064196 0.8243706291432739
131684801.26638776 0.8232517790987888
132359531.24213354 0.8221403463848435
133045506.7174751 0.821339691460253
133720236.6932209 0.8207122186864205
134394966.6689667 0.8196960444903879
135069696.6447125 0.8186136143697579
135744426.62045828 0.8179149685664834
136419156.59620407 0.8167892012365976
137093886.57194987 0.816028716570138
137768616.54769567 0.815291067278448
138443346.52344146 0.814181968107347
139129321.99878302 0.8135582456686435
139804051.97452882 0.8123322193754285
140478781.95027462 0.8115013117446754
141153511.9260204 0.8106920727189765
141828241.9017662 0.8098270787072125
142502971.877512 0.8087474821737124
143177701.8532578 0.8077168066805953
143852431.8290036 0.8071212534277802
144538407.30434516 0.8059853185233571
145213137.28009096 0.8054131840318762
145887867.25583676 0.8045570241429367
146562597.23158255 0.8034907621350987
147102381.21217918 0.8029512138900649
147642165.19277582 0.8022103976489569
148328140.66811737 0.8011604704342017
149002870.64386317 0.8002335542195339
149677600.61960897 0.7998107664154697
150352330.59535477 0.7988841835630901
151027060.57110056 0.797787168805657
151701790.54684636 0.7968401674610703
152376520.52259216 0.7959489211016956
152950041.00197607 0.7951220138294943
153512315.98176423 0.7943613624810372
154187045.95751002 0.7935246209957333
154861775.93325582 0.7925900374288097
155536505.90900162 0.7916806227786469
156211235.88474742 0.7905293531688589
156897211.36008897 0.7900800629946144
157571941.33583477 0.7896458575031652
158246671.31158057 0.7888566202651065
158921401.28732637 0.7880481313062627
159596131.26307216 0.7870806281288971
160270861.23881796 0.7865459969904145
160945591.21456376 0.7854376478853152
161620321.19030955 0.7842826279412515
162025159.17575702 0.783694908721836
162418751.66160873 0.7834046327669668
162812344.14746046 0.7830008466611179
163205936.63331217 0.7823550389153533
163880666.60905796 0.7813095287628637
164555396.58480376 0.7807307270085516
164948989.07065547 0.7803791122347828
165353827.05610296 0.7798861514889947
170875367.3576227 0.7959946751926607
171550097.3333685 0.7952710271537695
172224827.3091143 0.7947693989663008
172899557.2848601 0.793742473808313
173574287.2606059 0.7926447923245967
174249017.2363517 0.7917754645919927
174934992.71169326 0.791066567871902
175609722.68743905 0.7900429763453297
176284452.66318482 0.789366082485975
176959182.63893062 0.7884441667184304
177633912.61467642 0.7877208520418275
178308642.5904222 0.7868971117190443
178983372.566168 0.7858115979895682
179658102.5419138 0.7847815892227343
180332832.5176596 0.7838422552304035
181007562.4934054 0.7828795858190172
181693537.96874696 0.7821142673865783
182368267.94449276 0.7815497169067811
183042997.92023855 0.7806414690271869
183717727.89598435 0.7795522883031536
184392457.87173015 0.778773301981911
185067187.84747595 0.7778589702251969
185741917.82322174 0.7771409060182868
186416647.79896754 0.7760548089030995
187102623.2743091 0.774843617269257
187777353.2500549 0.774069714736563
188452083.2258007 0.773367401937878
189126813.2015465 0.7724272345372666
189801543.17729226 0.7716017440582037
190476273.15303805 0.7706784114966675
191151003.12878385 0.7699585137929056
191825733.10452965 0.7691441076380859
192500463.08027545 0.7680062558953855
193186438.555617 0.7668584032584387
193861168.5313628 0.7658198103904964
194535898.5071086 0.7651885872815347
195210628.4828544 0.7644381868507472
195885358.4586002 0.7634895186904527
196560088.434346 0.7625424340052941
197234818.4100918 0.7616844406195028
197909548.38583758 0.7607293552189468
198584278.36158338 0.7598802792974054
199270253.83692494 0.7590302866270116
199855019.81590462 0.7584180652179718
200349821.7981182 0.7576933337482306
200934587.7770979 0.7571718704534126
201609317.75284368 0.7564367213857113
202104119.73505726 0.7557652446780467
202587676.2176751 0.7553423735325571
203262406.1934209 0.7547056499321865
203948381.66876245 0.7536403880137732
204623111.64450824 0.7528674855696506
205297841.62025404 0.7521610057321229
205972571.59599984 0.7511303302398593
206647301.57174563 0.7503645117622814
207322031.54749143 0.748973387372571
208671491.49898303 0.7478456198646894
209200029.9799839 0.7468345294563522
209728568.46098477 0.7465695057588158
210122160.94683647 0.7459076965822563
210515753.4326882 0.7453889835339963
211201728.90802976 0.7447457593527921
211876458.88377556 0.7441000349467459
212551188.85952133 0.7435464854506201
213225918.83526713 0.7425573970096255
213776948.31545955 0.7418241647802013
214327977.79565194 0.7411316028531935
215002707.77139774 0.7402875273787753
215677437.74714354 0.7396002992620324
216352167.72288933 0.7389807438638786
217038143.1982309 0.7382985995356843
217712873.1739767 0.7377042963948633
218387603.1497225 0.7368037158683783
219062333.12546828 0.7359851426738626
219737063.10121405 0.7351254824723635
220411793.07695985 0.7341385608922156
221086523.05270565 0.7334595001728675
221761253.02845144 0.7331628069768833
222435983.00419724 0.7321283811486371
223121958.4795388 0.7312287173701515
223796688.4552846 0.730738590211493
224471418.4310304 0.7300556124750184
225146148.4067762 0.7293253805130147
225820878.382522 0.7289178440728901
226495608.35826778 0.7280314314794946
227170338.33401358 0.7272420275602915
227845068.30975938 0.7266213887312877
228519798.28550518 0.7259209094303078
229205773.76084673 0.7250129949138553
229880503.73659253 0.7242425093531489
230555233.71233833 0.7238340561641716
231229963.68808413 0.7230471524689571
231904693.66382992 0.7220724819836213
232579423.63957572 0.7212134051678333
233254153.6153215 0.7204093332704019
233928883.59106728 0.7198150301295808
234603613.56681308 0.719126551901697
235289589.04215464 0.7184307396846992
235964319.01790044 0.7175412434816042
236639048.99364623 0.7168526819131483
237313778.96939203 0.7161232000188533
237988508.94513783 0.7153337960996503
238550783.92492598 0.7147392429362598
239101813.4051184 0.7139735911406793
239787788.88045996 0.7133322004563268
240462518.85620576 0.7128383229625392
241137248.83195156 0.7118708197851739
241811978.80769733 0.7110044089794181
242486708.78344312 0.7102453411069501
243161438.75918892 0.7101242469451402
243836168.73493472 0.7095456952133975
244510898.7106805 0.709048317406197
245196874.18602207 0.7079871391860545
245871604.16176787 0.7072580739946196
246546334.13751367 0.707001217694478
246939926.62336537 0.7069827993811203
247277291.61123827 0.7061277229230309
247895794.08900526 0.7055480044198662
248570524.06475106 0.704919364875465
249245254.04049686 0.7043949013132265
249919984.01624265 0.7037455932540488
250594713.99198845 0.7031219541567709
251269443.96773425 0.7025028154623306
251944173.94348004 0.7017922519256787
252349011.9289275 0.7014453042367451
252731358.91518345 0.7011415270733627
253406088.89092925 0.7002155276075476
254080818.86667505 0.6996460600203457
254755548.84242085 0.6990522152543777
255430278.81816664 0.6983787800381499
256105008.79391244 0.697827855776017
260164634.14798298 0.6936383561652334
260839364.12372878 0.6929285843665761
261514094.09947458 0.6921144699046121
262188824.07522038 0.6913183570522919
262863554.05096617 0.6909973700172602
263538284.02671194 0.6901614619393835
264213014.00245774 0.689437522207637
264898989.4777993 0.6882375399088959
265573719.4535451 0.6879627653396823
266248449.4292909 0.687279454240066
266923179.4050367 0.6866829842392514
267597909.38078249 0.6857938214001514
268272639.35652828 0.6852700662336286
268947369.3322741 0.684561127843252
269622099.3080199 0.6840965446347819
270308074.78336143 0.683186963303475
270982804.75910723 0.6825463643562637
271657534.734853 0.6820481114704966
272332264.7105988 0.6812873351111813
273006994.6863446 0.680450301933022
273681724.6620904 0.6798681248770083
274221508.642687 0.6791797299896967
274761292.6232837 0.678582009876888
275436022.5990295 0.677839985194072
276110752.5747753 0.6771859267103404
276785482.5505211 0.6766155423751392
277460212.5262669 0.6758460152335716
278134942.50201267 0.6751046989473246
278820917.9773542 0.6745786935802364
279495647.9531 0.6737874144938955
280012940.9345051 0.673301537714652
280541479.415506 0.6727019841049914
281216209.3912518 0.6718784104633523
281868448.3678061 0.6712961500659133
282531932.8439561 0.6705759189990097
283206662.8197019 0.6698777315697348
283881392.7954477 0.6694585690890884
284556122.7711935 0.6687994684879475
285230852.7469393 0.6679660189637732
285905582.7226851 0.6672755405570401
286591558.19802666 0.666388294555364
287266288.17377245 0.6658529133500262
287941018.14951825 0.6651189727231793
288615748.12526405 0.6645572141593727
289290478.10100985 0.663736599116575
289965208.0767556 0.6631344619423541
290639938.0525014 0.662455526233864
291314668.0282472 0.6616173262842824
291989398.003993 0.6607483735859592
292675373.47933453 0.6600930233199475
293350103.45508033 0.6594573414792876
294024833.4308261 0.6588195344489202
294699563.4065719 0.6581304311650394
295374293.3823177 0.6576573888671724
296049023.3580635 0.6570449591058493
296723753.3338093 0.6563620647099465
297398483.3095551 0.655996782047374
298073213.2853009 0.6552220877766853
298759188.76064247 0.6543245075184745
299433918.73638827 0.6536388628768672
300108648.71213406 0.6530109734001746
300783378.68787986 0.6524318382818675
301458108.66362566 0.6518129079397107
302132838.63937145 0.6512719845718246
302807568.61511725 0.6507256023828154
303482298.59086305 0.6501453838353651
304157028.56660885 0.6492998915678089
304843004.0419504 0.6488626441369463
305517734.0176962 0.6484906108709705
306192463.993442 0.6475454013529498
306867193.9691878 0.6468646738178938
307541923.9449336 0.6462439099780318
308216653.9206794 0.6458057874694562
308891383.8964252 0.6445471332578013
309566113.872171 0.6439782490571639
310240843.8479168 0.6436561369218495
310926819.32325834 0.6434013641411293
311601549.29900414 0.6426927174427547
312276279.27474993 0.6422602204364459
312951009.25049573 0.6414679412606804
313625739.2262415 0.6408459689791103
314300469.2019873 0.6401499484098289
314975199.1777331 0.6397128676609638
315649929.1534789 0.6389022951826988
316335904.6288205 0.6387132366102974
317010634.6045663 0.6380770547253519
317685364.5803121 0.63713997093444
318360094.5560578 0.6367191833092251
319034824.5318036 0.6360524570261145
319709554.5075494 0.635344435383737
320384284.4832952 0.6346584157087022
320946559.4630834 0.6337952968649294
321497588.9432758 0.6335502749558863
326344399.26904976 0.646428884851309
327030374.7443913 0.6457859106918209
327705104.7201371 0.6452430704865109
328379834.6958829 0.644638641440585
329054564.6716287 0.6432407664474716
329729294.6473745 0.6426464216363644
330404024.6231203 0.641923315312045
331078754.5988661 0.6409547287038293
331753484.5746119 0.6400747750218347
332428214.5503577 0.6394400516003135
333114190.02569926 0.6385239280161801
333788920.00144506 0.6378598686382019
334463649.97719085 0.637230770719801
335138379.95293665 0.6365338334025203
335813109.9286824 0.6359122361543778
336487839.9044282 0.6349712353463391
337162569.880174 0.6341552873875232
337837299.8559198 0.6336110303882215
338512029.8316656 0.6329760986144166
339186759.8074114 0.6320394315280717
340266327.7686047 0.6316539387247223
340659920.2544564 0.6305896768957336
341334650.2302022 0.6294519501638914
342009380.205948 0.6288110178535387
342695355.68128955 0.6282710529056444
343370085.65703535 0.6274924832881154
344044815.63278115 0.62692084884092
344719545.60852695 0.6262406213510031
345394275.5842727 0.6256749040997838
346069005.5600185 0.6239657929433157
348093195.4872559 0.6151492545980305
348779170.9625974 0.614275009758875
349453900.9383432 0.6136912492277257
350128630.914089 0.6132555019314267
350803360.8898348 0.6123927581210816
351478090.8655806 0.6119978478091967
352152820.8413264 0.6115074289576828
352827550.8170722 0.6106603948852768
353502280.792818 0.6099879597584736
354177010.7685638 0.6093226919396407
354862986.24390537 0.6084686572412621
355537716.21965116 0.6077702614597037
356212446.19539696 0.6071465806921398
356887176.17114276 0.6065454019370575
357561906.14688855 0.6058792590388046
359586096.07412595 0.5942431769125306
360260826.04987174 0.5931956665811917
360946801.5252133 0.5928154242475352
361621531.5009591 0.5922532906503009
362296261.4767049 0.5914709706976425
362970991.4524507 0.5907191118025773
363645721.4281965 0.5901799802621104
364252978.4063677 0.5893652407441492
364579097.89464486 0.5888896565520079
364781516.88736856 0.5888119829400255
365242582.3707949 0.588538083448525
365917312.34654063 0.5876348776871937
366603287.8218822 0.5873101403170328
367278017.797628 0.5868130958729738
367952747.7733738 0.586157203891537
368627477.7491196 0.5856463665478162
369066052.2333544 0.5849613469622061
369212243.7280993 0.5845831464785383
369392171.7216315 0.5845200158330729
369841991.70546204 0.5841162297280774
371202697.1565494 0.583694567024296
371877427.1322952 0.5830583434690643
372552157.108041 0.5824364545280662
373226887.0837868 0.5820560871835516
373901617.0595326 0.5815842533273928
374576347.0352784 0.5808608553102178
375251077.0110242 0.5802557178677229
375925806.98677 0.5799445650449403
376611782.46211153 0.5794331443155084
377252775.93907005 0.579313383607118
377860032.9172412 0.5790999478550971
378501026.3941997 0.5785694837563107
379175756.3699455 0.5778628372376389
379850486.3456913 0.5771671083603594
380424006.82507527 0.5768414959124855
380772617.3125439 0.5765824310812109
381233682.7959702 0.5761885625290366
381919658.27131176 0.5756648907039392
382594388.24705756 0.5750990484418618
383269118.22280335 0.5745124543235826
383943848.19854915 0.5732578421407659
384618578.17429495 0.5730348221990654
385293308.15004075 0.5726210351998232
385968038.12578654 0.5719348905130769
386642768.10153234 0.5711223595262486
387834791.0586833 0.5707436173271557
388509521.0344291 0.5703478736078436
389195496.50977063 0.5693599519374177
389757771.48955876 0.5689184124568544
390331291.9689427 0.568442661583569
390724884.4547944 0.5679196981550407
391804452.4159877 0.5645226027308807
392479182.39173347 0.5641657791585585
392929002.375564 0.5636453159540186
393378822.35939455 0.5632909509345453
396876172.7336769 0.5647792090093062
397550902.7094227 0.5644905998692914
398090686.69001937 0.5641286091678482
398630470.670616 0.5635049284011378
399305200.64636177 0.5627756965285589
399979930.62210757 0.5625427590331837
401329390.57359916 0.5622227720884301
402004120.54934496 0.5619339545961317
402690096.0246865 0.5610416248067601
404714285.9519239 0.5550125857105883
405389015.9276697 0.5544491603310738
406063745.9034155 0.5540595421591678
406738475.8791613 0.5535768740004817
407413205.8549071 0.553147752296728
408087935.8306529 0.5526360815447265
408773911.30599445 0.552240171143417
409448641.28174025 0.5514451833922329
410123371.25748605 0.550893592403817
410798101.23323184 0.5504727214371766
411472831.20897764 0.5498257469208433
