1.0 0.9677975234140288
3711015.866601875 0.9620404927708663
4396991.3419434335 0.9609800707166093
5071721.31768923 0.9599381729162723
5746451.293435025 0.9588974047450087
6421181.26918082 0.9578577649780711
7095911.244926616 0.9568192523920397
7489503.73077833 0.9562139734358863
7624449.725927489 0.9560065373788716
7905587.215821571 0.9555745234469843
8445371.196418207 0.9547456038756476
9131346.671759766 0.9536932227106572
9806076.64750556 0.9526592253352558
10480806.623251356 0.9516263490232609
12954816.534319274 0.9478487075712824
13348409.020170987 0.9472491033358194
13742001.506022701 0.9466498784069235
14416731.481768496 0.9456235174489309
14810323.96762021 0.9450253208573378
15215161.953067688 0.9444104277205647
15676227.436493982 0.9437106200434588
16013592.42436688 0.9431988941999947
16564621.904559279 0.9423636719959106
17239351.880305074 0.9413419581572187
18588811.831796665 0.9393018525154779
19263541.807542462 0.9382834583116886
21298977.23437561 0.9352179870297669
21973707.210121408 0.9342040205665714
22648437.1858672 0.9331911534492005
23323167.161613 0.9321793844857396
23885442.14140116 0.931337081691412
24436471.62159356 0.930512363368593
25054974.09936054 0.9295875290151419
25516039.582786832 0.9288987050989229
25864650.070255496 0.9283782258981584
26381943.051660605 0.927606439318696
27056673.0274064 0.9266007253209403
27731403.003152195 0.9255961017216587
28406132.97889799 0.9245925673386375
29080862.954643786 0.9235901209909445
29755592.93038958 0.9225887614989285
30430322.906135377 0.9215884876842168
31105052.881881174 0.9205892983697146
31588609.36449899 0.9198738791575437
32072165.847116813 0.9191590159203883
32746895.822862606 0.9181624606472834
34096355.7743542 0.916172590335288
34782331.249695756 0.9151627267925693
35457061.22544155 0.9141705043094783
36131791.20118735 0.9131793575973163
36772784.678145856 0.9122387635912402
37166377.16399757 0.9116616860238809
37301323.159146726 0.91146391490703
37582460.64904081 0.9110520295336092
38144735.62882897 0.9102288170886498
38819465.60457477 0.9092419439669319
39303022.08719259 0.9085353431446408
39887788.06617228 0.907681582635749
40562518.04191807 0.906697471234129
41237248.01766387 0.9057144268093761
41911977.99340966 0.9047324482046705
42586707.96915546 0.9037515342644464
43261437.94490126 0.9027716838343911
43936167.92064705 0.9017928957614433
44610897.896392845 0.900815168893792
45296873.3717344 0.8998222332751314
45971603.3474802 0.8988466430063268
46646333.323226 0.8978721104757488
47995793.274717584 0.8959262140433021
48445613.25854812 0.8952785195081074
48884187.74278288 0.8946474681660341
49289025.72823036 0.8940653540407857
49682618.21408208 0.8934997728791908
50357348.18982787 0.8925310374430552
51032078.165573664 0.8915633523131136
51706808.14131946 0.8905967163506205
52381538.11706526 0.8896311284180651
53742243.568152614 0.8876870426976581
54416973.5438984 0.8867246094429913
55091703.5196442 0.885763219661672
55766433.49539 0.8848028722223635
56441163.471135795 0.883843565994955
57115893.446881585 0.8828852998505607
57790623.42262738 0.8819280726615193
58476598.89796894 0.8809559555983637
59151328.87371474 0.8800008202108018
59826058.849460535 0.8790467203842158
60500788.82520633 0.878093654995847
61175518.80095212 0.8771416229241542
61614093.285186894 0.8765233556628867
62063913.26901742 0.8758896880923581
62738643.24476322 0.87494004556894
63300918.22455138 0.8741494633510872
63694510.71040309 0.873596480879897
64200558.19221244 0.8728860173981957
64886533.667554 0.8719238670619028
65280126.15340571 0.8713722924915217
65673718.63925743 0.8708210668443874
66348448.61500322 0.8698769197370482
67023178.59074902 0.8689337962771544
71465150.9310755 0.8627503731112747
71701306.42258653 0.8624228687897046
72196108.40480012 0.8617370723340829
72882083.88014168 0.8607872110722344
73556813.85588747 0.8598539427048212
74231543.83163327 0.8589216861900876
74906273.80737907 0.8579904404309796
75581003.78312486 0.8570602043316327
76210751.7604876 0.8561928939440041
76851745.2374461 0.8553109971979193
77301565.22127664 0.854692664739199
77751385.20510717 0.854074779293356
78426115.18085296 0.8531487885668868
79100845.15659876 0.8522238018026548
79775575.13234456 0.8512998179121605
80349095.61172847 0.8505152193025243
80675215.10000561 0.8500693975381689
80821406.59475054 0.8498696222687343
81057562.08626157 0.849547007544086
81586100.56726244 0.8488254087618217
81979693.05311415 0.8482884461578085
83048015.51471166 0.8468326878771872
86432910.8930364 0.8422367097900517
87107640.86878219 0.8413235539380594
87782370.84452799 0.8404113881326903
88457100.82027379 0.8395002113005325
89131830.79601958 0.8385900223693382
89806560.77176538 0.8376808202680218
90481290.74751118 0.8367726039266589
91167266.22285274 0.8358502600854233
91841996.19859853 0.8349440284435217
92516726.17434433 0.8340387793409916
93191456.15009011 0.8331345117125608
93866186.12583591 0.8322312244941115
94540916.10158171 0.83132891662268
95215646.0773275 0.8304275870364553
95890376.0530733 0.8295272346747767
96565106.0288191 0.8286278584781346
97239836.0045649 0.8277294573881675
97880829.4815234 0.8268768785823197
98510577.45888615 0.8260401125039927
98904169.94473785 0.8255175637616439
99297762.43058957 0.8249953455809522
99972492.40633537 0.8241008828735952
100647222.38208117 0.8232073899456916
101321952.35782696 0.8223148657458035
101996682.33357275 0.8214233092236325
102682657.8089143 0.8205178843486474
103357387.7846601 0.8196282761197062
104032117.7604059 0.818739632406977
104425710.24625762 0.818221701910931
104819302.73210932 0.8177040990550631
105505278.20745088 0.8168027737294409
106180008.18319668 0.8159171934358359
106854738.15894248 0.8150325732913418
107529468.13468827 0.8141489122549614
108204198.11043407 0.813266209286827
108878928.08617987 0.8123844633481975
110228388.03767146 0.8106238384101196
110903118.01341726 0.8097449573388161
111589093.48875882 0.8088524050840536
112263823.4645046 0.8079754446066761
112938553.4402504 0.8070994349327757
114288013.39174199 0.8053502638730673
114962743.36748779 0.8044771004288823
115637473.34323359 0.8036048836714187
116210993.82261752 0.8028642429933205
116784514.30200143 0.8021242849250789
117189352.28744891 0.8016023722242185
117582944.77330063 0.8010952826711554
118257674.74904643 0.8002267324917947
118932404.72479221 0.7993591239974379
119607134.70053801 0.7984924561671073
120281864.6762838 0.7976267279809316
120956594.6520296 0.7967619384201456
121631324.6277754 0.7958980864670885
122193599.60756357 0.795178925334238
122744629.08775596 0.7944747778859386
123430604.56309752 0.7935990573915792
124105334.53884332 0.7927386346446923
124780064.51458912 0.7918791447710201
125454794.49033491 0.7910205867591382
126129524.46608071 0.7901629595987191
126804254.44182649 0.7893062622805305
127400265.92040195 0.7885502856247412
127782612.9066579 0.788065700742359
128254923.88967995 0.787467507003716
128850935.3682554 0.7867132914590852
129446946.84683086 0.7859597982821493
129840539.33268258 0.7854626041412115
130245377.31813006 0.7849515325817895
130920107.29387586 0.7841004855101706
131594837.26962164 0.783250361146628
132269567.24536744 0.7824011584907584
132944297.22111323 0.7815528765432433
137003922.57518378 0.7764684253419428
137678652.55092958 0.7756265756835138
138353382.52667537 0.7747856387612948
139028112.50242117 0.7739456135856942
139702842.47816697 0.7731064991681935
140377572.45391276 0.7722682945213455
141052302.42965856 0.771430998658774
141738277.90500012 0.7705806784795795
142413007.8807459 0.7697452123359543
143087737.85649168 0.7689106520075113
143762467.83223748 0.7680769965121624
144437197.80798328 0.7672442448688848
145111927.78372908 0.7664123960977188
145786657.75947487 0.7655814492197676
146461387.73522067 0.7647514032571955
147136117.71096647 0.763922257233227
147822093.18630803 0.7630802136651222
148496823.16205382 0.7622528795504885
148890415.64790553 0.7617706822848692
149295253.63335302 0.7612750261855751
149969983.60909882 0.7604496492612334
150644713.58484462 0.7596251672133082
151319443.56059042 0.7588015790715721
151994173.53633618 0.7579788838668489
152668903.51208198 0.757157080631013
153343633.48782778 0.7563361683969887
154029608.96316934 0.7555024866971958
154704338.93891513 0.7546833683794385
155379068.91466093 0.7538651381524958
156053798.89040673 0.7530477950534967
156728528.86615252 0.7522313381206143
157403258.84189832 0.7514157663930642
158077988.81764412 0.7506010789111037
158752718.79338992 0.7497872747160309
159427448.7691357 0.7489743528501832
160113424.24447727 0.7481487858104566
160788154.22022307 0.7473376403997503
161462884.19596887 0.7465273744356062
161935195.17899093 0.7459607110207697
162407506.16201296 0.7453944777407641
162801098.6478647 0.744922945013749
163194691.1337164 0.7444517105759211
163869421.1094622 0.7436445735465266
164555396.58480376 0.7428248813276238
165072689.56620887 0.7422073503922478
165320090.55731565 0.7419121910114093
165500018.55084786 0.7416976033714251
170020709.3883447 0.7363264115344367
170695439.3640905 0.7355280839813881
171370169.3398363 0.734730621977738
172044899.3155821 0.7339340245850543
172719629.2913279 0.7331382908659231
173394359.2670737 0.7323434198839468
174069089.2428195 0.7315494107037427
174743819.21856526 0.7307562623909425
175418549.19431105 0.7299639740121908
176093279.17005685 0.7291725446351442
176779254.6453984 0.7283688044044891
177442739.12154844 0.7275922591618468
178117469.09729424 0.7268034012059588
178792199.07304004 0.7260153985325
179466929.04878584 0.7252282502141706
180141659.02453163 0.7244419553246757
180816389.00027743 0.7236565129387249
181491118.97602323 0.7228719221320309
182165848.95176902 0.722088181981309
182851824.42711058 0.7212922505845419
183526554.40285638 0.7205102231189853
184201284.37860218 0.7197290435302176
184876014.35434797 0.7189487108989678
185550744.33009377 0.718169224306962
185944336.81594548 0.7177149141357698
186349174.80139294 0.7172479235006539
187023904.77713874 0.7164702809080231
187698634.75288454 0.7156934814380873
188373364.72863033 0.71491752417673
189048094.70437613 0.7141424082108261
189722824.68012193 0.7133681326282401
190397554.65586773 0.7125946965178253
191072284.63161352 0.7118220989694234
191758260.10695508 0.7110374835005442
192432990.08270088 0.7102665742876944
193107720.05844668 0.7094965008971865
193782450.03419247 0.7087272624228197
194457180.00993827 0.7079588579593746
195131909.98568407 0.7071912866026141
195806639.96142986 0.706424547449281
196481369.93717566 0.7056586395970976
197156099.91292143 0.7048935621447644
197842075.388263 0.70411658374866
198516805.36400878 0.7033531781984256
199191535.33975458 0.7025906003350373
199866265.31550038 0.7018288492611143
200540995.29124618 0.7010679240802485
201215725.26699197 0.7003078238970043
201890455.24273777 0.6995485478169161
202565185.21848357 0.6987900949464887
203251160.69382513 0.6980198441790818
203925890.66957092 0.6972630487342418
204600620.64531672 0.6965070738095497
205275350.62106252 0.6957519185153946
205950080.5968083 0.6949975819631303
206624810.5725541 0.6942440632650744
207299540.5482999 0.6934913615345065
207783097.03091773 0.6929524273492956
208266653.51353553 0.6924139119869748
208941383.48928133 0.6916631945125321
209627358.96462288 0.6909007994668525
210302088.94036868 0.6901517225140557
210853118.4205611 0.6895405788345352
211415393.40034926 0.6889175206915275
211820231.38579673 0.6884692674586826
212213823.87164843 0.6880337453280131
212888553.84739423 0.6872877768448846
213563283.82314003 0.6865426171432759
214238013.79888582 0.6857982653463033
214631606.28473756 0.685364432877884
214755306.78029093 0.685228142219166
214935234.77382314 0.6850299496410363
215396300.25724944 0.6845223427747402
216071030.23299524 0.6837801813659825
216700778.210358 0.6830882233785803
217330526.18772072 0.6823969656247764
217735364.1731682 0.6819529550767272
218140202.15861568 0.6815092334299726
218814932.13436148 0.6807703388444252
219489662.11010727 0.6800322453708539
220175637.58544883 0.6792826706950854
220850367.56119463 0.6785461901562883
221525097.53694043 0.6778105081121498
222199827.51268622 0.6770756236969396
222874557.48843202 0.6763415360458654
223549287.46417782 0.6756082442950734
224224017.4399236 0.6748757475816455
224898747.4156694 0.6741440450435996
225573477.3914152 0.6734131358198882
226259452.86675677 0.672670857146526
226934182.84250256 0.6719415451580505
227608912.81824833 0.6712130238920676
228283642.79399413 0.6704852924912734
228958372.76973993 0.6697583500992934
229633102.74548572 0.6690321958606814
230307832.72123152 0.6683068289209191
230780143.70425358 0.6677995400487653
231263700.1868714 0.6672805717948628
231938430.1626172 0.6665571039717602
232613160.138363 0.6658344205348865
233287890.1141088 0.6651125206338077
233973865.58945036 0.664379391425023
234648595.56519616 0.6636590690713623
235323325.54094195 0.6629395276936024
235998055.51668775 0.662220766445006
236672785.49243352 0.6615027844797551
237178832.97424287 0.6609648089022165
237381251.96696663 0.6607497411954735
237853562.94998866 0.6602481886503263
238337119.4326065 0.659735088791679
238831921.41482008 0.6592104691394847
239225513.90067178 0.6587934559747118
239619106.38652351 0.6583767066103302
240293836.3622693 0.6576628923875847
240968566.3380151 0.6569498520846024
241643296.3137609 0.656237584862297
242318026.28950667 0.6555260898824917
243004001.76484823 0.6548035274457613
243678731.74059403 0.6540935872757944
244353461.71633983 0.6533844168253298
245028191.69208562 0.652676015259835
245702921.66783142 0.6519683817456823
246377651.64357722 0.6512615154501482
247052381.61932302 0.6505554155414113
247727111.5950688 0.6498500811885526
248401841.5708146 0.6491455115615539
249087817.04615617 0.6484299822029774
249762547.02190197 0.6477269522520396
250437276.99764776 0.6470246845285216
251112006.97339356 0.6463231782060138
251786736.94913936 0.6456224324590027
252461466.92488515 0.6449224464628699
253136196.90063095 0.6442232193938907
253810926.87637675 0.6435247504292341
254485656.85212255 0.6428270387469606
256521092.27895567 0.6407268548328009
257195822.25470147 0.6400321766382733
258252899.21670324 0.6389453614516801
258927629.19244903 0.6382526147582235
259602359.1681948 0.6375606191430445
260277089.1439406 0.6368693737918216
260951819.1196864 0.636178877891116
261626549.0954322 0.6354891306283711
262301279.071178 0.634800131191911
262987254.54651955 0.6341004142215246
263661984.52226534 0.6334129204360288
264336714.49801114 0.6327261720335902
265011444.47375694 0.6320401682060621
265686174.44950274 0.631354908146174
266360904.42524853 0.6306703910475305
267035634.40099433 0.6299866161046103
267710364.37674013 0.6293035825127657
268385094.35248592 0.6286212894682218
269071069.82782745 0.6279283832091154
269745799.80357325 0.6272475811602474
270420529.77931905 0.6265675172392333
271095259.75506485 0.6258881906457927
271769989.73081064 0.6252096005805124
272444719.70655644 0.6245317462448464
273119449.68230224 0.6238546268411139
273794179.65804803 0.6231782415724992
274468909.63379383 0.622502589643051
276369399.06547785 0.620603438316671
276909183.04607445 0.6200650916746229
277583913.02182025 0.6193928150326864
278258642.99756604 0.6187212672753292
278944618.4729076 0.6180392734486552
279371947.45754665 0.6176148048979325
279799276.44218564 0.6171906278716458
280474006.41793144 0.6165214677329603
281148736.39367723 0.615853033099931
281834711.8690188 0.6151742008229009
282509441.8447646 0.614507226901153
282903034.3306163 0.6141184927783631
283015489.3265739 0.6140074710603081
283139189.82212734 0.61388537035203
283532782.30797905 0.6134970296125067
284702314.2659384 0.6123445517493679
284915978.7582579 0.6121342369204624
285309571.24410963 0.6117470039389752
285984301.2198554 0.6110837457955297
287187569.67660207 0.609902719617436
287716108.15760297 0.6093846728751385
288390838.13334876 0.6087239759789186
289065568.10909456 0.6080639954124792
289740298.08484036 0.6074047303991731
290415028.06058615 0.6067461801631951
291089758.03633195 0.6060883439295816
291764488.01207775 0.6054312209242084
292439217.98782355 0.6047748103737915
293125193.4631651 0.6041081892165561
293799923.4389109 0.6034532131015331
294474653.4146567 0.6027989471138006
295149383.3904025 0.6021453904834358
295824113.3661483 0.6014925424413519
297173573.3176399 0.6001889690498425
297848303.2933857 0.5995382421664077
298523033.2691314 0.5988882208032322
299062817.2497281 0.5983687111732194
299613846.7299205 0.5978388432559267
300288576.7056663 0.597190664386723
300963306.6814121 0.596543188275213
302312766.6329037 0.5952503412783716
302942514.6102664 0.5946479719214626
303336107.09611815 0.5942718006616147
303763436.08075714 0.59386365557959
304449411.5560987 0.5932090613892773
305124141.5318445 0.5925659021450288
305798871.5075903 0.5919234402161799
306473601.4833361 0.591281674846699
307148331.4590819 0.5906406052813742
307823061.4348277 0.590000230765812
308497791.4105735 0.5893605505464372
309172521.3863193 0.5887215638704919
309858496.86166084 0.5880726376198304
310533226.83740664 0.5874350473033794
311207956.81315243 0.586798148264478
311680267.79617447 0.5863527298460068
312152578.7791965 0.5859076495294336
312827308.7549423 0.5852724065002974
313502038.7306881 0.5846378522037741
314176768.7064339 0.5840039858931373
314851498.6821797 0.5833708068224707
315537474.15752125 0.5827277785156328
316212204.13326705 0.5820959831132649
316886934.10901284 0.5814648727055814
317561664.08475864 0.5808344465499088
318236394.06050444 0.5802047039043787
318911124.03625023 0.5795756440279269
319585854.01199603 0.5789472661802934
320260583.9877418 0.5783195696220198
320935313.9634876 0.57769255361445
321621289.4388292 0.5770557842384769
322296019.414575 0.5764301384312389
322970749.3903208 0.5758051709512737
323645479.3660666 0.5751808810631365
324320209.3418124 0.57455726803218
324994939.31755817 0.5739343311245535
325669669.29330397 0.5733120696072017
326344399.26904976 0.5726904827478643
327019129.24479556 0.5720695698150748
327705104.7201371 0.5714389984485182
330404024.6231203 0.5689648016073768
331078754.5988661 0.568347928070517
331753484.5746119 0.567731723350005
332428214.5503577 0.5671161867207081
333102944.5261035 0.5665013174582794
333777674.5018493 0.5658871148391577
334463649.97719085 0.5652633581666365
335138379.95293665 0.5646504977471114
335813109.9286824 0.564038301792899
336487839.9044282 0.5634267695835837
337162569.880174 0.5628159003995314
337837299.8559198 0.5622056935218874
338512029.8316656 0.5615961482325773
339186759.8074114 0.5609872638143046
339861489.78315717 0.5603790395505508
340547465.2584987 0.5597613542279968
341222195.2342445 0.5591544590995089
341896925.2099903 0.558548221968745
342571655.1857361 0.5579426421223023
343246385.1614819 0.5573377188475506
343921115.1372277 0.5567334514326328
344595845.1129735 0.5561298391664631
345270575.0887193 0.5555268813387276
345844095.56810325 0.5550148812073643
346417616.04748714 0.5545033529597991
346811208.5333389 0.5541525769802057
346934909.0288923 0.5540423789364878
347103591.5228287 0.5538921441917074
347553411.50665927 0.5534917173382994
347958249.49210674 0.5531315806830907
348363087.4775542 0.5527716783555265
349004080.9545127 0.552202311863714
349645074.4314712 0.5516335318314016
350319804.407217 0.5510354489150885
350949552.3845798 0.5504778232474262
351579300.3619425 0.5499207618744679
351972892.84779423 0.549572884818514
352085347.84375185 0.5494735318001921
353839645.7806909 0.5479259482936559
354514375.7564367 0.547331885151791
355189105.7321825 0.5467384660951675
355863835.7079283 0.5461456904254662
356538565.6836741 0.545553557445125
357213295.6594199 0.5449620664573376
357888025.6351657 0.5443712167660536
358574001.11050725 0.5437711762811686
359248731.08625305 0.543181617756989
359923461.06199884 0.5425926984341294
360598191.03774464 0.5420044176195656
361272921.01349044 0.5414167746210249
361947650.98923624 0.5408297687469846
362622380.96498203 0.5402433993066726
363297110.94072783 0.5396576656100652
363971840.9164736 0.539072566967887
364657816.3918152 0.5384783669909093
365332546.367561 0.5378945469482307
366007276.3433068 0.5373113598851912
366682006.3190526 0.5367288051155124
367356736.2947984 0.5361468819536594
368031466.2705442 0.535565589714841
368706196.24628997 0.5349849277150086
369380926.22203577 0.5344048952708546
370055656.19778156 0.5338254916998129
370741631.6731231 0.533237075382024
371416361.6488689 0.5326589379652041
372091091.6246147 0.5320814273669013
372765821.60036045 0.5315045429075174
373440551.57610625 0.5309282839081899
374115281.55185205 0.5303526496907931
374790011.52759784 0.5297776395779364
375464741.50334364 0.5292032528929635
376139471.47908944 0.528629488959952
376814201.45483524 0.5280563471037119
377275266.93826157 0.5276650576021668
377736332.42168784 0.527274058045956
378343589.3998591 0.5267595250792896
378939600.87843454 0.5262550087424673
379333193.36428624 0.5259221025206812
379726785.85013795 0.525589406893665
380412761.3254795 0.5250100689109741
381087491.3012253 0.5244408512420334
381762221.2769711 0.5238722507207895
382436951.2527169 0.5233042666781288
383111681.2284627 0.5227368984456632
383786411.2042085 0.5221701453557291
384461141.1799543 0.5216040067413871
385135871.1557001 0.5210384819364207
385810601.1314459 0.5204735702753355
386496576.60678744 0.5198998712922691
387171306.58253324 0.5193361941166453
387913509.5558536 0.5187168550654228
388048455.55100274 0.5186043273445665
388464539.03604597 0.5182575205205144
389150514.5113875 0.5176862642080544
390499974.4628791 0.5165643183957741
391174704.4386249 0.5160042576377353
391849434.4143707 0.5154448040994398
392524164.3901165 0.5148859571225384
393198894.3658623 0.5143277160493945
393873624.3416081 0.5137700802230858
394548354.3173539 0.5132130489874014
395234329.79269546 0.5126473530114419
395909059.76844126 0.5120915390403482
396583789.74418706 0.5115363276846174
397933249.69567865 0.5104277102065223
398607979.67142445 0.5098743027795672
399282709.64717025 0.5093214953587918
399957439.62291604 0.5087692872936673
400632169.59866184 0.5082176779343704
401318145.0740034 0.5076574881732479
401992875.0497492 0.5071070842302686
402667605.025495 0.5065572770370818
403342335.0012408 0.5060080659466891
404017064.9769866 0.5054594503127939
404691794.9527324 0.5049114294898005
405366524.9284782 0.5043640028328126
409426150.2825487 0.5010828247623585
410100880.2582945 0.5005395490913968
410775610.2340403 0.4999968624417307
411450340.2097861 0.4994547641747419
412125070.1855319 0.4989132536525038
412811045.6608735 0.4983633198180153
413485775.63661927 0.4978229926433921
414160505.612365 0.4972832512932953
414835235.5881108 0.49674409513257217
415509965.5638566 0.49620552352675806
416184695.5396024 0.49566753584207685
416859425.5153482 0.4951301314454394
417534155.491094 0.49459330970444243
418208885.4668398 0.49405706998736926
418883615.4425856 0.4935214116631874
419569590.91792715 0.49297742105895026
420244320.89367294 0.4924429332937404
420919050.86941874 0.49190902502194994
421593780.84516454 0.49137569561529004
422268510.82091033 0.49084294444615306
422943240.79665613 0.4903107708876121
423617970.7724019 0.4897791743134197
424067790.75623244 0.4894250968352012
424517610.740063 0.4890712753312406
424911203.2259147 0.4887618913486795
425316041.2113622 0.4884438720049088
425990771.187108 0.48791429952871695
426665501.1628538 0.48738530121677165
427340231.1385996 0.486856876446562
428014961.1143454 0.48632902459625216
428689691.09009117 0.48580174504468054
429364421.06583697 0.4852750371713588
430039151.04158276 0.48474890035647134
430713881.01732856 0.4842233339808751
431399856.4926701 0.48368959230764724
432074586.4684159 0.4831651744373736
432749316.4441617 0.4826413251427054
433424046.4199075 0.4821180438071913
434098776.3956533 0.48159532981504777
434773506.3713991 0.4810731825511595
435448236.3471449 0.4805516014010777
436808941.79823226 0.4795014655908417
437483671.77397805 0.47898158850153494
438158401.74972385 0.4784622750647037
438664449.23153317 0.47807315951636936
439181742.2129383 0.47767572403363834
439856472.1886841 0.4771578264194223
440531202.1644299 0.47664049031152844
441205932.1401757 0.4761237151011697
441880662.11592144 0.47560750018021913
442566637.591263 0.4750832554255183
443241367.5670088 0.4745681685744212
443916097.5427546 0.47405364018220747
444590827.5185004 0.4735396696433941
445265557.4942462 0.47302625635315465
445659149.98009795 0.4727270223673835
446052742.46594965 0.47242797767549854
446457580.4513971 0.4721205862071874
446851172.9372488 0.47182192514370996
447525902.9129946 0.4713103742377911
448200632.8887404 0.47079937795707194
448875362.8644862 0.47028893570022606
449550092.840232 0.469779046866579
450224822.8159778 0.46926971085610747
450899552.7917236 0.4687609270694387
451585528.26706517 0.46824422904190655
452260258.24281096 0.4677365570860439
452788796.7238118 0.46733926520355373
453328580.70440847 0.4669338686031763
454003310.68015426 0.46642761734447546
454678040.65590006 0.4659219149650791
455296543.13366705 0.4654588361175891
455678890.119923 0.4651727994254552
455903800.1118382 0.4650046246650515
456139955.60334927 0.4648281066027975
456589775.5871798 0.4644920670722959
457264505.5629256 0.4639884632229658
457939235.5386714 0.4634854053826101
458613965.5144172 0.4629828929592442
459288695.49016297 0.46248092536152524
459963425.46590877 0.4619795019987514
460638155.44165456 0.4614786222808611
461324130.9169961 0.4609699512715917
461998860.8927419 0.4604701661119697
462673590.8684877 0.4599709228210863
463348320.8442335 0.45947222081144523
464023050.8199793 0.4589740594961878
464697780.7957251 0.45847643828909135
465372510.7714709 0.4579793566045686
466047240.7472167 0.4574828138576676
466733216.22255826 0.4569785472819007
467407946.19830406 0.4564830896158081
468082676.17404985 0.4559881691265709
468757406.14979565 0.4554937852317803
469432136.12554145 0.45499993734965866
470106866.10128725 0.45450662489905935
470781596.07703304 0.45401384729946564
471456326.05277884 0.45352160397099045
472131056.02852464 0.45302989433437507
472817031.5038662 0.4525305360489603
473491761.479612 0.45203990093149427
474166491.4553578 0.45154979776226034
474841221.4311036 0.4510602259645185
475515951.4068494 0.450571184962154
476190681.3825952 0.4500826741796767
476865411.358341 0.44959469304222055
477540141.3340868 0.4491072409755424
478214871.3098326 0.44862031740602215
478900846.78517413 0.4481258196360021
479575576.7609199 0.4476399601267742
480250306.7366657 0.4471546273880482
480925036.7124115 0.4466698208486974
481599766.6881573 0.44618553993821497
482274496.6639031 0.4457017840867122
482949226.6396489 0.4452185527249185
483623956.61539465 0.44473584528418025
484298686.59114045 0.4442536611964606
484984662.066482 0.44376397663189654
485659392.0422278 0.4432828462474139
486334122.0179736 0.44280223750610004
487008851.9937194 0.4423221498423879
487683581.9694652 0.44184258269132326
488358311.945211 0.4413635354885646
489033041.9209568 0.44088500767038236
489707771.8967026 0.4404069986736579
490382501.8724484 0.43992950793588326
491068477.34778994 0.43944458972732875
491552033.8304078 0.43910308336549003
492035590.3130256 0.43876184239910276
492429182.7988773 0.4384842839060255
492822775.284729 0.4382069009950289
493497505.2604748 0.43773179561050146
494149744.2370291 0.43727301671949964
494801983.21358335 0.4368147186664744
495476713.18932915 0.4363411226906748
496151443.16507494 0.4358680401892131
496826173.14082074 0.4353954706053786
497500903.11656654 0.4349234133830644
498175633.09231234 0.4344518679667664
498861608.5676539 0.43397298756043834
499536338.5433997 0.4335024725989898
500211068.5191455 0.433032467771433
500885798.4948913 0.4325629725246791
501560528.4706371 0.432093986306239
502235258.4463829 0.43162550856422244
502909988.4221287 0.4311575387473376
503584718.3978745 0.43069007630489026
504270693.87321603 0.4302153423839464
504945423.84896183 0.4297489014739413
505620153.8247076 0.42928296628072793
506294883.8004534 0.42881753625600627
506969613.7761992 0.4283526108520711
507644343.751945 0.4278881895218108
508319073.7276908 0.427424271718707
508993803.7034366 0.4269608568968339
509668533.6791824 0.42649794451085754
510354509.15452397 0.4260278314234885
511029239.13026977 0.4255659306268449
511692723.6064198 0.4251122165238349
512356208.0825698 0.424658986144903
513030938.0583156 0.4241985694548796
513705668.0340614 0.42373865195016847
514301679.51263684 0.42333280628009484
518260095.37034553 0.42064722438443225
518934825.34609133 0.4201911572599009
519609555.3218371 0.41973558460486843
520284285.2975829 0.41928050588322924
520959015.2733287 0.4188259205594591
521633745.2490745 0.4183718280986144
522308475.2248203 0.4179182279663316
522983205.2005661 0.41746511962882626
523669180.6759077 0.4170049630940037
524343910.65165347 0.41655284492132144
525018640.6273992 0.41610121693667124
525693370.603145 0.41565007860858955
526368100.5788908 0.415199429406189
527042830.5546366 0.414749268799158
528392290.5061282 0.413850411252832
528909583.48753333 0.4135063659227685
529426876.4689384 0.4131626066071346
530101606.4446842 0.41271465433018123
530776336.42043 0.4122671877245819
531451066.3961758 0.4118202062637699
532811771.84726316 0.41092026722564196
533486501.82300895 0.41047474610053103
534161231.79875475 0.4100297080109111
534835961.77450055 0.4095851524330734
536185421.72599214 0.40869748672074874
536860151.70173794 0.40825437554168087
537534881.6774838 0.40781174478523236
538209611.6532296 0.4073695939305276
538884341.6289754 0.4069279224572554
539570317.104317 0.4064793806895406
540245047.0800626 0.40603867438843594
540919777.0558084 0.4055984459025739
541594507.0315542 0.40515869471390564
542269237.0073 0.40471942030494407
542943966.9830458 0.404280622158763
543618696.9587916 0.4038422997589967
544293426.9345374 0.40340445258983937
544968156.9102832 0.40296708013604443
545654132.3856248 0.40252290425997644
546328862.3613706 0.4020864875838232
547003592.3371164 0.4016505440720871
547678322.3128622 0.40121507321176164
549027782.2643538 0.400345547396097
549702512.2400995 0.39991149141752375
550377242.2158453 0.3994779060438913
551063217.6911869 0.39903757615682944
551737947.6669327 0.39860493828503973
552412677.6426785 0.3981727694806748
553087407.6184243 0.39774106923517005
553762137.5941701 0.39730983704051254
554436867.5699159 0.3968790723892399
555111597.5456617 0.39644877477444007
555786327.5214075 0.39601894368975055
556461057.4971533 0.3955895786293578
557147032.9724948 0.39515353470341286
557821762.9482406 0.39472510792233184
559171222.8997322 0.3938696473617938
561195412.8269696 0.39258993147901844
561870142.8027154 0.39216428416511057
562544872.7784612 0.3917390983394412
563230848.2538028 0.3913072986571116
563905578.2295486 0.3908830419779907
564580308.2052944 0.39045924527937736
565255038.1810402 0.39003590806255933
565929768.156786 0.3896130298293649
566604498.1325318 0.38919061008216227
567953958.0840234 0.38834714405790405
568628688.0597692 0.3879260967882805
569314663.5351107 0.3874985000381231
569989393.5108565 0.3870783728711785
570664123.4866023 0.38665870120751067
571338853.4623481 0.38623948455326146
572013583.4380939 0.38582072241510806
572688313.4138397 0.3854024143002628
573363043.3895855 0.38498455971647183
574037773.3653313 0.3845671581720154
574712503.3410771 0.38415020917570686
576073208.7921644 0.38331073659891396
576747938.7679102 0.3828951498190688
578097398.7194018 0.38206532751257927
579446858.6708934 0.3812373036228654
580121588.6466392 0.38082396486597386
580796318.622385 0.38041107425234233
581482294.0977266 0.37999176103670923
582157024.0734724 0.37957977270124726
582831754.0492182 0.37916823104491376
