1.0 0.9936927573537645
674730.9757457955 0.9921245776917734
2507747.4098552065 0.9879431771520667
4205817.848815459 0.984168326667937
5521541.30151976 0.9813057314128439
6589863.76311727 0.9790198613537006
6994701.748564746 0.978162403153246
7781886.720268175 0.9765086186915984
17104405.885155916 0.9581512169450276
24222807.12927406 0.9454317726023194
24897537.105019853 0.9442755885052123
25572267.08076565 0.9431273065723474
26246997.056511443 0.941986779602416
26921727.03225724 0.9408538633756749
27382792.515683535 0.9400840083829738
27832612.499514066 0.9393362491713294
28518587.974855624 0.9382021349625026
29193317.950601418 0.9370938194249828
29868047.926347215 0.9359925183249749
30542777.90209301 0.9348981024383523
31217507.877838805 0.9338104451570665
31892237.8535846 0.9327294224359627
32566967.829330396 0.9316549127406751
33241697.80507619 0.930586796996582
34602403.256163545 0.9284517400450701
35085959.73878136 0.9276989730274561
35580761.72099495 0.9269318736436
36255491.69674075 0.9258909260900491
36930221.672486536 0.9248557628731027
37481251.15267894 0.9240145977003147
38021035.133275576 0.9231942184742515
39932770.06455533 0.9203167557658025
40483799.54474773 0.9194952760940999
41158529.52049352 0.9184940684039219
41833259.49623932 0.9174979332706714
42507989.47198512 0.9165067807527729
43182719.447730914 0.9155205227261297
43857449.4234767 0.9145390728471758
44532179.3992225 0.9135623465166803
45881639.350714095 0.9116227346137842
47231099.30220568 0.9097010437807457
47905829.27795148 0.9087467248136172
48591804.75329304 0.9077808576151841
49266534.729038835 0.9068350356105995
51965454.632022016 0.903092093358446
54000890.05885517 0.9003100791665276
54675620.03460096 0.8993952580329633
55350350.010346755 0.898484015226903
56519881.96830614 0.8969128287670333
57700659.42586128 0.8953369514134176
58375389.401607074 0.8944410335593103
59050119.37735287 0.8935483806750921
59724849.35309866 0.8926589392869234
60399579.32884446 0.891772656997152
61749039.28033605 0.8900093653723283
62423769.25608185 0.8891322564282572
63109744.73142341 0.8882435629767119
63784474.7071692 0.8873723745202955
64459204.682914995 0.8865040514168662
65133934.65866079 0.8856385482292739
65808664.63440659 0.8847758204332141
66415921.6125778 0.8840017022981311
67034424.09034478 0.883215490935208
67709154.06609058 0.8823603488144611
68383884.04183637 0.8815078202155704
69733343.99332796 0.8798104428706458
71768779.42016111 0.8772690141784357
72443509.39590691 0.876431385912429
73118239.37165271 0.8755961043605842
73792969.3473985 0.8747631344903498
74242789.33122903 0.8742090885290008
74692609.31505956 0.8736560447073226
75367339.29080535 0.8728283364364505
76042069.26655115 0.8720028280581533
76728044.74189271 0.8711657833209989
77402774.71763851 0.8703446144289915
78077504.6933843 0.8695255505496912
78752234.6691301 0.8687085614850149
79426964.6448759 0.8678936176400424
80101694.62062168 0.8670806900107612
80618987.6020268 0.8664587931473978
81136280.58343191 0.8658380520688076
81822256.05877347 0.865016656824588
85611989.42254569 0.8605137691628395
87636179.34978308 0.8581319003374778
88041017.33523054 0.8576573891440182
88445855.32067803 0.8571834874085535
89120585.29642382 0.8563949926075063
89795315.27216962 0.8556081557951509
90470045.24791542 0.8548229556754792
91144775.22366121 0.8540393713747916
91819505.199407 0.8532573824331205
92494235.1751528 0.8524769687958254
93180210.65049435 0.8516851429083624
93854940.62624015 0.8509078467414519
94529670.60198595 0.8501320677538634
95204400.57773174 0.8493577874377548
95879130.55347754 0.8485849876509635
96553860.52922334 0.8478136506095796
97228590.50496913 0.84704375888067
97914565.9803107 0.8462624996544116
98589295.95605649 0.8454954710045465
99264025.93180227 0.8447298371327185
99938755.90754807 0.8439655819453943
100613485.88329387 0.8432026896656905
101288215.85903966 0.8424411448269448
101962945.83478546 0.8416809322664176
102637675.81053126 0.8409220371191204
103312405.78627706 0.8401644448117701
103998381.26161861 0.8393955468310255
104673111.23736441 0.8386405387463634
105347841.21311021 0.8378867912468154
106022571.18885599 0.8371342908723218
106629828.16702722 0.8364580959146297
107237085.14519843 0.8357828909936825
107923060.62054 0.8350213387383156
108597790.59628579 0.8342734791260719
109272520.57203157 0.8335268053992009
109947250.54777737 0.832781305555562
110621980.52352317 0.8320369678266049
111296710.49926896 0.8312937806726295
111971440.47501476 0.8305517327781411
112646170.45076056 0.8298108130473006
113332145.92610212 0.829058689963481
114006875.90184791 0.8283200124831822
114434204.88648692 0.8278527509288938
114861533.87112592 0.8273859263641559
115536263.84687172 0.8266497183991114
116222239.32221328 0.8259023402302649
116896969.29795907 0.8251682861106288
117571699.27370487 0.8244352854039749
118246429.24945065 0.8237033286738128
118921159.22519645 0.8229724066651826
119595889.20094225 0.8222425103009732
120270619.17668805 0.8215136306783151
120945349.15243384 0.8207857590650459
121620079.12817964 0.8200588868962478
122306054.6035212 0.8193209161012861
122980784.579267 0.8185960340898994
123655514.55501279 0.8178721266647183
124330244.53075859 0.8171491858991105
125004974.50650437 0.8164272040173528
125679704.48225017 0.8157061733915727
126354434.45799597 0.8149860865387496
127029164.43374176 0.8142669361177792
127703894.40948756 0.8135487149265962
128389869.88482912 0.81281946868868
129064599.86057492 0.8121031000888715
129739329.83632071 0.8113876398067212
130414059.81206651 0.8106730811708163
131088789.78781231 0.809959417635209
131763519.76355809 0.8092466427768749
132438249.73930389 0.8085347502932225
133112979.71504968 0.8078237339996522
133798955.19039124 0.8071017593954087
134473685.16613704 0.8063924917412031
138409610.02465418 0.8022720210848008
139084340.00039998 0.8015685070283878
139759069.97614577 0.8008658140662449
140445045.45148733 0.8001522460868955
141119775.42723313 0.7994511937378503
141794505.40297893 0.7987509475339081
142469235.37872472 0.798051502700474
143009019.35932136 0.7974925206675841
143548803.339918 0.7969340461495145
144223533.31566378 0.7962366631539387
144898263.29140958 0.7955400650485813
145572993.26715538 0.7948442474449553
146247723.24290118 0.7941492060338146
146933698.71824273 0.793443371942498
147608428.69398853 0.7927498830595441
148283158.66973433 0.7920571578335199
148957888.64548013 0.7913651922576402
149632618.62122592 0.7906739823966425
150307348.59697172 0.7899835243853405
150982078.57271752 0.7892938144272071
151656808.5484633 0.7886048487929885
152342784.02380487 0.7879051596575717
153017513.99955064 0.7872176839999758
153692243.97529644 0.786530941810314
154366973.95104223 0.7858449296161237
155041703.92678803 0.7851596440056683
155716433.90253383 0.7844750816267108
156391163.87827963 0.783791239185312
157065893.85402542 0.783108113444654
157740623.82977122 0.7824257012238872
158415353.80551702 0.7817439993970005
159101329.28085858 0.7810516609586088
159776059.25660437 0.7803713824683711
160450789.23235017 0.779691805263022
161800249.18384176 0.7783347430898329
162474979.15958756 0.7776572524361902
163149709.13533336 0.7769804516938539
163824439.11107916 0.776304338138286
164510414.5864207 0.7756176577240286
165185144.5621665 0.7749429218925044
165859874.5379123 0.7742688653014862
166534604.51365808 0.7735954854042469
167209334.48940387 0.7729227796961138
167884064.46514967 0.7722507457136212
168558794.44089547 0.7715793810336828
169233524.41664127 0.7709086832727768
169908254.39238706 0.770238650086152
170594229.86772862 0.769558128582961
171268959.84347442 0.7688894286427832
171943689.81922022 0.7682213864306139
172618419.794966 0.7675539997497257
173293149.7707118 0.7668872664384047
173967879.7464576 0.766221184369246
174642609.7222034 0.7655557514484655
175317339.6979492 0.7648909656152233
175992069.673695 0.764226824840963
176678045.14903656 0.7635522742704854
177352775.12478235 0.7628894283228792
178027505.10052815 0.7622272215038642
183672745.8976013 0.7567115504387257
184347475.8733471 0.7560552414280858
185022205.8490929 0.7553995531341382
185696935.82483867 0.7547444839270725
186371665.80058447 0.7540900322007241
187046395.77633026 0.7534361963721017
187732371.25167182 0.7527720930520835
188407101.22741762 0.7521194945607426
189081831.20316342 0.75146750732752
189756561.1789092 0.7508161298579326
190431291.154655 0.7501653606784399
191072284.63161352 0.7495476920629682
191713278.10857204 0.7489305698888595
192388008.08431783 0.7482815566055665
193062738.06006363 0.7476331460579391
193737468.0358094 0.7469853368691779
194412198.0115552 0.746338127681082
195086927.987301 0.7456915171536782
195761657.9630468 0.7450455039648596
196436387.9387926 0.7444000868100293
197122363.41413414 0.7437445223931803
197797093.38987994 0.7431003033414403
198471823.36562574 0.7424566764907524
199146553.34137154 0.7418136406034184
199720073.82075545 0.7412675238310291
200304839.79973516 0.7407111368200582
200979569.77548096 0.7400697002593032
201654299.75122675 0.7394288501981138
202329029.72697255 0.7387885854707771
203003759.70271835 0.7381489049259894
203678489.67846414 0.7375098074265704
204353219.65420994 0.7368712918491845
205027949.6299557 0.7362333570840678
205713925.10529727 0.7355853843558969
206388655.08104306 0.7349486175737433
207063385.05678886 0.7343124283356037
207738115.03253466 0.7336768155835798
208412845.00828046 0.7330417782720536
209087574.98402625 0.7324073153674467
209481167.469878 0.7320374768639248
209886005.45532545 0.731657274885841
210560735.43107125 0.7310240625680372
211235465.40681705 0.7303914214443932
211910195.38256285 0.7297593505291804
212584925.35830864 0.7291278488475319
213259655.33405444 0.7284969154352309
213934385.30980024 0.727866549338501
214609115.285546 0.7272367496138027
215283845.2612918 0.726607515327632
215969820.73663336 0.7259683725042801
216644550.71237916 0.7253402757194797
217319280.68812495 0.7247127416159743
217994010.66387075 0.7240857692986358
218668740.63961655 0.7234593578814275
219343470.61536235 0.7228335064872266
220018200.59110814 0.7222082142476515
220692930.56685394 0.7215834803028922
221367660.54259974 0.7209593038015426
222042390.51834553 0.7203356839004383
222728365.9936871 0.7197022400660755
223403095.9694329 0.7190797401101436
224077825.9451787 0.7184577942592412
224752555.92092448 0.7178364017017305
225427285.89667028 0.7172155616334459
226102015.87241608 0.7165952732575506
226776745.84816188 0.7159755357843934
227451475.82390767 0.7153563484313726
228137451.29924923 0.7147274044391024
228812181.27499503 0.714109324142516
229486911.2507408 0.71349179164656
230161641.2264866 0.7128748061956052
230836371.2022324 0.7122583670404187
231511101.1779782 0.7116424734380405
232185831.15372398 0.7110271246516644
232860561.12946978 0.7104123199505198
233535291.10521558 0.7097980586097581
234221266.58055714 0.7091741158586553
234895996.55630293 0.7085609481133562
235570726.53204873 0.7079483215765545
236245456.50779453 0.7073362355460716
236920186.48354033 0.7067246893251076
237594916.45928612 0.706113682222139
238269646.43503192 0.70550321355082
238944376.41077772 0.7048932826298834
239619106.38652351 0.7042838887830466
240305081.86186507 0.703664888255568
240979811.83761087 0.7030565754708659
241654541.81335667 0.7024487977493987
242329271.78910246 0.7018415544339776
242722864.27495417 0.701487575698605
243116456.76080588 0.7011337784587189
243802432.23614743 0.7005175938408793
247850812.09062222 0.696892278102447
248525542.066368 0.6962899124474978
249211517.54170957 0.6956780485913736
249886247.51745537 0.6950767470246013
250560977.49320117 0.6944759721869878
251235707.46894696 0.6938757234748568
251910437.44469276 0.6932760002880769
252585167.42043853 0.6926768020299967
253259897.39618433 0.6920781281073813
253934627.37193012 0.6914799779303512
254609357.34767592 0.6908823509123213
255295332.82301748 0.6902752991533027
255970062.79876328 0.6896787254014245
256644792.77450907 0.6890826730583755
257319522.75025487 0.6884871415502152
257994252.72600067 0.6878921303060106
258668982.70174646 0.6872976387577834
259343712.67749226 0.6867036663404562
260018442.65323806 0.6861102124918018
260693172.62898386 0.6855172766523929
261367902.60472965 0.6849248582655514
262053878.0800712 0.6843230961286333
262728608.055817 0.6837317195887848
263403338.0315628 0.6831408588383676
264078068.0073086 0.6825505133312717
264752797.9830544 0.6819606825239037
265427527.9588002 0.6813713658751426
266102257.93454596 0.6807825628462971
266776987.91029176 0.6801942729010645
267451717.88603756 0.6796064955054884
268137693.36137912 0.6790094467065385
268812423.33712494 0.6784227013379308
269487153.31287074 0.6778364669220249
270161883.28861654 0.6772507429338925
270836613.26436234 0.6766655288507578
271511343.24010813 0.676080824151961
272186073.2158539 0.6754966283189229
272860803.19159967 0.6749129408351096
273535533.16734546 0.6743297611859983
274221508.642687 0.6737373819488304
274896238.6184328 0.6731552248759773
275570968.5941786 0.6725735740975314
276245698.5699244 0.6719924291067167
276920428.5456702 0.6714117893986071
277595158.521416 0.6708316544700957
278269888.4971618 0.670252023819865
278888390.9749288 0.6697211382915944
279506893.4526958 0.6691906756938637
280181623.4284416 0.668612471124951
280856353.4041874 0.6680347689286631
281531083.3799332 0.6674575686119322
282205813.355679 0.6668808696833181
282880543.3314248 0.6663046716529825
283555273.30717057 0.6657289740326643
284230003.28291637 0.6651537763356535
284915978.7582579 0.6645695040010474
285590708.7340037 0.6639953130084271
286265438.7097495 0.6634216204800312
286940168.6854953 0.6628484259351434
287614898.6612411 0.6622757288944814
288289628.6369869 0.6617035288801764
288964358.6127327 0.6611318254157497
289639088.5884785 0.6605606180260937
290313818.5642243 0.6599899062374497
290999794.03956586 0.6594101901585414
291460859.52299213 0.6590208322645144
291933170.50601417 0.658622217172553
292607900.48175997 0.6580531869013705
293282630.45750576 0.6574846501621876
293968605.9328473 0.6569071432683303
294643335.9085931 0.6563396003999931
295318065.8843389 0.6557725496591522
295992795.8600847 0.6552059905826416
296667525.8358305 0.6546399227084697
297342255.8115763 0.654074345575802
298016985.7873221 0.6535092587249446
298691715.7630679 0.6529446616973281
299366445.7388137 0.6523805540354922
300052421.21415526 0.6518075457767514
300727151.18990105 0.6512444236155055
301401881.16564685 0.6506817894465983
302076611.14139265 0.6501196428168711
302751341.11713845 0.649557983274199
303426071.09288424 0.6489968103674786
304100801.06863004 0.6484361236466124
304775531.04437584 0.6478759226624966
305450261.02012163 0.6473162069670074
306136236.4954632 0.6467476597038974
306810966.471209 0.6461889213146269
307485696.4469548 0.6456306668679527
308160426.4227006 0.6450728959195609
308835156.3984464 0.6445156080260557
309509886.3741922 0.6439588027449477
310184616.349938 0.6434024796346425
310859346.3256838 0.6428466382544294
311545321.80102533 0.6422820262380684
312220051.7767711 0.6417271550098621
314918971.67975426 0.6395124697870826
316268431.63124585 0.638408000888121
316943161.60699165 0.6378564833470131
317629137.0823332 0.6372962632068614
318303867.058079 0.6367457079034499
318978597.0338248 0.6361956290924003
319653327.0095706 0.635646026343592
320328056.9853164 0.6350968992276526
321002786.9610622 0.634548247315949
321677516.936808 0.6340000701805804
322352246.9125538 0.633452367394369
323026976.8882996 0.6329051385308533
323712952.36364114 0.6323492745839862
324387682.33938694 0.6318030001702357
325062412.31513274 0.6312571983969477
325737142.29087853 0.6307118688404598
326411872.26662433 0.6301670110777886
327086602.2423701 0.6296226246866222
327761332.2181159 0.6290787092453143
328436062.1938617 0.6285352643328764
