1.0 0.9999999982168322
674730.9757457955 0.9987979280290418
2440274.412280627 0.9956627429790139
2845112.397728104 0.9949459276479495
3531087.873069663 0.9937330897642241
5442822.804349417 0.9903647279069319
6038834.28292487 0.9893180930410845
6679827.759883375 0.9881943174953782
7309575.737246118 0.9870921209431204
7984305.712991913 0.9859132411207127
8659035.68873771 0.9847364719344394
9783585.648314035 0.9827798665901489
10233405.632144565 0.9819988569385172
10908135.60789036 0.9808290869232106
11582865.583636155 0.9796614058319162
13607055.510873543 0.9761708464680753
14281785.486619338 0.9750114715124711
15631245.438110929 0.9726989093558058
16317220.913452487 0.9715265098026149
16991950.889198285 0.9703753965080625
17666680.864944078 0.9692263278472331
18813721.82371193 0.9672775898672871
19297278.30632975 0.9664578237469974
22682173.684654493 0.9607485295298026
23356903.660400286 0.959616512849766
23817969.14382658 0.9588441184210446
24290280.126848638 0.95805385164653
24965010.10259443 0.956926592795478
25639740.07834023 0.9558013222961497
26314470.054086026 0.9546780354750022
26989200.02983182 0.9535567276722168
27675175.505173378 0.95241875538539
28349905.480919175 0.9513014244843444
29024635.45666497 0.9501860586271911
29699365.432410765 0.9490726532087468
30374095.40815656 0.947961203637311
31048825.383902356 0.9468517053346185
31723555.359648153 0.9457441537357923
32398285.335393947 0.9446385442892976
33073015.311139744 0.943534872456893
33758990.7864813 0.9424147877530437
34433720.762227096 0.9413150096918463
35108450.73797289 0.9402171556344525
35783180.71371869 0.9391212210955534
36457910.68946448 0.9380272016029029
37132640.66521028 0.9369350926972719
37807370.640956074 0.9358448899324034
38482100.61670187 0.9347565888749675
38909429.601340875 0.9340683131364895
39336758.58597988 0.9333807973003511
39730351.07183159 0.9327482303489497
43879940.42266823 0.9261181141135703
44442215.402456395 0.9252251657313157
44622143.395988606 0.9249396949909638
44745843.891542 0.9247435104897257
45139436.377393715 0.9241197021623515
45814166.35313951 0.9230517840158987
46488896.32888531 0.9219857159391264
47174871.80422687 0.9209037722368456
47849601.779972665 0.9198414221551755
48524331.75571846 0.918780909296526
49199061.73146425 0.9177222294269586
49873791.70721005 0.9166653783247241
50548521.682955846 0.9156103517802217
51223251.65870164 0.9145571455959551
51897981.63444743 0.913505755586492
52572711.61019323 0.9124561775784226
53247441.58593903 0.9114084074103169
53933417.061280586 0.9103450234157449
54608147.03702638 0.9093008864485588
55282877.01277218 0.9082585448398599
55957606.98851797 0.9072179944759291
56632336.96426377 0.9061792312548206
57307066.940009564 0.9051422510863248
58656526.89150115 0.9030736236047662
59331256.86724695 0.9020419681695981
61366692.2940801 0.8989404953564462
62041422.2698259 0.8979159122195699
62581206.25042253 0.8970975063926577
63109744.73142341 0.8962972343885144
63795720.206764966 0.8952601793104614
64470450.182510756 0.8942418800019094
65145180.15825655 0.8932253170780832
65819910.13400235 0.8922104865934247
66494640.10974815 0.8911973846135776
67169370.08549394 0.8901860072153461
67832854.56164397 0.8891931640200217
69114841.51556098 0.8872794884692865
69789571.49130678 0.886274771203705
70464301.46705258 0.8852717595205702
71139031.44279838 0.8842704495615952
71825006.91813993 0.8832541916409498
72499736.89388573 0.8822563018005708
73174466.86963151 0.8812601021110932
73849196.84537731 0.8802655887578035
74523926.82112311 0.8792727579367444
75614740.28191215 0.8776712305638091
75963350.76938081 0.8771603247951154
76593098.74674354 0.8762385283862542
77267828.72248934 0.8752525008964709
77942558.69823514 0.8742681368295341
78617288.67398094 0.8732854324459663
79292018.64972673 0.8723043840167937
79966748.62547253 0.8713249878235078
80641478.60121833 0.8703472401580326
81316208.57696413 0.8693711373226887
82114639.04826331 0.8682182020478273
82789369.02400911 0.8672456776251476
83464098.9997549 0.8662747863304774
84150074.47509646 0.8652893839300558
84824804.45084226 0.8643217750042599
85499534.42658806 0.8633557882129129
86174264.40233384 0.8623914199321666
86848994.37807964 0.8614286665482872
87523724.35382544 0.8604675244576213
88198454.32957123 0.8595079900665611
89547914.28106283 0.8575937300588612
90233889.75640438 0.8566230986020767
90908619.73215018 0.8556699858001537
91583349.70789598 0.8547184628203441
92258079.68364178 0.8537685261287817
92932809.65938756 0.8528201722014137
93607539.63513336 0.8518733975239682
94282269.61087915 0.8509281985919213
94956999.58662495 0.8499845719104654
95631729.56237075 0.8490425139944761
96250232.04013772 0.8481803360532346
96868734.5179047 0.847319470720385
97543464.4936505 0.8463818387980339
98218194.4693963 0.8454457623706332
98892924.44514209 0.8445112379994105
99567654.42088789 0.8435782622550904
105179158.71917376 0.8358785572565333
105820152.19613226 0.835005746011407
106494882.17187805 0.8340884733907519
107169612.14762385 0.8331727114072776
107844342.12336965 0.8322584567456881
108519072.09911545 0.8313457060997779
109193802.07486124 0.8304344561724004
109879777.5502028 0.8295095538016993
110554507.52594858 0.8286013203308323
111229237.50169438 0.8276945776866957
111903967.47744018 0.8267893226082359
112578697.45318598 0.8258855518433103
113253427.42893177 0.8249832621486585
113928157.40467757 0.8240824502898749
114602887.38042337 0.8231831130413771
115277617.35616916 0.8222852471863785
115963592.83151072 0.8213739219762617
116638322.80725652 0.820479013682322
117313052.7830023 0.8195855671309059
117987782.7587481 0.8186935791402667
118662512.7344939 0.8178030465373105
119337242.7102397 0.8169139661575675
120011972.68598549 0.8160263348451637
120405565.17183721 0.8155092178483455
120810403.15728468 0.8149778387250947
121485133.13303047 0.8140933602840944
122159863.10877627 0.8132103209211494
122834593.08452207 0.8123287175160432
123509323.06026787 0.8114485469570123
124184053.03601366 0.8105698061407164
124870028.51135522 0.8096778821386911
125544758.48710102 0.8088020152313253
126219488.46284682 0.8079275687557163
126894218.43859261 0.8070545396420883
127568948.4143384 0.8061829248289539
128243678.39008419 0.8053127212630873
128918408.36582999 0.8044439258994972
129593138.34157579 0.8035765357014011
130267868.31732158 0.8027105476401977
130953843.79266314 0.8018315607161525
131628573.76840894 0.8009683911184514
132303303.74415474 0.800106614570663
132978033.71990053 0.799246228076783
133652763.69564633 0.7983872286488578
134327493.6713921 0.7975296133069568
135002223.6471379 0.7966733790791494
135676953.6228837 0.7958185230014755
136351683.5986295 0.7949650421179231
137037659.07397106 0.7940987432789923
137712389.04971686 0.7932480267442035
138387119.02546266 0.7923986765341186
139028112.50242117 0.7915930567291719
139680351.47897542 0.7907745637004148
140355081.4547212 0.7899291819292495
141029811.430467 0.7890851550736593
141704541.4062128 0.788242480239778
142379271.3819586 0.7874011545414624
143054001.3577044 0.7865611751002654
143593785.33830103 0.7858901589230161
143841186.32940784 0.7855828967754617
144021114.32294005 0.7853595465629241
144482179.80636635 0.7847876462239691
145156909.78211215 0.7839518442356311
145831639.75785792 0.7831173767353448
146517615.23319948 0.7822703665520202
147192345.20894527 0.7814385816400421
147867075.18469107 0.7806081226733883
148541805.16043687 0.7797789868353091
149216535.13618267 0.7789511713165307
149891265.11192846 0.778124673315231
150565995.08767426 0.7772994900370166
151240725.06342006 0.7764756186948985
151915455.03916585 0.7756530565092684
152601430.5145074 0.7748181241634061
153276160.4902532 0.7739981936849398
153950890.465999 0.7731795640222909
154625620.4417448 0.772362232425263
155975080.3932364 0.7707314524635828
156649810.3689822 0.7699179986347673
157324540.344728 0.7691058319432004
158010515.82006955 0.7682814458367954
158685245.79581535 0.7674718666236058
159359975.77156115 0.7666635663818425
160709435.7230527 0.7650507920492625
161384165.6987985 0.7642463125944625
162013913.67616126 0.7634966093941661
162643661.653524 0.7627480088082822
163318391.6292698 0.7619471578612393
164004367.10461137 0.7611342516981701
164679097.08035716 0.7603359402989469
165353827.05610296 0.759538884198052
166028557.03184876 0.7587430807650191
170313092.37783456 0.7537187917221982
170706684.86368626 0.7532597474178891
171392660.33902782 0.7524607005314841
172067390.31477362 0.7516759924632802
172742120.29051942 0.750892511261464
173416850.2662652 0.7501102543698115
174001616.2452449 0.7494332867571035
174586382.2242246 0.748757235166605
175024956.70845935 0.7482507966194375
175474776.6922899 0.7477319060241634
176149506.6680357 0.7469545815849912
176824236.64378148 0.746178468648274
177498966.61952728 0.7454035646977295
178173696.59527308 0.7446298672236042
178848426.57101884 0.7438573737226541
179523156.54676464 0.7430860816981241
180209132.0221062 0.7423031639196762
180883861.997852 0.7415342873042734
181558591.9735978 0.7407666046725216
182233321.9493436 0.7400001135535268
182908051.9250894 0.7392348114827835
183582781.9008352 0.7384706960021551
184257511.87658098 0.7377077646598538
184932241.85232678 0.7369460150104208
185606971.82807258 0.7361854446147071
186292947.30341414 0.7354134044367319
186843976.78360653 0.7347941202703372
187192587.2710752 0.7344027321486148
187552443.2581396 0.7339990465156703
187957281.2435871 0.73354529790626
188474574.22499222 0.732966120055519
188879412.21043968 0.732513328773715
189273004.6962914 0.7320735171568074
189745315.67931345 0.7315462658749139
190228872.16193128 0.7310070508787462
190903602.13767707 0.7302556536114465
191578332.11342287 0.7295054142833542
192253062.08916867 0.7287563305164381
192927792.06491446 0.7280083999387678
193602522.04066026 0.7272616201844959
194277252.01640606 0.7265159888938398
194951981.99215186 0.7257715037130613
195637957.4674934 0.7250157829476678
196312687.4432392 0.7242736019533885
196987417.41898498 0.7235325600049821
197381009.9048367 0.7231008106261244
197763356.89109266 0.7226817668860437
198415595.86764693 0.7219677677883687
199090325.84339273 0.7212302609482091
199765055.81913853 0.720493883601668
200439785.79488432 0.7197586334434926
201114515.77063012 0.7190245081743079
201789245.74637592 0.7182915055005996
202463975.7221217 0.7175596231346953
203149951.19746327 0.7168166888482749
203824681.17320904 0.7160870588348234
204499411.14895484 0.7153585422632457
205174141.12470064 0.7146311368691569
205848871.10044643 0.7139048403939253
206523601.07619223 0.7131796505846547
206917193.56204396 0.7127571333665407
207254558.54991683 0.7123952745268949
207873061.02768382 0.7117325819809893
208277899.0131313 0.7112993201678639
208671491.49898303 0.7108784725798079
209357466.97432458 0.7101458875665062
210032196.95007038 0.7094264163240805
210706926.92581618 0.7087080379066252
211381656.90156198 0.7079907501020302
212056386.87730777 0.7072745507037801
212731116.85305357 0.706559437510937
213405846.82879934 0.7058454083281233
214080576.80454513 0.7051324609655055
214755306.78029093 0.7044205932387766
215430036.75603673 0.7037098029691399
216116012.2313783 0.7029882684978837
216790742.20712408 0.702279644494929
217465472.18286988 0.7015720914095773
218061483.66144535 0.700947975254973
218646249.64042503 0.70033644392141
219309734.11657506 0.6996435596919307
219984464.09232086 0.6989399856857892
220659194.06806666 0.6982374724360669
221333924.04381245 0.6975360178114766
222008654.01955825 0.6968356196860804
222683383.99530405 0.6961362759392746
223358113.97104985 0.6954379844557737
224032843.94679564 0.6947407431255933
224718819.4221372 0.694032955490014
225393549.397883 0.6933378255723823
226068279.37362877 0.6926437394749141
226743009.34937456 0.6919506951087616
227417739.32512036 0.6912586903903
228092469.30086616 0.6905677232411106
228767199.27661195 0.6898777915879665
229441929.25235775 0.6891888933628162
230116659.22810355 0.6885010265027685
230791389.20384935 0.6878141889500771
231477364.6791909 0.6871169571719549
232152094.6549367 0.6864321891507084
232826824.6306825 0.685748444260297
233501554.6064283 0.6850657204634848
234176284.5821741 0.6843840157281036
234851014.5579199 0.6837033280270385
235525744.5336657 0.6830236553382119
236121756.01224113 0.6824241204765688
236706521.99122083 0.6818366644418696
237381251.96696663 0.6811597726513192
238055981.94271243 0.6804838883348318
238741957.41805398 0.6797977700206302
239416687.39379975 0.6791239113700123
240091417.36954555 0.6784510541801464
240766147.34529135 0.6777791964675761
241440877.32103714 0.677108336253753
242115607.29678294 0.6764384715650216
242790337.27252874 0.6757696004326061
243465067.24827453 0.6751017208925947
244139797.22402033 0.6744348309859258
244825772.6993619 0.6737578387446421
245500502.6751077 0.6730929386591419
246175232.65085348 0.6724290223263867
246849962.62659928 0.6717660878066521
247524692.60234508 0.6711041331649913
248199422.57809088 0.6704431564712229
248874152.55383667 0.6697831557999149
249548882.52958247 0.6691241292303719
250234858.00492403 0.6684551154992407
250909587.98066983 0.6677980475450933
251584317.95641562 0.6671419479271665
252259047.93216142 0.6664868147436486
252933777.90790722 0.6658326460973943
253608507.88365299 0.6651794400959125
254283237.85939878 0.6645271948513491
254957967.83514458 0.663875908480478
255632697.81089038 0.663225579104683
256307427.78663617 0.6625762048499481
256993403.26197773 0.6619169848956546
257668133.23772353 0.6612695311199874
258342863.21346933 0.6606230268398191
259017593.18921512 0.6599774701994675
259692323.16496092 0.6593328593477817
260367053.14070672 0.6586891924381295
261041783.11645252 0.6580464676283825
261716513.0921983 0.657404683080904
262391243.0679441 0.656763836962536
263077218.54328567 0.6561132702106439
263751948.51903147 0.6554743110330429
264302977.99922386 0.654953186503438
264865252.979012 0.6544220671395808
265551228.45435357 0.653774975936283
266225958.43009937 0.6531394286248252
266900688.40584517 0.652504807604885
267339262.89007995 0.6520927998133188
267777837.3743147 0.6516811821265645
268171429.86016643 0.6513121133741077
268565022.34601814 0.6509433580567795
269250997.8213597 0.6503014183341232
269925727.7971055 0.6496709281348187
270600457.7728513 0.6490413544150005
271275187.7485971 0.6484126953992712
271949917.7243429 0.6477849493165313
272624647.7000887 0.6471581143999648
273299377.6758345 0.6465321888870287
273974107.6515803 0.6459071710194388
274660083.12692183 0.645272664841829
275334813.1026676 0.644649472061283
276009543.0784134 0.6440271816476103
276403135.56426513 0.6436645949317076
276526836.0598185 0.6435507023456809
276920428.5456702 0.6431885178848733
277595158.521416 0.6425683411866041
278269888.4971618 0.6419490610383646
278944618.4729076 0.641330675712873
279630593.94824916 0.6407028995066508
280305323.92399496 0.640086313503234
280980053.89974076 0.6394706171370732
281654783.87548655 0.6388558086975143
282329513.85123235 0.6382418864780136
283004243.82697815 0.6376288487761245
283678973.80272394 0.6370166938934865
284353703.77846974 0.6364054201358138
284792278.2627045 0.6360085638957834
285219607.24734354 0.635622240407418
285905582.7226851 0.6350028251755999
286580312.6984309 0.6343944471601923
287255042.6741767 0.6337869430304672
287929772.6499225 0.6331803111135382
288604502.6256683 0.6325745497405193
289279232.601414 0.6319696572465144
289953962.5771598 0.6313656319706056
290628692.5529056 0.6307624722558415
291314668.0282472 0.630150145495608
291989398.003993 0.6295487263051271
292461708.98701507 0.6291282450185368
292945265.46963286 0.6286981885518751
293619995.44537866 0.6280988463039595
297949512.78974754 0.6242733805237409
298624242.76549333 0.6236803529340881
302009138.1438181 0.6207180456575344
302683868.1195639 0.6201300757310098
303358598.0953097 0.6195429408333032
304033328.0710555 0.6189566393839643
304708058.04680127 0.6183711698062792
305382788.02254707 0.6177865305272613
306057517.99829286 0.61720271997764
306743493.4736344 0.6166100272011027
307418223.44938016 0.6160278831640963
308092953.42512596 0.6154465631449284
308767683.40087175 0.6148660655891495
309442413.37661755 0.6142863889459734
310117143.35236335 0.6137075316682676
310791873.32810915 0.6131294922125431
311466603.30385494 0.612552269038943
312141333.27960074 0.611975860611233
312816063.25534654 0.611400265396791
313490793.23109233 0.6108254818665972
314176768.7064339 0.6102419491275413
314851498.6821797 0.6096687978575521
315526228.6579255 0.6090964536809882
316200958.6336713 0.6085249150831965
316875688.6094171 0.6079541805530748
317550418.5851629 0.6073842485830626
318225148.5609087 0.6068151176691309
318899878.5366545 0.6062467863107722
319574608.51240027 0.6056792530109912
320260583.9877418 0.6051030774042349
320935313.9634876 0.604537148983267
321610043.9392334 0.6039720141261161
322284773.9149792 0.6034076713497927
322959503.890725 0.6028441191747701
323634233.8664708 0.6022813561249746
324308963.8422166 0.6017193807277755
324983693.8179624 0.6011581915139763
325658423.7937082 0.600597787017804
327019129.24479556 0.5994700189568247
327693859.22054136 0.5989119728463586
328368589.19628716 0.5983547056003022
329032073.6724372 0.5978074842377679
329684312.64899147 0.5972702691958119
330347797.1251415 0.5967245344659012
336105492.91817224 0.5920199156016333
336780222.89391804 0.5914722376605406
337454952.86966383 0.5909253193538002
338129682.84540963 0.5903791592772349
338804412.8211554 0.589833756029911
339479142.7969012 0.5892891082141276
340153872.772647 0.5887452144354101
340828602.7483928 0.5882020733024992
341514578.2237344 0.5876506499530216
342189308.1994802 0.5871090224369346
342864038.175226 0.5865681433890846
343538768.1509718 0.5860280114310412
344213498.12671757 0.5854886251875467
344888228.10246336 0.5849499832865057
345562958.07820916 0.5844120843589771
345990287.06284815 0.58407179870041
346383879.54869986 0.5837586405684548
347047364.0248499 0.5832313152591754
347722094.0005957 0.582695784684188
348396823.9763415 0.5821609913674105
349071553.9520873 0.5816269339561648
349746283.9278331 0.5810936111008737
350421013.9035789 0.5805610214550521
351095743.8793247 0.5800291636752993
351770473.8550705 0.5794980364212895
352456449.33041203 0.5789588045582489
353131179.3061578 0.5784291464666255
353805909.2819036 0.5779002148759754
354480639.2576494 0.5773720084582411
355155369.2333952 0.576844525888398
355830099.209141 0.5763177658444459
356504829.1848868 0.5757917270074024
357179559.1606326 0.5752664080612929
357865534.63597417 0.5747330704341607
358540264.61171997 0.5742091992773722
359214994.58746576 0.5736860440598041
359889724.56321156 0.5731636034774826
360564454.53895736 0.5726418762294019
361239184.51470315 0.5721208610175149
361700249.9981294 0.5717652428094087
362150069.98195994 0.5714186176553178
362824799.95770574 0.5708992706358785
363499529.93345153 0.5703806313256339
364174259.90919733 0.5698626984393159
364848989.8849431 0.5693454706945741
365523719.8606889 0.5688289468119653
366198449.8364347 0.5683131255149474
366884425.3117763 0.5677894261312155
367559155.2875221 0.567275017843919
368008975.27135265 0.5669324672595214
368458795.25518316 0.5665902268566426
369144770.7305247 0.5660689065918326
369819500.7062705 0.5655568341501704
370258075.19050527 0.5652243595811404
370696649.67474 0.5648921781042889
371371379.6504858 0.5643817011954929
372046109.6262316 0.5638719159292553
372720839.6019774 0.5633628210566695
373395569.5777232 0.5628544153316464
374070299.553469 0.5623466975109073
374745029.5292148 0.5618396663539756
375419759.5049606 0.5613333206231702
376105734.98030216 0.5608192371808699
376780464.95604795 0.560314269972643
377455194.93179375 0.5598099844737262
378129924.90753955 0.5593063794575882
378804654.88328534 0.5588034537004549
379479384.85903114 0.5583012059813022
380154114.83477694 0.5577996350818479
380828844.81052274 0.5572987397865456
381503574.78626853 0.556798518882576
382189550.2616101 0.556290651060922
382864280.2373559 0.5557917865013842
386237930.1160849 0.5533075009419631
386912660.0918307 0.5528126429017575
387587390.06757647 0.5523184484392636
388273365.542918 0.5518166964392596
388835640.52270615 0.551405934030179
389397915.50249434 0.5509956300966601
390072645.47824013 0.550503869603936
390747375.4539859 0.5500127671577497
391422105.4297317 0.5495223215845425
392096835.4054775 0.5490325317133719
392782810.8808191 0.5485352496589898
393457540.8565649 0.5480467785690912
394132270.8323107 0.5475589596646556
394807000.8080565 0.5470717917851731
395481730.7838023 0.5465852737727137
396156460.75954807 0.5460994044719212
396831190.73529387 0.545614182730005
397505920.71103966 0.5451296073967351
398180650.68678546 0.5446456773244335
398866626.162127 0.5441543420526088
399541356.1378728 0.5436717097759424
400216086.1136186 0.5431897193134798
400890816.0893644 0.5427083695277287
401565546.0651102 0.5422276592837154
402240276.040856 0.5417475874489783
402915006.0166018 0.5412681528935618
403589735.9923476 0.5407893544900084
404264465.9680934 0.5403111911133535
404950441.44343495 0.5398257081807774
405625171.41918075 0.5393488220298926
406299901.39492655 0.5388725675272947
406974631.3706723 0.5383969435579625
407649361.3464181 0.5379219490093349
408144163.3286317 0.5375740190625838
408638965.31084526 0.5372264265703006
409313695.28659105 0.5367529798515237
409988425.26233685 0.5362801587155204
410674400.7376784 0.5358000974008653
411349130.7134242 0.5353285345082636
412023860.68917 0.5348575938824734
412698590.6649158 0.5343872744291318
413373320.6406616 0.5339175750562802
414048050.6164074 0.533448494674359
414722780.5921532 0.5329800321962002
415397510.567899 0.5325121865370218
416072240.5436448 0.5320449566144214
416746970.5193906 0.5315783413483696
417432945.99473214 0.5311045781586671
418107675.97047794 0.5306391991743824
418782405.94622374 0.5301744316028729
419457135.92196953 0.5297102743735789
420131865.89771533 0.5292467264182829
420806595.8734611 0.5287837866711036
421481325.8492069 0.5283214540684893
422156055.8249527 0.5278597275492121
422830785.8006985 0.5273986060543616
423516761.2760401 0.5269304183461642
424191491.2517859 0.5264705137723166
424866221.2275317 0.5260112110424963
425540951.20327747 0.5255525091070412
426215681.17902327 0.5250944069185768
426890411.15476906 0.5246369034320097
427565141.13051486 0.5241799976045219
428239871.10626066 0.5237236883955652
428925846.5816022 0.5232603845796938
429600576.557348 0.5228052753955076
430275306.5330938 0.5223507597045544
430950036.5088396 0.5218968364753417
431624766.4845854 0.5214435046786178
432299496.46033114 0.5209907632873643
432974226.43607694 0.5205386112767912
433367818.9219287 0.5202751277098309
433491519.4174821 0.5201923599049884
433603974.4134397 0.5201171335838235
433716429.40939736 0.5200419235794793
434110021.89524907 0.5197788169911268
434784751.87099487 0.5193282414381954
435470727.3463364 0.5188707566340635
436145457.3220822 0.5184213610519572
436820187.297828 0.5179725490514959
437494917.2735738 0.5175243196226703
438169647.2493196 0.5170766717576557
438844377.2250654 0.5166296044508054
439519107.2008112 0.5161831166986461
440193837.176557 0.5157372074998712
440868567.1523028 0.5152918758553355
441554542.62764436 0.5148397130623146
442229272.60339016 0.5143955431217313
442701583.5864122 0.5140849660814489
443185140.06903 0.5137672856603452
443859870.0447758 0.5133245025282384
444534600.0205216 0.512882291559219
445209329.9962674 0.5124406517679152
445884059.9720132 0.5119995821710749
446558789.947759 0.5115590817875609
447244765.42310053 0.5111118222444998
447919495.3988463 0.5106724667986849
448594225.3745921 0.5102336776191908
449268955.3503379 0.5097954537333206
449943685.3260837 0.5093577941704643
450348523.3115312 0.5090954689048036
450764606.7965744 0.5088260679427045
451439336.7723202 0.5083896558459314
452114066.748066 0.5079538049641403
452788796.7238118 0.5075185143354655
453463526.6995576 0.5070837830001012
454138256.6753034 0.5066496100002961
454824232.15064496 0.5062087721701615
455498962.12639076 0.5057757222421155
456173692.10213655 0.5053432277728064
456848422.07788235 0.5049112878126828
457523152.05362815 0.5044799014142205
458197882.02937394 0.504049067631919
458872612.00511974 0.5036187855222953
459547341.98086554 0.503189054143879
460222071.95661134 0.5027598725572078
460896801.93235713 0.5023312398248209
462257507.3834445 0.5014684961814433
463606967.3349361 0.5006150759276697
464281697.3106819 0.5001891825366251
464956427.2864277 0.49976383240145744
467666592.6890066 0.4980607974385916
468341322.6647524 0.49763815873854733
469016052.6404982 0.49721605776717204
469690782.616244 0.49679449361264044
470365512.5919898 0.49637346536505855
471040242.5677356 0.49595297211646033
471714972.5434814 0.4955330129608011
472389702.5192272 0.4951135869939537
473075677.99456877 0.4946877162568859
473750407.97031456 0.4942693628117465
474425137.94606036 0.49385153983953467
475099867.92180616 0.49343424644377526
475774597.89755195 0.49301748172988574
476449327.87329775 0.4926012448051723
477124057.8490435 0.4921855347788239
477798787.8247893 0.4917703507619085
478484763.30013084 0.4913487853297017
479080774.7787063 0.4909829471102642
479699277.2564733 0.4906037355066246
480374007.2322191 0.49019055095482333
481048737.2079649 0.4897778881569308
481723467.1837107 0.4893657462348484
482398197.1594565 0.4889541243123239
483072927.1352023 0.48854302151494716
483747657.1109481 0.4881324369701449
484433632.58628964 0.487715539732883
485108362.56203544 0.4873059976840335
485783092.53778124 0.48689697126658005
486457822.51352704 0.4864884596152822
487132552.48927283 0.4860804618667141
487807282.46501863 0.4856729771592588
488482012.4407644 0.4852660046331051
489156742.4165102 0.48485954343024157
489831472.392256 0.4844535926944532
490517447.8675976 0.48404139853195677
491192177.8433434 0.48363647464095405
491866907.8190892 0.48323205864494534
492541637.794835 0.4828281496948839
493216367.77058077 0.48242474694349624
493891097.74632657 0.4820218495452782
494565827.7220723 0.4816194566564898
495240557.6978181 0.48121756743515154
495915287.6735639 0.48081618104103924
496601263.14890546 0.4804086194771167
497275993.12465125 0.4800082445692406
497950723.10039705 0.47960836996450784
498625453.07614285 0.47920899482970264
499300183.05188864 0.47881011833334297
499974913.02763444 0.47841173964567635
500649643.00338024 0.47801385793867596
501324372.97912604 0.4776164723860353
501999102.95487183 0.47721958216316446
502685078.4302134 0.47681658403681315
503359808.4059592 0.4764206902277065
504034538.381705 0.4760252892712143
504709268.3574508 0.47563038034959915
505383998.3331966 0.47523596264681844
506058728.3089424 0.47484203534852126
506733458.2846882 0.47444859764204306
507408188.260434 0.4740556487164021
508082918.23617977 0.4736631877622952
508768893.7115213 0.47326468519835824
509443623.6872671 0.4728732058652496
510118353.6630129 0.4724822120724038
510793083.6387587 0.4720917030172175
511467813.6145045 0.4717016778987454
512142543.5902503 0.4713121359176955
512817273.5659961 0.4709230762764254
513492003.5417419 0.4705344981789383
514166733.5174877 0.4701464008308782
514852708.99282926 0.4697523272114638
515527438.96857506 0.46936519696513745
516202168.94432086 0.4689785450818352
516876898.92006665 0.46859237077375365
517292982.4051099 0.4683544676665354
517664083.89177006 0.46814243663424665
518293831.8691328 0.46778295573877016
518968561.8448786 0.4673982569248709
519643291.8206244 0.4670140324731024
520318021.7963702 0.46663028160388725
520992751.772116 0.46624700353924853
521678727.24745756 0.4658578213969115
522353457.22320336 0.46547549446154635
523028187.19894916 0.465093637993519
523702917.17469496 0.4647122512212429
524377647.15044075 0.4643313333747124
525052377.12618655 0.46395088368549925
525727107.10193235 0.46357090138674883
526233154.58374166 0.4632862209272513
526716711.06635946 0.4630144378733905
527380195.5425095 0.46264191526978443
528043680.01865953 0.462269842060216
528707164.49480957 0.4618982175221383
529393139.9701511 0.46151446651844064
530067869.9458969 0.46113747286755286
530742599.9216427 0.4607609409557769
531417329.8973885 0.4603848700293742
532092059.8731343 0.4600092593361437
532766789.8488801 0.45963410812541755
533216609.8327106 0.45938426221631734
533666429.8165412 0.4591346199670924
534352405.29188275 0.45875430714540805
535027135.26762855 0.45838068975137014
535701865.24337435 0.45800752859218574
536376595.21912014 0.4576348229253288
537051325.194866 0.45726257200978293
537726055.1706117 0.45689077510603787
