1.0 1.0
2608956.906217076 0.9937378254120767
6095061.780903686 0.9770013456054375
6769791.756649481 0.9756071687076714
10559525.1204217 0.963152250255737
10896890.108294597 0.9625133683943499
13528337.0137032 0.9551241116418127
15338862.448621085 0.9492120705364383
17363052.37585847 0.9432027866848054
18037782.351604268 0.9427627607764295
19387242.30309586 0.9382480750855444
20061972.278841652 0.9371048023511168
21411432.230333243 0.9333076668115384
22086162.20607904 0.933105433684
23446867.65716639 0.9298409976807576
24796327.608657986 0.926539214106016
28855952.96272852 0.9380578607251291
29530682.938474316 0.9365533296996209
30205412.914220113 0.9353641671315261
30880142.889965907 0.9340926611127879
31554872.865711704 0.932583958284589
32229602.841457497 0.9312176927365453
32904332.817203294 0.9297363052866916
33579062.79294909 0.9283823564909509
34253792.768694885 0.9271989549828914
34939768.24403644 0.9255807919855418
35614498.21978224 0.9242095600046093
36289228.19552804 0.9231112831483093
36963958.17127383 0.9217340914495377
37638688.147019625 0.9204226553149712
38313418.12276542 0.9191436996484256
40337608.050002806 0.9138596142537104
41473403.5091749 0.9111105946026294
41720804.50028169 0.9106866599346567
42204360.98289951 0.909533255678682
42890336.45824107 0.908017202530052
43565066.433986865 0.9066309719240943
44239796.409732655 0.9052016326855851
44914526.38547845 0.9039919090861648
45589256.36122425 0.9027816888437609
46263986.336970046 0.901722845460305
46938716.31271584 0.900071705350934
47613446.28846163 0.8986398828954718
48299421.76380319 0.8974303579538554
50998341.66678637 0.8971948497301327
51673071.64253217 0.8957774299293358
52347801.61827797 0.8945504231457412
53022531.594023764 0.8932642164871576
53697261.56976956 0.892071180101552
54383237.04511112 0.8909979340634308
55057967.02085691 0.889840556661552
55732696.99660271 0.8890107651399789
56407426.972348504 0.8876656565936206
57082156.9480943 0.8862559844268284
57756886.92384009 0.8851472780627839
58431616.89958589 0.8837837937168732
59106346.875331685 0.8826079411870488
59781076.85107748 0.8814879113556519
60467052.32641904 0.880455986035951
61141782.30216484 0.8793430085398054
61816512.27791063 0.8780448824445264
62491242.253656425 0.8769543532222307
63165972.22940222 0.8758501166470741
63840702.20514802 0.8745567583268803
64515432.18089381 0.8730941439901525
65190162.156639606 0.8717623454830816
65864892.1323854 0.8708124656268098
66550867.60772696 0.8697768651463847
67225597.58347276 0.8687490123009812
67900327.55921856 0.8671916384349481
68575057.53496435 0.8659031472182324
69249787.51071015 0.864718653095812
69924517.48645593 0.8636776888689248
70599247.46220173 0.8624472055824097
71273977.43794753 0.8612582416700845
71678815.42339501 0.8605446646656992
71993689.41207638 0.8600661985704464
72578455.39105608 0.8589403083496037
73264430.86639763 0.8581697167020025
73939160.84214342 0.8570246560524266
74613890.81788921 0.8555822054314165
75288620.79363501 0.8543777462510822
75963350.76938081 0.8531386213719714
76638080.7451266 0.8519319769608812
77312810.7208724 0.8507622828066996
77987540.6966182 0.8497155575187598
78673516.17195976 0.8485310633963397
79955503.12587677 0.8469616707642006
80574005.60364375 0.8459682849587529
81248735.57938954 0.8447818042633805
81923465.55513534 0.8435821128581311
82598195.53088114 0.8423694093987742
88007280.83644326 0.8637130498674718
88682010.81218906 0.8628057820007679
89356740.78793485 0.8614400130957078
90031470.76368065 0.8611098446710731
90717446.23902221 0.8599190928435995
91156020.72325698 0.8593784470144381
91594595.20749174 0.8583098694240255
92280570.6828333 0.8571812973294435
92955300.6585791 0.8560999063437444
93630030.6343249 0.8554945975647387
94304760.61007069 0.8547992970315125
94979490.58581647 0.8542651075652082
95654220.56156227 0.8534514072840383
96328950.53730807 0.8525602306567205
97003680.51305386 0.8514838061028931
97689655.98839542 0.8506620602015217
99039115.93988702 0.8479995558027577
99713845.91563281 0.8466859344384526
100388575.89137861 0.8460630444890752
101063305.86712441 0.8448300779856073
101738035.84287019 0.8436353530132468
102412765.81861599 0.8425350895829773
103087495.79436179 0.8416865249462442
103773471.26970334 0.8407393269626949
104448201.24544914 0.8394846074861646
105122931.22119494 0.8389018463114363
105797661.19694073 0.837461282934985
106472391.17268653 0.8364482300578203
107147121.14843233 0.8353633625692007
107821851.12417813 0.8340781491976018
108496581.09992391 0.8331178894967656
109171311.0756697 0.8321972122623807
109846041.0514155 0.8310455462573578
110532016.52675706 0.8302983961705911
111206746.50250286 0.8290739719313256
111881476.47824866 0.8276369347219914
112556206.45399445 0.8266815421246333
113230936.42974025 0.8253030094895006
113905666.40548605 0.8241553166303818
114580396.38123184 0.8230827658940653
115255126.35697763 0.821922060981856
115929856.33272342 0.8211001660878947
116615831.80806498 0.8203460629952871
117290561.78381078 0.8191433420659043
117965291.75955658 0.8180340893936625
118640021.73530237 0.8168948891335324
119314751.71104817 0.8161838450102967
119989481.68679397 0.8153345850727763
120664211.66253977 0.8140586092661672
121338941.63828556 0.8129836249770943
122024917.11362712 0.811949911741228
122474737.09745765 0.8111386946770112
122924557.08128817 0.8106117562007105
126095787.96729341 0.8079274988278671
126410661.95597479 0.8074402421474284
126916709.43778414 0.8066462089389926
127591439.41352993 0.8056846579659919
128277414.88887149 0.8047695927990525
128952144.86461729 0.8036440502296207
129626874.84036307 0.8023931549053873
130301604.81610887 0.801422465696807
130976334.79185466 0.8006012164384193
131651064.76760046 0.7995851837023349
132325794.74334626 0.7984172774633016
133000524.71909206 0.7974981398230818
133675254.69483785 0.7966611469736675
134361230.1701794 0.7955396272143367
136385420.0974168 0.7923902137845107
137060150.0731626 0.7916639723774288
137734880.04890838 0.7906945247768163
138409610.02465418 0.7898158635596051
139084340.00039998 0.7888319139769511
139759069.97614577 0.7878316248308762
140445045.45148733 0.7869094576665231
141119775.42723313 0.7861818256588834
141794505.40297893 0.7850629877722749
142469235.37872472 0.7838437286226848
143143965.35447052 0.7837542831756448
143818695.33021632 0.7822666380207378
144493425.30596212 0.7811623517803676
145168155.2817079 0.779970060358729
145854130.75704947 0.779406618605324
146528860.73279527 0.7784544045257065
147203590.70854104 0.7778571413669023
147878320.68428683 0.776572126653107
148553050.66003263 0.7751138827778908
149227780.63577843 0.7742428698673081
149902510.61152422 0.7735203532841298
150577240.58727002 0.7731475232057307
151251970.56301582 0.7720663308768182
151926700.53876162 0.7715672540870605
152612676.01410317 0.7707501269671668
153287405.98984897 0.7700069003610904
153962135.96559477 0.7692022886513036
154636865.94134057 0.7682180410824524
155311595.91708636 0.7674738708546052
155986325.89283216 0.7665017413802532
156661055.86857796 0.7658146851250324
157335785.84432375 0.7650211982237771
158021761.3196653 0.7638490208536597
158696491.2954111 0.7630746050517272
159371221.2711569 0.7622949744969397
160045951.2469027 0.7611234427634131
160720681.22264847 0.7601375066067899
161395411.19839427 0.7592839755381853
162070141.17414007 0.7586376936921702
162497470.15877908 0.7578359625129094
162812344.14746046 0.7574448062991546
163363373.62765285 0.7567308319801789
164049349.1029944 0.7557713669085234
164724079.0787402 0.7545544916464758
165398809.054486 0.7535418360839014
166073539.0302318 0.7526655587552498
171055295.35115492 0.7702330220272333
171730025.32690072 0.7698112725900164
172134863.3123482 0.7689858515279208
172528455.79819992 0.768281114773935
173203185.7739457 0.7672722833646749
173877915.7496915 0.7665339238620769
174552645.72543728 0.7656296358542924
175227375.70118308 0.7648260174304728
175902105.67692888 0.7639366287203376
176588081.15227044 0.7628453545330578
177262811.12801623 0.7621115144845614
177937541.10376203 0.761291755156142
178612271.07950783 0.7604117033383729
179287001.05525362 0.7595554903960287
179961731.03099942 0.7582701280318397
180636461.00674522 0.7573553608521144
181311190.98249102 0.7566806213481795
181997166.45783257 0.7559536846413272
182671896.43357837 0.7550377751810102
183346626.40932417 0.7541087543402268
184021356.38506997 0.7531975629918154
184696086.36081576 0.7525572905288531
185370816.33656156 0.7516669085317332
186045546.31230736 0.7506393536725269
186720276.28805313 0.7496039518499056
187395006.26379892 0.7486206975670219
188069736.23954472 0.7477566873264765
188755711.71488628 0.7469653359907632
189430441.69063208 0.7460411822534581
190105171.66637787 0.7452081625499479
190779901.64212367 0.7443649119964973
191454631.61786947 0.7433905476282099
192129361.59361526 0.7426816390694992
192804091.56936106 0.7418552247214362
193478821.54510686 0.7409928037392525
194164797.02044842 0.7401256646451632
194839526.9961942 0.7390599179210803
195514256.97194 0.7381938217781724
196188986.9476858 0.7374785561870322
196863716.9234316 0.7367171027739934
197538446.8991774 0.7357297263526157
198213176.8749232 0.7352622360733043
198887906.850669 0.7339912763627635
199562636.8264148 0.7331118701805681
200248612.30175635 0.7322219351622353
200923342.27750212 0.7313557893551308
202272802.2289937 0.7293549130778011
202947532.2047395 0.7287741384760249
203622262.1804853 0.7278269901566724
204296992.1562311 0.7269665060822269
204971722.1319769 0.7265014990188514
205646452.1077227 0.7256667907285863
206332427.58306426 0.7248213052801833
207007157.55881006 0.7240830947711924
207681887.53455585 0.7231452833442059
208356617.51030165 0.7222968180368833
209031347.48604745 0.7215361592530254
209706077.46179324 0.7206455289349222
210380807.43753904 0.7199786363944021
211055537.41328484 0.7193831611527807
211741512.8886264 0.7186887545771286
212416242.8643722 0.717727451925111
213090972.840118 0.716976030706243
213765702.8158638 0.7162335490651508
214440432.79160956 0.7152726437287409
215115162.76735535 0.7141177992069947
215789892.74310115 0.7135922016680722
216464622.71884695 0.7129238688627977
220276847.0818107 0.7085199842784418
220692930.56685394 0.7082366493112792
221378906.0421955 0.7073363344493989
221963672.02117518 0.7069171178923146
222323528.00823963 0.7063713069734777
222762102.49247438 0.7059200072629631
223436832.46822017 0.70510312846507
224111562.44396597 0.7047156970752186
224786292.41971177 0.703793927225456
225461022.39545757 0.7027624985487387
226146997.87079912 0.7020291551432261
226821727.84654492 0.7013917135476105
227496457.82229072 0.7007797000847644
228171187.79803652 0.6998271383547532
228564780.28388822 0.699252323470816
228677235.27984586 0.6992320107625083
228857163.27337807 0.6990796902817894
229306983.2572086 0.6985507652325366
229981713.23295438 0.6979318980942771
230656443.20870018 0.6974207032090032
231331173.18444598 0.696371445039914
232005903.16019177 0.695475848288922
232680633.13593757 0.6949739902970313
233355363.11168337 0.6941057585885813
234030093.08742917 0.6931715726581223
234704823.06317496 0.692707757537501
235390798.53851652 0.6919241041726127
236065528.51426232 0.691131163578538
236740258.49000812 0.6902617399263167
237414988.4657539 0.6895541226407876
238089718.4414997 0.6889048112716563
238764448.4172455 0.6880212332867701
239439178.3929913 0.6872476121150356
240113908.3687371 0.686474735907268
240799883.84407866 0.6860020308740847
241474613.81982446 0.6852232942768715
242149343.79557022 0.6844261322148919
242824073.77131602 0.6835689259865803
243498803.74706182 0.6828766549764703
244173533.72280762 0.6820039038149358
244848263.6985534 0.6813913440449092
245522993.6742992 0.6806157859644193
246197723.650045 0.6800440999330088
246883699.12538657 0.6791335045559744
247558429.10113236 0.6784811139985131
248233159.07687816 0.6779357003942666
248907889.05262396 0.6768617093921785
249582619.02836975 0.676044284287105
250257349.00411555 0.6755382544915063
250932078.97986135 0.6746850214090987
251606808.95560715 0.6740381435917066
252281538.93135294 0.6730481349607857
252967514.4066945 0.6725120582499228
253642244.3824403 0.6716607620752535
254114555.36546233 0.6711608906563148
254586866.3484844 0.6707209144121354
255261596.3242302 0.6701120794660127
255936326.299976 0.6694322742018127
256611056.2757218 0.6687620541519793
257285786.2514676 0.667786597168314
257960516.22721338 0.6672817096533071
258635246.20295918 0.6666508734121215
259309976.17870498 0.6659613339399477
259984706.15445077 0.665150861839698
260670681.62979233 0.6643009562666037
261345411.60553813 0.663644294577041
262020141.58128393 0.6631053373356518
262694871.55702972 0.6622653646273179
263369601.53277552 0.6616007069817503
264044331.5085213 0.6610662195292489
264719061.4842671 0.660385023663474
265393791.46001288 0.6594429411054035
266068521.43575868 0.6589998856728941
266754496.91110024 0.6582721046716472
267429226.88684604 0.6574630728371691
268103956.86259183 0.6568858244014929
268621249.84399694 0.6564381998517024
268891141.8342953 0.6560606019972011
269329716.31853 0.655491796497334
270004446.2942758 0.6551407690561938
270679176.2700216 0.6542760635148608
271365151.7453632 0.6536117038554904
272039881.721109 0.6528681792632169
272714611.69685477 0.6522801040052062
273389341.67260057 0.6515656330432468
274064071.64834636 0.6508705311668073
274738801.62409216 0.6500712335392856
275413531.59983796 0.649492842825052
276088261.57558376 0.6485931239345487
276762991.55132955 0.6480796941553394
277448967.0266711 0.647353850062848
278123697.0024169 0.6466957481085308
278798426.9781627 0.6462196658998032
279473156.9539085 0.6456916844743555
280147886.9296543 0.6449689195691769
280822616.9054001 0.6441531830508584
281497346.8811459 0.6434316100904682
282172076.8568917 0.6428712971895898
282858052.33223325 0.6422997601507693
283532782.30797905 0.6416461776505539
283971356.7922138 0.6412451382352181
284409931.27644855 0.640632826787192
285084661.25219434 0.6401079742132538
285759391.22794014 0.6394504682303138
286434121.20368594 0.6387113140995521
287108851.17943174 0.6381246791062958
287794826.6547733 0.6375642172128274
288469556.6305191 0.6368040054077565
289144286.6062649 0.6362954923962221
289819016.5820107 0.6353292233123329
290493746.5577565 0.6348407746881229
291168476.5335023 0.6341142849590405
291843206.5092481 0.6334368139181865
292517936.4849939 0.632952934412275
293192666.4607397 0.632332130364243
293878641.93608123 0.6316485009467289
294553371.911827 0.6309236998054186
295228101.8875728 0.6303350285750137
295902831.8633186 0.6296646595325903
296577561.8390644 0.6289273429821907
297252291.8148102 0.6282238478351557
297927021.790556 0.6276380074710803
298601751.7663018 0.6269084882188818
299287727.24164337 0.626478295846873
299962457.21738917 0.6257978946102788
300637187.19313496 0.6251169470665042
301311917.16888076 0.6245916971779757
301986647.14462656 0.6239758098986358
302661377.12037235 0.6233333522059349
303336107.09611815 0.6227562527638657
304010837.07186395 0.622110815211228
304685567.04760975 0.6217098254611061
305360297.0233555 0.6209296982623177
306046272.49869704 0.6205527460454244
306721002.47444284 0.6198151811720072
307395732.45018864 0.6193026950145685
308070462.42593443 0.6186527380088463
308745192.40168023 0.6182059080882366
309419922.377426 0.6175964275065401
310094652.3531718 0.6168676532183086
310769382.3289176 0.6163202033779306
311444112.3046634 0.6155292493568078
312130087.780005 0.6148778024211172
312804817.7557508 0.6140939007342285
313479547.7314966 0.6137025458626698
314154277.70724237 0.613136918879526
314829007.68298817 0.6125692059940198
315503737.65873396 0.6120583587591395
316178467.63447976 0.6114308500282843
316853197.61022556 0.610697605951165
317527927.58597136 0.6101941587009125
318213903.0613129 0.6096746698734364
318888633.0370587 0.6090463665134005
319563363.0128045 0.6083602538799505
320238092.9885503 0.6079514171664135
320912822.9642961 0.6073514224706903
321587552.9400419 0.606775862621769
322262282.9157877 0.6062066598073115
322937012.8915335 0.6053825796825942
323622988.36687505 0.6046439718590129
324297718.34262085 0.6041621782534295
324702556.3280683 0.6037444516263134
324893729.8211963 0.6035599486627538
325354795.3046226 0.6031636273593234
326029525.2803684 0.6026755263844902
326704255.2561142 0.6020951490973043
329414420.65869313 0.6107521870426418
332113340.5616763 0.6122483247975545
332788070.5374221 0.611866306819379
333462800.5131679 0.6113137912167019
334148775.9885095 0.6104843473445055
334823505.9642553 0.6097316845176696
335498235.9400011 0.6091999286031043
336172965.91574687 0.6084860536125221
336847695.89149266 0.6079838976344342
337522425.8672384 0.6072826870465485
338197155.8429842 0.606671964856884
338871885.81873 0.6061811820093284
339546615.7944758 0.6054650721237934
340232591.26981735 0.6048041889673434
340907321.24556315 0.6041840305559024
341582051.22130895 0.6036418451325759
342256781.19705474 0.6030614181811934
342931511.17280054 0.6022658950417723
343606241.14854634 0.6018620744253207
344280971.12429214 0.6013627493135625
344955701.10003793 0.6006128180246628
345630431.0757837 0.5997958398973592
346316406.5511253 0.5990918481083577
346991136.5268711 0.5984173072622264
347665866.5026169 0.5975715238276265
348340596.4783627 0.5967267833442076
349015326.4541085 0.5966610277789853
349690056.4298543 0.5961022048080753
350364786.4056001 0.5954646638830493
351039516.38134587 0.594758933842079
351725491.8566874 0.5940867768834902
352186557.3401137 0.5936897106150757
352647622.82354003 0.5933443945718084
353074951.808179 0.5930792367474117
353502280.792818 0.592635932992902
354188256.26815957 0.592082622761044
354862986.24390537 0.5913928846320836
355537716.21965116 0.5909221165066385
356212446.19539696 0.5903380640587286
356887176.17114276 0.5896605433536778
357561906.14688855 0.588869738326162
358236636.12263435 0.5883276025670323
358911366.09838015 0.5877917741781696
359586096.07412595 0.5871416185146436
360272071.5494675 0.5864931514388898
360946801.5252133 0.5859385499348673
361621531.5009591 0.5854551174067255
362296261.4767049 0.584681347242401
362970991.4524507 0.5841409993994366
363645721.4281965 0.5834192774454393
364320451.4039423 0.5828552397206572
364995181.3796881 0.5824671626942152
365669911.3554339 0.5817318823799471
366355886.83077544 0.5810383697628863
367030616.80652124 0.5805234003895119
367705346.78226703 0.5801266321062774
368380076.75801283 0.5793936363511584
369054806.7337586 0.5787597209226599
369729536.7095044 0.578061788179891
370404266.6852502 0.57739703120593
371078996.660996 0.5768610041592636
371753726.6367418 0.5764202829501001
372439702.1120834 0.5758522720783967
373114432.0878292 0.5752578397869392
373789162.0635749 0.5744695179753594
374463892.0393207 0.5740284491158021
375138622.0150665 0.5734887469084115
375813351.9908123 0.5728494180682372
376488081.9665581 0.572027473509062
377162811.9423039 0.5715486597634153
377837541.9180497 0.5709947535601803
378523517.39339125 0.5704231668571631
379198247.36913705 0.569964417498841
379872977.34488285 0.5693417758714641
380547707.32062864 0.5684914729837794
381222437.29637444 0.5681045879011085
381897167.27212024 0.5674386389833765
382571897.24786603 0.5668915864565717
383246627.22361183 0.5662665112774558
383932602.6989534 0.5657884921609899
384607332.6746992 0.5652077672223932
385282062.650445 0.5649098806079753
385956792.6261908 0.5644767083760297
386631522.6019366 0.5637891554768081
387306252.5776824 0.5631721755820903
387980982.5534282 0.5623886712097921
388655712.529174 0.5617857959835426
389330442.50491977 0.5612969500447422
390016417.9802613 0.5608044786094143
390691147.9560071 0.5602173966383882
391365877.9317529 0.5597649546482988
392040607.9074987 0.5591426606713157
392715337.8832445 0.5583785750497512
393390067.8589903 0.5577303066307839
394064797.8347361 0.5572009346037613
394739527.8104819 0.5566959477583266
395414257.7862277 0.5560729088163594
396100233.26156926 0.5556273205037175
396774963.23731506 0.5550711794055301
397449693.21306086 0.5545782113272184
398124423.18880665 0.5540292715568721
398799153.16455245 0.5534078218732664
399473883.14029825 0.5528108070364627
400148613.11604404 0.5522164244092019
400823343.0917898 0.5518671848842273
401498073.0675356 0.5512188668010634
402184048.54287714 0.5507114960691034
402768814.52185684 0.550282147990472
403162407.00770855 0.5499489997059006
403634717.99073064 0.5494913429619391
404320693.4660722 0.5489887400050643
404995423.441818 0.5484932887108168
405670153.4175638 0.5479464845060126
406344883.3933096 0.5475587054657676
407019613.3690554 0.5471142594316832
407694343.3448012 0.5463541966202194
408369073.320547 0.546094799856875
409043803.2962928 0.5459256928349654
409729778.77163434 0.5450520973790364
410404508.7473801 0.5445726379967988
411079238.7231259 0.5438885119373181
411753968.6988717 0.5433615734610173
412428698.67461747 0.5429270602927105
413103428.65036327 0.5423863151351558
413778158.62610906 0.5420335991072606
414452888.60185486 0.5415291089058271
415127618.57760066 0.5407754031278099
415813594.0529422 0.5403419825738638
416488324.028688 0.5400404704639356
417163054.0044338 0.5397542549662467
417837783.9801796 0.5389989102656713
418512513.9559254 0.5385218844351729
419187243.9316712 0.5382744567747549
419861973.907417 0.5376984996112432
420536703.8831628 0.5370839036040679
421211433.8589086 0.5364882793688392
421897409.33425015 0.5359346214865874
422572139.30999595 0.5357310970879017
423246869.28574175 0.5350090274845277
423921599.26148754 0.5343415886368272
424596329.23723334 0.5339514257090398
425271059.21297914 0.53363541161707
428284853.1046437 0.5321703140644063
428959583.0803895 0.5317104720907062
429645558.55573106 0.5311083914926205
430072887.54037005 0.5307576123734807
430511462.0246048 0.5305415725657054
431186192.0003506 0.5301923827049274
431860921.9760964 0.5295153586428603
432546897.45143795 0.5289038914882117
433221627.42718375 0.5285409942735557
433896357.40292954 0.5280121188895167
434571087.37867534 0.5275450755889926
435245817.35442114 0.5270190807354798
435920547.33016694 0.5265838226011718
436595277.30591273 0.5260311580059045
437270007.28165853 0.5255386865715937
437944737.2574043 0.5250482513734146
438630712.7327459 0.5245974979710974
439305442.7084917 0.52400291668705
439980172.6842375 0.5236098732277191
440654902.6599833 0.5230308865410913
441329632.6357291 0.522403377810236
442004362.6114749 0.521855927968841
442679092.58722067 0.5213244700394558
443353822.56296647 0.5208782857544197
444028552.53871226 0.5204846959879085
444714528.0140538 0.5200210298619115
445389257.9897996 0.5194638458125426
446063987.9655454 0.5189945179528691
446738717.9412912 0.5185208196327012
447413447.917037 0.5178907283564999
448088177.8927828 0.5174492125171383
448762907.8685286 0.5169252042375948
449437637.8442744 0.5164295542855436
450112367.8200202 0.5159676264104982
450798343.29536176 0.5155203495100843
451473073.27110755 0.5150933853179782
452147803.24685335 0.5144196391010277
452822533.2225991 0.5141709201674279
453497263.1983449 0.513819743734715
454171993.1740907 0.513194767882975
454846723.1498365 0.5127788291720244
455521453.1255823 0.5122738919918037
456207428.60092384 0.5117626971065297
456882158.57666963 0.5112275143532408
457556888.55241543 0.5107520281169073
458231618.5281612 0.5104490260780279
458906348.503907 0.5099992659616781
459581078.4796528 0.509554025298413
460255808.4553986 0.5090067244506249
460930538.4311444 0.5085375455835416
461605268.4068902 0.5081236431087225
462291243.8822318 0.5077276197904721
462965973.85797757 0.5071501230338126
463640703.83372337 0.5067531064295947
464315433.80946916 0.5063568347893439
464990163.78521496 0.5059125377488666
465664893.76096076 0.5053950354943426
466339623.73670655 0.5048984915857344
467014353.71245235 0.5045120038176539
467689083.68819815 0.5039675835003922
468375059.1635397 0.5034444691774057
469049789.1392855 0.5028898676733831
469510854.6227118 0.5025818992016148
469971920.1061381 0.5022874890901173
470646650.0818839 0.501930352937531
471321380.0576297 0.5014579458895276
471996110.0333755 0.5009268356105362
472682085.50871706 0.5005098539484042
473356815.4844628 0.5000458401709962
474031545.4602086 0.49946337698144794
474706275.4359544 0.498984910886195
475381005.4117002 0.4987269543876052
476055735.387446 0.4982379097920182
476730465.3631918 0.49759624672849806
477405195.3389376 0.4972617575075654
477978715.8183215 0.496911375703016
478552236.2977055 0.49659064350015786
479226966.27345127 0.4961795222274717
479901696.24919707 0.4956132496077371
480576426.22494286 0.4952102732836459
481251156.20068866 0.494791901019939
