1.0 0.9999999986403911
674730.9757457955 0.9976743584227471
2361555.915110284 0.9919519271644303
6095061.780903686 0.9816853097181433
16317220.913452487 0.9594364556570938
21726306.219014615 0.9491522010234349
22401036.194760412 0.9479132402563096
27686421.004769143 0.9384759104777783
28361150.980514936 0.9373016202186135
42283079.48006985 0.9142414601902801
46533878.32726836 0.9075596192381533
47399781.79614213 0.9062155330801406
47793374.28199384 0.9056064050719397
48468104.25773964 0.9045647924133752
51785526.638489805 0.8994898642419916
52392783.61666102 0.8985689556939818
55777678.99498576 0.8934791824875918
56452408.97073156 0.8924731476550094
58476598.89796894 0.8894714261412845
64560414.17927687 0.8805901071617913
64954006.66512858 0.8800224553308363
65246389.65461843 0.8796012965390899
65819910.13400235 0.8787764700263837
67180615.5850897 0.8768263033130224
67855345.5608355 0.8758627682759078
69204805.51232709 0.8739425263374216
71903725.41531028 0.8701287576926748
72578455.39105608 0.8691807623926907
73939160.84214342 0.8672754615125857
76638080.7451266 0.863521512673239
77987540.6966182 0.8616568053224072
78662270.672364 0.8607274604886169
84183810.97388375 0.85319554634181
84588648.95933123 0.8526483188472267
84982241.44518295 0.8521169335851367
85656971.42092873 0.8512074512474224
89716596.77499928 0.8457737542311679
90391326.75074507 0.8448769075239486
95800412.0563072 0.8377496284320028
97149872.00779879 0.8359884301638933
99174061.93503617 0.8333589745345867
101209497.36186932 0.830729617230902
101884227.33761512 0.8298612190549672
103233687.28910671 0.828129167970847
105077949.22281188 0.8257721587826222
106438654.67389923 0.8240405552287218
107113384.64964503 0.8231842189591672
109632376.55909601 0.8200006079781309
109913514.04899009 0.8196465920437512
110374579.53241637 0.8190665655553101
111049309.50816217 0.8182189953099395
112398769.45965376 0.8165282802053586
114422959.38689116 0.8140031653312778
115783664.83797851 0.8123130363618334
117807854.76521589 0.809809534510054
119775817.19447446 0.807387741963652
121755025.12332879 0.8049640521423481
122429755.09907459 0.8041405042552422
123104485.07482038 0.8033183246096266
124453945.02631198 0.8016780468436395
125139920.50165354 0.8008463135401686
126489380.45314513 0.7992141696127656
127164110.42889093 0.7984001017130041
127838840.40463673 0.7975873625812696
129188300.3561283 0.7959658491483114
129863030.3318741 0.7951570642525376
130537760.3076199 0.7943495869336483
132573195.73445305 0.7919215669388416
133922655.68594465 0.7903182958262674
135272115.63743624 0.7887201340398133
135946845.61318204 0.7879229570421745
136632821.0885236 0.787113788387164
137307551.0642694 0.7863191534183103
137982281.0400152 0.7855257719003669
138657011.015761 0.7847336392134316
140681200.94299835 0.7823646885962043
141355930.91874415 0.7815775059046438
142030660.89448994 0.7807915495911325
142716636.3698315 0.7799937467129338
143391366.3455773 0.7792102503552525
144066096.3213231 0.7784279673250878
145269364.77806976 0.7770358938930109
145809148.7586664 0.7764126554194729
146483878.7344122 0.7756346855322035
147158608.710158 0.7748579098118971
147833338.6859038 0.7740823241803059
148519314.16124535 0.773295027960368
149194044.13699114 0.7725218300793055
149868774.11273694 0.7717498101963829
151218234.06422853 0.7702092887006411
151892964.03997433 0.769440779308314
152567694.01572013 0.7686734323541179
153242423.99146593 0.7679072440287344
154603129.44255328 0.7663656065415987
155277859.41829908 0.7656028906494041
156627319.36979067 0.7640808861250495
157302049.34553644 0.7633215902084323
158651509.29702803 0.7618063930708516
159326239.27277383 0.7610504847362534
160000969.24851963 0.7602956985280681
160686944.7238612 0.7595294792893865
161361674.69960698 0.7587769454528082
163385864.62684438 0.7565260004375908
164060594.60259017 0.7557778929859674
165410054.55408177 0.7542849693760888
166084784.52982756 0.753540146624892
167445489.98091492 0.7520413946141844
173529305.26222283 0.7453938104511336
179613120.54353076 0.7388319175583443
180287850.51927656 0.7381093508926524
181637310.47076815 0.7366672889821464
182986770.42225975 0.7352293036877215
183661500.39800555 0.7345118328581707
184347475.8733471 0.7337834404712889
185022205.8490929 0.7330680054888656
185696935.82483867 0.7323535759348132
186371665.80058447 0.7316401491247189
187046395.77633026 0.7309277223905726
187721125.75207606 0.7302162930805768
188395855.72782186 0.72950585855896
189070585.70356765 0.7287964162057938
189745315.67931345 0.7280879634168139
190431291.154655 0.7273687148535444
191106021.1304008 0.7266622498268908
191780751.1061466 0.7259567666013333
192455481.0818924 0.7252522626337613
193130211.0576382 0.7245487353958641
193804941.033384 0.7238461823739682
194479671.0091298 0.7231446010688773
195154400.9848756 0.7224439889957113
195829130.9606214 0.7217443436837516
196503860.93636718 0.7210456626762878
197189836.41170874 0.7203363230132865
197864566.38745454 0.7196395792699958
198539296.36320034 0.7189437925034653
199214026.3389461 0.7182489603117457
199888756.3146919 0.7175550803061588
200563486.2904377 0.7168621501111582
201238216.2661835 0.7161701673641897
201912946.2419293 0.7154791297155559
202587676.2176751 0.7147890348282835
203273651.69301665 0.7140884024248916
204623111.64450824 0.712712936793467
205297841.62025404 0.7120266053714467
205972571.59599984 0.7113412051743974
206647301.57174563 0.71065673393918
207299540.5482999 0.7099959593253328
207749360.53213042 0.7095407561802042
208232917.01474825 0.7090518703355481
208907646.99049404 0.7083704947855871
209582376.96623984 0.7076900384890212
210268352.4415814 0.7069991813475928
210943082.4173272 0.7063205721947503
211617812.393073 0.7056428756891349
212967272.3445646 0.7042902119598875
213642002.32031038 0.7036152404335364
214316732.29605618 0.7029411729487669
214991462.27180198 0.7022680073808819
215666192.24754778 0.701595741615667
216340922.22329357 0.7009243735492899
217026897.69863513 0.7002427341230727
217701627.67438093 0.6995731700583541
218376357.65012673 0.6989044974078263
219051087.6258725 0.6982367141083841
219725817.6016183 0.6975698181068245
220400547.5773641 0.6969038073597577
221075277.55310988 0.6962386798335138
222435983.00419724 0.6949000176749646
223110712.97994304 0.6942375423077416
223785442.95568883 0.6935759420889281
224460172.93143463 0.6929152150323011
225134902.90718043 0.6922553591608407
226484362.85867202 0.6909382531108584
227159092.83441782 0.6902809990235736
227833822.81016362 0.689624608303772
228519798.28550518 0.6889581608184625
229194528.26125097 0.6883035053546431
229869258.23699677 0.6876497074559074
230543988.21274257 0.6869967652161276
231218718.18848836 0.6863446767376746
231893448.16423416 0.6856934401313456
232568178.13997993 0.6850430535162909
233242908.11572573 0.6843935150199455
233917638.09147152 0.683744822777955
234603613.56681308 0.6830861846134367
235278343.54255888 0.6824391933464868
235953073.51830468 0.6817930427588148
236627803.49405047 0.6811477310183638
237302533.46979627 0.6805032563009494
237977263.44554207 0.679859616790195
238651993.42128786 0.6792168106774689
239326723.39703366 0.678574836161818
240001453.37277946 0.6779336914499077
240687428.84812102 0.6772827098160726
241362158.8238668 0.6766432331174359
242036888.7996126 0.6760045808581713
242711618.7753584 0.6753667512749233
243386348.7511042 0.6747297426116503
244061078.72685 0.6740935531195676
244735808.7025958 0.6734581810570872
245410538.6783416 0.6728236246897631
246085268.65408736 0.6721898822902346
246771244.12942892 0.6715464101740757
247445974.10517472 0.6709143040505442
248120704.08092052 0.6702830067263016
248795434.0566663 0.6696525165018923
249470164.0324121 0.6690228316846749
250144894.0081579 0.6683939505887676
250819623.9839037 0.667765871534998
251494353.9596495 0.6671385928508515
252169083.9353953 0.6665121128704218
252855059.41073686 0.6658760086287391
253529789.38648266 0.6652511343267612
254204519.36222845 0.6646270537425418
254879249.33797425 0.6640037652362174
255553979.31372005 0.663381267174286
256228709.28946584 0.662759557929562
256903439.26521164 0.6621386358811288
257578169.24095744 0.6615184994142926
258252899.21670324 0.6608991469205371
258938874.6920448 0.6602702739147456
259613604.6677906 0.6596524975655045
260288334.64353636 0.6590355003739591
260963064.61928216 0.6584192807559569
261637794.59502795 0.6578038371333028
262312524.57077375 0.6571891679337151
262987254.54651955 0.6565752715907848
263594511.52469078 0.6560234243846508
264055577.00811708 0.6556048458368903
264584115.48911795 0.6551254535162542
265270090.9644595 0.6545039657506484
265944820.9402053 0.653893438760325
266619550.9159511 0.6532836762933059
267294280.89169687 0.6526746768197026
270667930.77042586 0.6496410711949266
271353906.2457674 0.6490265500204613
272028636.2215132 0.6484228616554266
272703366.197259 0.6478199242174973
273378096.1730048 0.6472177362256986
274052826.1487506 0.6466162962042987
274727556.1244964 0.6460156026827748
275402286.1002422 0.6454156541957778
276077016.075988 0.6448164492830978
276762991.55132955 0.6442080183888731
277437721.52707535 0.6436103085968164
278112451.50282115 0.6430133380049072
278787181.47856694 0.6424171051732417
279461911.45431274 0.6418216086668894
280136641.43005854 0.641226847055862
280822616.9054001 0.640622924652094
281497346.8811459 0.6400296407501839
282172076.8568917 0.6394370874594131
282846806.8326375 0.6388452633693223
283521536.8083833 0.6382541670742378
284196266.7841291 0.6376637971732388
284882242.25947064 0.6370643309894909
285444517.23925877 0.6365735230925859
286006792.21904695 0.6360832168812135
286681522.19479275 0.6354955105255126
287356252.17053854 0.6349085240653194
288042227.6458801 0.6343124910735196
288716957.6216259 0.633726952226469
289391687.5973717 0.6331421291424875
290066417.5731175 0.632558020460789
290741147.5488633 0.6319746248250632
291415877.5246091 0.6313919408834494
292090607.5003549 0.6308099672885091
292765337.4761007 0.630228702697199
293440067.4518465 0.6296481457708453
294126042.92718804 0.6290586369751305
294800772.90293384 0.62847950311878
295475502.87867963 0.6279010729152583
296150232.85442543 0.6273233450431803
296824962.8301712 0.6267463181854002
297499692.805917 0.6261699910289873
298174422.78166276 0.625594362265202
298849152.75740856 0.6250194305894704
299535128.2327501 0.6244356299907042
300209858.2084959 0.6238621001577979
300884588.1842417 0.6232892635024765
301559318.1599875 0.6227171187366576
302234048.1357333 0.6221456645763058
302908778.1114791 0.6215748997414087
303583508.0872249 0.6210048229559543
304258238.0629707 0.6204354329479085
304932968.0387165 0.6198667284491921
305618943.51405805 0.6192892469813279
306293673.48980385 0.6187219210851699
306968403.46554965 0.6181552768967069
307643133.44129544 0.6175893131635228
308317863.41704124 0.6170240286370474
308992593.39278704 0.6164594220725337
309667323.36853284 0.6158954922290379
310342053.34427863 0.6153322378693974
311016783.32002443 0.6147696577602108
311702758.795366 0.6141983912486709
312377488.7711118 0.6136371671413423
313052218.7468576 0.6130766135862828
313726948.7226034 0.6125167293649914
314401678.6983492 0.6119575132626252
314896480.68056273 0.6115478453794173
315301318.66601026 0.6112129289959951
315886084.6449899 0.6107295836525818
316560814.6207357 0.6101724974093066
317235544.5964815 0.6096160742221375
317921520.07182306 0.6090510558067874
318596250.04756886 0.6084959661480247
319270980.02331465 0.6079415359477969
319945709.99906045 0.6073877640205967
320620439.97480625 0.6068346491844019
321295169.95055205 0.6062821902606547
321969899.92629784 0.6057303860742465
322644629.90204364 0.6051792354534972
323319359.87778944 0.6046287372301384
328053715.2076058 0.6007843254218967
328728445.1833516 0.6002390154335717
329403175.1590974 0.5996943474599553
330089150.63443893 0.5991412586709991
330763880.6101847 0.5985978819777971
331438610.5859305 0.5980551438850594
332113340.5616763 0.5975130432674269
332788070.5374221 0.5969715790027186
333462800.5131679 0.596430749971915
334137530.4889137 0.5958905550591423
334812260.4646595 0.5953509931516578
335486990.4404053 0.5948120631398346
336172965.91574687 0.5942647976013312
336847695.89149266 0.5937271385497648
337522425.8672384 0.593190108065205
338197155.8429842 0.5926537050503868
338871885.81873 0.5921179284110842
339546615.7944758 0.5915827770560981
340221345.7702216 0.5910482498972394
340896075.7459674 0.5905143458493172
341582051.22130895 0.5899721810602835
342256781.19705474 0.5894395303306059
342931511.17280054 0.5889074994562147
343606241.14854634 0.588376087363813
344280971.12429214 0.5878452929830296
344955701.10003793 0.5873151152464058
345630431.0757837 0.5867855530893821
346305161.0515295 0.5862566054502842
346979891.0272753 0.5857282712703099
347665866.5026169 0.5851917593129827
348340596.4783627 0.5846646590665309
349015326.4541085 0.5841381691024135
349690056.4298543 0.58361228837323
350364786.4056001 0.5830870158343863
351039516.38134587 0.5825623504440817
351714246.35709167 0.5820382911632955
352388976.33283746 0.5815148369557748
353063706.30858326 0.580991986788022
353749681.7839248 0.5804610406129382
354424411.7596706 0.5799394054595106
355099141.7354164 0.5794183712447004
355773871.7111622 0.5788979369459525
356448601.686908 0.5783781015434047
357123331.6626538 0.5778588640198781
357798061.6383996 0.5773402233608617
358472791.6141454 0.5768221785545027
359147521.5898912 0.5763047285915956
359833497.06523275 0.5757792632221975
360508227.04097855 0.5752630098011584
361182957.01672435 0.5747473481950447
361857686.99247015 0.5742322774051623
362532416.96821594 0.5737177964354044
363207146.94396174 0.5732039042922421
363881876.91970754 0.5726905999847116
364556606.8954533 0.572177882524405
365231336.8711991 0.5716657509254575
365917312.34654063 0.571145683375482
366592042.3222864 0.5706347302751034
367941502.273778 0.5696145718064929
368616232.2495238 0.5691053644892372
369290962.2252696 0.568596737154804
369965692.2010154 0.5680886888348737
370640422.1767612 0.5675812185635851
371315152.152507 0.5670743253775237
372001127.62784857 0.5665595745736074
372675857.60359436 0.5660538422554878
373350587.57934016 0.5655486841310232
374025317.55508596 0.5650440992465291
374700047.53083175 0.5645400866507173
375374777.50657755 0.5640366453946857
376049507.48232335 0.5635337745319112
376724237.45806915 0.563031473118236
377398967.43381494 0.5625297402118605
378084942.9091565 0.5620202269209117
378759672.8849023 0.5615196376490381
379434402.8606481 0.5610196140575535
380109132.8363939 0.5605201552140301
380783862.8121397 0.5600212601883504
381458592.7878855 0.5595229280526968
382133322.7636313 0.5590251578815413
382808052.7393771 0.5585279487516394
383482782.7151229 0.5580312997420176
384168758.19046444 0.5575269465029564
384843488.16621023 0.5570314242770207
385518218.14195603 0.5565364594067717
386192948.1177018 0.5560420509802728
386867678.0934476 0.5555481980878149
387542408.0691934 0.5550548998219059
388217138.0449392 0.5545621552772645
388891868.020685 0.5540699635508104
389577843.4960266 0.5535701344156801
390252573.4717724 0.5530790548011599
390927303.44751817 0.5525885252937797
391602033.42326397 0.5520985449992126
392276763.39900976 0.5516091130252894
392951493.3747555 0.5511202284819903
393626223.3505013 0.5506318904814366
394300953.3262471 0.5501440981378835
394975683.3019929 0.5496568505677099
395661658.77733445 0.5491620397644013
396212688.2575269 0.5487649753292857
397449693.21306086 0.5478749227597948
398124423.18880665 0.5473902058439325
398799153.16455245 0.5469060287340063
399350182.6447448 0.5465110172528459
399901212.12493724 0.5461163647395415
400587187.6002788 0.5456255635163797
401261917.5760246 0.5451433493333848
401936647.5517704 0.544661670929844
402611377.5275162 0.5441805274456221
403286107.503262 0.5436999180226112
403960837.4790078 0.5432198418047236
404635567.4547536 0.5427402979378835
405310297.4304994 0.5422612855700194
405996272.90584093 0.5417748336466839
406671002.88158673 0.5412968905513796
407345732.8573325 0.5408194763967062
408020462.8330783 0.5403425903385696
408695192.8088241 0.5398662315348438
409369922.78456986 0.5393903991453628
410044652.76031566 0.5389150923319138
410719382.73606145 0.53844031025823
411394112.71180725 0.537966052089984
412080088.1871488 0.5374844258367187
412754818.1628946 0.5370112216811038
413429548.1386404 0.5365385389257137
414104278.1143862 0.5360663767439382
414779008.090132 0.5355947343110707
415453738.0658778 0.5351236108043022
416128468.0416236 0.5346530054027129
416803198.0173694 0.5341829172872671
417477927.9931152 0.5337133456408056
418163903.46845675 0.533236476412257
418838633.44420254 0.5327679438335498
419513363.41994834 0.5322999252700317
420188093.39569414 0.5318324199120137
420862823.37143993 0.531365426951651
421537553.34718573 0.530898945582935
422212283.3229315 0.5304329750016877
422887013.2986773 0.5299675144055547
423572988.7740189 0.5294948181131803
424540101.73925453 0.5288292862552184
425226077.2145961 0.5283578548121078
425900807.1903419 0.5278946624013175
426575537.1660877 0.5274319756213959
427250267.1418335 0.5269697936816305
427924997.1175793 0.5265081157930847
429274457.0690709 0.5255862690227541
429949187.0448167 0.5251260985719255
431309892.495904 0.524199611038875
431984622.4716498 0.5237409493047075
432659352.4473956 0.523282786135514
433334082.4231414 0.5228251207563832
434008812.39888716 0.5223679523941258
434683542.37463295 0.521911280277269
435358272.35037875 0.5214551036360516
436033002.32612455 0.5209994217024168
436718977.8014661 0.5205366514238895
437393707.7772119 0.520081964821182
438068437.7529577 0.5196277706193572
438743167.7287035 0.51917406805715
439417897.7044493 0.5187208563749708
440092627.6801951 0.5182681348149009
440767357.6559409 0.5178159026206861
441442087.6316867 0.5173641590377335
442116817.6074325 0.5169129033131028
442802793.08277404 0.5164546260078171
