1.0 0.9999999984422447
4205817.848815459 0.9832373004446169
12583715.047659086 0.96010259370688
12741152.041999772 0.9597193960925681
13370900.019362515 0.9581987762460688
17947818.35483816 0.9476412919334063
18622548.330583956 0.9461466810738657
23536831.6539325 0.9356317756573471
24031633.636146083 0.9346047518248907
30745196.89481675 0.9211281274726958
37166377.16399757 0.9088905944524042
37841107.139743365 0.9076354382180919
40551272.54232231 0.9026465972025466
42575462.46955969 0.8989726182901532
47309817.799376026 0.8905389239924633
47984547.77512182 0.8893540097392884
50683467.678105004 0.8846541651551987
52044173.12919236 0.8823079709293508
52718903.10493816 0.8811501684565072
56711055.46143411 0.8743727500612657
57779377.92303162 0.872579455472941
59803567.850269005 0.869204213106066
60478297.8260148 0.8680855556670115
61839003.27710216 0.8658391402904052
62345050.758911505 0.865006905785444
64886533.667554 0.8608529294680968
65572509.14289556 0.859738923630376
69620888.99737033 0.8532245455557783
70295618.97311613 0.8521485471494686
70711702.45815937 0.851486367485603
71127785.94320261 0.8508252126828506
71802515.9189484 0.8497552334585856
72218599.40399164 0.8490967382459587
72477245.8946942 0.8486879099319348
72994538.8760993 0.8478714122736588
73669268.8518451 0.8468087230228907
75029974.30293246 0.8446734930658942
75704704.27867825 0.8436185544415296
76379434.25442405 0.8425661416641561
77728894.20591564 0.8404688106157349
78909671.66347079 0.8386417383743642
79247036.65134367 0.8381210893745333
79764329.6327488 0.8373239355835511
83823954.98681933 0.8311164730306604
84498684.96256512 0.8300929334114534
85173414.93831092 0.8290716779265479
87872334.8412941 0.8250091783037334
89098094.2972323 0.8231758410875826
89491686.783084 0.8225886846297282
89885279.26893573 0.8220022669342953
93270174.64726046 0.8169891662159169
93944904.62300625 0.8159962318610778
94619634.59875205 0.8150053791644101
95294364.57449785 0.814016595400567
95969094.55024365 0.8130298680449959
97993284.47748104 0.8100819020905178
100028719.90431418 0.807135783918005
100703449.88005997 0.8061631493947317
103402369.78304316 0.8022921297676052
105437805.20987631 0.7993930929593823
106787265.1613679 0.7974805746387009
107461995.13711369 0.7965271247640681
108811455.08860528 0.7946257954530801
109474939.56475532 0.7936936804146618
109969741.5469689 0.7929996974059358
110475789.02877825 0.7922909573502193
111825248.98026983 0.7904059744875982
113174708.93176143 0.7885281945524065
114535414.38284878 0.7866419891666144
115210144.35859458 0.7857093491435309
115884874.33434038 0.7847784670875901
116559604.31008618 0.7838493347903019
117909064.26157776 0.7819962871274466
118583794.23732355 0.7810723558287589
119663362.19851683 0.7795976357372935
119775817.19447446 0.7794442706952199
119955745.18800667 0.7791989850824498
120416810.67143297 0.778570992878282
121102786.14677453 0.7776381288473698
121777516.12252033 0.7767222612465802
123126976.0740119 0.7748955648471902
123633023.55582125 0.7742122763829953
123857933.54773653 0.7739088928977944
125612231.4846756 0.7715488103136117
126286961.46042138 0.7706440475338623
126961691.43616718 0.7697409193083133
127636421.41191298 0.768839418821782
128311151.38765877 0.7679395393307236
128985881.36340457 0.7670412741619296
129660611.33915037 0.7661446167112673
130346586.81449193 0.7652346563665885
131021316.79023772 0.7643412213340265
131696046.76598352 0.7634493745032311
132370776.74172932 0.7625591095353539
133045506.7174751 0.7616704201547083
133720236.6932209 0.7607833001476719
134394966.6689667 0.7598977433616151
135069696.6447125 0.7590137437038559
135586989.62611762 0.7583370613842939
135946845.61318204 0.757866862140219
136464138.59458715 0.7571917195920754
137150114.0699287 0.756297816391292
137824844.0456745 0.7554201129986913
138499574.0214203 0.7545439366536582
139849033.97291186 0.7527961421626359
140523763.94865766 0.7519245126769031
141884469.39974502 0.7501712968250093
142559199.3754908 0.749304188705925
143233929.3512366 0.7484385683866633
144583389.3027282 0.7467117696200247
145258119.278474 0.7458505805267629
145932849.2542198 0.7449908579400784
146607579.2299656 0.7441325966516394
147282309.2057114 0.7432757914976861
147957039.1814572 0.7424204373583405
148643014.65679875 0.7415523095751607
149317744.63254455 0.7406998662502503
149992474.60829034 0.7398488587541305
150667204.58403614 0.7389992821365725
151341934.55978194 0.7381511314880019
152016664.53552774 0.7373044019388948
152691394.51127353 0.736459088659187
153366124.4870193 0.7356151868576905
154052099.9623609 0.734758662088109
154726829.93810666 0.7339175923492578
155401559.91385245 0.7330779198650428
156076289.88959825 0.7322396399948234
156751019.86534405 0.731402748134095
157425749.84108984 0.7305672397139776
166523359.01406232 0.7194346508384278
167198088.9898081 0.7186186876201223
168547548.9412997 0.7169907078204583
169222278.9170455 0.7161786831719302
171246468.8442829 0.713750422410372
171921198.8200287 0.7129435934258537
172607174.29537025 0.7121246388155654
173281904.27111605 0.7113204056382518
174631364.22260764 0.7097157796267493
175306094.19835344 0.7089153792033842
175980824.17409924 0.7081162488168965
176655554.14984503 0.7073183847343463
177330284.12559083 0.7065217832469153
178016259.6009324 0.7057131956048694
178690989.5766782 0.7049191291661611
179365719.55242395 0.70412631427749
180040449.52816975 0.7033347473240208
180715179.50391555 0.7025444247136222
181389909.47966135 0.7017553428765959
182064639.45540714 0.7009674982654157
182739369.43115294 0.7001808873544662
183414099.40689874 0.6993955066397887
184100074.8822403 0.6985982937787303
184774804.8579861 0.6978153833884323
185449534.8337319 0.6970336927528197
186124264.8094777 0.6962532184524384
186798994.78522348 0.695473957088273
187473724.76096928 0.6946959052815188
188148454.73671508 0.6939190596733529
188823184.71246088 0.6931434169247114
189497914.68820667 0.6923689737160694
190138908.16516516 0.6916343607357014
190779901.64212367 0.6909008245480802
191454631.61786947 0.690129841411072
192129361.59361526 0.6893600450505997
192804091.56936106 0.6885914322398186
193478821.54510686 0.6878239997701978
194153551.52085266 0.687057744451321
194828281.49659845 0.6862926631106937
195503011.47234425 0.685528752593552
196188986.9476858 0.6847533072572654
196863716.9234316 0.6839917483758965
197538446.8991774 0.6832313509066754
198213176.8749232 0.6824721117641936
199562636.8264148 0.6809570962017265
200237366.80216056 0.6802013136943167
200912096.77790636 0.6794466773384573
201586826.75365216 0.678693184131113
202272802.2289937 0.6779283015105472
202947532.2047395 0.6771771045829442
203622262.1804853 0.6764270418408197
204296992.1562311 0.6756781103443302
204971722.1319769 0.6749303071689732
205646452.1077227 0.6741836294054346
206264954.5854897 0.673500160959698
206771002.06729904 0.6729416595271045
207344522.54668295 0.672309451225866
208019252.52242875 0.6715667082736217
208693982.49817455 0.670825077778015
209368712.47392035 0.6700845569108875
210043442.44966614 0.669345142858331
210718172.42541194 0.6686068328205519
211404147.9007535 0.6678573465123073
212078877.8764993 0.6671212544447014
212753607.8522451 0.6663862580299913
213428337.8279909 0.6656523545237422
214103067.8037367 0.66491954119498
214777797.77948245 0.6641878153260644
215452527.75522825 0.663457174212566
216127257.73097405 0.6627276151631462
216801987.70671985 0.6619991354994339
217487963.1820614 0.6612596182806046
218162693.1578072 0.6605333072832054
218837423.133553 0.6598080676691472
219512153.1092988 0.6590838968109783
220186883.0850446 0.6583607920936367
220861613.0607904 0.6576387509143431
221446379.03977007 0.6570138401737065
222019899.519154 0.6564017193761914
222694629.4948998 0.6556825544314451
223380604.97024137 0.6549524838556302
223774197.45609307 0.6545340817181646
224167789.94194478 0.6541160368387169
224842519.91769058 0.6534002181997625
228227415.29601532 0.6498249287536715
228902145.27176112 0.6491153653316056
229576875.24750692 0.648406832885282
230251605.2232527 0.6476993289721316
230926335.1989985 0.6469928511603811
231601065.1747443 0.6462873970289618
232275795.1504901 0.6455829641674224
232950525.1262359 0.6448795501758403
234311230.57732326 0.6434640881096798
234985960.55306906 0.6427637332746376
235660690.52881485 0.6420643877742211
236335420.50456062 0.6413660492600479
236729012.99041235 0.6409591492283242
236908940.98394457 0.6407732515190491
237381251.96696663 0.6402856091544509
238055981.94271243 0.6395898278944463
238730711.9184582 0.6388950453643528
239405441.894204 0.6382012592607642
240091417.36954555 0.6374969291665896
240766147.34529135 0.6368051455559098
241440877.32103714 0.6361143514814018
242115607.29678294 0.6354245446780419
242790337.27252874 0.6347357228901778
243465067.24827453 0.6340478838714536
244139797.22402033 0.6333610253847414
244814527.19976613 0.6326751452020687
245489257.17551193 0.6319902411045499
246175232.65085348 0.63129492028362
246849962.62659928 0.6306119779117305
248199422.57809088 0.629248999322493
248874152.55383667 0.6285689587477467
249548882.52958247 0.6278898810958328
250223612.50532827 0.6272117642097315
250898342.48107406 0.6265346059409787
251573072.45681986 0.6258584041496041
252259047.93216142 0.6251719106533047
252933777.90790722 0.6244976312828816
253439825.38971654 0.623992545355571
253945872.87152588 0.6234879929548511
254620602.84727168 0.6228160848189537
255306578.32261324 0.6221339467758034
255981308.29835904 0.621463941892035
256656038.27410483 0.6207948776313352
257330768.24985063 0.6201267519237633
258005498.22559643 0.6194595627073102
258680228.20134223 0.6187933079278405
259354958.17708802 0.6181279855390391
260029688.15283382 0.617463593502356
260704418.12857962 0.6168001297869523
261390393.60392118 0.6161265579156725
262065123.57966697 0.6154649601685664
262616153.05985937 0.6149253395561156
263178428.03964752 0.6143753391875684
263853158.01539332 0.6137161810095356
264527887.9911391 0.6130579397878126
264921480.47699085 0.61267438840934
265326318.46243832 0.6122802028233583
266001048.4381841 0.6116239567495068
266675778.4139299 0.6109686213518913
267350508.3896757 0.6103141946728695
267890292.37027234 0.6097913062960776
268418830.8512732 0.6092798727913814
269093560.827019 0.6086277846250163
269768290.8027648 0.6079765982208434
271522588.7397039 0.6062877200217488
271691271.2336403 0.6061256472148104
272141091.2174708 0.6056937262674045
272815821.1932166 0.6050465889384848
273490551.1689624 0.6044003428369887
274165281.1447082 0.603754986075494
274840011.120454 0.6031105167732852
275525986.5957956 0.6024562141532553
276200716.57154137 0.6018135288669221
276875446.54728717 0.6011717254065724
277550176.52303296 0.6005308019179957
278224906.49877876 0.5998907565534771
278899636.47452456 0.5992515874717552
279293228.96037626 0.5988791427830942
279698066.9458237 0.5984963668639887
280372796.9215695 0.5978591046320936
281047526.8973153 0.5972227128641624
281722256.8730611 0.5965871897455035
283746446.8002985 0.5946858142317548
284421176.7760443 0.5940537476876876
285095906.7517901 0.5934225408124204
285781882.22713166 0.5927816932699348
286456612.20287746 0.5921522146586953
287131342.17862326 0.5915235903716419
287806072.15436906 0.5908958186490848
288480802.13011485 0.5902688977372521
289155532.10586065 0.5896428258882547
289830262.08160645 0.5890176013600528
290504992.05735224 0.5883932224164193
291179722.03309804 0.5877696873269085
291865697.5084396 0.5871366232757274
292540427.4841854 0.5865147847183817
293215157.4599312 0.5858937848296549
293889887.435677 0.5852736219019792
294564617.4114228 0.5846542942334008
295239347.3871686 0.5840358001275471
295914077.3629144 0.5834181378935954
296588807.3386602 0.5828013058462407
297263537.314406 0.5821853023056636
297949512.78974754 0.5815598796479614
298624242.76549333 0.5809455418418923
299343954.7396222 0.5802911557908569
299827511.22224 0.5798520153777365
300502241.19798577 0.5792399654578329
301176971.17373157 0.5786287344083787
301851701.14947736 0.5780183205860535
302402730.6296698 0.5775204210470755
302953760.10986215 0.57702306457097
303628490.08560795 0.5764147949573392
304303220.06135374 0.5758073366440986
304708058.04680127 0.5754432504065289
305067914.0338657 0.5751198626168683
305720153.01041996 0.5745343077721832
306394882.98616576 0.5739293542226879
307069612.9619115 0.5733252053671516
307744342.9376573 0.5727218596071593
308430318.41299886 0.5721092797264544
309105048.38874465 0.5715075487007689
309779778.36449045 0.5709066159789649
310454508.34023625 0.5703064799825771
311129238.31598204 0.56970713913804
311803968.29172784 0.5691085918766625
312478698.26747364 0.5685108366346036
313153428.24321944 0.5679138718528444
313828158.21896523 0.5673176959771651
314514133.6943068 0.5667123909779915
315188863.6700526 0.5661178013546851
315863593.6457984 0.5655239959777122
316538323.6215442 0.5649309733118747
317213053.59729 0.5643387318266497
317887783.5730358 0.5637472699961649
318562513.5487816 0.563156586299174
319237243.5245274 0.5625666792190349
319911973.50027317 0.5619775472436841
320597948.9756147 0.5613793894381695
321272678.9513605 0.5607918160099393
321947408.9271063 0.5602050131526188
322622138.9028521 0.5596189793723066
323296868.8785979 0.5590337131795668
323971598.8543437 0.5584492130894071
324646328.8300895 0.5578654776212538
325321058.8058353 0.5572825052989328
325995788.7815811 0.5567002946506462
326681764.25692266 0.5561091598005568
327356494.23266846 0.5555284807356979
332079604.06288904 0.5514848494225222
333440309.5139764 0.5503267132776015
334115039.4897222 0.5497535542686939
334789769.46546793 0.5491811381419544
335464499.4412137 0.5486094634847998
336139229.4169595 0.548038528888714
336813959.3927053 0.5474683329492315
340873584.74677587 0.5440531672480883
341548314.72252166 0.5434881150532825
342223044.69826746 0.5429237904000294
342897774.67401326 0.5423601919195309
343572504.64975905 0.5417973182468538
344258480.1251006 0.5412258049719464
344933210.1008464 0.5406643888588308
345607940.0765922 0.540103693459224
346282670.052338 0.5395437174235383
346957400.0280838 0.5389844594059637
347395974.51231855 0.5386213260958844
347620884.50423384 0.5384352212213015
348081949.9876601 0.538053954662428
348756679.9634059 0.5374966048088393
349431409.9391517 0.5369399680707638
350106139.9148975 0.5363840431197935
350780869.8906433 0.5358288286312022
351455599.8663891 0.5352743232839292
352141575.34173065 0.5347113017911941
352816305.31747645 0.534158222542015
353491035.29322225 0.533605848470997
354165765.26896805 0.5330541782716398
354840495.24471384 0.532503210641027
355515225.22045964 0.5319529442798132
356189955.19620544 0.5314033778922045
356864685.17195123 0.5308545101859462
357539415.14769703 0.5303063398723066
358225390.6230386 0.5297497469862283
358900120.5987844 0.529202979175232
359574850.5745302 0.5286569048903668
360249580.550276 0.5281115228568969
360924310.5260218 0.5275668318035345
361599040.5017676 0.5270228304624228
362273770.4775134 0.5264795175691239
362948500.45325917 0.5259368918626023
363634475.9286007 0.5253859255597835
364309205.9043465 0.5248446818578905
364983935.8800923 0.5243041215591223
365658665.8558381 0.523764243415968
366333395.8315839 0.5232250461842481
367008125.8073297 0.5226865286231005
367682855.7830755 0.5221486894949665
368357585.7588213 0.5216115275655769
369032315.7345671 0.5210750416039395
369718291.20990866 0.5205303059048657
370393021.18565446 0.5199951794136933
371067751.16140026 0.5194607251964884
371461343.64725196 0.5191492702118271
371585044.14280534 0.5190514314813688
372001127.62784857 0.5187225028238805
372675857.60359436 0.5181896459549751
373350587.57934016 0.51765745725215
374025317.55508596 0.5171259355082375
374700047.53083175 0.5165950795192349
375374777.50657755 0.5160648880842904
376060752.9819191 0.515526540151009
376735482.9576649 0.5149976852600944
377410212.9334107 0.5144694913196323
378084942.9091565 0.5139419571413016
378759672.8849023 0.513415081539869
379434402.8606481 0.5128888633331761
380109132.8363939 0.5123633013421285
380783862.8121397 0.5118383943906827
381458592.7878855 0.511314141305834
382144568.26322705 0.5107818197676068
382819298.23897284 0.5102588817579902
383494028.21471864 0.5097365940946942
384067548.6941026 0.5092931600484688
384416159.18157125 0.5090238506029404
384865979.16540176 0.5086766099649979
385551954.6407433 0.5081476213692411
386226684.6164891 0.5076279557675936
386901414.5922349 0.507108934679962
387576144.5679807 0.5065905569603503
388250874.5437265 0.5060728214656827
388925604.5194723 0.5055557270557931
389431652.0012816 0.5051683262760143
389780262.4887503 0.5049016593386476
390286309.97055966 0.504514865422389
390972285.4459012 0.5039911173467143
391647015.421647 0.5034765971310845
392321745.3973928 0.5029627123051645
392996475.3731386 0.5024494617461013
393671205.3488844 0.501936844333873
394345935.3246302 0.5014248589512779
395020665.300376 0.5009135044839231
395695395.2761218 0.5004027798202152
396381370.75146335 0.4998841875720068
397056100.7272091 0.49937472964241114
397730830.7029549 0.4988658981800027
398405560.6787007 0.4983576920843217
399080290.6544465 0.49785011025765546
399755020.6301923 0.49734315160502585
400429750.6059381 0.4968368150341809
401104480.5816839 0.4963310994555834
401790456.05702543 0.49581759076697896
402465186.0327712 0.495313124219592
403139916.008517 0.4948092753940283
404489375.9600086 0.49380342659610266
405164105.9357544 0.49330142447425807
405838835.9115002 0.49280003577525316
406513565.887246 0.4922992594309541
407188295.8629918 0.4917990943758539
407874271.33833337 0.49129121879717796
408549001.31407917 0.4907922832782051
409223731.28982496 0.49029395584996005
409898461.26557076 0.4897962354573845
410573191.24131656 0.48929912104799883
411247921.21706235 0.4888026115718915
411922651.19280815 0.48830670598171044
412597381.16855395 0.48781140323265315
413272111.14429975 0.4873167022824578
413958086.6196413 0.48681437217206414
414632816.5953871 0.48632088168951726
415307546.5711329 0.4858279898769762
415982276.5468787 0.4853356957022927
419355926.4256077 0.4828831534457123
420716631.87669504 0.4818981535010518
421391361.85244083 0.48141061338538516
422066091.82818663 0.4809236617126528
422740821.8039324 0.48043729747530367
423415551.7796782 0.4799515196681946
424090281.75542396 0.47946632728858213
424765011.73116976 0.4789817193361137
425439741.70691556 0.4784976948128204
426125717.1822571 0.47800620028379226
426800447.1580029 0.47752334931670204
427475177.1337487 0.4770410787825991
428149907.1094945 0.476559387693002
428577236.09413356 0.4762546159233548
428880864.5832191 0.4760382084226144
429443139.5630073 0.4756377624691358
430117869.5387531 0.47515775580188624
430792599.5144989 0.47467832473006283
431467329.4902447 0.47419946827661996
432142059.4659905 0.47372118546681463
432816789.4417363 0.4732434753281981
433502764.91707784 0.47275838942137804
434177494.89282364 0.4722818312209641
434852224.86856943 0.4718058427720067
435526954.84431523 0.47133042311119555
436201684.820061 0.47085557127747407
436876414.7958068 0.4703812863120346
437551144.7715526 0.4699075672583095
438225874.7472984 0.46943441316196344
438900604.7230442 0.46896182307088696
439586580.1983858 0.46848193368285573
440261310.1741316 0.4680104781152965
440936040.14987737 0.46753958369421383
441610770.12562317 0.46706924947636047
442285500.10136896 0.46659947452067685
442960230.07711476 0.46613025788828477
443634960.05286056 0.46566159864247847
444309690.02860636 0.4651934958487187
444995665.5039479 0.46471816082124306
445670395.4796937 0.4642511773718772
446345125.4554395 0.46378474756841576
449718775.33416843 0.4614608709072327
450393505.30991423 0.46099774360940016
451079480.7852558 0.4605274584833315
451754210.7610016 0.4600654337896648
452428940.7367474 0.4596039544696859
453103670.7124932 0.45914301961644266
453778400.688239 0.4586826283250521
454453130.6639848 0.4582227796926922
456477320.59122217 0.4568464807523654
457163296.0665637 0.4563811702145407
457838026.0423095 0.45592403036874535
458512756.0180553 0.45546742779314764
459187485.9938011 0.45501136159920663
459862215.9695469 0.45455583090038915
460536945.9452927 0.4541008348121655
461211675.9210385 0.45364637245200146
461886405.8967843 0.45319244293935323
462561135.8725301 0.45273904539566
463247111.34787166 0.4522786356646987
463921841.32361746 0.45182630826070047
464596571.29936326 0.45137451018728575
465012654.7844065 0.45109616485331494
465316283.2734921 0.4508931747012961
465889803.75287604 0.450510040256831
466564533.72862184 0.4500597810983809
467239263.70436764 0.44961004787156955
467913993.68011343 0.4491608397133502
468599969.155455 0.4487046821330655
469274699.1312008 0.4482565302458015
469949429.1069466 0.4478089008352636
470624159.0826924 0.4473617930461143
471298889.0584381 0.4469152060249191
471973619.0341839 0.4464691389201419
472648349.0099297 0.4460235908821393
473323078.9856755 0.4455785610631529
473997808.9614213 0.4451340486173064
474683784.43676287 0.44468265714000205
475358514.41250867 0.44423918549795394
476033244.38825446 0.4437962286886491
476707974.36400026 0.4433537858737042
477382704.33974606 0.44291185621658824
478057434.31549186 0.4424704388826153
478732164.29123765 0.44202953303893944
479406894.26698345 0.4415891378545497
480081624.24272925 0.4411492525002628
480767599.7180708 0.4407025575172079
481442329.6938166 0.4402636978055026
482117059.6695624 0.43982534543355584
482791789.6453082 0.43938749957947365
483466519.621054 0.4389501594231636
484141249.5967998 0.438513324146329
484815979.5725456 0.4380769929324619
485490709.5482914 0.4376411649668401
486176685.02363294 0.4371985882631356
486851414.99937874 0.43676377271048705
487526144.97512454 0.4363294579590935
488200874.95087034 0.43589564320134594
488875604.92661613 0.43546232763139303
489550334.9023619 0.43502951044513566
490225064.8781077 0.43459719084022125
490899794.8538535 0.4341653680160404
491574524.8295993 0.4337340411737189
492260500.3049409 0.43329603317927046
492935230.2806867 0.4328657041440601
493609960.2564325 0.4324358686912426
494284690.2321783 0.4320065260288679
494959420.20792407 0.4315776753666956
495634150.18366987 0.43114931591619254
496308880.15941566 0.4307214468905251
496983610.13516146 0.4302940675045554
497658340.11090726 0.42986717697483645
498333070.086653 0.4294407745196065
499019045.56199455 0.42900776489680215
499693775.53774035 0.42858234435399717
500368505.51348615 0.4281574095375289
501043235.48923194 0.42773295967235525
501717965.46497774 0.4273089939850958
502392695.44072354 0.42688551170402633
503067425.41646934 0.42646251205907243
503742155.39221513 0.426039994281807
504428130.8675567 0.4256109277324722
505102860.8433025 0.42518937939098517
505777590.8190483 0.42476831060902204
506452320.7947941 0.4243477206247196
507127050.7705399 0.42392760867783646
507801780.7462857 0.423507974009749
508476510.7220315 0.42308881586344615
509151240.6977773 0.4226701334835256
509825970.67352307 0.42225192611618806
513885596.0275936 0.419745696262805
514560326.0033394 0.4193308008342907
515235055.9790852 0.41891637443280116
515909785.954831 0.4185024163187884
516584515.9305768 0.41808892575426276
517259245.9063226 0.41767590200278754
517945221.38166416 0.41725647231279206
518619951.35740995 0.4168443877338421
519294681.33315575 0.41643276775572546
519969411.30890155 0.4160216116482007
520644141.28464735 0.4156109186825581
521318871.26039314 0.4152006881316143
521993601.23613894 0.4147909192697097
