1.0 0.9999999985899151
1326969.9523000645 0.9979609888675833
2653938.904600129 0.9955481078060162
3328668.8803459243 0.9942386282247475
4003398.85609172 0.9928953350564399
5948870.286158764 0.9889135322804605
6556127.264329979 0.9876525359806849
6915983.251394404 0.9869031987336191
7343312.236033408 0.9860119832250139
7815623.2190554645 0.9850258143535764
8119251.708141073 0.9843914882317045
8625299.18995042 0.9833340799913716
9986004.641037773 0.9804931425265716
10660734.616783569 0.9790874068699048
11335464.592529364 0.9776845803099395
11729057.078381078 0.976867815625142
12122649.564232793 0.9760522996619915
12808625.039574351 0.974634167754765
13483355.015320146 0.9732435038549011
14551677.476917656 0.9710507399186961
14945269.96276937 0.9702458143437492
15619999.938515166 0.9688697283831579
16980705.38960252 0.9661094971134349
19004895.316839907 0.962040932440708
19679625.2925857 0.9606948077414654
20354355.268331498 0.9593537103352677
21703815.21982309 0.9566865236862463
25763440.573893625 0.9487810579412066
26438170.54963942 0.9474839112670773
27112900.525385216 0.9461914243886822
27787630.50113101 0.9449035485593761
28338659.98132341 0.9438551695039031
28889689.46151581 0.9428098059325125
29283281.947367523 0.9420649489036995
29688119.932815 0.9413003905479612
30081712.418666717 0.9405585962477739
30475304.90451843 0.9398182968534343
31150034.880264226 0.9385526619136755
31824764.85601002 0.9372913422719936
32510740.33135158 0.936013374190423
33095506.31033127 0.9349274026907365
33680272.28931096 0.933844567912901
34355002.26505675 0.9325990006971773
34939768.24403644 0.9315228178911711
35524534.223016135 0.9304496759701206
36199264.198761925 0.9292151752296145
36885239.67410348 0.9279641631134056
37559969.64984928 0.9267376116516012
38234699.62559508 0.9255149361220837
38909429.601340875 0.924296093833873
39584159.57708667 0.9230810428286848
40258889.55283246 0.9218697418823637
40933619.52857826 0.9206621505037558
41608349.504324056 0.9194582289314075
42283079.48006985 0.9182579381284399
42969054.95541141 0.9170413250242054
43362647.441263124 0.9163449294659411
43610048.43236992 0.9159078108343883
44116095.914179265 0.915015176216255
44802071.389520824 0.9138082934405142
45476801.36526661 0.9126246802144721
46151531.34101241 0.9114444875343523
46826261.31675821 0.9102676810165036
47500991.292504005 0.9090942269262685
48175721.268249795 0.9079240921658426
48850451.24399559 0.9067572442619464
49525181.21974139 0.9055936513533709
50199911.19548719 0.9044332821784651
50885886.670828745 0.9032568466741004
51279479.15668046 0.902583320516286
51673071.64253217 0.9019108645793955
52347801.61827797 0.9007605561436106
53022531.594023764 0.8996133468848663
53708507.06936532 0.8984501653334301
54383237.04511112 0.8973091203759701
55057967.02085691 0.8961710906429241
55732696.99660271 0.8950360493240426
58431616.89958589 0.8905252488393837
59106346.875331685 0.8894047641374873
59792322.35067324 0.8882685133052075
60467052.32641904 0.8871537265217312
61141782.30216484 0.8860417299476964
61816512.27791063 0.884932500787772
62491242.253656425 0.8838260166416236
63165972.22940222 0.8827222554947123
63840702.20514802 0.8816211957093173
64515432.18089381 0.8805228160157781
65190162.156639606 0.8794270955039561
65876137.631981164 0.878315817822819
66550867.60772696 0.8772253978114595
67225597.58347276 0.8761375759977983
67900327.55921856 0.8750523328340308
68575057.53496435 0.8739696490922005
69249787.51071015 0.8728895058568933
69924517.48645593 0.871811884518121
70599247.46220173 0.8707367667643888
71060312.94562803 0.8700035335935443
71521378.42905432 0.8692714553648299
72196108.40480012 0.8682021914901634
73556813.85588747 0.8660532593694604
74231543.83163327 0.8649913166615584
74906273.80737907 0.8639317672552196
75581003.78312486 0.862874594845186
76255733.75887065 0.8618197833732909
76930463.73461644 0.8607673170230572
77605193.71036224 0.8597171802144371
78178714.18974617 0.8588263840582833
78752234.6691301 0.8579372506054264
79438210.14447166 0.8568759481178414
80112940.12021746 0.8558343366849129
80787670.09596324 0.8547949843442758
81462400.07170904 0.8537578767730573
82137130.04745483 0.8527229998528647
82811860.02320063 0.8516903396654892
83486589.99894643 0.8506598824887261
84161319.97469223 0.8496316147922973
84836049.95043802 0.8486055232338783
88220945.32876275 0.843490347620453
88738238.31016786 0.84271332014821
89266776.79116875 0.8419206697202408
89941506.76691453 0.8409106302440215
90616236.74266033 0.8399026597756551
91290966.71840613 0.8388967465887379
91965696.69415192 0.837892879108506
92640426.66989772 0.8368910459088746
93326402.14523928 0.8358745892819088
94001132.12098508 0.8348768243830601
94675862.09673087 0.8338810601679745
95350592.07247667 0.8328872857793513
96025322.04822247 0.8318954904947615
96700052.02396826 0.8309056637240917
97374781.99971405 0.8299177950070517
98049511.97545984 0.828931874010736
98735487.4508014 0.8279315071599552
99410217.4265472 0.8269494831431259
100084947.402293 0.8259693764240563
100759677.3780388 0.8249911771581167
101434407.35378459 0.8240148756166881
102109137.32953039 0.8230404621850494
102783867.30527619 0.8220679273603156
103458597.28102198 0.8210972617494244
104043363.26000166 0.8202575230266589
104616883.73938559 0.8194352843252739
108676509.09345613 0.8136529041462897
109092592.57849936 0.8130639461462305
109508676.0635426 0.8124756674569183
110183406.0392884 0.8115231409458782
110858136.0150342 0.8105723873163546
111397919.99563083 0.8098130553608854
111926458.47663172 0.8090706331441306
112612433.95197327 0.8081086662315947
113287163.92771906 0.8071642275404727
113961893.90346485 0.8062215246343645
114636623.87921065 0.8052805496840589
115311353.85495645 0.8043412949413112
115986083.83070225 0.8034037527375137
116660813.80644804 0.802467915482396
117346789.2817896 0.8015182210043419
118021519.2575354 0.800585799286818
118696249.2332812 0.7996550600824789
119370979.20902699 0.7987259961031333
120045709.18477277 0.7977986001327986
120720439.16051857 0.7968728650265533
121395169.13626437 0.7959487837094145
122069899.11201017 0.7950263491752402
122744629.08775596 0.7941055544856497
123430604.56309752 0.7931710872030823
124105334.53884332 0.7922535786988061
124498927.02469504 0.7917191136424068
124892519.51054674 0.7911851982734277
125567249.48629254 0.7902711898482183
126241979.46203834 0.7893587863499241
126916709.43778414 0.7884479812365347
127602684.9131257 0.7875236279234855
128277414.88887149 0.7866160265661464
128952144.86461729 0.7857100042223316
129626874.84036307 0.7848055545881443
130301604.81610887 0.7839026714167697
130976334.79185466 0.7830013485176333
131651064.76760046 0.7821015797555728
132325794.74334626 0.781203359050028
133000524.71909206 0.7803066803742478
133529063.20009293 0.7796053552702003
134057601.6810938 0.7789049698572654
134732331.6568396 0.7780122218394873
135418307.13218117 0.7771061538512087
135879372.61560744 0.7764980377116241
136138019.10631 0.7761572084515054
136599084.58973628 0.7755501929690476
137273814.56548208 0.7746631438831059
137948544.54122788 0.7737775942029288
138634520.01656944 0.7728788166805657
139309249.99231523 0.7719962737941783
139815297.47412458 0.7713353399069901
140321344.95593393 0.7706752376909733
140996074.93167973 0.7697963911498042
141670804.90742552 0.768919013657788
142345534.88317132 0.7680430998593503
142761618.36821458 0.7675036803162463
143166456.35366204 0.766979370811071
143841186.32940784 0.7661066826577018
144515916.30515364 0.765235441263678
145190646.28089944 0.7643656414533961
145865376.25664523 0.7634972780924507
146540106.23239103 0.7626303460870879
147214836.20813683 0.7617648403836685
147900811.6834784 0.7608863665742921
148575541.65922415 0.7600237220349508
149250271.63496995 0.7591624887901333
149925001.61071575 0.7583026619420961
150599731.58646154 0.757444236630652
151274461.56220734 0.7565872080326871
151949191.53795314 0.755731571361684
152623921.51369894 0.7548773218672553
153298651.48944473 0.7540244548346852
153984626.9647863 0.7531587857433513
154501919.9461914 0.7525069250034093
155030458.42719227 0.751841724776374
155705188.40293807 0.7509937506562501
156289954.38191777 0.7502599411140961
156874720.36089745 0.7495271511668194
157549450.33664325 0.7486828874328637
158224180.31238905 0.7478399727827171
158910155.7877306 0.7469843879813538
159584885.7634764 0.7461441805247617
160259615.7392222 0.7453053088681468
160934345.714968 0.7444677686707685
161609075.6907138 0.743631555622496
162283805.6664596 0.7427966654434415
162958535.6422054 0.7419630938835988
163633265.61795118 0.7411308367224888
168232674.95261833 0.7354923101080123
168772458.933215 0.7348345075876006
169447188.90896076 0.7340134054840303
170133164.38430235 0.7331799256336776
170807894.36004812 0.7323613912627306
171482624.3357939 0.7315441242499998
172157354.3115397 0.7307281207196873
172832084.2872855 0.729913376821201
173506814.2630313 0.729099888728874
174181544.2387771 0.7282876526416885
174856274.2145229 0.727476664782999
175396058.19511953 0.7268287706980546
175947087.67531192 0.7261681983621312
176621817.65105772 0.7253604590057373
177296547.62680352 0.7245539544182935
177971277.6025493 0.7237486809322545
178646007.5782951 0.7229446349029883
179320737.5540409 0.7221418127085272
180006713.02938247 0.7213268610343744
180681443.00512826 0.7205264959805237
181356172.98087406 0.719727343970083
182030902.95661986 0.7189294014697093
182705632.93236566 0.7181326649675365
183380362.90811145 0.7173371309729526
184055092.88385725 0.7165427960163742
184729822.85960305 0.7157496566490282
185404552.83534884 0.7149577094427353
186090528.3106904 0.7141537817342043
186765258.2864362 0.7133642283742917
187439988.262182 0.712575856956372
188114718.2379278 0.7117886641328601
188789448.2136736 0.7110026465757242
189464178.1894194 0.7102178009762862
190138908.16516516 0.7094341240450251
190813638.14091095 0.708651612511385
191488368.11665675 0.7078702631235843
192174343.5919983 0.7070770792740717
192849073.5677441 0.706298063731261
193523803.5434899 0.7055202006366004
194198533.5192357 0.7047434868118507
194873263.4949815 0.7039679190966308
195547993.4707273 0.7031934943482427
196222723.4464731 0.7024202094414982
196897453.4222189 0.7016480612685473
197572183.3979647 0.7008770467387129
198258158.87330624 0.7000943409399858
198932888.84905204 0.6993256032582827
199607618.82479784 0.6985579899985149
200282348.80054364 0.6977914981373271
200743414.2839699 0.6972683721112339
201215725.26699197 0.6967330274029855
201890455.24273777 0.6959691961149047
202565185.21848357 0.6952064761168015
203116214.69867596 0.6945844104224005
203655998.6792726 0.6939757551293627
204341974.15461415 0.6932032746404521
205016704.13035995 0.6924445675906532
205691434.10610574 0.6916869582806996
206366164.08185154 0.6909304438293314
207040894.05759734 0.6901750213703246
207715624.03334314 0.689420688052353
208367863.0098974 0.6886925318009082
208783946.49494064 0.6882285474862939
209211275.47957966 0.6877524512781718
209886005.45532545 0.6870016021999373
210560735.43107125 0.6862518304004377
211235465.40681705 0.6855031331039012
211910195.38256285 0.6847555075486373
212584925.35830864 0.6840089509869122
213259655.33405444 0.6832634606848234
213934385.30980024 0.6825190339221773
214620360.7851418 0.6817632875324623
215047689.76978078 0.6812930477333483
215475018.7544198 0.6808232316662759
216149748.73016557 0.6800822778977108
216824478.70591137 0.6793423761693905
217499208.68165717 0.6786035238315851
218173938.65740296 0.6778657182475414
218848668.63314876 0.677128956793369
219523398.60889456 0.6763932368579303
220198128.58464035 0.6756585558427334
221558834.0357277 0.6741800988033149
222233564.0114735 0.6734485362477535
222908293.9872193 0.6727180023003932
223583023.9629651 0.6719884944245755
224257753.9387109 0.6712600100956586
224932483.9144567 0.6705325468009158
225607213.8902025 0.6698061020394372
226281943.8659483 0.6690806733220337
226967919.34128985 0.6683441931583896
227642649.31703565 0.6676208059388077
228317379.29278144 0.6668984273242736
228992109.26852724 0.6661770548717078
229543138.74871963 0.665588678717922
230082922.72931626 0.6650129580491183
230768898.20465782 0.6642822361798286
231443628.18040362 0.6635644990619584
232118358.15614942 0.6628477569318024
232793088.1318952 0.6621320074084641
233467818.107641 0.6614172481217949
234142548.0833868 0.6607034767123083
234817278.0591326 0.6599906908310947
235492008.0348784 0.6592788881397397
236177983.51021996 0.6585562275766137
236852713.48596576 0.6578464005807882
237527443.46171153 0.6571375497833524
238202173.43745732 0.6564296728872219
238876903.41320312 0.6557227676054038
239517896.89016163 0.6550521054714175
240001453.37277946 0.6545467450987308
240518746.35418457 0.6540066760346893
241193476.32993037 0.6533030893607514
241868206.30567616 0.652600464281658
242542936.28142196 0.6518987985639009
243217666.25716776 0.6511980899835771
243903641.73250932 0.6504866818431115
244578371.7082551 0.6497878967640113
245253101.6840009 0.6490900621710284
245927831.6597467 0.648393175878116
246602561.63549247 0.6476972357084756
247277291.61123827 0.647002239494489
247952021.58698407 0.6463081850776508
248626751.56272987 0.6456150703085004
249301481.53847566 0.6449228930465563
249987457.01381722 0.6442201383747537
250662186.98956302 0.643529845277647
251336916.96530882 0.6428404832843639
252011646.9410546 0.6421520502898337
252686376.9168004 0.6414645441976414
253361106.8925462 0.6407779629199665
254035836.868292 0.6400923043775214
254710566.8440378 0.6394075664994887
255385296.8197836 0.6387237472234633
256071272.29512516 0.6380294705367919
257162085.75591418 0.6369274024685843
257589414.7405532 0.6364963141513004
258264144.716299 0.635816391266448
258938874.6920448 0.635137376258043
259613604.6677906 0.6344592671150553
260288334.64353636 0.6337820618344454
260963064.61928216 0.6331057584211092
261649040.0946237 0.6324191057749695
262323770.0703695 0.6317446150906254
262739853.55541277 0.6313291258732509
263155937.040456 0.6309139768842955
266540832.41878074 0.6275492684235149
267215562.39452654 0.6268812287968856
267890292.37027234 0.626214071000769
268565022.34601814 0.6255477931258105
269239752.32176393 0.6248823932699555
269914482.29750973 0.6242178695384015
270600457.7728513 0.6235431666146432
271275187.7485971 0.6228804039994293
271949917.7243429 0.6222185118359785
272624647.7000887 0.6215574882581357
273299377.6758345 0.6208973314067628
273974107.6515803 0.620238039429691
274648837.6273261 0.6195796104816764
275323567.60307187 0.6189220427243547
276009543.0784134 0.6182543964565073
276684273.0541592 0.6175985598695952
277359003.029905 0.6169435789688771
278033733.0056508 0.6162894519431794
278708462.9813966 0.6156361769879904
279383192.9571424 0.6149837523054171
280057922.9328882 0.6143321761041425
280732652.908634 0.6136814465993875
281407382.88437974 0.6130315620128656
282093358.3597213 0.6123717103486693
282768088.3354671 0.6117235242976254
283442818.3112129 0.6110761778392544
284117548.2869587 0.6104296692209491
284792278.2627045 0.609783996696397
285467008.2384503 0.6091391585255403
286141738.2141961 0.6084951529745368
286816468.1899419 0.607851978315724
287502443.66528344 0.6071989340845829
288177173.64102924 0.6065574298281068
288851903.61677504 0.6059167512890863
289526633.59252083 0.6052768967642956
290201363.56826663 0.604637864556502
290876093.5440124 0.6039996529744286
291550823.5197582 0.6033622603327171
292225553.495504 0.6027256849518948
292900283.4712498 0.6020899251583387
293586258.9465914 0.6014444037392368
294260988.9223372 0.6008102836461398
294935718.898083 0.6001769741266303
295610448.87382877 0.5995444735302313
296228951.35159576 0.5989653905284732
296858699.3289585 0.5983764743898367
297533429.3047043 0.5977462702195936
297960758.2893433 0.5973475561481769
298399332.77357805 0.5969386839283152
299074062.74932384 0.596310310032945
299647583.2287078 0.5957768204385876
300209858.2084959 0.5952543508259978
300884588.1842417 0.5946281170728333
301570563.6595833 0.5939922606704481
302245293.63532907 0.5933676277513903
302920023.61107486 0.5927437862323207
303594753.58682066 0.5921207345278703
304269483.56256646 0.5914984710579709
304944213.53831226 0.5908769942478251
305618943.51405805 0.5902563025278778
306293673.48980385 0.5896363943337851
306968403.46554965 0.5890172681063849
307654378.9408912 0.5883886231310922
308329108.916637 0.587771069148148
309003838.8923828 0.5871542924595304
309678568.8681286 0.586538291526604
310353298.8438744 0.5859230648157714
311028028.8196202 0.585308610798448
311702758.795366 0.5846949279510312
312377488.7711118 0.5840820147548754
313052218.7468576 0.5834698696962639
313738194.22219914 0.5828483081123611
314412924.19794494 0.5822377075466352
315087654.17369074 0.581627870581665
315762384.14943653 0.5810187957232629
316437114.12518233 0.5804104814820366
317111844.1009281 0.5798029263733644
317786574.0766739 0.5791961289173695
318461304.0524197 0.5785900876388931
319136034.0281655 0.5779848010674714
319822009.5035071 0.5773701985551052
320496739.4792529 0.5767664295223653
321171469.4549987 0.5761634107889642
321846199.43074447 0.5755611409030408
322520929.40649027 0.5749596184173039
329279474.66354394 0.5689752894717934
329954204.63928974 0.5683819063347523
330628934.61503553 0.5677892535551236
331303664.59078133 0.5671973297429804
331708502.5762288 0.5668425247834701
332102095.06208056 0.5664978263503762
332776825.03782636 0.5659074893076191
333170417.52367806 0.5655634607317405
333575255.50912553 0.5652098597035689
333968847.99497724 0.5648663304460778
334362440.48082894 0.5645230469199435
335037170.45657474 0.5639351317959932
335711900.43232054 0.5633479366622919
336386630.40806633 0.562761460160407
337061360.3838121 0.5621757009359967
337747335.8591537 0.561580912974993
338422065.8348995 0.5609965961570749
339096795.8106453 0.56041299255562
339771525.7863911 0.5598301008325185
340446255.7621369 0.5592479196536524
341120985.7378827 0.558666447688875
341795715.7136285 0.5580856836119911
342470445.68937427 0.5575056261007403
343145175.66512007 0.5569262738367736
343831151.1404616 0.5563379873231917
344505881.1162074 0.5557600533136003
345180611.0919532 0.5551828205977968
345855341.067699 0.5546062878729632
346530071.0434448 0.554030453840102
347204801.0191906 0.5534553172040162
347879530.9949364 0.5528808766732933
348554260.9706822 0.5523071309602849
349228990.946428 0.55173407878109
349914966.42176956 0.5511521853810971
350589696.39751536 0.5505805279382211
351264426.37326115 0.5500095601785815
351939156.34900695 0.5494392808331517
352613886.32475275 0.5488696886365635
353288616.30049855 0.5483007823270913
353963346.27624434 0.5477325606466344
354638076.25199014 0.5471650223407007
355312806.2277359 0.5465981661583897
355998781.70307744 0.5460225603587204
356673511.67882323 0.545457076001924
357348241.65456903 0.5448922700167882
358022971.6303148 0.5443281411666702
358697701.6060606 0.5437646882184363
359372431.5818064 0.5432019099424461
360024670.5583607 0.542658531103157
360676909.534915 0.542115780457282
361351639.51066077 0.5415549741591198
362026369.48640656 0.540994837730195
362701099.46215236 0.5404353699578653
363387074.9374939 0.5398672619420292
364061804.9132397 0.5393091389523745
365411264.8647313 0.5381948868309607
366085994.8404771 0.5376387553043794
366760724.8162229 0.5370832852095496
367188053.8008619 0.5367318290500246
367615382.7855009 0.5363806374196994
368301358.26084244 0.535817434826462
368976088.23658824 0.5352641280885684
369650818.21233404 0.5347114777121583
370325548.18807983 0.5341594825221294
371000278.16382563 0.5336081413466108
371675008.1395714 0.5330574530169496
372349738.1153172 0.532507416367696
373024468.091063 0.5319580302365905
373710443.5664046 0.5314001533466088
374385173.5421504 0.5308520755713196
375059903.5178962 0.5303046448272117
375734633.493642 0.5297578599646979
376206944.47666407 0.5293754942464283
376690500.95928186 0.528984351465366
377365230.93502766 0.5284391227562678
378039960.91077346 0.5278945360244696
378714690.88651925 0.5273505901340649
379389420.86226505 0.5268072839522103
380064150.83801085 0.5262646163491098
380738880.81375664 0.5257225861980034
381413610.78950244 0.5251811923751544
382099586.264844 0.5246314264914959
382774316.2405898 0.5240913125246869
383449046.2163356 0.523551831514378
384123776.1920814 0.523012982348845
384798506.1678272 0.5224747639193226
385473236.143573 0.5219371751199923
386147966.1193188 0.5214002148479693
386822696.0950646 0.5208638820032924
387497426.0708104 0.5203281754889088
388172156.0465562 0.5197930942106638
388858131.52189773 0.5192497347400908
389532861.4976435 0.5187159110382606
390207591.47338927 0.5181827092893042
390882321.44913507 0.5176501284105853
391557051.42488086 0.5171181673223065
392231781.40062666 0.5165868249474962
392906511.37637246 0.5160561002119982
393581241.35211825 0.5155259920444589
394267216.8274598 0.514987679707088
394941946.8032056 0.5144588117041089
395616676.7789514 0.5139305570540401
396291406.7546972 0.513402914696674
396966136.730443 0.5128758835745488
397640866.7061888 0.5123494626329386
398315596.6819346 0.5118236508198406
398990326.6576804 0.5112984470859667
399665056.6334262 0.5107738503847313
400351032.10876775 0.5102411316218354
401025762.08451355 0.5097177559305262
401700492.06025934 0.5091949841309175
402375222.03600514 0.5086728151871691
403049952.01175094 0.5081512480660908
403724681.98749673 0.5076302817371295
404399411.96324253 0.5071099151723607
405074141.9389883 0.506590147346477
405748871.9147341 0.506070977236778
406434847.3900757 0.5055437659824762
407109577.3658215 0.5050257981667926
407784307.3415673 0.5045084249978393
408459037.3173131 0.5039916454632841
409133767.2930589 0.5034754585533527
409808497.26880467 0.5029598632608158
410483227.24455047 0.5024448585809805
410899310.7295937 0.5021275663299496
411315394.2146369 0.5018104980601182
411990124.1903827 0.5012968088006755
412664854.1661285 0.5007837069226694
413339584.1418743 0.5002711914320362
414025559.6172159 0.49975073412291626
414700289.59296167 0.4992393981665146
415375019.56870747 0.49872864561374497
416049749.54445326 0.4982184754804685
416724479.52019906 0.4977088867849946
417399209.49594486 0.49719987854806974
418073939.47169065 0.4966914497928696
418748669.44743645 0.4961835995449894
419434644.922778 0.4956678771747077
420109374.8985238 0.4951611906291128
420784104.8742696 0.49465507966594935
421458834.8500154 0.4941495433204388
422133564.8257612 0.4936445806301766
422808294.801507 0.49314019063512426
423483024.7772528 0.49263637237759844
424157754.7529986 0.4921331249022636
424832484.7287444 0.4916304472561232
425518460.20408595 0.49111997482331116
426193190.17983174 0.4906184434433616
426867920.15557754 0.49011747903181385
427542650.13132334 0.4896170806449767
428217380.10706913 0.48911724734145556
428892110.08281493 0.48861797818214237
429566840.0585607 0.48811927223020746
430241570.03430647 0.48762112855109124
430916300.01005226 0.48712354621249654
431591029.98579806 0.48662652428437897
432277005.4611396 0.4861217921996358
432951735.4368854 0.4856258976127697
433626465.4126312 0.48513056064431687
434301195.388377 0.48463578037320254
434975925.3641228 0.4841415558805644
435650655.3398686 0.4836478862497444
436325385.3156144 0.4831547705662815
437000115.2913602 0.48266220791790265
437674845.267106 0.4821701973945157
438360820.74244756 0.481670551764636
439035550.71819335 0.48117965193383605
439710280.69393915 0.4806893014957172
440385010.66968495 0.4801994995488687
441059740.64543074 0.4797102451940209
441734470.62117654 0.47922153753403884
442409200.59692234 0.4787333756739143
443083930.57266814 0.4782457587207568
443758660.54841393 0.4777586857837894
444444636.0237555 0.4772640517406245
445119365.9995013 0.47677807320195953
445794095.9752471 0.4762926360050209
446468825.9509929 0.4758077392674359
447143555.9267387 0.47532338210890734
447818285.9024845 0.474839563651205
448493015.8782303 0.4743562830181578
449167745.8539761 0.4738735393356477
449842475.82972187 0.4733913317316026
450517205.80546767 0.4729096593359877
451203181.2808092 0.47242050683532966
451877911.256555 0.4719399111385058
452552641.2323008 0.4714598480377866
453227371.2080466 0.470980316671253
453902101.1837924 0.4705013161789902
454576831.1595382 0.4700228457030795
455251561.135284 0.46954490438759056
455926291.1110298 0.4690674913785766
456601021.0867756 0.4685906058240655
457286996.56211716 0.4681063120148986
457961726.5378629 0.467630487576781
458636456.5136087 0.46715518803495215
459221222.4925884 0.4667436856956526
459817233.97116387 0.4663246743306349
460491963.94690967 0.4658508139070256
461177939.4222512 0.4653695906617983
461852669.397997 0.4648967815577703
462527399.3737428 0.46442449250894
463202129.3494886 0.4639527226823114
463876859.3252344 0.46348147124679284
464551589.3009802 0.46301073737319065
465226319.276726 0.46254052023420306
465901049.2524718 0.4620708190044127
466575779.2282176 0.461601632860282
467261754.70355916 0.4611251541344302
467936484.67930496 0.4606570042489563
468611214.65505075 0.46018936697612123
469285944.63079655 0.45972224149987057
469960674.60654235 0.45925562700599737
470635404.58228815 0.4587895226821367
471310134.55803394 0.4583239277177581
471984864.5337797 0.45785884130416077
472659594.5095255 0.4573942626344672
473334324.4852713 0.4569301909036174
474020299.96061283 0.456458903498634
474695029.93635863 0.4559958516529853
475369759.9121044 0.45553330432853045
476044489.8878502 0.4550712607274484
476719219.863596 0.4546097200537055
477393949.8393418 0.45414868151304916
478068679.8150876 0.4536881443130033
478743409.7908334 0.45322810766286165
479418139.7665792 0.45276857077368243
480104115.24192077 0.45230188644929914
480778845.21766657 0.45184335501874073
481453575.19341236 0.4513853209798
482128305.16915816 0.45092778355056323
482803035.14490396 0.4504707419508538
483477765.12064976 0.4500141954022238
484152495.09639555 0.4495581431279508
484827225.07214135 0.4491025843530316
485513200.5474829 0.4486399380401159
486187930.5232287 0.44818537213845505
486862660.4989745 0.4477312974085791
487537390.4747203 0.4472777130823336
488212120.4504661 0.4468246183932566
488886850.4262119 0.4463720125765715
489561580.4019577 0.4459198948691825
490236310.3777035 0.44546826450967025
490911040.3534493 0.4450171207382845
491597015.82879084 0.4445589559430016
492946475.78028244 0.4436591106701502
493621205.75602823 0.4432099137400511
494295935.73177403 0.442761199611688
494970665.7075198 0.4423129675352491
