0 10172.1953125 0.9935067893119037
472 10050.1572266 0.9851957463767889
711 9989.86035156 0.9810545355584188
931 9943.125 0.9772815754679542
1813 9710.73242188 0.9625195979622856
2234 9754.66796875 0.9556717201727627
2354 9744.86132812 0.9537425405797817
2594 9695.48925781 0.9499138621600391
2655 9689.16308594 0.9489469860560289
3015 9628.34472656 0.9432916107951674
3256 9591.42285156 0.9395534438765472
3557 9542.72558594 0.9349373367075149
3798 9504.92089844 0.9312828444844233
3927 9480.55957031 0.9293416236198426
4037 9468.42480469 0.9276944460050536
4180 9443.94726562 0.9255642016669761
4411 9404.6640625 0.9221492206730109
4472 9400.8515625 0.9212527739089481
4650 9372.1015625 0.9186495419361456
4806 9348.58984375 0.9163833867794753
5227 9277.03710938 0.9103379232267833
5287 9269.61914062 0.9094845630434136
5407 9248.14355469 0.9077839158348222
5467 9241.87597656 0.9069366123316737
5588 9224.98339844 0.9052339663513138
5708 9203.57910156 0.90355336949707
5984 9154.16015625 0.8997177962717422
6019 9147.6015625 0.8992343401450354
6079 9143.67285156 0.8984070844086962
6199 9127.74707031 0.8967583284629164
6320 9110.06054688 0.8951035506202774
6440 9089.02734375 0.8934700406409019
6560 9070.94238281 0.8918440300487129
6620 9064.5546875 0.8910338181256121
6741 9045.03125 0.8894055172018367
6826 9030.45800781 0.8882661410803161
6864 9026.69335938 0.8877579600462236
6924 9019.69042969 0.886957056246813
6984 9011.67089844 0.8861579672095217
7164 8984.76953125 0.8837715158812507
7199 8980.67382812 0.8833093561287015
7234 8976.578125 0.8828478026127097
7354 8960.67675781 0.8812699163926931
7595 8917.359375 0.8781222433707114
7655 8911.90917969 0.8773429599786755
7706 8905.99414062 0.8766819280815692
7748 8900.77832031 0.8761384833655711
7800 8896.6015625 0.8754668127198566
8040 8855.36523438 0.8723833833520468
8100 8849.74804688 0.8716167537316943
8160 8846.49316406 0.8708518017433483
8196 8844.59570312 0.8703936330355931
8206 8844.046875 0.87026647051191
8241 8836.83789062 0.8698217658837895
8301 8829.15625 0.8690607301090967
8421 8810.10644531 0.8675436181515919
8541 8790.55664062 0.8660330753009383
8602 8783.16113281 0.86526771771607
8649 8778.68164062 0.8646791603297189
8756 8768.74609375 0.8633429504107187
8877 8750.84570312 0.8618380620924546
8937 8743.34375 0.8610942432185911
8972 8738.95214844 0.860661082251113
9007 8734.5390625 0.8602284601234363
9128 8711.37597656 0.85873695773553
9188 8709.34863281 0.857999737016407
9248 8702.48632812 0.8572640774595706
9308 8697.7421875 0.8565299729159309
9368 8690.22070312 0.8557974172641485
9428 8682.87402344 0.8550664044105061
9549 8668.90917969 0.8535968633704105
9789 8637.37988281 0.8507003696073363
9849 8629.59375 0.8499800129755913
9909 8624.13378906 0.8492611512738177
10000 8609.0 0.8481737176446846
10051 8604.23046875 0.8475657670087726
10111 8598.80859375 0.8468518953875268
10292 8572.37207031 0.8447072627194171
10652 8515.45507812 0.8404808300330144
10893 8499.57519531 0.8376800840385007
10933 8499.51660156 0.8372174199982906
10972 8493.91503906 0.8367669187459138
11032 8486.89257812 0.8360749858752144
11086 8479.9765625 0.8354534300365903
11116 8476.51171875 0.8351086043115812
11153 8474.77050781 0.8346837932299276
11213 8468.12207031 0.8339960201315564
11393 8440.90917969 0.8319408892191549
11453 8438.21484375 0.8312585575226195
11513 8430.72167969 0.830577573095621
11634 8421.43945312 0.8292083315392096
11732 8406.9921875 0.828103330575185
11783 8400.26855469 0.8275296771482816
11844 8395.97851562 0.8268447940095189
11904 8389.27539062 0.826172463335246
11962 8382.45996094 0.8255237878799608
12055 8369.20019531 0.8244862118150614
12090 8364.20800781 0.8240965337747619
12150 8357.296875 0.8234295376683426
12210 8349.64453125 0.822763830012024
12270 8347.4296875 0.8220994058848441
12331 8344.80566406 0.8214252187680317
12391 8341.87597656 0.8207633682125921
12511 8324.80761719 0.8194434687221629
12771 8310.015625 0.8166009142467914
12988 8273.50292969 0.8142462971549158
13048 8266.76953125 0.8135980803763522
13168 8249.6015625 0.8123052934130848
13228 8243.93457031 0.811660714047951
13288 8242.34570312 0.8110173380078239
13409 8225.453125 0.8097235048099483
13469 8225.18554688 0.809083731384135
13589 8209.59375 0.8078077357245574
13830 8184.23046875 0.8052592894068825
14070 8156.42578125 0.8027399960864158
14130 8152.73144531 0.8021130371226408
14190 8146.44482422 0.8014872153531296
14225 8142.77734375 0.8011226761289282
14260 8139.09179688 0.8007585215834642
14303 8135.36083984 0.8003116570977558
14345 8131.5390625 0.7998757426393859
14465 8119.27148438 0.7986332974849087
14525 8112.11328125 0.7980137476074125
14585 8104.78076172 0.7973953073398817
14706 8087.98339844 0.7961514779276669
14794 8072.76318359 0.7952496794724714
14854 8067.55224609 0.7946361635855383
14903 8060.50488281 0.7941359323202791
14952 8054.25927734 0.7936364239986413
15072 8041.20996094 0.7924161778292858
15174 8027.37695312 0.7913823435805402
15251 8009.96630859 0.7906039418136728
15286 8005.3125 0.7902507009732953
15467 7984.08007812 0.7884296728519286
15527 7981.6640625 0.7878281250985064
15707 7958.33056641 0.7860297256464831
15767 7953.10498047 0.7854323277472104
15827 7948.47460938 0.7848359578403787
15888 7940.53173828 0.7842306983997571
16008 7921.50439453 0.7830430987315525
16068 7919.86962891 0.7824508202681381
16188 7903.80371094 0.7812692876432844
16248 7896.81689453 0.7806800261553632
16309 7892.80371094 0.7800819670788481
16369 7890.34912109 0.7794947152351552
16609 7861.56787109 0.7771555827423668
16790 7831.76025391 0.7754018374114795
16910 7828.82421875 0.7742439864708955
17090 7801.97216797 0.772514396014225
17150 7795.78222656 0.7719397683683744
17211 7790.51025391 0.7713565329157055
17271 7783.18798828 0.7707838086954438
17331 7777.63476562 0.7702120232284198
17391 7777.07080078 0.7696411731573857
17451 7773.02001953 0.7690712551400174
17571 7756.49560547 0.7679342019711902
17692 7741.10888672 0.7667914079963095
17752 7734.29199219 0.7662261158617454
17932 7709.51806641 0.7645357000455233
17992 7702.64013672 0.7639740375520931
18052 7698.96777344 0.7634132744418232
18233 7659.43798828 0.7617270557780995
18279 7658.17382812 0.761299803377662
18326 7657.75683594 0.7608637997072699
18386 7654.79638672 0.7603079853895052
18550 7623.53320312 0.7587932340196074
18595 7618.38720703 0.7583787405353292
18640 7617.79931641 0.7579647353202377
18685 7610.47705078 0.7575512170897006
18744 7602.50683594 0.757009784414217
18925 7570.19287109 0.7553539584864194
19105 7550.80761719 0.7537149654423431
19827 7648.50683594 0.7472162064693866
19887 7645.69580078 0.746681477630581
19947 7640.39697266 0.7461475541862558
19987 7635.39404297 0.7457920512981765
20004 7631.01660156 0.7456410703910711
20041 7627.41357422 0.7453126868056194
20101 7622.10302734 0.7447808179076988
20161 7616.33251953 0.7442497445935831
20221 7610.50976562 0.743719464140284
20281 7603.86572266 0.7431899738368273
20342 7599.32519531 0.7426524659261261
20402 7592.97021484 0.7421245608939118
20462 7587.93310547 0.7415974379056676
20522 7586.52441406 0.7410710942981246
20642 7569.78759766 0.740020734630719
20702 7568.05908203 0.7394967133028076
20762 7562.16162109 0.7389734608193937
20883 7548.90771484 0.7379205630555461
20943 7544.62353516 0.7373996141834438
21003 7540.69384766 0.7368794237613184
21063 7536.32666016 0.736359989229839
21123 7530.19384766 0.7358413080409386
21183 7523.50537109 0.735323377657763
21244 7518.0703125 0.7347975821781587
21304 7513.1171875 0.7342811582486473
21484 7496.91308594 0.7327363358235026
21544 7489.86865234 0.732222869864951
21604 7485.31347656 0.731710137222907
21664 7479.24365234 0.731198135448567
21725 7472.37890625 0.7306783470390528
21785 7468.75390625 0.7301678117762266
21845 7466.20263672 0.7296580000588552
21905 7461.47753906 0.7291489094810478
21965 7453.89746094 0.7286405376474746
22025 7449.12207031 0.7281328821733186
22065 7444.46582031 0.7277948419950531
22101 7440.90283203 0.7274908765693877
22156 7433.98291016 0.7270269790122977
22216 7430.96923828 0.7265215881898027
22276 7423.95898438 0.7260169038631448
22397 7412.59667969 0.7250012633442244
22457 7407.26367188 0.7244986961987163
22517 7401.18066406 0.7239968262475407
22577 7395.57763672 0.7234956512003665
22637 7391.55615234 0.7229951687768943
22697 7387.37011719 0.7224953767068102
22757 7381.63623047 0.7219962727297408
22818 7377.86083984 0.721489553424134
22878 7374.95800781 0.7209918302659444
22938 7368.60742188 0.7204947884417372
22998 7360.95996094 0.719998425730609
23058 7355.52734375 0.7195027399213693
23118 7348.92236328 0.7190077288124972
23178 7341.71289062 0.7185133902120968
23216 7340.68554688 0.7182006559436542
23253 7335.859375 0.7178964093529232
23314 7331.63720703 0.7173953676855065
23374 7327.47314453 0.7169032107879478
23434 7322.88769531 0.7164117171538843
23494 7317.22412109 0.7159208846413895
23554 7313.00146484 0.715430711117889
23614 7308.05517578 0.7149411944601183
23674 7303.046875 0.7144523325540788
23734 7296.63232422 0.713964123294997
23795 7292.23388672 0.7134684441085395
23832 7287.24511719 0.7131681129377099
23847 7283.84814453 0.7130464271927973
23885 7278.91503906 0.712738337441374
23945 7274.91503906 0.7122524067420997
24005 7272.30224609 0.711767119297004
24065 7265.30078125 0.7112824730514473
24125 7259.21240234 0.7107984659597418
24185 7255.546875 0.710315095985112
24245 7250.25195312 0.7098323610996528
24305 7242.63623047 0.7093502592842894
24365 7239.50537109 0.7088687885287372
24486 7227.20410156 0.7078997339237632
24546 7222.3828125 0.7074201547744918
24606 7218.34375 0.7069411986981363
24666 7211.22070312 0.7064628637279041
24726 7206.34375 0.7059851479055534
24786 7201.43017578 0.7055080492813537
24846 7196.53808594 0.7050315659140469
24907 7190.27099609 0.704547769888668
24967 7187.80908203 0.7040725214188076
25027 7183.59228516 0.703597882400651
25087 7178.39013672 0.7031238509265827
25147 7174.66992188 0.7026504250972672
25267 7158.49853516 0.7017053828167247
25327 7151.50048828 0.7012337626078858
25388 7147.53125 0.7007548952174011
25508 7141.08349609 0.6998146578345713
25568 7135.98486328 0.6993454288854641
25628 7129.37011719 0.6988767906494843
25688 7125.54003906 0.698408741300263
25748 7118.06103516 0.6979412790193401
25868 7108.16601562 0.6970081084278722
25929 7102.9296875 0.6965346395722488
25989 7098.53369141 0.6960695171862672
26049 7094.83203125 0.6956049728640531
26109 7088.58496094 0.6951410048339696
26169 7083.09960938 0.6946776113320379
26229 7080.45849609 0.6942147906019019
26289 7076.30810547 0.6937525408947938
26350 7072.28271484 0.6932831706089421
26410 7067.48095703 0.6928220671762549
26470 7061.23095703 0.6923615295367674
26530 7055.73046875 0.6919015559718426
26590 7053.63867188 0.6914421447702591
26710 7037.90820312 0.6905250026491054
26770 7034.60351562 0.6900672683438664
26830 7033.39697266 0.6896100896305639
26866 7032.69287109 0.6893360483897578
26901 7031.98876953 0.6890698102415035
26961 7028.86181641 0.6886138387608473
27021 7024.71728516 0.6881584175661896
27382 6997.71728516 0.6854298230707639
27442 6996.54101562 0.6849782169912939
27502 6990.23535156 0.6845271481540728
27546 6987.37841797 0.6841967048631317
27568 6985.77929688 0.6840315910436612
27587 6981.75488281 0.6838890505127571
27630 6978.78222656 0.6835666562119725
27690 6974.77148438 0.6831172604322597
27750 6967.77294922 0.6826683953434651
27810 6962.74951172 0.6822200593780139
27870 6958.31738281 0.6817722509750563
27930 6952.51123047 0.6813249685804376
27990 6946.46630859 0.6808782106466665
28051 6943.14111328 0.6804245428042036
28111 6939.85498047 0.6799788378529608
28171 6931.77636719 0.6795336527343682
28231 6928.32470703 0.6790889859273964
28291 6923.51611328 0.67864483591753
28351 6918.68115234 0.6782012011967358
28411 6914.62207031 0.6777580802634342
28446 6912.25390625 0.6774998297274225
28482 6909.87597656 0.6772343821568167
28542 6905.90625 0.6767923778057646
28662 6895.21923828 0.675909894779049
28722 6890.171875 0.6754694131598868
28842 6880.22119141 0.6745899623982999
28903 6872.91552734 0.674143678391733
28963 6868.92675781 0.6737052149640648
29023 6864.23876953 0.673267250369626
29083 6859.71826172 0.6728297831771337
29143 6854.75537109 0.6723928119614082
29203 6847.61962891 0.6719563353033448
29263 6844.71582031 0.6715203517898861
29323 6841.19238281 0.6710848600139953
29383 6834.28222656 0.6706498585746272
29444 6831.10791016 0.6702081083362378
29504 6827.64550781 0.6697740915047505
29564 6821.15039062 0.6693405608193296
29624 6818.72607422 0.6689075149027257
29684 6814.27685547 0.6684749523835457
29744 6809.18896484 0.6680428718962268
29865 6798.26171875 0.6671729702954935
29925 6792.37011719 0.6667423357230533
29985 6790.34521484 0.6663121777556628
30105 6779.19775391 0.6654532862948389
30165 6774.09619141 0.6650245501449629
30225 6772.26123047 0.6645962852871995
30285 6770.77783203 0.6641684904073646
30346 6766.5546875 0.663734046056576
30406 6759.51611328 0.6633071949907252
30466 6753.37451172 0.662880809971983
30526 6749.20263672 0.6624548897083805
30586 6741.26904297 0.6620294329134161
30646 6735.41015625 0.6616044383060307
30706 6734.65527344 0.6611799046105832
30767 6727.83837891 0.660748766542905
30827 6721.11523438 0.6603251584948857
30887 6718.96826172 0.6599020075431945
30947 6718.92626953 0.6594793124337043
31067 6708.74462891 0.6586352847512689
31127 6702.26367188 0.6582139496964485
31187 6695.64453125 0.6577930655200304
31248 6691.93164062 0.6573656275545918
31283 6689.76708984 0.6571205856019573
31317 6687.62402344 0.6568826907245674
31377 6680.41015625 0.6564632262537059
31437 6676.95898438 0.6560442075790617
31497 6674.75830078 0.6556256334941519
31558 6669.54882812 0.6552005377022933
31618 6662.66796875 0.6547828565574532
31678 6658.79736328 0.6543656163934629
31738 6656.45068359 0.6539488160240966
31798 6648.60351562 0.653532454268114
31858 6644.35546875 0.6531165299492383
31918 6641.44042969 0.6527010418961328
31978 6640.56640625 0.6522859889423784
32099 6629.34863281 0.6514502842478427
32159 6625.78417969 0.6510365368265647
32219 6621.1015625 0.6506232198686196
32279 6616.07080078 0.6502103322319239
32339 6611.51123047 0.6497978727791788
32400 6604.19873047 0.6493789767828043
32460 6603.68164062 0.6489673773942927
32520 6599.78222656 0.6485562027876479
32580 6596.16503906 0.648145451844571
32640 6593.11279297 0.6477351234514395
32700 6591.61669922 0.647325216499286
32760 6587.42822266 0.646915729883777
32820 6583.64990234 0.6465066625051918
32881 6577.56787109 0.6460912059841615
32941 6572.32910156 0.6456829807402489
33061 6560.15039062 0.6448677770125238
33121 6555.67675781 0.6444607963704136
33181 6552.72802734 0.6440542284447672
33241 6549.90478516 0.6436480721676451
33301 6545.56347656 0.6432423264755557
33362 6541.50634766 0.6428302381702476
33422 6537.77587891 0.6424253172743809
33482 6531.0703125 0.6420208037820854
33542 6529.50048828 0.6416166966475293
33602 6525.16894531 0.6412129948292278
33662 6524.47119141 0.6408096972900227
33722 6523.78076172 0.6404068029970629
33760 6522.19775391 0.640151844712289
33798 6519.48095703 0.6398970475010042
33859 6514.69824219 0.6394883670879595
33920 6508.92382812 0.6390801000006067
33980 6504.67626953 0.6386789279993832
34041 6500.30029297 0.6382714776369933
34101 6494.12011719 0.6378711069215645
34162 6490.42382812 0.6374644691240555
34222 6486.59179688 0.6370648956196215
34282 6482.87988281 0.6366657159256607
34342 6478.86425781 0.6362669290526994
34403 6473.83544922 0.6358618974121897
34463 6470.57958984 0.6354638997350976
34523 6465.23974609 0.6350662919187997
34583 6461.50390625 0.6346690729901396
34643 6454.27050781 0.6342722419799778
34703 6451.68847656 0.6338757979231726
34763 6448.74951172 0.6334797398585625
34823 6443.42333984 0.6330840668289478
34884 6440.17724609 0.6326821929805544
34939 6436.55078125 0.6323201872192707
34972 6433.40917969 0.6321031379830997
35010 6431.57080078 0.6318533455323937
35070 6428.16845703 0.631459247566853
35131 6421.70361328 0.6310589710529911
35191 6418.6953125 0.6306656388646052
35252 6411.56347656 0.6302661389653405
35312 6410.79882812 0.6298735687740445
35372 6405.69433594 0.6294813750402594
35432 6401.17041016 0.6290895568459931
35484 6396.61279297 0.6287502841406363
35536 6393.85839844 0.6284112922275921
35571 6391.99951172 0.6281832823987937
35606 6390.13916016 0.6279553993307854
35667 6385.1484375 0.6275585341480766
35727 6384.05419922 0.6271685491298513
35787 6379.55371094 0.6267789342961773
35847 6372.56298828 0.6263896887547623
35907 6368.25830078 0.6260008116169631
35967 6364.69140625 0.625612301997769
36027 6362.60058594 0.6252241590157853
36087 6356.38769531 0.6248363817932171
36148 6353.48144531 0.6244425156699888
36208 6347.12646484 0.6240554734067372
36268 6341.96484375 0.6236687942765301
36328 6339.37255859 0.6232824774158673
36652 6315.15087891 0.6212025898938792
36712 6309.94238281 0.6208185713424886
36773 6306.37011719 0.6204285174142405
36815 6306.14306641 0.6201601691256596
36834 6303.21044922 0.6200388305622739
36871 6300.60302734 0.6198026416099347
36931 6295.06738281 0.6194199183880168
36992 6290.54492188 0.6190311782726298
37052 6286.91699219 0.6186491660077504
37112 6280.4140625 0.6182675050468831
37172 6280.31494141 0.6178861945745819
37208 6277.74951172 0.6176575761877235
37245 6275.52197266 0.617422738283385
37305 6268.71923828 0.6170422018367436
37365 6265.59179688 0.6166620132779601
37425 6263.60205078 0.6162821718054047
37485 6257.67919922 0.6159026766206864
37545 6251.76269531 0.6155235269286373
37605 6250.93798828 0.6151447219372986
37666 6249.63525391 0.6147599560824688
37726 6247.46777344 0.6143818438415714
37786 6240.53271484 0.6140040739316013
37846 6236.65917969 0.6136266455733428
37906 6231.11474609 0.6132495579907162
37946 6228.92089844 0.6129983552069255
37967 6227.27880859 0.6128665341606214
38007 6224.44677734 0.6126155613837323
38067 6221.05517578 0.6122393844045267
38128 6217.89648438 0.6118572842440881
38188 6211.10009766 0.6114817880043646
38248 6209.78955078 0.6111066281758206
38308 6207.08496094 0.610731804003029
38368 6203.8671875 0.6103573147335906
38428 6198.65527344 0.6099831596181224
38463 6195.60498047 0.6097650564846578
38475 6194.56835938 0.6096903043578245
38512 6191.55664062 0.6094599024145946
38572 6187.32080078 0.6090865462291031
38632 6183.31982422 0.6087135216720484
38692 6179.55810547 0.6083408280071526
38752 6177.36376953 0.6079684645010806
38813 6176.41748047 0.607590232642308
38873 6174.42773438 0.6072185327377811
38933 6171.46777344 0.6068471607975402
38993 6166.53466797 0.6064761160999343
39053 6164.43505859 0.606105397926189
39113 6159.3984375 0.6057350055603926
39173 6155.86230469 0.6053649382894837
39234 6150.99609375 0.6049890357660271
39294 6146.70751953 0.6046196219456894
39354 6142.75585938 0.6042505310863082
39414 6139.43115234 0.6038817624861416
39474 6135.65576172 0.603513315446233
39534 6133.12207031 0.6031451892704002
39594 6128.9375 0.6027773832652213
39655 6124.20263672 0.6024037746673871
39715 6119.28662109 0.6020366122416216
39775 6116.92041016 0.6016697679112898
39835 6113.27978516 0.6013032409939356
39895 6110.36572266 0.6009370308098017
39955 6108.77636719 0.6005711366818168
40015 6102.15185547 0.6002055579355858
40075 6099.55126953 0.5998402938993751
40136 6095.97119141 0.5994692640610062
40196 6092.54345703 0.599104632657504
40256 6086.40429688 0.598740313953637
40316 6082.07714844 0.5983763072882463
40376 6077.60253906 0.598012612002776
40436 6074.37255859 0.5976492274412613
40496 6070.77880859 0.5972861529503168
40556 6065.86083984 0.5969233878791251
40617 6062.86669922 0.5965548932533964
40737 6057.25732422 0.5958309146373858
40797 6053.38085938 0.5954693858966009
40857 6048.92919922 0.5951081633489802
40917 6044.32910156 0.5947472463589133
40977 6039.23388672 0.5943866342932772
41037 6033.47949219 0.5940263265214258
41097 6028.26464844 0.593666322415178
41158 6023.16503906 0.5933006288949018
41218 6021.33496094 0.5929412352801329
41278 6019.71826172 0.5925821434507779
41338 6016.22949219 0.5922233527884463
41398 6011.36523438 0.5918648626771581
41458 6009.20605469 0.5915066725033317
41518 6004.46386719 0.5911487816557746
41578 5999.01318359 0.5907911895256712
41639 5996.97753906 0.5904279431284741
41699 5993.10302734 0.5900709515696339
41759 5986.57177734 0.5897142569059514
41819 5984.58740234 0.589357858538054
41879 5981.76806641 0.5890017558688936
41939 5977.18798828 0.5886459483037355
41999 5977.12890625 0.5882904352501495
42060 5973.21630859 0.5879292982859449
42120 5968.19189453 0.5875743773712975
42155 5965.26025391 0.5873674753967023
42190 5962.31542969 0.5871606729185161
42250 5959.94970703 0.5868063855330446
42310 5953.14501953 0.5864523896248962
42370 5948.52441406 0.5860986846156546
42431 5946.77978516 0.5857393821407655
42491 5943.57910156 0.5853862620272955
42551 5940.99560547 0.5850334310813139
42611 5934.28613281 0.5846808887333016
42671 5931.015625 0.5843286344159289
42731 5929.80273438 0.583976667564047
42852 5919.69335938 0.583267739869639
42912 5914.65917969 0.5829166368033194
42972 5912.43652344 0.5825658189542433
43032 5909.88574219 0.582215285768052
43092 5903.97607422 0.5818650366925086
43152 5900.74267578 0.5815150711774882
43273 5895.86279297 0.5808101676951103
43333 5889.33203125 0.5804610542760096
43393 5885.76611328 0.5801122222288558
43513 5879.25585938 0.5794154000937657
43694 5875.58789062 0.5783664755597206
43754 5867.53662109 0.5780193251144151
43814 5866.30664062 0.5776724522974446
43874 5863.17236328 0.5773258565833711
43934 5861.01220703 0.5769795374487489
43994 5856.40576172 0.5766334943721153
44355 5843.08154297 0.5745572665260713
44415 5839.43554688 0.574213145955871
44475 5835.546875 0.5738692973338732
44535 5832.57128906 0.5735257201560987
44596 5829.22070312 0.5731766944425013
44656 5824.66943359 0.5728336631519504
44716 5822.07275391 0.5724909017967375
44776 5817.1875 0.572148409880447
44836 5815.57275391 0.5718061869085255
44896 5812.03369141 0.5714642323882728
44956 5807.60693359 0.5711225458288344
45016 5803.78076172 0.570781126741192
45077 5800.23144531 0.5704342910289589
45137 5797.11035156 0.5700934098627145
45197 5793.47949219 0.5697527947041088
45257 5787.82080078 0.56941244507142
45317 5784.14990234 0.5690723604847224
45377 5782.78710938 0.5687325404658784
45437 5779.22021484 0.5683929845385305
45497 5773.97021484 0.5680536922280932
45558 5771.78417969 0.5677090148023693
45618 5767.26171875 0.5673702526829485
45678 5764.90380859 0.5670317527594282
45738 5761.47851562 0.5666935145642614
45798 5756.28320312 0.5663555376316338
45858 5750.66796875 0.566017821497456
45918 5749.95898438 0.5656803656993559
45978 5745.81835938 0.5653431697766708
46038 5743.04638672 0.5650062332704398
46099 5739.54345703 0.5646639466223089
46159 5735.66503906 0.5643275318834174
46219 5729.30126953 0.5639913751866829
46279 5728.65917969 0.5636554760799044
46327 5725.77929688 0.5633869419564334
46376 5721.21630859 0.5631129828809656
46436 5718.65771484 0.5627777556736073
46496 5714.46435547 0.5624427844345838
46556 5709.98242188 0.562108068719315
46616 5705.84130859 0.5617736080848506
46676 5702.51220703 0.5614394020898634
46736 5699.28076172 0.5611054502946421
46797 5695.28955078 0.5607661927746274
46857 5691.93310547 0.5604327522846257
46899 5687.65234375 0.5601994944328313
46942 5685.83935547 0.5599608110406061
47002 5682.01171875 0.5596279809432223
47122 5678.83544922 0.5589630758347378
47182 5678.67333984 0.5586309999662217
47242 5675.33837891 0.5582991746525106
47302 5672.1328125 0.5579675994687825
47363 5669.44384766 0.5576307540136406
47423 5666.51855469 0.5572996819727596
47468 5663.91357422 0.5570515412779203
47514 5660.48828125 0.5567980308445274
47574 5656.76708984 0.5564675842971334
47634 5653.20654297 0.5561373855567278
47678 5651.57519531 0.5558953970685777
47722 5648.70605469 0.5556535414592791
47757 5646.42089844 0.5554612510962147
47793 5644.13330078 0.5552635542458768
47853 5641.11328125 0.5549342564914854
47913 5638.84033203 0.5546052046275919
47973 5632.34912109 0.5542763982462331
48033 5628.25244141 0.5539478369409127
48093 5625.78857422 0.5536195203065947
48153 5622.19921875 0.5532914479396969
48213 5619.20800781 0.5529636194380849
48273 5614.48876953 0.5526360344010647
48334 5611.51757812 0.5523032387868848
48384 5607.75292969 0.5520306425663659
48434 5604.6328125 0.5517582146308659
48494 5601.00683594 0.551431522922424
48554 5598.00292969 0.5511050728209796
48614 5593.55371094 0.5507788639339076
48675 5591.71191406 0.550447465107001
48735 5590.50390625 0.5501217414803141
48795 5585.88037109 0.5497962578920291
48855 5580.76123047 0.5494710139551019
48915 5577.41796875 0.5491460092838614
48975 5574.28515625 0.5488212434940051
49035 5570.43554688 0.5484967162025919
49096 5564.56787109 0.548167024223672
49156 5562.47509766 0.5478429767448021
49216 5559.85253906 0.5475191666173584
49276 5556.54736328 0.5471955934638095
49336 5553.17626953 0.5468722569079546
49396 5550.48291016 0.5465491565749195
49456 5546.13964844 0.5462262920911495
49516 5542.43798828 0.5459036630844039
49577 5539.52392578 0.545575897941837
49637 5535.40185547 0.545253742686796
49697 5530.91748047 0.5449318217937562
49757 5529.01757812 0.5446101348956967
49817 5525.13085938 0.5442886816268814
49877 5523.76123047 0.5439674616228544
49937 5520.25732422 0.5436464745204329
49997 5514.39404297 0.5433257199577025
50058 5511.88525391 0.5429998574993067
50118 5508.69775391 0.5426795707958825
50178 5502.35449219 0.5423595155479998
50238 5498.32275391 0.5420396913987816
50298 5497.70117188 0.5417200979925909
50418 5492.83837891 0.5410816019929118
50478 5491.20019531 0.5407626986943008
50538 5487.44677734 0.5404440247284618
50598 5484.03173828 0.5401255797458769
50659 5479.48144531 0.5398020617275092
50719 5475.67919922 0.5394840774695673
50779 5473.04101562 0.5391663211477954
50839 5469.30664062 0.5388487924174942
50899 5464.46337891 0.5385314909351504
50959 5462.45410156 0.5382144163584325
51019 5460.63037109 0.5378975683461845
51079 5457.82128906 0.5375809465584209
51140 5453.39794922 0.5372592793031162
51200 5450.31982422 0.5369431127053025
51260 5447.01806641 0.5366271713133918
51320 5442.11376953 0.5363114547920493
51380 5439.48291016 0.5359959628070855
51440 5436.16308594 0.5356806950254506
51500 5433.71289062 0.5353656511152299
51561 5429.41552734 0.5350455856314857
51621 5427.59375 0.5347309921902603
51681 5426.39990234 0.5344166216259988
51741 5422.21533203 0.5341024736112945
51801 5418.39501953 0.5337885478198516
51861 5415.32910156 0.5334748439264791
51921 5413.55517578 0.5331613616070867
51981 5409.35986328 0.5328481005386787
52042 5404.72949219 0.5325298449336273
52102 5401.99609375 0.5322170290766538
52162 5399.35058594 0.5319044335028846
52222 5397.63769531 0.5315920578936765
52282 5393.88671875 0.5312799019314575
52342 5389.80517578 0.5309679652997227
52403 5385.41210938 0.5306510542431696
52463 5384.75683594 0.5303395589694851
52523 5379.60205078 0.5300282820779103
52583 5378.20361328 0.5297172232561781
52643 5374.96679688 0.5294063821930648
52703 5372.17773438 0.5290957585783858
52763 5367.07275391 0.5287853521029904
52823 5364.55273438 0.5284751624587579
52884 5361.51318359 0.5281600249526192
52944 5358.60351562 0.5278502716514932
53004 5355.77539062 0.5275407342582261
53064 5350.52587891 0.5272314124687884
53124 5347.55761719 0.5269223059801571
53184 5347.26611328 0.5266134144903132
53244 5344.87011719 0.5263047376982353
53305 5339.72607422 0.5259911360787116
53365 5337.34716797 0.5256828913488586
53425 5332.86279297 0.5253748604146966
53485 5331.17675781 0.5250670429791712
53545 5328.81396484 0.5247594387462046
53605 5323.68603516 0.5244520474206915
53665 5321.20996094 0.5241448687084953
53725 5318.21240234 0.5238379023164427
53786 5313.68994141 0.5235260371742723
53846 5311.22607422 0.5232194980733044
53906 5308.55273438 0.5229131704138719
53966 5304.61962891 0.5226070539066312
54032 5302.36132812 0.5222705692852699
54069 5299.9375 0.5220820454357291
54130 5297.39160156 0.5217714104805103
54190 5292.45996094 0.5214660797341496
54250 5289.27246094 0.5211609587831466
54370 5285.85205078 0.5205513451321624
54430 5282.71533203 0.5202468518669499
54490 5277.10888672 0.519942567266625
54550 5275.10058594 0.5196384910508491
54610 5272.01123047 0.5193346229401873
54671 5268.73779297 0.51902590341054
54971 5257.98632812 0.5175107269406601
55031 5256.21826172 0.5172083112506211
55091 5253.10791016 0.5169061014577451
55151 5249.93603516 0.5166040972905686
55212 5247.80126953 0.5162972702365689
55272 5243.859375 0.5159956799256669
55332 5241.0625 0.5156942944267748
55392 5239.16748047 0.5153931134718809
55452 5235.25439453 0.5150921367938229
55512 5229.83691406 0.5147913641262849
55572 5228.05419922 0.5144907952037938
55632 5225.0859375 0.5141904297617145
55693 5221.64404297 0.5138852665526877
55753 5220.59667969 0.5135853106612036
55799 5218.09033203 0.5133554817557467
55846 5215.50341797 0.5131207794951634
55906 5212.51757812 0.512821339939794
55966 5209.17236328 0.5125221024068688
56026 5204.87792969 0.5122230666371718
56086 5202.27490234 0.5119242323722987
56147 5199.06103516 0.5116206238412401
56207 5195.828125 0.5113221951617002
56267 5192.38623047 0.5110239672123462
56327 5188.25439453 0.5107259397379987
56387 5185.43017578 0.5104281124842723
56447 5182.82324219 0.5101304851975721
56507 5179.96337891 0.5098330576250909
56567 5176.33789062 0.5095358295148054
56628 5172.69873047 0.5092338518201484
56688 5170.34765625 0.508937025195192
56748 5168.74462891 0.5086403972768749
56808 5165.60986328 0.5083439678162878
56868 5160.90039062 0.5080477365652887
56928 5157.87841797 0.5077517032764992
56988 5156.35839844 0.5074558677033012
57049 5153.41357422 0.5071553039697196
57109 5149.98046875 0.5068598663758802
57158 5148.56982422 0.5066187384700039
57208 5146.16015625 0.5063728248698434
57269 5142.91015625 0.5060729951257812
57329 5140.41796875 0.5057782785891107
57389 5136.53955078 0.5054837581390805
57449 5133.72021484 0.505189433534806
57509 5130.79003906 0.504895304536135
57569 5128.37646484 0.5046013709036441
57629 5125.43847656 0.5043076323986364
57690 5121.30712891 0.504009198039341
57750 5118.36132812 0.5037158523182949
57810 5114.73193359 0.503422701009029
57870 5111.984375 0.5031297438757307
57930 5110.16308594 0.5028369806832983
57990 5107.55859375 0.502544411197337
58050 5104.2890625 0.5022520351841563
58110 5100.81542969 0.5019598524107672
58171 5096.1328125 0.5016629977826634
58231 5094.6484375 0.5013712040036543
58267 5092.55078125 0.5011962201707537
58303 5091.29589844 0.5010213056029039
58363 5087.72509766 0.5007299351106388
58424 5086.234375 0.500433905305381
58484 5083.07763672 0.5001429218505072
58544 5079.859375 0.49985212997074524
58604 5075.84375 0.4995615294387666
58664 5072.00732422 0.49927112002791646
58724 5068.22998047 0.4989809015122114
58784 5067.35205078 0.4986908736663358
58844 5063.28369141 0.4984010362656396
58905 5062.18310547 0.4981065632434668
58965 5057.65917969 0.4978171092265685
59025 5054.28027344 0.4975278449811568
59085 5052.87646484 0.49723877028522523
59145 5048.10107422 0.4969498849174182
59205 5043.99707031 0.4966611886570288
59265 5041.25439453 0.49637268128399537
59326 5038.65136719 0.4960795588643373
59386 5038.00048828 0.49579143174736895
59446 5034.81591797 0.4955034928577874
59506 5030.34814453 0.49521574197809615
59566 5026.65380859 0.4949281788914308
59626 5024.09619141 0.4946408033815559
59686 5020.140625 0.4943536152328624
59746 5017.27929688 0.49406661423036496
59807 5013.92480469 0.49377502150769825
59867 5010.51611328 0.49348839726527954
59927 5007.67480469 0.4932019595242701
59987 5006.74609375 0.49291570807216306
60047 5004.13818359 0.4926296426970623
60085 5001.44628906 0.4924485641067099
60122 5000.61035156 0.4922723223271497
60192 4996.24414062 0.491939084971407
60253 4993.42089844 0.49164889815137486
60313 4992.41259766 0.49136365518125763
60373 4988.69824219 0.4910785971474018
60433 4983.74023438 0.4907937238417769
60493 4978.71582031 0.4905090350569438
60553 4977.30908203 0.4902245305860526
60613 4975.20996094 0.48994021022283946
60673 4974.31494141 0.4896560737616246
60734 4970.80712891 0.4893673900063931
60794 4966.94433594 0.48908362379093573
60854 4962.45654297 0.48880004086052153
60914 4960.17333984 0.48851664101179143
60974 4957.61279297 0.4882334240419577
61034 4952.37402344 0.4879503897488014
61094 4950.81445312 0.48766753793067086
61154 4946.68896484 0.4873848683864784
61215 4945.07714844 0.487097674332612
61275 4943.05419922 0.48681537176481127
61335 4940.45361328 0.4865332508677289
61395 4937.30126953 0.4862513114425201
61455 4933.49169922 0.4859695532908922
61515 4931.68505859 0.48568797621510296
61575 4927.91943359 0.4854065800179576
61635 4925.62109375 0.4851253645028067
61696 4922.95703125 0.48483964708439214
61756 4920.43847656 0.4845587953486379
61816 4917.60742188 0.4842781237049343
61876 4914.59179688 0.4839976319587996
61936 4910.29492188 0.4837173199162863
61996 4908.67382812 0.48343718738397856
62056 4904.39697266 0.48315723416898987
62116 4902.20947266 0.48287746007896115
62177 4900.01904297 0.48259320651764737
62237 4895.22949219 0.48231379307997113
62297 4892.22216797 0.482034558190143
62357 4889.99023438 0.4817555016578994
62417 4886.98095703 0.48147662329349245
62477 4884.9921875 0.48119792290768876
62537 4883.14501953 0.48091940031176644
62598 4880.39892578 0.4806364177378871
62658 4875.57324219 0.48035825311291125
62718 4873.09814453 0.48008026571158535
62778 4868.40283203 0.4798024553472221
62838 4864.23339844 0.47952482183363515
62898 4860.42138672 0.47924736498513704
62958 4859.78564453 0.4789700846165376
63018 4851.74267578 0.47869298054314124
63078 4846.73486328 0.47841605258074515
63139 4846.08886719 0.47813468950116983
63199 4842.16503906 0.47785811613764506
63259 4838.59277344 0.47758171833240687
63319 4834.72363281 0.477305495903211
63365 4831.67382812 0.4770938440291773
63387 4830.24121094 0.4769926555974628
63422 4827.86279297 0.4768317224844214
63483 4827.09960938 0.47655138127607793
63543 4822.32617188 0.47627581198200203
63663 4818.45019531 0.47572519677414293
63723 4815.84863281 0.4754501505018205
63783 4811.25244141 0.4751752782123264
63843 4809.18896484 0.4749005797275626
63903 4806.81835938 0.47462605486989634
63963 4800.71777344 0.47435170346215794
64024 4798.31591797 0.47407295715906866
64084 4796.46337891 0.47379895500497965
64144 4794.68115234 0.47352512576914363
64204 4790.98632812 0.4732514692762324
64264 4788.06347656 0.4729779853513712
64324 4786.3515625 0.4727046738201369
64384 4782.19580078 0.47243153450855624
64444 4779.10888672 0.472158567243104
64505 4775.46337891 0.47188122671599053
64565 4771.54101562 0.4716086058842154
64625 4771.44433594 0.4713361565777959
64685 4768.21386719 0.47106387862498755
64745 4764.60302734 0.4707917718544843
64805 4761.37988281 0.4705198360954172
64865 4759.54443359 0.4702480711773522
64925 4756.46728516 0.46997647693028866
64986 4753.44335938 0.46970053089912567
65046 4749.92919922 0.46942928032322806
65106 4748.44433594 0.4691581999081033
65166 4746.32714844 0.4688872894854729
65226 4744.01074219 0.46861654888748266
65286 4742.08007812 0.46834597794670135
65346 4739.07617188 0.46807557649611803
65406 4735.95703125 0.4678053443691413
65466 4732.99121094 0.46753528139959677
65527 4729.85302734 0.46726089061955406
65587 4728.12792969 0.46699116828038595
65647 4725.77050781 0.4667216145998689
65707 4723.20263672 0.4664522294134878
65767 4722.08496094 0.4661830125571366
65827 4717.97070312 0.4659139638671157
65888 4715.77197266 0.46564060325777934
65948 4714.64306641 0.46537189320689987
66008 4712.92236328 0.46510335083097426
66068 4710.05029297 0.4648349759679219
66128 4708.04833984 0.4645667684560605
66188 4705.28417969 0.4642987281341051
66308 4703.75488281 0.46376314841674876
66369 4700.19042969 0.46349115111696276
66429 4695.98925781 0.4632237807241285
66771 4701.67431641 0.4617029418957576
66831 4698.54052734 0.46143668327074383
66891 4695.84082031 0.4611705899749502
66951 4692.48828125 0.4609046618520018
67011 4691.46826172 0.4606388987458995
67072 4690.85693359 0.46036887525945935
67132 4688.66943359 0.46010344446433127
67192 4684.546875 0.45983817821770995
67252 4681.85498047 0.4595730763650886
67312 4677.81494141 0.4593081387523279
67372 4675.27880859 0.45904336522565475
67432 4673.3828125 0.4587787556316613
67493 4671.44189453 0.45850990377377043
67553 4668.61767578 0.4582456243121873
67613 4662.93457031 0.45798150832269735
67673 4662.62548828 0.4577175556533423
67733 4659.91796875 0.45745376615252176
67793 4656.98193359 0.4571901396689911
67853 4654.83154297 0.45692667605185994
67914 4652.20800781 0.45665898817994593
67974 4650.14404297 0.4563958525525118
68034 4646.55615234 0.4561328793384248
68094 4643.94921875 0.4558700683882043
68154 4642.00439453 0.4556074195527169
68214 4639.47753906 0.45534493268317483
68274 4637.36669922 0.4550826076311353
68334 4634.16845703 0.45482044424849827
68395 4630.69091797 0.4545540770574294
68455 4627.41308594 0.4542922392589866
68515 4625.95849609 0.4540305626852431
68575 4624.14892578 0.45376904718946326
68635 4622.08447266 0.45350769262524776
68695 4619.44628906 0.4532464988465321
68755 4617.6015625 0.4529854657075853
68815 4614.75830078 0.4527245930630086
68876 4613.03466797 0.452459536920503
68936 4608.92919922 0.4521989874986439
68996 4606.15771484 0.45193859813453424
69056 4604.0625 0.45167836868409605
69116 4601.13671875 0.45141829900357705
69176 4597.46337891 0.4511583889495489
69236 4595.06494141 0.4508986383789064
69296 4594.89599609 0.45063904714886593
69357 4591.74658203 0.4503752925977179
69417 4589.74169922 0.45011602227154135
69477 4587.41162109 0.4498569108571719
69537 4584.57910156 0.44959795821310455
69597 4579.41699219 0.44933916419814995
69658 4578.08251953 0.44907621942126724
69718 4577.00048828 0.448817744880163
69778 4573.24560547 0.4485594285441469
69838 4570.90283203 0.4483012702732827
69898 4569.59570312 0.4480432699279435
69958 4566.92724609 0.44778542736881
70018 4564.05273438 0.4475277424568691
70078 4561.70507812 0.4472702150534133
70139 4557.95996094 0.4470085568519701
70199 4555.21142578 0.44675134666994126
70259 4553.58837891 0.44649429357980003
70319 4550.42822266 0.4462373974440527
70379 4549.20361328 0.44598065812550486
70439 4546.03808594 0.44572407548726
70499 4543.24853516 0.4454676493927186
70559 4540.71630859 0.44521137970557684
70620 4538.53369141 0.4449509990560886
70680 4536.23828125 0.44469504437712404
70740 4534.11474609 0.44443924569615517
70800 4532.18847656 0.44418360287805386
70860 4531.1015625 0.4439281157879819
70920 4528.50097656 0.4436727842913898
70980 4525.546875 0.44341760825401555
71041 4522.85546875 0.44315833851186953
71101 4520.41357422 0.44290347557668447
71161 4517.234375 0.44264876769742445
71221 4514.65673828 0.44239421474097085
71281 4511.91064453 0.4421398165744874
71341 4509.76416016 0.44188557306541865
71401 4507.52880859 0.44163148408148833
71461 4504.14160156 0.4413775494906993
71522 4500.24121094 0.44111954079536364
71582 4499.86083984 0.4408659171636947
71642 4497.95898438 0.4406124475286518
71702 4494.02587891 0.44035913175934555
71762 4491.26953125 0.44010596972515964
71822 4488.90429688 0.43985296129575
71882 4486.83642578 0.43960010634104374
71942 4483.51318359 0.4393474047312374
72003 4481.56835938 0.4390906484942275
72063 4479.7890625 0.4388382557362276
72123 4475.37451172 0.43858601593317964
72183 4474.20410156 0.43833392895635415
72243 4473.49804688 0.4380819946772864
72303 4471.19091797 0.43783021296777525
72363 4467.91162109 0.4375785836998821
72423 4465.50244141 0.4373271067459303
72483 4463.35058594 0.4370757819785035
72544 4460.02783203 0.43682042434620155
72604 4456.47851562 0.43656940610174727
72664 4453.80322266 0.43631853966101414
72724 4451.41845703 0.43606782489762225
72784 4448.84619141 0.4358172616854475
72844 4446.2109375 0.43556684989862027
72880 4444.59667969 0.4354166754584239
72916 4443.38232422 0.43526655545903664
72951 4442.55908203 0.43512065762737795
72986 4440.56835938 0.4349748112036367
73046 4438.77246094 0.43472490829359434
73106 4437.70947266 0.43447515626222705
73167 4435.22070312 0.43422139624024225
73227 4432.31396484 0.4339719481023591
73287 4430.44091797 0.4337226504682694
73347 4428.26464844 0.4334735032141991
73407 4425.61474609 0.4332245062166196
73467 4423.93115234 0.432975659352247
73527 4421.90771484 0.4327269624980409
73588 4418.15722656 0.43247427435093694
73648 4414.49462891 0.4322258796439553
73708 4413.67041016 0.43197763457743454
73768 4413.07910156 0.4317295390293031
73828 4410.58984375 0.4314815928777284
73888 4407.73046875 0.4312337960011161
73948 4405.22558594 0.4309861482781086
74008 4401.68212891 0.4307386495875848
74069 4398.54443359 0.43048717857326785
74129 4397.93847656 0.43023998006411596
74189 4395.45458984 0.42999293022348706
74249 4392.88769531 0.42974602893119934
74309 4391.26904297 0.429499276067303
74369 4390.50146484 0.42925267151207874
74429 4386.59814453 0.4290062151460374
74489 4383.84765625 0.42875990684991866
74549 4380.74707031 0.4285137465046906
74610 4378.39697266 0.4282636350347866
74670 4376.59570312 0.4280177726960404
74730 4374.35351562 0.4277720579504784
74790 4371.76074219 0.4275264906799763
74850 4369.33544922 0.4272810707666338
74910 4366.37792969 0.42703579809277337
74970 4364.8203125 0.42679067254093983
75031 4364.04150391 0.4265416122629058
75091 4359.09912109 0.42629678305078417
75151 4356.76708984 0.4260521006077036
75211 4355.49707031 0.42580756481709264
75271 4354.12695312 0.4255631755625979
75331 4351.83447266 0.4253189327280832
75391 4348.41503906 0.4250748361976286
75451 4345.63867188 0.4248308858555298
75512 4343.52685547 0.42458301941871485
75572 4342.55419922 0.4243393635387236
75632 4341.59863281 0.4240958534993441
75692 4338.54833984 0.4238524891857295
75752 4334.93261719 0.4236092704832444
75812 4333.57568359 0.4233661972774644
75933 4329.85351562 0.4228764417535539
75993 4329.06787109 0.4226338067717173
76113 4330.33691406 0.42214897181228245
76173 4323.95214844 0.421906771608131
76234 4321.91796875 0.42166068307054155
76294 4320.84814453 0.421418774561823
76354 4318.93261719 0.42117701052559037
76414 4315.99658203 0.42093539084949
76474 4313.76513672 0.42069391542136997
