0 12690.3574219 0.9764450068912717
162 12617.1152344 0.9728404276422407
504 12472.6835938 0.9653020605449407
605 12426.9980469 0.963094150617897
786 12342.75 0.9591581111982374
1086 12224.2636719 0.9526923066071538
1507 12035.7138672 0.9437389592381514
1567 12020.3789062 0.9424742494634654
1805 11909.7509766 0.937485030761857
1865 11900.8613281 0.9362341294483754
2105 11797.5126953 0.9312580166348507
2286 11745.8896484 0.9275340771761937
2633 11578.8769531 0.9204634212286577
2681 11563.3945312 0.9194923842557825
2861 11493.09375 0.9158660905142967
2981 11430.2802734 0.9134617309575817
3008 11422.0498047 0.9129221946294217
3047 11414.3691406 0.9121437985115874
3227 11343.1591797 0.9085654523982853
3287 11328.9267578 0.9073778537944971
3528 11251.7490234 0.9026335834928926
3648 11219.9902344 0.9002866676891847
3828 11157.8994141 0.896785300917951
4490 11286.2607422 0.8841013470220022
4550 11273.6494141 0.8829665576876098
4610 11258.7714844 0.8818342007654527
4670 11243.5517578 0.8807042694899614
4851 11187.6103516 0.877310270954665
4971 11155.40625 0.8750721509331989
5031 11140.1357422 0.8739566722947321
5152 11106.3017578 0.8717143525703848
5212 11092.2226562 0.8706060297348759
5392 11044.3867188 0.8672951883391056
5513 11012.8613281 0.865081411294379
5573 11000.2363281 0.8639871826638952
5693 10971.5195312 0.8618056783574701
5827 10902.9023438 0.8593805683906178
5887 10890.4609375 0.8582984090426659
6128 10825.9794922 0.8539747071227207
6188 10812.0888672 0.8529039541580141
6223 10803.9853516 0.8522803899477782
6258 10795.890625 0.8516575917622521
6559 10703.0136719 0.8463329692055845
6679 10689.6181641 0.8442257924576133
6800 10653.8320312 0.8421099837130002
6858 10639.9794922 0.8410989583499636
6914 10630.4375 0.8401247344737336
6973 10621.0527344 0.8391003748821911
7154 10566.9833984 0.8359709443347736
7274 10542.2919922 0.8339070133383625
7334 10529.8613281 0.8328782680547466
7395 10514.7246094 0.8318345696851399
7455 10506.7402344 0.8308101318800754
7568 10484.8203125 0.8288865446518056
7621 10476.7861328 0.8279869192752234
7672 10472.9160156 0.8271227971286994
7722 10461.5742188 0.826277095702096
7782 10448.2490234 0.8252641797747081
7842 10436.3466797 0.8242533592512759
7962 10411.7841797 0.8222379814092657
8023 10403.5361328 0.821216687391532
8083 10389.4443359 0.8202142255883816
8122 10377.8134766 0.819563734039655
8162 10367.7119141 0.8188974686397885
8283 10344.3691406 0.8168875805963104
8343 10330.5537109 0.8158940336394329
8403 10321.6689453 0.8149025289343579
8523 10289.765625 0.8129256239077868
8584 10283.3691406 0.8119238060466815
8644 10280.2773438 0.810940448163615
8704 10270.5683594 0.8099591046214016
8764 10261.2666016 0.8089797699063147
8844 10234.1494141 0.8076771056293389
9120 10202.9521484 0.8032100720243719
9180 10187.4628906 0.802244514880748
9240 10174.1699219 0.8012809234017149
9300 10160.8828125 0.8003192922189524
9360 10150.0566406 0.7993596159801719
9420 10137.0761719 0.7984018893490668
9481 10124.0029297 0.797430193741736
9541 10113.4023438 0.7964763826522782
9601 10098.7558594 0.7955245051689737
9661 10087.6064453 0.7945745560192224
9721 10074.0878906 0.7936265299461637
9781 10060.1835938 0.7926804217086276
9841 10048.3730469 0.7917362260810883
9902 10033.6425781 0.7907782491801367
9962 10027.6210938 0.7898378948178568
10022 10012.7509766 0.7888994373961963
10082 9997.63574219 0.7879628717519844
10142 9986.50976562 0.7870281927374563
10202 9971.65039062 0.7860953952202056
10262 9959.73925781 0.7851644740831372
10323 9948.15039062 0.7842199558850053
10383 9939.24511719 0.783292803278219
10503 9910.75292969 0.7814440761163073
10563 9901.01757812 0.7805224914641378
10623 9890.66210938 0.7796027527248826
10681 9875.41308594 0.7787154218759873
10739 9867.96191406 0.7778298067345064
10799 9856.77148438 0.776915453820957
10919 9826.90527344 0.7750922219088706
10966 9822.3125 0.7743801050529963
11002 9815.60449219 0.7738354061734307
11111 9795.47851562 0.7721901469508712
11171 9783.56152344 0.7712870375288772
11231 9770.47851562 0.7703857239277861
11291 9758.53808594 0.7694862012859521
11351 9747.33105469 0.7685884647562147
11411 9734.28417969 0.7676925095058562
11472 9720.41992188 0.7667834427599278
11532 9709.86621094 0.7658910651147203
11592 9701.30371094 0.7650004542572435
11652 9688.515625 0.764111605412346
11712 9677.859375 0.763224513819099
11772 9667.88671875 0.7623391747307527
11810 9657.01464844 0.7617793642600564
11828 9656.79785156 0.7615144352219716
11848 9653.046875 0.7612202536406283
11864 9648.63964844 0.7609850477276676
11900 9644.88085938 0.7604562868285633
11961 9634.07324219 0.7595617583949665
12021 9620.52441406 0.7586836417859356
12201 9585.89355469 0.7560596430230954
12261 9575.80566406 0.75518841163479
12322 9563.27832031 0.754304412400795
12382 9549.91308594 0.7534366242332392
12442 9542.04785156 0.7525705365156251
12562 9517.71972656 0.7508434441332053
12610 9506.8125 0.7501544983871061
12633 9501.57226562 0.7498247604356816
12645 9499.00195312 0.7496528213408319
12681 9488.42675781 0.7491374072277585
12741 9485.0859375 0.748279725442123
12802 9472.65917969 0.7474094642609144
12862 9461.59667969 0.7465551522782854
12922 9453.16894531 0.7457025045033838
12982 9438.75488281 0.7448515164663598
13042 9430.28417969 0.7440021837106556
13102 9416.42382812 0.7431545017929646
13162 9403.22265625 0.7423084662831916
13222 9396.30175781 0.741464072764412
13283 9389.36132812 0.7406072847496175
13343 9377.61230469 0.7397661891973515
13403 9370.58300781 0.7389267223910798
13463 9357.48925781 0.7380888799663776
13523 9342.52441406 0.7372526575717916
13583 9332.86132812 0.736418050868799
13643 9320.92089844 0.7355850555317691
13704 9312.57128906 0.7347398243673312
13758 9300.19335938 0.7339929693999494
13813 9288.5546875 0.733233615007109
13859 9282.31054688 0.7325995478989398
13890 9278.59082031 0.7321727695923714
13914 9274.54882812 0.731842652007143
13935 9270.13964844 0.7315540075191834
13969 9263.12597656 0.7310870902518531
14020 9253.65039062 0.7303876677153229
14080 9248.77050781 0.7295662792044663
14140 9237.82128906 0.7287464667194564
14200 9225.78808594 0.7279282260524832
14260 9213.98730469 0.7271115530082299
14321 9206.78417969 0.7262828714658034
14381 9192.95410156 0.725469347083386
14442 9181.22167969 0.7246438580718221
14502 9171.56152344 0.7238334654414253
14563 9162.64941406 0.7230111518205322
14683 9136.03515625 0.7213981348432965
14743 9124.82617188 0.7205939298540861
14793 9117.71289062 0.7199249281184084
14843 9106.0546875 0.7192569866761873
14903 9097.109375 0.7184568532228767
14964 9083.81640625 0.7176449417701433
15024 9074.62988281 0.7168478682697055
15084 9064.73144531 0.7160523060202768
15144 9053.46386719 0.7152582510062638
15204 9044.53710938 0.7144656992239811
15264 9030.9453125 0.7136746466816154
15565 9004.75 0.7097286859300626
15625 8992.97851562 0.7089465702185226
15685 8985.96582031 0.7081659260685338
15745 8973.93554688 0.7073867495821587
15806 8962.89453125 0.7065960873738857
15866 8953.45214844 0.705819858866033
15926 8946.7109375 0.7050450863328479
15986 8935.24707031 0.7042717659225728
16046 8925.80566406 0.7034998937948587
16106 8916.58984375 0.7027294661207317
16166 8905.77539062 0.7019604790825579
16227 8896.08691406 0.7011801485220431
16287 8886.23046875 0.7004140551998816
16341 8873.93457031 0.6997257932730876
16394 8867.59179688 0.699051399963162
16437 8862.77832031 0.6985050663418624
16482 8856.63183594 0.6979341027089976
16542 8846.79882812 0.6971740574393208
16602 8838.00390625 0.6964154254015368
16662 8827.57617188 0.6956582028704422
16722 8815.18847656 0.6949023861318581
16783 8808.79394531 0.694135409762877
16843 8795.00976562 0.6933824167861039
16903 8785.8125 0.6926308184638504
16963 8778.46972656 0.6918806111258802
17023 8769.62207031 0.6911317911128138
17083 8759.88867188 0.6903843547760953
17143 8752.92285156 0.6896382984779597
17204 8742.75878906 0.6888812189006114
17264 8728.34570312 0.6881379346586898
17324 8719.29003906 0.6873960195464695
17384 8713.38964844 0.6866554699691985
17444 8702.26953125 0.6859162823427516
17504 8692.48046875 0.6851784530935985
17564 8683.25390625 0.6844419786587709
17685 8657.97265625 0.6829608618400124
17745 8650.19433594 0.6822284529487773
17805 8637.75390625 0.6814973846663828
17865 8626.1015625 0.6807676534823657
17925 8618.31835938 0.6800392558966334
17985 8609.8125 0.6793121884194325
18045 8602.41894531 0.6785864475713169
18105 8592.76953125 0.6778620298831166
18166 8579.37890625 0.677126891423931
18226 8573.1796875 0.6764051315973778
18286 8569.07128906 0.6756846845273519
18346 8561.25292969 0.6749655467856454
18406 8549.69824219 0.67424771495417
18466 8540.67382812 0.6735311856249278
18526 8533.95800781 0.6728159553999786
18586 8525.08496094 0.6721020208914112
18647 8516.84863281 0.6713775122815935
18707 8510.25195312 0.6706661805363796
18767 8502.68164062 0.6699561343477947
18827 8494.03320312 0.6692473703678999
18887 8484.14648438 0.6685398852586337
18947 8476.57421875 0.66783367569178
19007 8464.22558594 0.6671287383489388
19067 8456.5625 0.6664250699214962
19127 8450.16894531 0.6657226671105949
19188 8442.20410156 0.6650098516284073
19248 8432.30371094 0.6643099911492987
19308 8422.73144531 0.6636113863939873
19368 8416.66796875 0.6629140341025068
19428 8407.86621094 0.6622179310244984
19483 8400.77050781 0.6615809311676362
19534 8392.23144531 0.6609911919204285
19591 8384.53808594 0.6603331319248396
19652 8380.25 0.6596301290821319
19688 8373.89550781 0.6592158408436735
19725 8369.36621094 0.6587905067776019
19777 8358.99804688 0.658193530473264
19829 8352.421875 0.6575974760153879
19890 8346.70019531 0.6568994304775257
19950 8337.01855469 0.656214059841087
19989 8331.4921875 0.6557692223724503
20012 8328.18554688 0.6555071232433861
20031 8325.39257812 0.6552907412332499
20275 8293.16894531 0.6525227252547225
20314 8287.671875 0.6520821432903188
20353 8280.38574219 0.6516420679934597
20413 8274.30761719 0.6509660164688749
20473 8264.90234375 0.650291159058397
20533 8255.71972656 0.6496174926834912
20594 8247.73730469 0.6489338163484698
20654 8242.98828125 0.6482625425678544
20714 8235.40820312 0.6475924505906573
20756 8226.03515625 0.6471240877501295
20797 8218.38769531 0.646667432537889
20855 8207.67285156 0.6460223689709319
20913 8203.13476562 0.6453784002427781
20973 8194.5703125 0.6447133749192298
21034 8188.46923828 0.6440384608591179
21094 8180.57861328 0.6433757833555531
21154 8172.53320312 0.6427142655516851
21214 8161.66552734 0.6420539044701729
21274 8151.95849609 0.6413946971424245
21334 8146.66601562 0.6407366406085708
21394 8137.10644531 0.6400797319174392
21454 8129.00683594 0.6394239681265261
21514 8119.48291016 0.6387693463019719
21575 8108.87255859 0.6381049817723965
21635 8099.91015625 0.6374526540241692
21695 8094.79248047 0.6368014594439239
21755 8086.14404297 0.6361513951322547
21815 8077.45947266 0.635502458198268
21875 8071.21435547 0.6348546457595572
21935 8062.77294922 0.6342079549421759
21995 8057.48242188 0.6335623828806132
22056 8048.16894531 0.6329071952196264
22116 8042.09716797 0.6322638706335261
22176 8033.42333984 0.6316216562097976
22236 8025.64208984 0.6309805491165533
22296 8013.19580078 0.630340546530213
22356 8006.16601562 0.6297016456354786
22416 8001.04101562 0.6290638436253091
22476 7993.91210938 0.6284271377008952
22537 7985.48388672 0.6277809407745947
22597 7977.40087891 0.6271464368097516
22657 7970.10595703 0.6265130205372086
22717 7962.31835938 0.6258806891909697
22760 7956.78515625 0.6254281842366132
22803 7951.54638672 0.6249762340832196
22838 7947.25830078 0.6246087765540607
22873 7942.96679688 0.6242416853784349
22933 7933.57470703 0.6236132369895024
22993 7924.51416016 0.6229858609073334
23053 7917.90966797 0.622359554411016
23113 7914.99414062 0.6217343147876087
23174 7906.64599609 0.6210997454083533
23234 7899.48681641 0.6204766490920769
23294 7890.89794922 0.6198546115127129
23354 7882.89794922 0.6192336299890904
23414 7874.84716797 0.6186137018478881
23474 7865.18847656 0.6179948244236102
23534 7856.58496094 0.6173769950585632
23888 7812.95849609 0.6137529935189737
23948 7805.82373047 0.6131423239532955
24009 7798.81152344 0.6125225297078211
24044 7794.71972656 0.6121673884275403
24079 7790.62744141 0.611812595317899
24139 7779.37988281 0.6112051871141844
24199 7772.34960938 0.610598798029165
24259 7766.06982422 0.6099934254975687
24319 7760.56884766 0.6093890669616226
24379 7754.890625 0.6087857198710274
24440 7744.35791016 0.6081733512463311
24500 7735.19140625 0.607572036176674
24560 7726.73583984 0.6069717249040237
24620 7723.71972656 0.6063724149078779
24680 7714.87988281 0.6057741036750959
24740 7708.3515625 0.6051767886998766
24800 7699.86328125 0.6045804674837363
24861 7692.19775391 0.603975223753767
24921 7686.375 0.6033808990482207
24981 7682.94677734 0.6027875606087666
25041 7672.07177734 0.6021952059660888
25101 7664.28710938 0.6016038326580775
25161 7658.33886719 0.6010134382298077
25222 7649.87939453 0.6004142048588846
25282 7643.25146484 0.5998257770665048
25342 7637.46923828 0.5992383207914833
25402 7628.71826172 0.5986518336075343
25462 7621.90283203 0.598066313095448
25522 7614.15527344 0.5974817568430691
25582 7605.47070312 0.5968981624452754
25642 7599.16357422 0.5963155275039561
25703 7592.30419922 0.5957241630916077
25763 7586.92236328 0.5951434557880403
25823 7578.64794922 0.5945637007489125
25883 7570.98242188 0.5939848956040639
25943 7560.70556641 0.5934070379902394
26003 7555.73779297 0.5928301255510693
26064 7547.80175781 0.5922445644179529
26122 7541.01269531 0.5916887029303014
26159 7537.31884766 0.591334559786188
26181 7535.04443359 0.5911241570968129
26226 7530.33203125 0.5906941797409537
26287 7523.64697266 0.5901121602830706
26347 7518.10546875 0.5895406217023745
26384 7510.15185547 0.5891886363808351
26417 7506.91357422 0.5888750012968548
26472 7506.14160156 0.5883528989826882
26532 7498.51708984 0.5877842189257985
26592 7492.52050781 0.5872164612730496
26652 7480.82470703 0.5866496237412198
26713 7472.25634766 0.5860742798221824
26773 7468.5546875 0.5855092909494537
26833 7462.56640625 0.5849452153500849
26893 7454.80810547 0.5843820507674117
26953 7446.8203125 0.5838197949513312
27013 7438.47167969 0.5832584456582819
27074 7430.32958984 0.5826886675497065
27434 7398.64794922 0.5793449525950964
27494 7389.2890625 0.5787907902914986
27554 7383.55126953 0.5782375145736292
27614 7377.43164062 0.5776851232623679
27674 7369.6171875 0.5771336141849209
27734 7363.97412109 0.5765829851748018
27794 7355.05175781 0.5760332340718124
27851 7349.07568359 0.5755117817235542
27909 7342.82519531 0.5749819904751969
27969 7336.95849609 0.5744347876546357
28029 7328.38378906 0.573888454340612
28089 7322.86474609 0.5733429884035678
28150 7316.33886719 0.5727893183606185
28210 7310.41113281 0.5722455951812511
28270 7301.40478516 0.5717027329920404
28330 7295.25244141 0.5711607296881241
28390 7289.08447266 0.5706195831707409
28450 7283.421875 0.5700792913472125
28510 7278.41699219 0.5695398521309252
28571 7272.39111328 0.5689922941571787
28631 7264.25244141 0.568454568043026
28691 7258.18701172 0.5679176882780521
28751 7250.57617188 0.5673816527998183
28811 7245.05664062 0.5668464595518585
28871 7236.88183594 0.5663121064836614
28931 7231.67138672 0.5657785915506525
28991 7224.08447266 0.5652459127141763
29052 7217.61083984 0.5647052109167551
29112 7213.18945312 0.5641742120311064
29172 7204.79785156 0.5636440431277238
29232 7199.71142578 0.5631147021915456
29292 7192.80517578 0.5625861872133396
29352 7185.52099609 0.5620584961896854
29412 7179.72119141 0.5615316271229569
29473 7172.16308594 0.5609968174718839
29533 7166.43408203 0.5604715999654064
29593 7160.18896484 0.5599471984246087
29653 7154.67041016 0.5594236108749618
29713 7146.77734375 0.5589008353476436
29773 7138.56494141 0.5583788698795208
29833 7136.75097656 0.5578577125131332
29893 7127.60107422 0.5573373612966751
29954 7121.13476562 0.5568091619694339
30014 7115.69824219 0.5562904305745978
30074 7109.43066406 0.5557724994758322
30134 7101.13037109 0.5552553667438743
30194 7094.00976562 0.5547390304550307
30254 7087.56347656 0.554223488691161
30314 7079.78759766 0.5537087395396608
30375 7075.70410156 0.5531862218075347
30435 7072.14892578 0.5526730652956697
30495 7067.38378906 0.5521606956598549
30555 7061.50634766 0.5516491110095538
30615 7050.05419922 0.5511383094596827
30675 7042.92724609 0.550628289130594
30735 7037.83544922 0.5501190481480595
30796 7031.62158203 0.5496021168278511
30856 7025.34960938 0.5490944418484845
30916 7020.78125 0.5485875405944188
30976 7014.06152344 0.5480814112130298
31036 7006.50244141 0.5475760518570307
31096 7001.07275391 0.5470714606844568
31156 6994.7109375 0.5465676358586488
31217 6988.71240234 0.5460561976764668
31277 6981.37597656 0.5455539127514019
31337 6976.25537109 0.5450523886644949
31397 6968.88964844 0.5445516236002361
31457 6961.85644531 0.5440516157483414
31517 6956.28710938 0.5435523633037358
31577 6950.2578125 0.5430538644665389
31637 6943.703125 0.5425561174420482
31698 6934.19189453 0.5420508435015619
31758 6928.22167969 0.5415546071945689
31818 6923.46484375 0.5410591173174774
31878 6915.11181641 0.5405643720962268
31938 6908.69726562 0.540070369761857
31998 6902.70751953 0.5395771085504926
32058 6896.69482422 0.5390845867033277
32118 6891.35498047 0.5385928024666101
32179 6882.57275391 0.5380935761764905
32239 6876.56054688 0.5376032741401083
32299 6870.54199219 0.5371137044541541
32359 6864.70556641 0.5366248653850226
32419 6856.30029297 0.536136755204087
32458 6852.20458984 0.5358198736360903
32496 6850.34960938 0.5355114122976381
32556 6844.09960938 0.5350249599582408
32617 6837.14404297 0.5345311414991114
32677 6827.75976562 0.5340461459581742
32737 6824.74023438 0.5335618702262057
32797 6815.34375 0.5330783126055952
32857 6810.08886719 0.5325954714036012
32917 6803.96289062 0.5321133449323364
32977 6799.29394531 0.5316319315087534
33037 6791.88964844 0.53115122945463
33098 6786.1640625 0.5306632432271123
33158 6779.86816406 0.5301839706828156
33218 6771.96777344 0.5297054044744259
33278 6769.84375 0.529227542942955
33518 6653.22509766 0.5273231105725301
33816 6542.29394531 0.5249739369073123
33876 6536.37744141 0.5245030090201901
33936 6530.9140625 0.5240327679251464
33997 6529.85986328 0.5235553918833274
34057 6525.06640625 0.5230865309475321
34117 6519.14355469 0.5226183519818738
34177 6512.20361328 0.5221508533970864
34237 6510.5703125 0.5216840336084458
34297 6500.83837891 0.5212178910357559
34357 6496.07910156 0.5207524241033349
34418 6490.9609375 0.520279890394214
34478 6489.05761719 0.5198157812284008
34538 6481.94628906 0.5193523429767626
34598 6472.80322266 0.5188895740816137
34658 6466.83886719 0.518427472989715
34718 6463.85009766 0.5179660381522602
34778 6458.01757812 0.5175052680248626
34839 6456.99121094 0.5170374982280259
34899 6449.49365234 0.5165780639194517
34959 6446.89306641 0.5161192896886765
35019 6441.56347656 0.5156611740089321
35079 6437.35546875 0.5152037153578033
35139 6432.00927734 0.5147469122172149
35199 6424.8515625 0.5142907630734186
35260 6420.11865234 0.513827680325479
35320 6414.95605469 0.5133728454882408
35380 6408.58007812 0.512918660107403
35440 6402.99804688 0.5124651226864659
35500 6395.58544922 0.5120122317331917
35560 6391.62548828 0.5115599857595913
35621 6388.61621094 0.5111008620173589
35681 6382.08251953 0.5106499122438335
35741 6375.00146484 0.5101996029868276
35801 6370.54833984 0.5097499327752903
35861 6363.37792969 0.5093009001423554
35921 6357.20410156 0.5088525036253293
35981 6350.94140625 0.5084047417656782
36041 6344.41552734 0.5079576131090153
36102 6335.53857422 0.5075036799341316
36162 6332.32617188 0.5070578238296941
36205 6331.34472656 0.5067386805294253
36248 6326.88330078 0.5064198596791148
36308 6319.19824219 0.5059755312470149
36548 6328.87744141 0.5042044567488354
36608 6323.87060547 0.5037632408225261
36669 6319.33300781 0.5033153050812139
36729 6314.14257812 0.5028753345152805
36789 6306.63769531 0.5024359793640963
36849 6302.39746094 0.5019972382279217
36909 6295.88085938 0.5015591097109873
36969 6291.36572266 0.5011215924214816
37029 6288.12890625 0.5006846849715392
37090 6284.61962891 0.5002411194744303
37150 6279.76171875 0.4998054376620015
37210 6267.80664062 0.4993703615261961
37270 6263.20068359 0.4989358896948799
37330 6256.82470703 0.49850202079980493
37390 6252.08496094 0.4980687534765988
37450 6244.95458984 0.4976360863647523
37511 6238.95751953 0.49719682203590926
37571 6238.71923828 0.49676536122757553
37631 6229.62988281 0.49633449654968775
37691 6226.79541016 0.49590422665713796
37751 6218.12646484 0.49547455020862374
37811 6210.68017578 0.49504546586663645
37871 6209.79248047 0.4946169722974502
37931 6202.50097656 0.49418906817111
37992 6199.75341797 0.49375463520304397
38052 6196.65332031 0.49332791575627954
38112 6193.06787109 0.4929017817630628
38172 6186.59130859 0.4924762319084722
38232 6181.578125 0.49205126488130047
38292 6176.75097656 0.49162687937404387
38352 6172.36376953 0.49120307408289055
38413 6171.93554688 0.4907727988321064
38473 6164.81005859 0.4903501596924666
38533 6159.60791016 0.48992809685802124
38593 6157.4453125 0.4895066090396772
38653 6150.37841797 0.4890856949519778
38713 6147.20703125 0.4886653533130926
38773 6141.93457031 0.4882455828448057
38833 6137.95410156 0.4878263822725051
38893 6134.18798828 0.4874077503251723
38954 6130.96875 0.4869827227917837
39014 6126.64111328 0.48656523371985594
39074 6119.8984375 0.48614830946031573
39134 6115.23730469 0.48573194875646825
39194 6111.69482422 0.48531615035515807
39254 6106.53759766 0.48490091300675786
39314 6102.45605469 0.4844862354651586
39375 6096.66845703 0.48406521923002016
39435 6093.36767578 0.48365166685598815
39495 6089.06689453 0.4832386705508677
39555 6082.86376953 0.482826229082574
39615 6080.65478516 0.48241434122248716
39675 6077.52148438 0.4820030057454423
39735 6072.25097656 0.48159222142971875
39795 6068.43261719 0.48118198705702997
39856 6064.55371094 0.4807654779604804
39916 6058.09765625 0.4803563489477201
39976 6052.00439453 0.4799477662235303
40036 6048.9921875 0.479539728583314
40096 6047.859375 0.4791322348258566
40156 6043.51611328 0.47872528375331597
40216 6038.98730469 0.4783188741712121
40276 6034.57373047 0.47791300488841715
40337 6029.33447266 0.47750092377501285
40397 6025.84228516 0.4770961404862452
40457 6018.63378906 0.4766918939237573
40517 6014.79394531 0.47628818290978425
40577 6011.06884766 0.4758850062698633
40637 6005.63818359 0.47548236283282325
40697 6000.88769531 0.47508025143077504
40757 5997.05761719 0.47467867089910193
40818 5989.41162109 0.47427094037728423
40878 5985.73828125 0.473870426904939
40938 5981.09423828 0.473470440809433
40998 5976.00732422 0.47307098093919386
41058 5972.95947266 0.47267204614587216
41118 5969.99853516 0.4722736352843323
41178 5966.32763672 0.4718757472126422
41238 5963.08496094 0.47147838079206417
41299 5956.93261719 0.47107492519209787
41359 5952.65185547 0.4706786073170699
41419 5947.11035156 0.4702828076772165
41466 5945.01269531 0.4699731258690803
41498 5939.30712891 0.4697624599671964
41544 5937.44970703 0.4694598846460588
41604 5928.90429688 0.469065675823384
41665 5923.18457031 0.46866542341717815
41725 5921.47070312 0.46827224932845035
41785 5915.94824219 0.46787958665501234
41845 5910.62451172 0.4674874342899063
41905 5908.67382812 0.4670957911292634
41965 5902.14599609 0.46670465607229494
42025 5898.90283203 0.46631402802128247
42085 5892.70654297 0.4659239058815693
42146 5890.48779297 0.46552779921029114
42206 5884.99609375 0.4651386940077193
42266 5877.84423828 0.4647500914326865
42326 5876.51513672 0.4643619904027402
42386 5871.10888672 0.4639743898384435
42446 5868.11132812 0.4635872886633662
42506 5862.77392578 0.46320068580407536
42566 5860.88037109 0.46281458019012683
42927 5834.05322266 0.46050194750002826
42980 5828.32421875 0.4601639179174672
43033 5824.83691406 0.45982626980709823
43094 5819.77929688 0.45943812719740434
43154 5815.14941406 0.45905683855602397
43214 5812.42236328 0.4586760357871963
43274 5810.55810547 0.458295717855072
43384 5805.56835938 0.45759972411538496
43432 5797.16503906 0.45729652574863433
43491 5793.4375 0.45692426619667964
43551 5792.11132812 0.45654617324608127
43611 5787.09130859 0.45616855936735634
43671 5780.42041016 0.4557914235435239
43731 5779.26171875 0.4554147647604225
43792 5771.03710938 0.455032316321418
43912 5770.48144531 0.45428139067094686
43972 5762.95703125 0.4539066378402957
44032 5756.09033203 0.4535323570049146
44092 5754.18017578 0.4531585471674266
44152 5749.96630859 0.45278520733321537
44213 5744.95458984 0.45240612596463564
44273 5741.88134766 0.452033730956137
44333 5736.08349609 0.45166180296713004
44393 5731.58691406 0.4512903410140032
44453 5726.70849609 0.4509193441158645
44513 5723.97119141 0.45054881129453234
44573 5718.49072266 0.45017874157452886
44634 5715.01416016 0.4498029777662735
44694 5710.96582031 0.44943383901103456
44740 5707.23828125 0.4491511443235639
44771 5705.77197266 0.4489607850284411
44817 5701.32617188 0.44867854212914104
44877 5697.07910156 0.44831080389445077
44937 5693.85351562 0.44794352290066297
44997 5686.70556641 0.44757669819117113
45057 5684.96923828 0.44721032881200695
45117 5679.31494141 0.44684441381183304
45178 5675.95214844 0.4464728650519392
45238 5672.30175781 0.44610786349961706
45298 5667.1171875 0.4457433134722733
45358 5662.21582031 0.4453792140290568
45418 5660.87744141 0.44501556423170774
45478 5654.43066406 0.4446523631445497
45538 5651.27685547 0.444289609834482
45599 5649.15966797 0.44392126871040827
45648 5644.8515625 0.4436257219896044
45692 5640.85839844 0.443360586104009
45748 5635.47607422 0.4430234860823482
45808 5630.5625 0.44266273629074093
45868 5623.18017578 0.44230242918986806
45928 5612.52148438 0.44194256386318415
45988 5608.81201172 0.44158313939666255
46049 5602.49169922 0.44121817552565157
46109 5597.12109375 0.4408596373570504
46169 5591.22460938 0.4405015373064793
46229 5585.50048828 0.44014387446995173
46289 5584.26513672 0.4397866479459619
46409 5577.77490234 0.43907350024193376
46470 5572.1171875 0.4387116488903778
46530 5568.66552734 0.4383561658554889
46590 5561.91699219 0.4380011146477654
46650 5555.51513672 0.4376464943804731
46710 5553.71875 0.4372923041693067
46770 5551.20751953 0.43693854313238334
46830 5548.99951172 0.43658521039023473
46890 5543.41308594 0.4362323050658005
46951 5540.33886719 0.4358739552468608
47011 5537.02978516 0.4355219092234053
47131 5530.08837891 0.43481909066831964
47191 5525.97167969 0.4344683164041373
47251 5519.52099609 0.4341179643311063
47311 5516.63378906 0.43376803358885857
47371 5515.29833984 0.4334185233193769
47431 5511.50244141 0.4330694326669875
47492 5506.04150391 0.43271495312321884
47552 5502.97070312 0.4323667061053476
47612 5497.07128906 0.43201887613741363
47672 5493.18457031 0.4316714623730861
47732 5488.21044922 0.43132446396834306
47792 5487.07128906 0.4309778800814642
47852 5483.89941406 0.43063170987302385
47912 5479.77197266 0.43028595250588486
47973 5475.0 0.42993485487504474
48033 5472.47167969 0.4295899275340712
48093 5467.33203125 0.4292454105228277
48153 5466.57763672 0.42890130301329854
48213 5460.67089844 0.42855760417972216
48273 5457.640625 0.4282143131985842
48333 5456.14794922 0.4278714292486111
48393 5453.8984375 0.42752895151076264
48454 5448.52978516 0.42718118139247435
48514 5443.53027344 0.4268395203667816
48574 5437.46289062 0.4264982630959099
48694 5436.97412109 0.42581695658029456
48754 5431.37451172 0.4254769057218783
48814 5427.97216797 0.42513725539092484
48935 5422.21484375 0.424453508955387
48995 5416.73242188 0.4241150620360471
49055 5412.64404297 0.42377701243847904
49115 5406.23193359 0.42343935937000726
49235 5401.85009766 0.4227652396603872
49295 5396.25927734 0.4224287714446055
49355 5395.67529297 0.4220926966086401
49416 5388.83398438 0.4217514229882571
49476 5384.54541016 0.42141613909175607
49596 5383.08740234 0.4207467436048034
49656 5376.12255859 0.42041263046518984
49716 5369.21435547 0.4200789060322004
49777 5364.44628906 0.4197400172105357
49837 5361.18847656 0.4194070743311523
49897 5357.5078125 0.4190745178438227
49957 5356.48632812 0.418742346985445
50017 5355.56103516 0.41841056099497764
50077 5353.69335938 0.4180791591134335
50137 5346.43994141 0.4177481405838738
50176 5345.33837891 0.4175331837544919
50275 5341.74951172 0.4169882486840052
50335 5337.19970703 0.4166584898710662
50395 5333.89501953 0.4163291111784687
50439 5329.18017578 0.41608780795932737
50470 5328.42724609 0.41591792122037796
50518 5325.50195312 0.41565507006286295
50578 5320.69042969 0.41532684613716164
50699 5315.57128906 0.41466607422354107
50759 5310.96630859 0.41433898567202015
50879 5302.85791016 0.4136859325074008
50939 5297.68310547 0.4133599664320564
50999 5291.25195312 0.41303437305646606
51059 5289.30419922 0.4127091516544097
51120 5281.73583984 0.41237889047359494
51240 5272.67675781 0.4117303133551399
51300 5267.37158203 0.41140657876934106
51360 5264.56738281 0.41108321254319624
51420 5261.73535156 0.4107602139621353
51480 5256.08789062 0.410437582313504
