3600 40483799 0.0018453179214656733 1.1810880383722075e-09 0.9981664725466575 1.1600591694616293e-09 0.995030191664268
7200 80967598 0.011141935258497042 5.890730261567952e-08 0.989302527665934 8.234129352730863e-10 0.99479681296683
10800 121451396 0.00754548126262883 9.218541932301184e-08 0.9928753530816483 8.787553954444126e-10 0.9980792850331673
14400 161935195 0.008187746595518849 7.999303606518388e-08 0.9922074945159862 8.707441308514651e-10 0.9988813879955684
18000 202418993 0.12666115608708015 3.990122639470487e-09 0.8705395876134121 5.509527180442747e-10 0.9991442426441018
21600 242902792 0.08847101688130787 4.882484051833411e-09 0.9088494946851189 6.159466611588819e-10 0.9994645050489914
25200 283386590 0.043508314465055535 7.521402590580935e-09 0.9540708163014343 7.13733593193367e-10 0.9996348802655763
28800 323870389 0.036177779594588934 8.644786257211985e-09 0.9615553875983458 7.329014853908086e-10 0.9997391255724954
32400 364354187 0.03698455120858324 8.517036211188658e-09 0.960744594915377 7.305633851900704e-10 0.9997917122665247
36000 404837986 0.030528557571459957 1.0123055544351223e-08 0.9674822836544922 7.485443667666338e-10 0.9998312467041996
39600 445321784 0.034379494253411476 8.976935489490989e-09 0.9633747565091756 7.379607981264983e-10 0.9998639599918102
43200 485805583 0.03761620593650274 8.202175342425932e-09 0.9599167026477581 7.299436019724224e-10 0.9998887411348609
46800 526289382 0.04523940205697522 6.869882028735576e-09 0.9518167788340097 7.133188637451685e-10 0.9998998943507171
50400 566773180 0.055207043201960605 5.769657293624809e-09 0.9413647769931229 6.946896012397478e-10 0.9999102796089758
54000 607256979 0.0596636893071052 5.408103007745254e-09 0.9367196847652021 6.872091056772095e-10 0.9999225617306366
57600 647740777 0.06425067687441026 5.090980283399688e-09 0.9319497735730388 6.799553044889947e-10 0.9999323356796701
61200 688224576 0.05929450639586759 5.450873137055212e-09 0.9371368618384468 6.876754495952946e-10 0.999940174911395
64800 728708374 0.0603033779271118 5.367387459084447e-09 0.9360680439386073 6.861055714765683e-10 0.9999460677093701
68400 769192173 0.05938917773783493 5.4440389162888404e-09 0.9370393092604816 6.8751955220299e-10 0.9999527213003765
72000 809675971 0.060095471757495814 5.381059077694678e-09 0.9362800381045392 6.864493823086845e-10 0.9999573396179837
75600 850159770 0.06062619164230587 5.335585241100348e-09 0.9357116551003641 6.856482587309891e-10 0.9999617164275378
79200 890643568 0.056917732996176494 5.69617469119789e-09 0.9397412832067344 6.91280149510839e-10 0.9999587580143247
82800 931127367 0.05477426453489608 5.947974509639875e-09 0.9421139571248226 6.946439908844336e-10 0.9999604932107259
86400 971611166 0.05315273069855339 6.1663931709092035e-09 0.9439363176422022 6.972523297226117e-10 0.9999610922570481
90000 1012094964 0.0519143933608386 6.355247599972381e-09 0.9453517683625133 6.99281797104624e-10 0.9999625286248048
93600 1052578763 0.051598084101493934 6.407519561778801e-09 0.945718110400183 6.99805169046758e-10 0.9999653942602567
97200 1093062561 0.051517688855643895 6.420898163504034e-09 0.945811126763139 6.999388376724395e-10 0.9999678746808109
100800 1100923165 0.05169353033367691 6.389940164872488e-09 0.9456037487496866 6.996498127887221e-10 0.999968108451426
