3600 40483799 0.013869931985781195 1.4645465607076903e-09 0.9865841940200448 1.4534167340642064e-09 0.9976651459347043
7200 80967598 0.1281760424461152 1.4666537969373889e-08 0.8746986768994565 3.0761969099411337e-21 0.9908813891006149
10800 121451396 0.0228374457090218 5.1203059298068645e-08 0.979945099692017 9.250294788620588e-10 0.9948325866789886
14400 161935195 0.01969569877632319 6.157741038520746e-08 0.9831539329800965 9.632357006242155e-10 0.9977127318916946
18000 202418993 0.01850210703248202 6.659265870084914e-08 0.9843243517348289 9.7709214311574e-10 0.9982714330723375
21600 242902792 0.02072269883688755 5.298186794393825e-08 0.981707846620242 9.52951756145357e-10 0.9987383120183518
25200 283386590 0.023916046913004477 2.262384513765943e-08 0.9737945565207986 9.08689825034748e-10 0.9989491494329168
28800 323870389 0.03188018057993124 1.3371279742132856e-08 0.9636584473095158 8.703317561498172e-10 0.9992472268067799
32400 364354187 0.030332957052782064 1.4320993354481468e-08 0.9654463125282101 8.763164730128861e-10 0.9994169679944208
36000 404837986 0.05766857357933738 7.296969468254978e-09 0.9360750429439162 7.984034590113116e-10 0.9994916150262694
39600 445321784 0.0737004092045755 6.0367767728834095e-09 0.9195839357313769 7.64757401386398e-10 0.9995848336227975
43200 485805583 0.10738637100110261 4.656837399298965e-09 0.8852957015491044 7.056991500798569e-10 0.9996580576814432
46800 526289382 0.10839521551496765 4.62982105177488e-09 0.8842763894401178 7.040485355549068e-10 0.9997145731401231
50400 566773180 0.09898364024389351 4.928101908022423e-09 0.8938623984112383 7.189755795749295e-10 0.999759446908158
54000 607256979 0.09945561586136621 4.911609414161956e-09 0.893380674584549 7.182152414697616e-10 0.9997934771595582
57600 647740777 0.09811466666562517 4.96188588637649e-09 0.8947588805018427 7.203113406803665e-10 0.9998223708920635
61200 688224576 0.09242698581644121 5.200567948524612e-09 0.9006373479172503 7.292487651783028e-10 0.9998432084274623
64800 728708374 0.08530739700007317 5.569105336653929e-09 0.9080767345655033 7.406771423793565e-10 0.9998573466594033
68400 741089669 0.08286635042771155 5.716733866736099e-09 0.9106476842119116 7.447011679129442e-10 0.9998598819091454
