3600 40483799 0.08046316878884237 1.4457236082528392e-09 0.9189283153259654 1.4450773441311142e-09 0.9962431789323121
7200 80967598 0.04712662273728753 2.3780717719156822e-08 0.953505977012521 6.79990364550795e-10 0.9924744294195199
10800 121451396 0.012346960528379684 7.519210001149192e-08 0.98819455256085 1.0696728614729632e-09 0.9959194946900412
14400 161935195 0.013260567077694673 6.845533430907398e-08 0.9872943076218881 1.0583170502304213e-09 0.9979906998302563
18000 202418993 0.014760963181356836 5.492325417806532e-08 0.9854680139352726 1.0392350186629185e-09 0.998891407922645
21600 242902792 0.016095427092712278 3.505224386771001e-08 0.9824772307775962 1.0177359661366164e-09 0.9992423109465268
25200 283386590 0.01671103885137449 2.896863409743424e-08 0.9810894534455687 1.0102538362915405e-09 0.9994964706773132
28800 323870389 0.03913778805924199 8.655600173721148e-09 0.9553940352229523 9.233228164389226e-10 0.9995196510535915
32400 364354187 0.31342942352191216 2.609338587858786e-09 0.6797736883474128 5.023874533552548e-10 0.99962043377065
36000 404837986 0.10779458557415136 4.508212057220405e-09 0.8859585323478407 7.851143606542952e-10 0.9996949205270903
39600 445321784 0.11152694338315533 4.416212608561694e-09 0.8821888467315694 7.794294217241519e-10 0.9997610896737862
43200 485805583 0.2805730420189742 2.7031141676651226e-09 0.7124329542829227 5.562227199496417e-10 0.9997838312508336
46800 526289382 0.3059182122550986 2.5885754006725677e-09 0.6870233023903585 5.250730973275076e-10 0.9998159953305972
50400 566773180 0.2885235019430449 2.6679287148855878e-09 0.7044778576334021 5.45976388815396e-10 0.9998438657550671
54000 607256979 0.18341000262401663 3.402523411734647e-09 0.8101163453272258 6.741943209834303e-10 0.9998535398323221
57600 647740777 0.14044267254806128 3.98821237295014e-09 0.8535091675247218 7.302836388827684e-10 0.9998639300635799
61200 688224576 0.10781676905038004 4.766321436373913e-09 0.8867325646943578 7.764509433265576e-10 0.9998568313783553
64800 728708374 0.08196635686621324 5.915799310931363e-09 0.9134396292821664 8.175606226842419e-10 0.9997932897958048
68400 769192173 0.06805603057395575 7.036315745269829e-09 0.928122954761725 8.426646989174959e-10 0.9997467312898675
72000 809675971 0.0649942481723819 7.38193741786736e-09 0.9314134092923039 8.485948393252968e-10 0.9997612905231473
75600 850159770 0.06605881922985117 7.250244629965741e-09 0.9302535367342225 8.465416403059404e-10 0.9997846924345662
79200 890643568 0.06895947183810314 6.906316741976779e-09 0.9270711514052331 8.41149053331389e-10 0.9997922238470233
82800 931127367 0.07567024263277389 6.231606658125066e-09 0.9197184901470211 8.294795753581941e-10 0.9997834011242843
86400 971611166 0.08761494285467973 5.3479879506952135e-09 0.9067424842863301 8.109215182378526e-10 0.999755515358077
90000 1012094964 0.10191231351573676 4.63194411704409e-09 0.8914378372098841 7.913497824791075e-10 0.9997360354190035
93600 1052578763 0.12739370862459992 3.837922788835246e-09 0.8646407426288238 7.609055396012257e-10 0.9997145388418849
97200 1093062561 0.17476607278445058 3.058372813932909e-09 0.815752266759736 7.12279895090727e-10 0.9997011180487806
100800 1133546360 0.2380484535821783 2.5255588279735254e-09 0.7512622197299309 6.548039292153624e-10 0.9996959626173716
104400 1174030158 0.36591334304829054 1.9946060042428426e-09 0.6219756327090918 5.454504192054562e-10 0.9996957861165428
108000 1214513957 0.4436563339569214 1.8037475338777787e-09 0.5436134478009301 4.767079728138365e-10 0.9997068079808856
111600 1254997755 0.5159472043508297 1.6661447536213378e-09 0.4707998793296061 4.076018798750696e-10 0.9997230406997638
115200 1295481554 0.5490170189896206 1.6114474491107691e-09 0.4374928388819981 3.734563736793422e-10 0.9997359056950094
118800 1335965352 0.556484352630848 1.5996294085595794e-09 0.42997074458033535 3.654791098256145e-10 0.9997498782324025
122400 1376449151 0.5361556448407859 1.6326594883207448e-09 0.45046047385911686 3.8676630380176817e-10 0.9997620062680957
126000 1416932950 0.4984500286789408 1.6991407484687218e-09 0.488486418187169 4.240995259595342e-10 0.9997703850506163
129600 1457416748 0.4520092722331855 1.7925496522372238e-09 0.535363442091787 4.670990621596702e-10 0.9997744342020117
133200 1495179136 0.4127572223466819 1.8847223005645226e-09 0.5750323630535015 5.015287069934139e-10 0.9997760445595617
