3600 40483799 0.038006770800525294 8.096883154757903e-08 0.9642812684513914 8.990435023521887e-10 0.9799787012892863
7200 80967598 0.012287860029382897 2.3230815787209113e-07 0.9893048002463547 1.6501201524521332e-09 0.9932516806575142
10800 121451396 0.01635589153665642 1.6368312249146873e-07 0.9855281055943105 1.5644423289198583e-09 0.9976048055235659
14400 161935195 0.03032052057869436 1.936327759612408e-08 0.9642735936059831 1.3975431275713005e-09 0.9987718861359334
18000 202418993 0.06626816815638908 1.0421055869626084e-08 0.9274361348250287 1.2411151364623487e-09 0.9992708764124065
21600 242902792 0.285179794038872 4.563935581344073e-09 0.7077088937480291 6.723730584551035e-10 0.9995309633346137
25200 283386590 0.16976212804626772 6.0404366402329765e-09 0.8234685243651676 9.399840211577282e-10 0.999662758224912
28800 323870389 0.047925488391859276 1.639367199044278e-08 0.94820249185629 1.2932968410671817e-09 0.9976251598024579
32400 364354187 0.028760443202270072 3.221078956763314e-08 0.9688245205716299 1.3917256491795433e-09 0.9971913243784555
36000 404837986 0.031018769792894186 2.8331672343378468e-08 0.9663083188290102 1.3789487896045029e-09 0.9976412930454659
39600 445321784 0.762892629480077 2.0131342824655496e-09 0.22183403455117476 4.9300311633889416e-17 0.9972767057686797
43200 485805583 0.7222846841485757 2.1952614656589833e-09 0.2652286309770597 1.379564005182114e-22 0.9974303416276808
46800 526289382 0.7024547714181563 2.3025895710337644e-09 0.28692099994274184 2.849484565558424e-27 0.997599231449187
50400 566773180 0.6865924472363873 2.401663565603456e-09 0.30469731865331273 8.318170411724338e-30 0.9977739862061334
54000 607256979 0.6798387755815157 2.4490886985859855e-09 0.31246191627117037 2.8054635920391347e-25 0.9980017926560826
57600 647740777 0.6772646315785804 2.468720783919961e-09 0.31549493201395146 1.652274538801614e-30 0.9982067265571816
61200 688224576 0.5949585000277254 2.5999641308389338e-09 0.3954754329051163 2.5130207991247334e-10 0.9975600083889473
64800 728708374 0.37973201973281023 3.411988920704464e-09 0.6125430268896414 6.526947620713965e-10 0.9975761098005254
68400 769192173 0.3318720220696017 3.707172841216732e-09 0.6610233204394086 7.294805777231309e-10 0.9977846885958389
72000 809675971 0.3270489695953049 3.741930466099326e-09 0.6659253827727792 7.370728482944864e-10 0.9979998235158004
75600 850159770 0.34080546297658193 3.641244211176586e-09 0.6518851049335264 7.158726624249844e-10 0.9981551104644383
79200 864160417 0.3490102455301126 3.5838130777130527e-09 0.643501440017677 7.033274427362114e-10 0.9982045527591871
