3600 40483799 0.9166962163130569 3.805008078690535e-24 0.08572641019470217 7.05450883190534e-08 0.9256867260428971
7200 80967598 0.9691816239190345 1.440732648281145e-09 0.03139815924558624 2.0043290536737937e-07 0.9686230492460405
10800 121451396 0.9763512149408081 1.6255111301353187e-09 0.02374706405292869 3.2480264636201867e-07 0.9900969993976702
14400 161935195 0.9720510993024776 1.5530368297431707e-09 0.02834665758483375 2.2449866462628756e-07 0.9943769643995134
18000 202418993 0.9697015443182126 1.5229836162243674e-09 0.030890251739927838 1.871383747815296e-07 0.9967030629827363
21600 242902792 0.9636043772400692 1.4653775619812808e-09 0.035415706641977074 1.0279326778294784e-07 0.9964872281392556
25200 283386590 0.4162462683860365 7.627390948399364e-11 0.5644147007079924 3.014655532071046e-09 0.9984677434111463
28800 323870389 0.763087012114465 8.840532404627566e-10 0.21837233488790475 5.042757601031635e-09 0.9988383624943767
32400 364354187 0.8990172741970416 1.1988865974243618e-09 0.08445268300090084 9.572178367668738e-09 0.9982996477653138
36000 404837986 0.9371460879401812 1.324241487397115e-09 0.048390901965403944 1.6913851434258635e-08 0.998208587901225
39600 445321784 0.9254306374720193 1.2846878164370689e-09 0.058651024248407284 1.2928546841012855e-08 0.9984147290397196
43200 485805583 0.8138684838418657 1.0519036227885843e-09 0.16399702597952015 5.032244098438334e-09 0.9983351049307159
46800 526289382 0.26977111661726005 1.7011082446882272e-21 0.7049050415287585 2.2478446222631983e-09 0.9984840954371351
50400 566773180 0.28334883415559836 6.240656901090248e-26 0.6930611453466026 2.3221599106346642e-09 0.9985901492426313
54000 607256979 0.2914193220505963 8.626818440320334e-27 0.6862256355854423 2.3701362479864024e-09 0.9987403586331106
57600 647740777 0.2936895106860632 3.501515676819927e-28 0.6843596970361556 2.384432034531291e-09 0.9988849898487513
61200 653453491 0.29385510398364917 7.495155142515926e-26 0.6842266180222097 2.3855070347753887e-09 0.9989035492294446
