3600 40483799 0.8068017316053584 4.8256582720169933e-23 0.19485545326142822 1.3510588022380866e-08 0.9888903207991236
7200 80967598 0.9738762329372002 1.6343024429944808e-09 0.026573672593178777 3.3490465885298855e-08 0.9985803861088607
10800 121451396 0.9766567820383358 1.6618469445307236e-09 0.023975504914121273 3.736662617330183e-08 0.9995790694186815
14400 161935195 0.48024178378589427 9.991521756784956e-17 0.5157398059513142 3.970211083002597e-09 0.9995430641994203
18000 202418993 0.7585966026901066 8.325395671969657e-10 0.2380399843142256 6.12013954083932e-09 0.9997417772969102
21600 242902792 0.8605544467866636 1.127592876601394e-09 0.1368925157662981 8.527300659292936e-09 0.9998190800547744
25200 283386590 0.8076510961415385 9.766975408567481e-10 0.18902875717854142 6.916261679439263e-09 0.9998698937140953
28800 323870389 0.7711898771636531 8.829744225612338e-10 0.22497091322118287 6.1852538266777455e-09 0.9999016065302664
32400 364354187 0.770753931103056 8.816433551738924e-10 0.2254162090642301 6.180154680172219e-09 0.9999274973888874
36000 404837986 0.7783876952988097 8.998015207026617e-10 0.21795613960488694 6.326593168288402e-09 0.99994249943211
39600 445321784 0.7835107188143594 9.117513284842572e-10 0.21298315932702122 6.434574923489376e-09 0.9999531818168474
43200 485805583 0.882219519614016 1.1595262471265554e-09 0.12055432574679925 1.0946297731477197e-08 0.9990726868727577
46800 526289382 0.8926099203344208 1.189785886961314e-09 0.11154503548473643 1.2093675758276374e-08 0.9991575271258922
50400 566773180 0.8863167978257761 1.1721960805234919e-09 0.11673135787945192 1.1310106767050601e-08 0.9992268524149954
54000 607256979 0.8671649296282831 1.1237356311861746e-09 0.13253997327127734 9.435764025335268e-09 0.9991581568363587
57600 647740777 0.8383013438390771 1.0601105315830017e-09 0.15716144196908774 7.610107612886282e-09 0.9990701968904218
61200 664867673 0.8150388369262667 1.0139690555799005e-09 0.17777041352192818 6.6478024145375314e-09 0.999022475893399
