3600 40483799 0.4621390490949747 7.0001223080848616e-09 0.5387758447899736 2.0974790934223514e-17 0.9990939190117336
7200 80967598 0.06541295107252179 5.0333126969024835e-08 0.9403537903733699 1.3883586899583102e-09 0.9889191154313577
10800 121451396 0.03749148211435868 9.390598705074692e-08 0.9692077455988167 1.8548602517166643e-09 0.9944188425321443
14400 161935195 0.037448257578647545 9.423890511125005e-08 0.9692669316472377 1.8551477107019536e-09 0.9974345706126199
18000 202418993 0.034542497750401295 1.072888241277168e-07 0.9723327474209598 1.893402985996048e-09 0.9982200909315657
21600 242902792 0.03431183112655831 1.0789887556893992e-07 0.9725420282631886 1.8979120602495457e-09 0.9960376469831397
25200 283386590 0.04040442674293775 6.885402749823314e-08 0.9641723508789983 1.8159906271218844e-09 0.9954752994910112
28800 323870389 0.6508404403774419 3.368749804503242e-09 0.3372003050999336 5.471650923560412e-27 0.9960760872302115
32400 364354187 0.636604194828028 3.4932102413966767e-09 0.3524932403726555 3.0329093098232273e-25 0.9969089464784593
36000 404837986 0.6420555697246852 3.4399318977470403e-09 0.3464696153073231 1.1097028741968016e-23 0.997545917237789
39600 445321784 0.5790092809910092 3.6403260767800765e-09 0.40915316273080377 2.4030709830067833e-10 0.997927050260151
43200 485805583 0.4367635743606125 4.336649927646101e-09 0.5522940031777489 6.34943378950529e-10 0.9981929953869718
46800 526289382 0.35529174516518347 4.932234737727899e-09 0.6345367516227323 8.280756389379841e-10 0.9984214579886593
50400 566773180 0.3206976184448274 5.2730160908001564e-09 0.6696048319019715 9.061888398545815e-10 0.9986011923946153
54000 607256979 0.30391573135315614 5.4712169482343585e-09 0.6866979919799471 9.432477960912361e-10 0.9987582580122503
57600 647740777 0.2973110121961345 5.5579971715800106e-09 0.6934550690930614 9.576093284791179e-10 0.998894989824333
61200 666880618 0.2953553190935061 5.585251214731256e-09 0.6954639271193352 9.618026659716985e-10 0.998949208421556
