3600 40483799 0.0796187222140211 4.270248835487261e-08 0.9201047207842553 8.481767125219837e-10 0.9972230697387254
7200 80967598 0.4030084525060976 7.084412100467352e-09 0.5953569844306924 3.8208462224520604e-32 0.9989532114679334
10800 121451396 0.07739078540992052 1.8572048064654043e-08 0.9211253692850413 1.6616738398040457e-09 0.999623028201793
14400 161935195 0.06323297452976413 2.1746717513660597e-08 0.9354151401336858 1.753287022588797e-09 0.9998333393760137
18000 202418993 0.04804292310937605 3.03449276611544e-08 0.9513893762435092 1.8528286323572782e-09 0.9995989245814115
21600 242902792 0.1618528323120526 9.286662647290623e-09 0.8320988340548312 1.3422899749560311e-09 0.9990683524819159
25200 283386590 0.16685512236893613 9.130632781303403e-09 0.8271137788234628 1.3240408636539428e-09 0.9993869484078851
28800 323870389 0.15977732641806336 9.436951316393542e-09 0.8344518159068091 1.3469374350311075e-09 0.9995595041730152
32400 364354187 0.17155120489057052 8.893225122514742e-09 0.8220274290220451 1.3104829963007632e-09 0.9996654683534915
36000 404837986 0.19102984101425446 8.121789311362703e-09 0.8013748688072319 1.2539381121252826e-09 0.9997314069960097
39600 445321784 0.2054420050360829 7.639430433785618e-09 0.7860671968098746 1.2144913574312877e-09 0.9997743977993649
43200 485805583 0.21365631735684443 7.386997422415649e-09 0.777297654619763 1.1929247568943483e-09 0.9998157157503885
46800 526289382 0.21767758630817657 7.264374453643222e-09 0.7729557607530386 1.1826972553899318e-09 0.999846159196102
50400 566773180 0.22305361048619166 7.101884310266119e-09 0.7671019862146493 1.1693404465042123e-09 0.9998705134513595
54000 607256979 0.22543508518814562 7.028674732773914e-09 0.7644730921344398 1.1635659637678428e-09 0.9998864712480432
57600 647740777 0.2357552809515648 6.7220635639954064e-09 0.753006710212228 1.1391955059496227e-09 0.9998909655528578
61200 688224576 0.24392693045066924 6.49699757900194e-09 0.7439109370661696 1.120501228784348e-09 0.9998983001826841
64800 728708374 0.2526267445454062 6.269974766276816e-09 0.7341772204926417 1.101193803590114e-09 0.9999021152733185
68400 759982109 0.2586531639188499 6.12130695213387e-09 0.7274243654149538 1.0881310154288197e-09 0.9999050656482132
