3600 40483799 0.9284034350024862 2.4784923886220837e-09 0.07880932498178897 2.4781319283554406e-09 0.9954775207926522
7200 80967598 0.9311198299986166 2.6450191220840363e-09 0.07904787317407456 2.6458390183937023e-09 0.9981041276594441
10800 121451396 0.706131227716756 1.2055122290944716e-17 0.3106876585737824 1.0997186157676302e-08 0.9895036419777116
14400 161935195 0.9158537856685115 1.3888388769545252e-09 0.10020950738744162 2.2394913997376734e-08 0.9934000091876202
18000 202418993 0.9421560041162444 1.5800455834375286e-09 0.07467910302888602 2.9500641749125274e-08 0.9958677998538595
21600 242902792 0.9448978984697984 1.5998054893263673e-09 0.07211218927008135 3.074262440152297e-08 0.997135086013494
25200 283386590 0.9422729907849189 1.5829514322715053e-09 0.07440552948620982 2.9345765307174392e-08 0.9979489848588461
28800 323870389 0.9452090636817487 1.6002614639613315e-09 0.07198021995715084 3.109759957234589e-08 0.9983541298486828
32400 364354187 0.9436434593744216 1.5915126385885836e-09 0.07322299953464023 3.00781527759769e-08 0.9987152154967717
36000 404837986 0.9393008213060995 1.5689697604528944e-09 0.07646876498474119 2.7362685121194457e-08 0.9988493735129353
39600 445321784 0.9333585847952715 1.5419587656901872e-09 0.08047002016710197 2.3929756693316705e-08 0.9989241305201232
43200 485805583 0.9211535578527159 1.4954887312180074e-09 0.08822779686745345 1.8389259629625613e-08 0.9988836339762779
46800 526289382 0.8790680567289719 1.3764593426491236e-09 0.12105809902564858 1.0270114583716967e-08 0.9987813176482011
50400 566773180 0.7762824502348127 1.1569869854303883e-09 0.21773044452109527 5.939842924053103e-09 0.9988217476746251
54000 607256979 0.659106355102375 9.392458109106667e-10 0.33241472395418614 4.465387848303886e-09 0.9989176149115866
57600 647740777 0.661028335997272 9.42359605454746e-10 0.3305460502022827 4.483804283239968e-09 0.9990132827035623
61200 673301798 0.6745580341290333 9.667064409290902e-10 0.31726127703360724 4.6048385444584395e-09 0.9990797371330744
