1.0 1.0011533936741912
674730.9757457955 0.9978530324672011
1349460.951491591 0.9946206210069903
2024190.9272373866 0.9914541163153038
2563974.907834023 0.9889670325592396
2901339.8957069204 0.9874329415980535
3384896.3783247406 0.9852608048052671
4734356.329816332 0.9793602392036533
5409086.305562127 0.9764956770280442
6083816.281307923 0.9736859851493739
6477408.767159637 0.9720716824349868
7185875.241692722 0.9692105666611197
7781886.720268175 0.9668469210542482
8287934.202077521 0.9648702969106746
8805227.183482632 0.9628777683479506
9479957.159228427 0.9603203236182472
10154687.134974223 0.9578085736254925
10829417.110720018 0.9553411570850963
11515392.586061576 0.9528767047713924
12190122.561807372 0.9504947217215237
17250597.37990084 0.933840392996516
17936572.855242398 0.9317322874719027
19286032.80673399 0.9276788392307895
19960762.78247978 0.925696855308175
20635492.75822558 0.9237435339435274
21310222.733971376 0.9218180353088747
21984952.70971717 0.919919545277694
22659682.685462967 0.9180472746369732
23345658.160804525 0.9161698894502167
24020388.13655032 0.9143481915346037
24695118.112296116 0.9125504755356209
25369848.08804191 0.9107760448479496
26044578.063787706 0.9090242241769267
27394038.015279297 0.9055858143595887
28001294.99345051 0.904065844684718
29069617.45504802 0.901431212551107
29755592.93038958 0.8997650957776725
30430322.906135377 0.8981451480475046
31105052.881881174 0.8965433621341387
31779782.857626967 0.8949592194302108
32454512.833372764 0.8933922171822236
33140488.308714323 0.8918161672286867
33815218.28446012 0.8902822643885662
34489948.26020591 0.8887640765666333
35164678.23595171 0.8872611599410559
35839408.211697504 0.8857730842512624
36514138.1874433 0.8842994323822158
37188868.1631891 0.8828397999614334
37863598.13893489 0.8813937949683636
38549573.61427645 0.8799372681826464
39224303.59002224 0.8785176011014731
39899033.56576804 0.8771104499093059
40573763.54151384 0.8757154685000517
41248493.51725963 0.8743323213334077
41923223.493005425 0.8729606831109757
42597953.46875122 0.8716002384623053
43272683.44449702 0.8702506816405627
43958658.91983858 0.868889488220993
44633388.895584375 0.8675609961905967
45308118.871330164 0.866242525012494
45982848.84707596 0.8649338047127693
46657578.82282176 0.8636345735495651
47332308.798567556 0.8623445777607461
48007038.774313346 0.8610635713192993
48603050.2528888 0.8599393021539856
49199061.73146425 0.8588217012747906
49873791.70721005 0.8575643446633011
50548521.682955846 0.856315116131723
51234497.158297405 0.8550531807253899
51909227.1340432 0.853819704732687
52583957.109789 0.8525937358632774
53933417.061280586 0.8501635518235489
54585656.03783485 0.8489990101588022
55249140.51398489 0.8478208837655525
55923870.489730686 0.8466293388150439
56598600.465476476 0.845444233563039
57273330.44122227 0.844265407082714
57948060.41696807 0.8430927033368832
58622790.39271387 0.8419259710281384
59297520.36845966 0.8407650634535827
60320860.831674114 0.8390151529935294
60804417.31429194 0.8381926824243393
61479147.29003773 0.8370496564074591
62153877.265783526 0.8359118818152353
62828607.24152932 0.8347792337895997
63503337.21727512 0.8336515912567112
64189312.69261668 0.8325101649965688
64864042.668362476 0.8313922634141174
65538772.644108266 0.8302790238547831
66213502.61985406 0.8291703393117685
66888232.59559986 0.8280661060154595
67562962.57134566 0.8269662233342273
68237692.54709145 0.825870593678273
68923668.02243301 0.8247609659226581
69598397.99817881 0.8236736282669781
70273127.9739246 0.8225902667397237
70947857.94967039 0.8215107950585313
71622587.92541619 0.82043512954319
72297317.90116198 0.8193631890359123
72972047.87690778 0.818294894824051
73658023.35224934 0.8172124549814469
74332753.32799514 0.8161512842813543
75007483.30374093 0.815093536493363
75682213.27948673 0.8140391419942758
76356943.25523253 0.8129880332526531
77031673.23097833 0.8119401447647312
77706403.2067241 0.8108954129923083
78392378.68206567 0.8098364415702326
79067108.65781146 0.8087978902692705
79741838.63355726 0.8077623153178917
80416568.60930306 0.8067296604846759
81091298.58504885 0.805699871219738
81766028.56079465 0.804672894603225
82440758.53654045 0.8036486792953911
83115488.51228625 0.802627175488204
83801463.9876278 0.801591376475311
86691557.38373896 0.7972565723082955
87366287.35948475 0.7962510963481956
88041017.33523054 0.7952480104937831
88715747.31097634 0.7942472759684999
89199303.79359417 0.793531508280557
89694105.77580775 0.7928003108461741
90368835.75155354 0.7918051803087665
91043565.72729933 0.7908122759083795
91437158.21315105 0.790234096180632
91830750.69900277 0.7896566558137182
92516726.17434433 0.7886520077533118
93191456.15009011 0.7876659687284342
93866186.12583591 0.7866820203817637
94540916.10158171 0.7857001327572978
95215646.0773275 0.7847202767760441
95890376.0530733 0.7837424242091823
96565106.0288191 0.7827665476520481
97239836.0045649 0.7817926204989156
97925811.47990645 0.7808044330119452
98600541.45565225 0.7798343593571438
99275271.43139805 0.7788661594422314
99950001.40714385 0.7778998096317395
100624731.38288963 0.776935286973827
101299461.35863543 0.7759725691793697
101974191.33438122 0.7750116346016921
102648921.31012702 0.7740524622169194
103334896.78546858 0.7730790890709844
104009626.76121438 0.7721234089311357
104684356.73696017 0.7711694311454065
105359086.71270597 0.7702171370054467
106033816.68845177 0.7692665083358684
106708546.66419756 0.7683175274779536
107383276.63994335 0.7673701772738629
107878078.62215693 0.7666764804893739
108204198.11043407 0.7662197426815207
108732736.59143494 0.7654803026088168
109407466.56718074 0.7645377462011412
109823550.05222398 0.7639572850121523
110228388.03767146 0.7633930804765493
110914363.51301302 0.7624383382887459
111589093.48875882 0.7615007945611388
112263823.4645046 0.7605647709557811
112938553.4402504 0.7596302538979047
113613283.4159962 0.7586972301888606
114288013.39174199 0.7577656869946349
114962743.36748779 0.7568356118347188
115637473.34323359 0.7559069925713187
116323448.81857514 0.7549643766481724
116998178.79432094 0.7540386578646021
117672908.77006674 0.7531143603338644
118347638.74581254 0.7521914731925587
119022368.72155832 0.7512699858706632
119697098.69730411 0.7503498880825863
120371828.67304991 0.7494311698184951
121057804.14839147 0.7484985437452601
121732534.12413727 0.7475825781536359
122407264.09988306 0.7466679634764839
123081994.07562886 0.745754690729475
123756724.05137466 0.744842751164382
124431454.02712046 0.7439321362618911
125106184.00286625 0.7430228377246281
125792159.47820781 0.7420997253384367
126466889.45395361 0.7411930571016426
127141619.42969939 0.7402876814768873
127816349.40544519 0.7393835909922498
128491079.38119099 0.7384807783658761
129165809.35693678 0.7375792365001994
129851784.83227834 0.736663964511499
130526514.80802414 0.7357649644792377
131201244.78376994 0.7348672148572865
131875974.75951573 0.733970709233561
132550704.73526153 0.7330754413538344
133225434.71100733 0.7321814051169437
133900164.68675311 0.7312885945701443
134586140.16209468 0.7303821543628057
135260870.13784048 0.7294917980988589
135935600.11358628 0.7286026504218186
136610330.08933207 0.7277147059310897
137285060.06507784 0.7268279593532504
137959790.04082364 0.7259424055382003
138634520.01656944 0.7250580394554258
139320495.491911 0.7241601464628874
139995225.4676568 0.7232781608070176
140669955.4434026 0.7223973483964429
141344685.4191484 0.721517704645625
142019415.39489418 0.7206392250715361
142694145.37063998 0.7197619052905615
143368875.34638578 0.7188857410154983
144043605.32213157 0.7180107280526458
144729580.79747313 0.7171223075661799
145190646.28089944 0.716525836707365
145640466.26472995 0.7159444271218688
146303950.74087998 0.7150877707277372
146978680.71662578 0.7142177193519377
147653410.69237158 0.7133487983267409
148328140.66811737 0.7124810039898382
149002870.64386317 0.7116143327536004
149677600.61960897 0.7107487811028348
150363576.09495053 0.7098699477709707
151038306.07069632 0.7090066435423379
151713036.04644212 0.7081444487121635
152387766.02218792 0.7072833600349545
153062495.99793372 0.7064233743273918
153737225.9736795 0.70556448846647
154288255.4538719 0.7048638787495689
154726829.93810666 0.7043067723124106
155300350.4174906 0.7035789447816997
155986325.89283216 0.7027094400087084
156661055.86857796 0.7018552854541309
157335785.84432375 0.7010022150367387
158010515.82006955 0.7001502259758263
158685245.79581535 0.6992993155389884
159359975.77156115 0.6984494810406835
160034705.7473069 0.6976007198408424
160540753.22911626 0.6969648517298316
161046800.7109256 0.6963295848088068
161732776.18626717 0.6954694031288747
162126368.6721189 0.6949763531290087
162519961.1579706 0.6944836648170036
163194691.1337164 0.6936398963693657
163880666.60905796 0.6927831508195049
164555396.58480376 0.6919415157838739
165230126.56054956 0.6911009351023477
165904856.53629535 0.6902614064777767
166579586.51204115 0.6894229276470062
167254316.48778695 0.6885854963798793
167929046.46353275 0.6877491104782691
168390111.94695902 0.6871781802265045
168851177.43038532 0.686607736406538
169525907.40613112 0.6857738159580551
170200637.38187692 0.684940933698054
170706684.86368626 0.684316952068648
171055295.35115492 0.6838874366481605
171572588.33256003 0.6832505995454062
172247318.30830583 0.6824208539137503
172753365.79011518 0.6817992207404602
173101976.27758384 0.6813713211627018
173619269.25898895 0.680736878807093
174293999.23473474 0.6799102515033335
174968729.21048054 0.6790846483257432
175643459.18622634 0.6782600673823471
180355323.51685113 0.6725300852614137
181153753.98815033 0.6715640200284142
181828483.96389613 0.670748725039737
183177943.91538772 0.6691211458523689
183807691.89275044 0.6683629797147107
184437439.8701132 0.6676056840622843
185112169.845859 0.6667952603285471
185786899.8216048 0.6659858327364844
