1.0 0.991070744353867
2035436.4268331497 0.9859803943721733
10042232.13901659 0.9663578679875977
11706566.079189552 0.9623576078796297
12145140.563424319 0.9613079018296682
14158084.991065942 0.9565134678247144
14979006.46155666 0.954569181409741
15406335.446195664 0.953559590472506
17925327.355646633 0.9476429017259362
19128595.812393304 0.9448373343378457
22187371.70244091 0.9377649342229316
23536831.6539325 0.9346716272806186
31959710.85115918 0.9157272054230832
34669876.25373813 0.9097615889131767
38718256.108212896 0.9009648763108316
45881639.350714095 0.885727371082129
50492294.18497703 0.8761350594264989
56576109.46628495 0.8637274760881904
60624489.32075973 0.8556242172042459
61310464.79610129 0.8542630556092998
61985194.77184708 0.852927536745344
74164070.83405869 0.8293753322407829
75513530.78555028 0.8268286380591154
78201205.1889377 0.8217928220917571
79258282.15093945 0.8198253496140012
79606892.63840811 0.8191781173039718
80922616.0911124 0.8167425193223903
84982241.44518295 0.8092984032513593
86331701.39667453 0.806847322911373
89705351.27540351 0.8007699556155737
91853241.6981943 0.7969377110587375
92527971.67394009 0.7957397439087367
93011528.1565579 0.7948829198281382
95519274.56641312 0.7904622664043606
98229439.96899205 0.7857274868916149
98904169.94473785 0.7845555289025792
102963795.2988084 0.7775609467662623
104313255.25029999 0.775257184994924
104987985.22604577 0.7741092490287392
105673960.70138733 0.7729448642510282
107698150.62862472 0.7695246542425838
110127178.54130958 0.7654510463965152
110520771.0271613 0.7647940922112829
111195501.0029071 0.7636698980090852
114704096.87678523 0.757864756575612
115378826.85253103 0.7567561393057107
116053556.82827683 0.7556500032872191
116728286.80402263 0.7545463399657804
119764571.6948787 0.7496102271027926
123835442.548545 0.7430691435424053
125184902.5000366 0.7409200091644239
127209092.42727397 0.7377139908408841
128569797.87836133 0.7355706660271719
129244527.85410713 0.734511364360587
130593987.80559872 0.7323996908643647
133866428.18796583 0.7273169150566491
135215888.1394574 0.7252364526895994
136576593.59054476 0.7231477427890199
141299703.42076534 0.7159676324230368
142413007.8807459 0.7142908094635916
143515066.8411307 0.7126367304582341
144189796.8168765 0.7116268666062596
150959587.57352597 0.7016121921660823
151634317.54927176 0.7006256203575075
152309047.52501756 0.6996411178359949
153658507.47650915 0.697678293413335
154333237.45225495 0.6966999579628773
156368672.8790881 0.6937609912865107
160034705.7473069 0.688513900058469
162070141.17414007 0.6856260225771121
163419601.12563166 0.6837212862586606
166804496.5039564 0.6789778554131316
167479226.4797022 0.6780381302846892
169503416.4069396 0.6752304290675903
171538851.83377275 0.6724243540734367
172213581.80951855 0.6714979466585839
172888311.78526434 0.6705734128879421
174237771.7367559 0.6687299422894447
175216130.20158732 0.6673980704301106
175890860.17733312 0.6664818019195071
177251565.62842047 0.6646395883504873
177926295.60416627 0.663728856368669
179275755.55565786 0.661912857379292
184010110.8854742 0.6555987457169501
184617367.8636454 0.6547952139845297
185224624.84181663 0.6539931136419168
185899354.81756243 0.6531035648950555
186574084.79330823 0.6522157727432282
187923544.7447998 0.6504454361622047
188598274.7205456 0.6495628807583287
189284250.19588715 0.6486673943192893
189958980.17163295 0.6477883315494652
190633710.14737874 0.6469109924949294
191308440.12312454 0.6460353717692282
194018605.5257035 0.6425354995290408
194693335.5014493 0.6416684185701333
195368065.47719508 0.6408030239937061
196717525.42868668 0.6390772730746666
197392255.40443248 0.638216906328581
198066985.38017827 0.637358205157838
198640505.8595622 0.6366296148748793
199214026.3389461 0.6359022210996341
200574731.79003346 0.6341812123788335
201148252.2694174 0.6334578308016955
201721772.74880132 0.6327356320860172
204420692.6517845 0.6293528380334528
205095422.6275303 0.6285111843290178
206456128.07861766 0.6268187355881858
207130858.05436346 0.6259819178268345
207805588.03010926 0.6251466933240314
208401599.5086847 0.6244102330795678
208727718.99696183 0.6240077876824552
209121311.48281354 0.6235225697858903
209514903.96866527 0.6230378891853697
209706077.46179324 0.6228026664738823
210189633.94441107 0.6222082554477381
210594471.92985854 0.6217112297861436
210898100.41894415 0.6213388311647712
211449129.89913654 0.6206638065072156
212123859.87488234 0.6198386647330878
212517452.36073405 0.6193580517327764
212922290.34618154 0.6188642589637977
213484565.3259697 0.6181793624767987
214046840.30575785 0.6174955412076354
215317581.76007912 0.6159540518912331
215711174.24593082 0.6154777057184236
216194730.72854865 0.6148931944305515
216869460.70429444 0.6140789098679441
217544190.68004024 0.613266150366333
218038992.66225383 0.6126710933405103
218533794.64446738 0.6120768521961244
219219770.11980894 0.611254364150958
219894500.09555474 0.6104468813083838
221243960.04704633 0.6088364251507744
221918690.02279213 0.6080334428597406
222593419.99853793 0.6072319518066096
223942879.95002952 0.6056334256597432
224628855.42537108 0.604823110164532
225978315.37686267 0.6032334876292387
226653045.35260847 0.6024408756986548
227327775.32835427 0.6016497242044411
228002505.30410007 0.6008600288270727
228677235.27984586 0.6000717852643145
229363210.75518742 0.5992718882033864
230037940.73093322 0.598486559450218
231387400.6824248 0.5969202145308391
232062130.6581706 0.596139189914416
232736860.63391638 0.5953595915881322
234086320.58540797 0.5938046570904099
234772296.06074953 0.5930164021490782
235447026.03649533 0.592242490778538
236121756.01224113 0.5914699848804279
236796485.98798692 0.5906988803546299
237471215.96373272 0.5899291731173397
238145945.93947852 0.5891608591009936
238820675.9152243 0.588393934254197
239416687.39379975 0.5877176362653854
239765297.88126844 0.5873225655933704
240215117.86509895 0.5868133410457445
240889847.84084475 0.586050651225333
241564577.81659055 0.5852893342638813
241958170.30244225 0.5848458651173161
242306780.7899109 0.5844534665199772
242925283.2676779 0.5837581715405527
243600013.2434237 0.5830009720453943
244274743.2191695 0.5822451295558002
244960718.69451106 0.5814780767823508
245635448.67025685 0.5807249590498764
246310178.64600265 0.5799731865814522
246984908.62174845 0.5792227555157253
249683828.52473164 0.5762343685851736
250369804.0000732 0.5754782019683062
251719263.95156476 0.5739946348133992
252393993.92731056 0.5732548195960901
253068723.90305635 0.5725163116456492
254429429.3541437 0.5710309486296926
256453619.2813811 0.5688310619488979
257128349.2571269 0.5681003415541872
257803079.2328727 0.5673709026890537
258477809.2086185 0.5666427417429222
259152539.1843643 0.565915855119359
260513244.63545164 0.5644538287615123
261862704.58694324 0.5630089606521815
262537434.56268904 0.5622884130982576
263617002.5238823 0.5611381417522215
264010595.009734 0.5607195670863385
264696570.48507556 0.5599910637221026
265360054.9612256 0.559287666885069
266034784.9369714 0.5585735761607914
267384244.888463 0.5571490962536075
268070220.36380455 0.5564268706782611
268744950.3395503 0.5557177197780714
269419680.3152961 0.5550097901759437
270094410.2910419 0.554303078496238
270769140.2667877 0.5535975813764179
272118600.2182793 0.5521902174314575
272793330.1940251 0.5514883439462411
276178225.57234985 0.5479853410597552
276852955.54809564 0.5472906455188887
277527685.52384144 0.5465971315668219
279338210.9587593 0.5447420168280951
279788030.9425899 0.5442824274080784
281137490.8940815 0.5429067691609052
282486950.84557307 0.5415357562823404
283172926.3209146 0.5408405975674078
283847656.2966604 0.540157996405029
284522386.2724062 0.5394765440264534
285197116.248152 0.5387962373359155
286546576.19964355 0.5374390486951875
287907281.6507309 0.536075152960825
288582011.6264767 0.5354005475017253
289256741.6022225 0.5347270693531968
289931471.5779683 0.5340547155016687
290606201.5537141 0.533383482945079
291280931.5294599 0.532713368692823
291955661.5052057 0.5320443697657053
292630391.4809515 0.5313764831958875
293991096.93203884 0.5300329501588072
295340556.88353044 0.5287049530589455
300074912.2133468 0.524080466059179
300749642.1890926 0.5234257362241188
301424372.1648384 0.5227720810816755
302099102.1405842 0.522119497818243
302773832.11632997 0.5214679836308467
303459807.5916715 0.5208067039466356
304134537.5674173 0.5201573372462043
304809267.5431631 0.5195090312301114
305483997.5189089 0.5188617831376203
306158727.4946547 0.5182155902183946
306833457.4704005 0.5175704497324526
307508187.4461463 0.5169263589501231
308182917.4218921 0.5162833151519984
309543622.87297946 0.514989683858474
310218352.84872526 0.5143497820905584
310623190.8341727 0.5139663385594313
311028028.8196202 0.5135832674702205
311702758.795366 0.5129456417409394
312377488.7711118 0.5123090463177293
313052218.7468576 0.5116734785539412
313738194.22219914 0.5110283687697225
314412924.19794494 0.5103948654421278
315087654.17369074 0.5097623818497132
315762384.14943653 0.509130915385342
316437114.12518233 0.508500463451607
317786574.0766739 0.5072425928348089
318461304.0524197 0.5066151690051978
319147279.5277613 0.5059783175800976
319822009.5035071 0.5053529163492632
320496739.4792529 0.5047285142243266
321171469.4549987 0.5041051086749673
321846199.43074447 0.503482697180259
322520929.40649027 0.5028612772286293
323195659.38223606 0.5022408463178193
323870389.35798186 0.5016214019548428
325231094.8090692 0.500375179936933
325905824.784815 0.4997586966495599
326580554.7605608 0.49914318998913526
327041620.2439871 0.49872315420810054
330212851.1299923 0.4958463896210643
330887581.1057381 0.49523705981050153
331562311.0814839 0.49462868877052846
332248286.55682546 0.4940111586315513
332923016.53257126 0.493404713877831
333316609.01842296 0.49305139404984016
333710201.50427467 0.4926983975668176
334384931.48002046 0.49209401166660494
335070906.955362 0.49148052297115946
335745636.9311078 0.4908780434950815
336420366.9068536 0.490276505838001
337095096.8825994 0.48967590768075503
337769826.8583452 0.4890762467126587
338444556.834091 0.48847752063146754
340412519.2633496 0.4867365546850451
341019776.2415208 0.48620093527785246
341694506.2172666 0.48560668025073606
342369236.1930124 0.48501334688459885
342987738.67077935 0.4844702657011017
343617486.6481421 0.48391810229433985
344292216.6238879 0.4833273833692566
344966946.5996337 0.48273757750396207
345641676.5753795 0.4821486824840055
346316406.5511253 0.48156069610296026
347665866.5026169 0.48038744047181303
348340596.4783627 0.4798021668486694
349026571.95370424 0.47920806116785225
349701301.92945004 0.4786246001071927
350274822.408834 0.47812936240154846
350848342.88821787 0.47763477039554186
351534318.3635594 0.47704404574572434
352209048.3393052 0.476463902238022
352883778.315051 0.47588464630549787
353558508.2907968 0.4753062758257038
354233238.2665426 0.4747287886838193
355582698.2180342 0.4735764559924373
356268673.69337577 0.472992032840705
356943403.66912156 0.47241807261860813
357618133.64486736 0.47184498523902907
358292863.62061316 0.471272768632351
358967593.59635895 0.4707014207363572
359642323.57210475 0.4701309394961991
360317053.54785055 0.4695613228643646
360991783.52359635 0.46899256880064677
361677758.9989379 0.4684152176590683
362352488.9746837 0.46784819693139623
363027218.9504295 0.4672820326611559
363701948.9261753 0.4667167228371673
364376678.9019211 0.46615226545539906
365051408.8776669 0.46558865851893816
366400868.8291585 0.4644639880296943
367761574.28024584 0.4633333655791916
368436304.25599164 0.4627739951554392
369111034.23173743 0.4622154633107758
369785764.20748323 0.46165776809738307
370460494.183229 0.46110090757432015
372271019.6181469 0.4596107751492368
372720839.6019774 0.4592414815052205
373406815.07731897 0.45867901559055063
374081545.05306476 0.4581266016993645
374756275.02881056 0.45757501030054315
375431005.00455636 0.4570242395029089
376105734.98030216 0.4564742874219184
376780464.95604795 0.455925152179635
378141170.4071353 0.4548202064909591
378815900.3828811 0.45427352406784993
379490630.3586269 0.4537276510063951
380165360.3343727 0.453182585461377
380840090.3101185 0.4526383255940166
381514820.2858643 0.45209486957194606
382189550.2616101 0.4515522155691812
382875525.73695165 0.4510013376385098
383550255.71269745 0.4504602955129158
384224985.68844324 0.44992004993664275
385574445.63993484 0.4488419412358454
386923905.59142643 0.4477669972060142
388284611.0425138 0.44668628519932996
388959341.0182596 0.4461515784521386
389634070.9940054 0.4456176539935791
390308800.9697512 0.44508451007238625
396392616.2510591 0.44031228949682016
397067346.2268049 0.43978686865381345
397742076.20255065 0.4392622094491565
398428051.6778922 0.4387295849773505
399102781.653638 0.4382064566379067
399575092.6366601 0.4378407170684176
400047403.61968213 0.4374753476555188
400722133.59542793 0.43695403233122365
401396863.5711737 0.4364334696115527
402071593.5469195 0.4359136578469218
402746323.5226653 0.43539459539335457
403421053.4984111 0.4348762806124585
404107028.9737527 0.4343500920370565
404781758.9494985 0.43383328010166267
405456488.9252443 0.43331721093004666
406131218.90099007 0.43280188290600785
406805948.87673587 0.432287294418812
408155408.82822746 0.4312603296392069
408830138.80397326 0.4307479501524549
409516114.2793148 0.43022778257720395
410190844.2550606 0.42971687998228253
410865574.2308064 0.4292067073470501
411315394.2146369 0.42886699701303793
411776459.69806325 0.4285191294025524
413811895.12489635 0.4269874676012245
414205487.6107481 0.42669204888425244
414317942.6067057 0.42660768859228426
414711535.09255743 0.426312585115362
415386265.0683032 0.4258072628917138
415937294.54849565 0.42539511574882244
416488324.028688 0.42498344662520454
417163054.0044338 0.4244800117949805
417837783.9801796 0.42397729092178177
419187243.9316712 0.4229739849736294
419861973.907417 0.42247339687488794
420536703.8831628 0.4219735166855539
421222679.35850435 0.4214660293196223
421863672.83546287 0.4209924783301937
422515911.81201714 0.42051127111314557
423168150.7885714 0.4200307199139565
423820389.7651257 0.41955082339575334
424495119.7408715 0.4190550662363742
425169849.7166173 0.4185600067903182
426530555.16770464 0.41756375325177936
427205285.14345044 0.4170707897145209
427880015.11919624 0.41657851803289864
428554745.09494203 0.41608693676059094
429229475.07068783 0.41559604445602905
429904205.04643357 0.4151058396823777
430410252.52824295 0.4147386364326117
430916300.01005226 0.41437181851087557
431591029.98579806 0.41388332630923075
432265759.96154386 0.41339551664656393
432940489.93728966 0.41290838810709674
433626465.4126312 0.4124138375498743
434402404.8847389 0.4118552728519663
434807242.8701864 0.4115642031787539
435481972.8459322 0.4110796275731772
436156702.821678 0.4105957264055022
436820187.297828 0.4101205465805982
437483671.77397805 0.4096460162394336
438158401.74972385 0.4091641077467259
438833131.72546965 0.4086828682072662
439384161.205662 0.4082903511945443
439890208.6874714 0.4079302679528012
440531202.1644299 0.40747469978411793
441048495.145835 0.4071074853814183
441565788.1272401 0.4067406607396706
442060590.1094537 0.40639014914320903
442341727.5993478 0.40619115324535077
442802793.08277404 0.4058650481735056
443320086.0641792 0.405499540798209
443848624.54518 0.40512648741442636
444320935.5282021 0.4047934619447753
444782001.0116284 0.4044686759861973
445456730.9873742 0.40399393120649374
447559639.4117819 0.4025185017360596
448020704.8952082 0.4021958574622377
452755060.2250245 0.3989003186773788
453441035.7003661 0.3984254428521112
454115765.6761119 0.3979589961541209
454790495.6518577 0.39749318712676185
455465225.6276035 0.3970280144987376
456139955.60334927 0.3965634770027786
456814685.57909507 0.3960995733756261
457286996.56211716 0.3957752173140631
457748062.04554343 0.395458882599449
458152900.0309909 0.3951813681889026
458557738.01643836 0.39490408062283117
459120012.99622655 0.39451933482189766
459682287.97601473 0.39413502536601047
460244562.95580286 0.3937511515363356
460795592.4359953 0.39337537713684945
461470322.4117411 0.39291581309533957
461998860.8927419 0.39255625719117515
462527399.3737428 0.39219708360695354
463876859.3252344 0.3912817748156155
464551589.3009802 0.39082505052645766
465226319.276726 0.39036894468754096
465912294.75206757 0.3899058698338889
466587024.72781336 0.38945100752375084
467261754.70355916 0.3889967600226684
467936484.67930496 0.3885431261311665
468611214.65505075 0.38809010465350213
469285944.63079655 0.38763769439764967
469960674.60654235 0.38718589417528554
470635404.58228815 0.38673470280177286
471321380.0576297 0.38627661450930667
471996110.0333755 0.38582664739248124
472670840.00912124 0.38537728557303735
473345569.98486704 0.38492852788099596
474020299.96061283 0.38448037314999006
474695029.93635863 0.3840328202172501
475381005.4117002 0.38357842380085594
476055735.387446 0.3831320809722753
476730465.3631918 0.38268633645591793
477405195.3389376 0.3822411891033163
478079925.3146834 0.3817966377695271
478754655.2904292 0.38135268131311756
479440630.76577073 0.38090193424136093
480115360.74151653 0.38045917399653867
480790090.7172623 0.3800170052068947
481464820.6930081 0.37957542674495176
482139550.6687539 0.37913443748667186
482735562.1473294 0.3787453861821097
483331573.62590486 0.37835679297547176
484017549.1012464 0.377910110228827
484692279.0769922 0.3774713400131588
485367009.052738 0.3770331536716409
486041739.0284838 0.37659555009985385
486716469.0042296 0.37615852819672374
487391198.9799754 0.3757220868645088
488065928.95572114 0.3752862250087865
488751904.4310627 0.37484369170794285
489426634.4068085 0.37440899514757353
490101364.3825543 0.37397487478215924
490776094.3583001 0.3735413295304732
491450824.3340459 0.37310835831454076
492125554.3097917 0.3726759600596263
492800284.2855375 0.37224413369422005
493486259.76087904 0.37180569538767605
494160989.73662484 0.37137501908652615
494835719.71237063 0.37094491146191017
495510449.68811643 0.37051537145514585
496185179.6638622 0.3700863980107121
496859909.639608 0.3696579900762366
497534639.6153538 0.36923014660248304
498220615.0906954 0.36879574997644876
498895345.0664412 0.3683690416529525
499570075.042187 0.36794289464385405
500244805.0179328 0.36751730791238707
500919534.99367857 0.36709228042485875
501594264.96942437 0.36666781115063696
502268994.94517016 0.36624389906213894
502943724.92091596 0.3658205431348181
503607209.397066 0.3654047844834078
504203220.87564147 0.365031763256819
504799232.3542169 0.36465917371174006
505473962.3299627 0.3642378943154542
506148692.30570847 0.3638171662548472
506823422.28145427 0.36339698852259894
507498152.25720006 0.36297736011434517
508172882.23294586 0.3625582800286652
508847612.20869166 0.3621397472670709
509533587.6840332 0.361714799016402
510208317.659779 0.36129736699972126
510883047.6355248 0.3608804793126655
511557777.6112706 0.36046413496840646
512232507.5870164 0.36004833298299
512907237.5627622 0.35963307237532444
513593213.03810376 0.35921144473652583
514267943.01384956 0.35879727293463504
514942672.98959535 0.35838363956809677
515617402.96534115 0.3579705436672033
516292132.94108695 0.3575579842650532
516966862.91683275 0.3571459603975396
517641592.89257854 0.3567344711033398
518316322.86832434 0.3563235154239036
519002298.3436659 0.35590625652714203
519677028.3194117 0.35549637406632634
520351758.2951575 0.35508702234533623
521026488.2709033 0.35467820041664905
521701218.2466491 0.35426990733546027
522375948.2223949 0.35386214215967304
523050678.1981407 0.353454903949887
523725408.1738865 0.3530481917693882
524400138.1496323 0.35264200468413803
525086113.62497383 0.3522295851496135
525760843.60071963 0.35182445417612784
526435573.5764654 0.3514198454963115
527110303.5522112 0.3510157581867671
527785033.527957 0.35061219132672056
528459763.5037028 0.3502091439980103
529134493.4794486 0.3498066152850775
529809223.45519435 0.3494046042749558
530495198.9305359 0.3489964228601723
531169928.9062817 0.34859545311749185
531844658.8820275 0.34819499833910955
532519388.8577733 0.34779505762236934
533194118.8335191 0.3473956300671568
533868848.8092649 0.34699671477588956
534543578.7850107 0.3465983108535069
534959662.270054 0.3463528829497231
535375745.7550972 0.3461076489598647
536061721.23043877 0.34570376710155637
536736451.20618457 0.34530701897682914
537411181.1819303 0.34491077844488494
538085911.1576761 0.34451504462374194
538760641.1334219 0.34411981663387947
539435371.1091677 0.3437250935982282
540110101.0849135 0.3433308746421605
540784831.0606593 0.3429371588934809
541470806.5360008 0.3425373961765386
542145536.5117466 0.3421446925862338
542820266.4874924 0.3417524895868347
543494996.4632382 0.34136078631582045
544169726.438984 0.3409695819130555
544844456.4147298 0.3405788755207803
545519186.3904756 0.34018866628360195
546193916.3662214 0.339798953348485
546879891.841563 0.33940325309941943
547554621.8173088 0.33901453845491336
548229351.7930546 0.3386263175533359
548904081.7688004 0.33823858955102937
549578811.7445462 0.33785135360664836
