1.0 1.001994945582146
922131.9668525872 0.9993584838313077
1169532.9579593788 0.9986538282881275
2957567.3936857367 0.9935945472575681
5409086.305562127 0.9867519680258214
5926379.2869672375 0.9853217859190707
14259294.487427812 0.9629142134154776
18555075.333009377 0.9518059326490215
23064520.670910444 0.9404507730816036
23514340.654740974 0.9393347179955076
23964160.638571505 0.9382216237653479
25324866.089658856 0.9348723997879963
26674326.041150447 0.9315771220730686
27236601.020938613 0.9302117238880854
27810121.500322536 0.9288236049439204
28484851.476068333 0.9271964183674892
29159581.45181413 0.9255755626508047
29845556.92715569 0.9239341378781754
30520286.90290148 0.922325917535788
33219206.805884663 0.9159546213124062
34568666.75737625 0.9128053383706491
36604102.18420941 0.9081000982284184
37188868.1631891 0.9067581753488131
37548724.15025352 0.9059345420548914
38009789.633679815 0.9048816616499715
38437118.61831882 0.9039082181885194
38594555.6126595 0.9035501603527734
38999393.59810698 0.9026308676234767
39685369.07344854 0.9010778498547537
40360099.049194336 0.8995559909093028
41034829.024940126 0.898039746065547
41709559.00068592 0.8965290775267645
43733748.927923314 0.892030156234229
49142834.23348544 0.8802450917801702
49817564.209231235 0.8787985824515802
50503539.68457279 0.877333203591192
51650580.64334065 0.8748946022822913
52122891.626362704 0.8738946979515919
53472351.57785429 0.8710512795922297
54147081.55360009 0.8696369826377437
54821811.529345885 0.8682275838658888
55496541.50509168 0.8668230511200129
56756037.45981716 0.8642141661506206
57340803.438796856 0.8630085665348364
57734395.92464857 0.8621991145826561
58083006.41211723 0.8614835157505019
59398729.86482153 0.8587940094046183
60748189.81631312 0.8560539247216947
62097649.76780471 0.8533322171367961
63458355.21889207 0.8506061952379953
64133085.194637865 0.8492612150689539
66719550.10166341 0.8441464066222797
67394280.07740921 0.8428226580842526
68754985.52849656 0.8401661831614944
69429715.50424236 0.8388553556945846
70779175.45573394 0.8362463592744236
71453905.43147974 0.8349481367160839
72128635.40722553 0.8336540625375108
73489340.85831289 0.8310568580169143
74164070.83405869 0.8297751397218533
74838800.80980448 0.8284974654763986
75513530.78555028 0.827223809812525
76188260.76129608 0.8259541474607831
76862990.73704188 0.8246884533486935
77548966.21238343 0.8234057066881919
77942558.69823514 0.8226715346871841
78336151.18408686 0.8219386911139867
80371586.61092001 0.8181698573755835
81721046.56241159 0.8156903730678261
82395776.53815739 0.8144562974826477
83070506.51390319 0.8132259684377355
83464098.9997549 0.8125099974536982
83868936.98520239 0.8117748871449987
85893126.91243976 0.8081191970200499
86567856.88818556 0.8069079205192943
87242586.86393136 0.8057002502513396
87917316.83967716 0.8044961641531105
88603292.31501871 0.8032756616586996
89278022.29076451 0.8020787372197
89952752.26651031 0.8008853314241777
91302212.21800189 0.7985089903917566
91976942.19374768 0.7973260128815367
93202701.64968589 0.7951857086628036
93742485.63028252 0.7942467517321365
94428461.10562408 0.7930566141149555
95103191.08136988 0.7918893745986236
95777921.05711567 0.7907254744668324
96452651.03286147 0.789564893721358
96913716.51628776 0.7887737291055916
97363536.50011829 0.7880033399656112
99398971.92695144 0.7845354281977832
100073701.90269724 0.7833923262640461
100748431.87844303 0.7822524199629195
101423161.85418883 0.7811156904045898
102097891.82993463 0.7799821188446683
102783867.30527619 0.778832872639354
104133327.25676776 0.7765814562407973
106157517.18400516 0.7732274180354495
107889324.1217527 0.7703795201494701
108564054.09749849 0.7692752899410548
109238784.07324429 0.7681740279708393
109913514.04899009 0.7670757170958128
110588244.02473588 0.7659803403042958
111262974.00048168 0.7648878807148813
111937703.97622748 0.7637983215753845
113298409.42731483 0.7616097990100987
113973139.40306062 0.7605288893618734
115322599.35455221 0.7583755572748738
115997329.330298 0.7573031027202229
118707494.73287696 0.7530233251729191
119179805.715899 0.7522819967270249
119652116.69892107 0.7515419977444567
120326846.67466687 0.7504871522141618
121001576.65041266 0.7494349941165745
121687552.12575422 0.7483680395814606
123037012.0772458 0.7462771142167355
124386472.0287374 0.7441967004587705
125061202.0044832 0.7431603991348401
125735931.98022899 0.7421266823757187
127096637.43131635 0.740049824195546
127771367.40706214 0.7390238185060978
128446097.38280794 0.7380003409221891
131156262.78538688 0.733914566575389
131830992.76113267 0.7329035656287393
133708991.19362514 0.7301024539882528
135586989.62611762 0.7273200149744196
136261719.6018634 0.7263248425727376
138971885.00444233 0.7223512373822004
139646614.98018813 0.7213677888249987
140996074.93167973 0.7194077796845765
141670804.90742552 0.7184311950479076
144380970.31000447 0.7145312717882127
145055700.28575027 0.7135659272145874
145730430.26149607 0.7126027883838444
148440595.66407502 0.7087561755241834
149115325.6398208 0.707803932330758
150464785.5913124 0.7059058509377182
151139515.56705818 0.7049599910860271
151533108.0529099 0.7044092128729582
152612676.01410317 0.7029021687374554
153287405.98984897 0.701962977002912
155311595.91708636 0.699157796626901
157347031.34391952 0.6963555615600119
158696491.2954111 0.6945078339142129
159371221.2711569 0.6935869624890336
160045951.2469027 0.6926680729344025
160720681.22264847 0.69175115554461
161406656.69799003 0.6908209680102235
162081386.67373583 0.6899079985872331
162756116.64948162 0.6889969724810294
163430846.62522742 0.6880878802696323
164105576.60097322 0.6871807126002856
166129766.5282106 0.6844706643437254
166602077.51123267 0.6838407734966203
167063142.99465898 0.6832267693405649
168412602.94615054 0.6814347057023947
169773308.3972379 0.679635231512697
171122768.3487295 0.6778580195684493
172191090.81032702 0.676456234004702
172584683.29617873 0.675940931761892
173270658.7715203 0.6750443000068729
174620118.72301188 0.6732858429618355
175294848.69875768 0.6724092871543627
175969578.67450348 0.6715345021738943
176644308.65024927 0.6706614798578069
177319038.62599507 0.6697902121026206
178679744.0770824 0.6680384597927302
180029204.028574 0.6663081357260527
181356172.98087406 0.6646133393971347
182042148.45621562 0.6637397970328148
182716878.43196142 0.662882280982579
183391608.4077072 0.6620264491466455
184066338.383453 0.6611722939875934
184741068.3591988 0.660319808022151
185415798.3349446 0.6594689838207635
186101773.81028616 0.6586056751514958
188913148.70922697 0.6550852274503414
189587878.68497276 0.6542445166859864
190273854.16031432 0.6533914444434133
191623314.11180592 0.6517180978180017
192804091.56936106 0.6502591351892083
193478821.54510686 0.6494276129580356
194153551.52085266 0.6485976609418311
194828281.49659845 0.6477692724172102
195907849.45779172 0.6464470861954089
196301441.94364342 0.6459660252067907
196976171.91938922 0.6451425695754659
197662147.39473078 0.6443069641346786
203262406.1934209 0.6375436675330752
203948381.66876245 0.6367222988199228
205297841.62025404 0.6351109232860946
205972571.59599984 0.6343074271035445
206647301.57174563 0.6335053840416358
207265804.04951262 0.6327714493880753
207884306.5272796 0.6320387262875343
208559036.50302538 0.6312407684976482
209245011.97836694 0.6304309780721759
209919741.95411274 0.6296358996931506
210594471.92985854 0.6288422404980336
211269201.90560433 0.6280499948228904
211955177.3809459 0.6272459883094903
212629907.3566917 0.6264565761638348
213304637.3324375 0.6256685606883807
213979367.30818328 0.6248819363749069
214665342.78352484 0.6240836221517249
215340072.75927064 0.6232997867477484
216014802.73501644 0.6225173261182733
216689532.71076223 0.6217362349058909
217364262.68650803 0.6209565077899952
218556285.64365894 0.6195823073928901
219073578.62506405 0.61898726854318
219759554.1004056 0.6181994147070159
220434284.0761514 0.617425828050326
221109014.05189717 0.6166535766164939
221783744.02764297 0.6158826553188737
222458474.00338876 0.6151130591054788
223133203.97913456 0.6143447829587079
223807933.95488036 0.6135778218950735
224482663.93062615 0.6128121709649311
225168639.4059677 0.6120350971872381
225843369.3817135 0.6112720734402513
226518099.3574593 0.6105103450976702
227192829.3332051 0.6097499073431155
227867559.3089509 0.60899075539273
228542289.2846967 0.6082328844949227
229228264.76003826 0.607463690807335
229902994.73578405 0.6067083890422533
230577724.71152985 0.6059543541886956
231398646.18202057 0.6050386468278576
232073376.15776637 0.6042874038525482
232748106.13351217 0.6035374130233698
233434081.60885373 0.6027762013056558
234108811.5845995 0.6020287219028196
234783541.5603453 0.6012824810854074
235458271.5360911 0.6005374744182245
236065528.51426232 0.5998680199743066
236661539.99283776 0.5992119283448957
237336269.96858355 0.5984703336241843
238022245.4439251 0.5977176272124959
238696975.4196709 0.5969784836528484
239371705.3954167 0.5962405490940705
240046435.3711625 0.5955038192971481
240721165.3469083 0.5947682900510378
241407140.82224986 0.5940217284033221
242081870.79799566 0.5932886075716348
242756600.77374145 0.5925566747546873
243431330.74948725 0.5918259258515881
244792036.2005746 0.5903558335683768
245466766.1763204 0.5896286315648832
246141496.1520662 0.5889025972720646
246816226.127812 0.588177726721793
247490956.1035578 0.5874540159717828
248165686.0793036 0.5867314611053881
248840416.0550494 0.5860100582314022
249526391.53039095 0.5852778089433374
250201121.50613675 0.5845587175203327
250875851.4818825 0.5838407665033692
251550581.4576283 0.5831239521014251
252225311.4333741 0.5824082705479324
252900041.4091199 0.581693718100586
253473561.88850385 0.5810872335020909
254058327.86748353 0.5804696918595832
254733057.84322932 0.5797581881147716
255407787.81897512 0.5790477997767125
256082517.79472092 0.5783385232150021
256757247.77046672 0.577630354822434
257443223.24580827 0.5769115159559983
258016743.7251922 0.5763113931147507
259276239.6799177 0.5749962571879693
259950969.6556635 0.574293285879394
260625699.63140926 0.5735914024974558
261300429.60715505 0.5728906035864906
261975159.58290085 0.5721908857126664
262649889.55864665 0.5714922454638124
263335865.0339882 0.5707830624309403
264010595.009734 0.570086585100641
264685324.9854798 0.5693911752314613
265360054.9612256 0.5686968294965495
266034784.9369714 0.5680035445898812
266709514.9127172 0.5673113172260974
267384244.888463 0.5666201441403439
268058974.8642088 0.5659300220881112
268744950.3395503 0.5652294721333546
269419680.3152961 0.5645414598782724
270094410.2910419 0.5638544889907695
270769140.2667877 0.5631685563064733
271443870.2425335 0.5624836586805746
272129845.71787506 0.5617884039511761
273479305.66936666 0.5604237901494684
274154035.64511245 0.5597430187136893
274828765.62085825 0.5590632668497763
275267340.10509306 0.558621973447477
279079564.4680568 0.5548040839291353
279754294.4438026 0.5541316843042897
280440269.91914415 0.5534490979878657
281114999.89488995 0.5527787019382867
281767238.8714442 0.5521315927252306
282419477.84799844 0.5514854052757462
283094207.82374424 0.5508179027688854
283780183.2990858 0.5501402807438143
284454913.2748316 0.549474753481138
285129643.2505774 0.5488102014779481
285804373.2263232 0.5481466219716663
287165078.67741054 0.5468113502800799
287839808.65315634 0.5461506879018352
288514538.62890214 0.545490987088624
289189268.60464793 0.5448322451591369
289863998.58039373 0.5441744594478917
290538728.5561395 0.5435176273051103
291213458.5318853 0.5428617460965987
291899434.0072269 0.5421959056749021
292574163.9829727 0.5415419342339841
293248893.9587185 0.5408889058740549
293923623.9344643 0.5402368180223179
294598353.9102101 0.5395856681209683
295273083.88595587 0.5389354536270786
295947813.86170167 0.5382861720124846
296622543.83744746 0.5376378207636716
297308519.312789 0.536979614838886
297983249.2885348 0.5363331322411993
298657979.2642806 0.5356875725144801
299332709.2400264 0.5350429332029348
300018684.715368 0.5343884909393268
300547223.1963688 0.5338848941034232
301761737.1527113 0.5327298151203054
302436467.12845707 0.5320893784846075
303122442.6037986 0.53143919761064
303797172.5795444 0.5308005875065349
304471902.5552902 0.5301628795674685
305146632.531036 0.5295260714556265
305821362.5067818 0.5288901608463882
306496092.4825276 0.5282551454282272
307182067.9578692 0.5276104617455992
307856797.93361497 0.5269772446510463
308531527.90936077 0.5263449158527862
309206257.88510656 0.5257134730908882
309880987.86085236 0.5250829141180228
310555717.83659816 0.5244532366993655
311230447.81234396 0.5238244386125028
311905177.78808975 0.523196517647337
312591153.2634313 0.5225590282387212
313265883.2391771 0.5219328694626393
313940613.2149229 0.5213075812147999
314604097.6910729 0.5206935612275397
315267582.1672229 0.5200803788584881
316617042.1187145 0.5188358041749987
317291772.0944603 0.5182148077533658
317966502.0702061 0.5175946691365574
323308114.3781937 0.5127152729351393
323982844.3539395 0.5121026918851711
324657574.3296853 0.5114909483839639
325343549.8050268 0.5108698657169294
325984543.28198534 0.5102902885064613
326625536.75894386 0.5097114619006268
327300266.73468965 0.5091029797987069
327974996.71043545 0.5084953255938117
328649726.68618125 0.5078884973533662
329324456.66192704 0.5072824931549236
330010432.1372686 0.5066672316726926
330685162.11301434 0.5060628834854443
331359892.08876014 0.5054593536014167
332034622.06450593 0.5048566401380883
332709352.04025173 0.5042547412226911
333384082.0159975 0.5036536549921387
334058811.9917433 0.5030533795929526
334733541.9674891 0.5024539131811921
335419517.4428307 0.5018452830960407
336094247.4185765 0.5012474425718235
336768977.3943223 0.5006504055295389
337443707.3700681 0.5000541701628418
338118437.3458139 0.49945873467457325
338793167.32155967 0.4988640972766918
339479142.7969012 0.4982603655751981
340153872.772647 0.49766733225750914
340828602.7483928 0.4970750916908363
341503332.7241386 0.4964836421230825
342178062.6998844 0.49589298181093383
342650373.68290645 0.4954799882702905
343122684.66592854 0.4950673800223205
343797414.64167434 0.49447860686293577
344472144.61742014 0.49389061709671267
345146874.59316593 0.4933034090182161
345832850.0685075 0.4927072137276114
346507580.0442533 0.49212157689939234
347182310.0199991 0.49153671666503523
347857039.9957449 0.4909526313526202
348655470.46704406 0.49026246250135397
349330200.44278985 0.489680063331294
350004930.41853565 0.48909843381514045
350679660.39428145 0.4885175723148366
351365635.869623 0.4879278154320975
352040365.8453688 0.4873484978133875
352715095.8211146 0.4867699433169294
353389825.7968604 0.4861921503362115
354739285.748352 0.48503884253444
355414015.7240978 0.4844633245386851
356099991.19943935 0.48387898871765633
356774721.17518514 0.48330499203254357
357449451.15093094 0.48273174735808355
358124181.12667674 0.4821592531406832
358798911.10242254 0.48158750783407206
359473641.07816833 0.48101650989924866
360159616.5535099 0.48043675991307716
360834346.5292557 0.4798672645260183
361509076.5050015 0.4792985119115994
362183806.4807473 0.4787305005594878
362858536.4564931 0.47816322896635854
363533266.4322389 0.47759669563584395
364207996.4079846 0.4770308990784824
364882726.3837304 0.47646583781166846
365557456.3594762 0.4759015103596038
366243431.83481777 0.47532852819773275
366918161.81056356 0.47476567614379045
367592891.78630936 0.47420355349334625
367986484.2721611 0.47387598488003757
373811653.0627665 0.4690567453169291
374486383.0385123 0.46850199285471655
375161113.014258 0.46794795391148986
375835842.9900038 0.4673946271092729
377196548.4410912 0.4662809120048259
377871278.416837 0.4657297252073378
378399816.8978379 0.46529845587112195
378928355.3788388 0.46486761950507177
379603085.3545845 0.4643182437773527
380277815.3303303 0.46376957126809226
380952545.3060761 0.46322160064415924
381638520.78141767 0.4626652153381369
382313250.75716347 0.4621186561511329
382987980.73290926 0.4615727948624192
383606483.21067625 0.46107303397946886
384236231.188039 0.4605647868835359
384910961.1637848 0.4600209074349024
385585691.1395306 0.45947772087017674
386237930.1160849 0.4589532979371312
386878923.5930434 0.45843854529486894
387553653.5687892 0.4578973722981889
392299254.3982013 0.4541104831401244
392973984.3739471 0.4535748004713712
393648714.3496929 0.45303979562837987
394267216.8274598 0.4525499689255988
394885719.3052268 0.45206070981266705
395571694.78056836 0.4515187396873932
396145215.2599523 0.45106615119345256
396718735.7393362 0.45061404829397206
397404711.2146778 0.4500739344839046
398079441.19042355 0.44954335044781724
398754171.16616935 0.44901343507744496
399428901.14191514 0.44848418718292204
400103631.11766094 0.44795560557911196
400778361.09340674 0.4474276890855746
401453091.06915253 0.44690043652653405
402127821.04489833 0.4463738467308462
402813796.5202399 0.44583915866055635
403488526.4959857 0.4453139018939375
403882118.9818374 0.4450078066365277
404286956.9672849 0.444693199595684
404961686.9430307 0.444169380720423
405636416.9187765 0.4436462185920048
406311146.8945223 0.44312371206729945
406985876.8702681 0.4426018600075843
407660606.84601384 0.4420806612785142
408335336.82175964 0.44156011475009127
409010066.79750544 0.4410402192966353
409696042.272847 0.4405123252052725
410089634.75869876 0.44020973800963814
410483227.24455047 0.4399073713711578
411157957.22029626 0.4393895410601865
411832687.19604206 0.43887235716124406
412518662.6713836 0.4383472150549786
413193392.6471294 0.43783133140044966
413868122.6228752 0.4373160908408141
414542852.598621 0.43680149228470655
415217582.5743668 0.436287534644817
415892312.5501126 0.4357742168378634
416578288.02545416 0.43525299853920923
417253018.00119996 0.4347409677831421
417927747.9769457 0.43422957361623904
418602477.9526915 0.43371881497112547
419277207.9284373 0.4332086907843205
419951937.9041831 0.4326991999962113
420637913.37952465 0.43218186592829344
421312643.35527045 0.43167364928670343
421987373.33101624 0.431166062870481
422662103.30676204 0.43065910563528964
423336833.28250784 0.43015277654053274
424011563.25825363 0.42964707454932877
424686293.23399943 0.42914199862848607
425361023.2097452 0.4286375477484793
426046998.6850868 0.428125329049973
426721728.6608326 0.4276221355521741
427137812.1458758 0.42731214298824816
427553895.6309191 0.42700238670251023
428239871.10626066 0.42649222266662346
428914601.08200645 0.4259910468234267
429589331.05775225 0.4254904896513287
430264061.03349805 0.4249905501467237
430680144.5185413 0.42468256157399054
431096228.0035845 0.42437480727220017
431770957.9793303 0.42387624361906817
432445687.9550761 0.4233782944120734
433131663.43041766 0.42287267492470787
433806393.40616345 0.4223759618456808
434481123.38190925 0.42187986023934465
435155853.35765505 0.4213843691267458
435830583.33340085 0.42088948753224037
436505313.30914664 0.42039521448347233
437180043.28489244 0.4199015490113523
437866018.760234 0.41940027763620236
438540748.7359798 0.41890783450906977
439215478.7117256 0.4184159960547423
444512109.02133006 0.41457595981394785
445186838.99707586 0.41408943139432963
445704131.978481 0.41371682953275346
446108969.96392846 0.41342547191562046
446783699.93967426 0.41294035108877386
447458429.91542006 0.41245582346538157
448144405.3907616 0.4119638275502999
448819135.3665074 0.4114804934284141
449493865.3422532 0.41099774974681774
449932439.82648796 0.4106842825461427
450359768.81112695 0.410379092306698
451045744.2864685 0.40988967505438895
451720474.2622143 0.40940887338385257
452395204.2379601 0.4089286582602444
452788796.7238118 0.4086488032849089
453182389.20966357 0.40836914741506225
453857119.1854093 0.40789020006643883
454543094.6607509 0.40740386864385547
455217824.63649666 0.40692609753833514
455892554.61224246 0.40644890835551606
456567284.58798826 0.4059723002117474
457242014.56373405 0.4054962722260815
457916744.53947985 0.40502082352025676
458591474.51522565 0.4045459532186813
459277449.9905672 0.4040637604569254
459952179.966313 0.40359005395132735
460626909.9420588 0.4031169232246171
461301639.9178046 0.40264436741176074
461976369.8935504 0.4021723856503125
462651099.8692962 0.40170097708039865
463325829.845042 0.4012301408447023
464000559.8207878 0.4007598760884471
464686535.29612935 0.400282358553535
465361265.27187514 0.3998132436910251
466035995.24762094 0.3993446977446184
466710725.22336674 0.3988767198695894
467385455.19911253 0.3984093092236767
468060185.17485833 0.3979424649670682
468734915.1506041 0.3974761862623867
469409645.1263499 0.3970104722746743
470095620.6016915 0.39653757444227994
470770350.5774373 0.3960729967704576
471445080.5531831 0.3956089813113292
472119810.5289289 0.39514552723951096
472794540.5046747 0.3946826337319674
473469270.4804205 0.3942202999679964
473907844.9646552 0.3939200827961532
474357664.94848573 0.3936124128192052
475032394.9242315 0.3931513726543334
475707124.8999773 0.39269088952757103
476381854.8757231 0.39223096262813234
477056584.8514689 0.39177159114749277
477731314.8272147 0.3913127742793758
478417290.3025563 0.39084687818949726
479092020.2783021 0.390389177346517
479766750.2540479 0.38993202869727567
480441480.22979367 0.38947543144439256
481116210.20553946 0.3890193847926696
481790940.18128526 0.38856388794907826
482465670.15703106 0.38810894012274677
483140400.13277686 0.38765454052494813
483826375.6081184 0.3871931288000685
484501105.5838642 0.386739832405993
485175835.55961 0.3862870818739897
485850565.5353558 0.3858348764238204
486525295.5111016 0.3853832152773298
487200025.4868474 0.38493209765843367
487874755.4625932 0.3844815227931066
488549485.438339 0.38403148990937064
489235460.91368055 0.3835745112903044
489910190.88942635 0.3831255690628483
490584920.86517215 0.38267716650046807
491259650.84091794 0.38222930283929196
491934380.81666374 0.3817819773174373
492609110.79240954 0.381335189175
493283840.76815534 0.3808889376540426
493969816.2434969 0.3804357979400006
494644546.2192427 0.3799906263081507
495319276.1949885 0.37954598902314146
495994006.1707343 0.37910188533482536
496668736.1464801 0.3786583144949671
497343466.1222259 0.3782152757572328
498018196.0979717 0.3777727683771796
498692926.0737175 0.37733079161224486
499378901.54905903 0.3768819917585644
499941176.52884716 0.3765145309266571
500503451.50863534 0.3761474371148834
501189426.9839769 0.37570007906452824
501864156.9597227 0.3752605862996806
502538886.9354685 0.3748216199527444
503213616.9112143 0.37438317929349013
503888346.8869601 0.37394526359349084
504563076.8627059 0.3735078721261115
505237806.8384517 0.3730710041664996
505923782.31379324 0.37262739099703096
506598512.28953904 0.37219157658043317
507273242.26528484 0.37175628349566553
508274091.7293078 0.3711115574105471
508948821.70505357 0.3706775558656575
509623551.6807993 0.37024407315977914
510298281.6565451 0.3698111085811239
510973011.6322909 0.3693786614196062
511647741.6080367 0.3689467309668337
512322471.5837825 0.3685153165160982
513008447.05912405 0.36807724007150744
513683177.03486985 0.367646864082025
514357907.01061565 0.36721700197279056
515032636.98636144 0.3667876530437715
515707366.96210724 0.36635881659657527
516382096.93785304 0.36593049193444094
517056826.91359884 0.3655026783622301
517742802.3889404 0.36506825778707097
518417532.3646862 0.36464147280496323
519092262.340432 0.364215196825525
519766992.3161778 0.36378942916005147
520160584.8020295 0.3635412991574272
520554177.2878812 0.36329334175276345
521228907.263627 0.36286867307909487
521914882.73896855 0.3624374454576525
522589612.71471435 0.36201379680731094
523264342.69046015 0.3615906529263005
523939072.66620594 0.3611680131355618
524613802.64195174 0.36074587675756703
525288532.61769754 0.3603242431163118
525963262.59344333 0.35990311153730725
526649238.0687849 0.3594754750884657
527323968.0445307 0.35905535395613747
527998698.0202765 0.3586357328604579
528673427.9960223 0.3582166111329497
529348157.9717681 0.35779798810661323
530034133.44710964 0.3573728985817589
530708863.42285544 0.3569552792465494
531383593.39860123 0.356538156609274
532058323.37434703 0.3561215300087947
532733053.3500928 0.35570539878541424
533194118.8335191 0.3554213270213836
533655184.31694543 0.355137486053881
534341159.792287 0.35471561275896385
535015889.7680328 0.354301152688714
535690619.7437786 0.3538871851207157
536365349.7195244 0.35347370940290873
537152534.6912278 0.35299194184148214
537838510.1665694 0.3525726601823708
538513240.1423151 0.35216074586196894
539187970.118061 0.3517493206790343
539862700.0938067 0.35133838398867134
540537430.0695525 0.35092793514734644
541212160.0452983 0.350517973512881
541886890.0210441 0.35010849844444514
542561619.9967899 0.34969950930255084
543247595.4721315 0.34928420115933034
543922325.4478773 0.34887619002953135
544597055.4236231 0.3484686629052195
545271785.3993689 0.34806161915223405
545946515.3751147 0.34765505813772457
546621245.3508605 0.34724897923014514
547307220.826202 0.34683662591765996
547981950.8019478 0.3464315173432967
548656680.7776936 0.3460268889785399
549331410.7534394 0.3456227401970213
550006140.7291852 0.34521907037364646
550680870.704931 0.3448158788845891
551355600.6806768 0.3444131651072851
552041576.1560184 0.34400422851412904
552716306.1317642 0.3436024762335862
553391036.10751 0.3432011997943167
554065766.0832558 0.342800398578768
554740496.0590016 0.34240007197062083
555415226.0347474 0.3420002193547839
556101201.5100889 0.34159418780384143
556775931.4858347 0.3411952892064806
557450661.4615805 0.3407968627532866
558125391.4373263 0.3403989078340439
558800121.4130721 0.34000142383973714
561510286.815651 0.33840959549972627
562185016.7913969 0.33801446482969255
562859746.7671427 0.3376198014453857
563534476.7428885 0.3372256047460628
564209206.7186342 0.33683187413213855
569685765.021771 0.33365326401902
570304267.4995378 0.3332961965918793
570922769.9773048 0.3329395158038883
571597499.9530506 0.33255084991863587
572272229.9287964 0.3321626430415618
572958205.404138 0.3317684359939366
573632935.3798838 0.33138115300492305
574307665.3556296 0.3309943272625506
574982395.3313754 0.33060795818506183
575657125.3071212 0.33022204519177606
576331855.282867 0.3298365877030849
577006585.2586128 0.3294515851404475
