1.0 1.0264150572139392
3238704.8835798185 1.014525575109719
4441973.340326487 1.0102206140688412
5116703.316072282 1.0078322981995766
23210712.165655363 0.9498001495720082
23885442.14140116 0.9478323800773791
25920877.56823431 0.9419702343786229
26314470.054086026 0.9408492251160154
26708062.53993774 0.9397322085528108
27382792.515683535 0.9378265224042603
28451114.97728104 0.9348326170983925
29125844.95302684 0.9329562932365038
29811820.428368397 0.9310600718894385
32510740.33135158 0.9237079324489995
33185470.307097375 0.9218961996194597
33860200.28284317 0.9200947124190586
35220905.73393053 0.9164923351824464
35895635.70967632 0.9147209526313517
37245095.66116791 0.9112072217454391
37919825.63691371 0.9094646235892432
38358400.121148475 0.9083369552938352
38796974.60538324 0.9072132034603008
39482950.0807248 0.9054633159102149
40157680.056470595 0.9037512638146565
40832410.03221639 0.9020481682517877
42856599.95945378 0.8969914873609508
43531329.93519957 0.8953230931374719
43936167.92064705 0.8943260966807249
44329760.40649877 0.8933596728551979
45679220.357990354 0.8900674768141824
47028680.30948195 0.8868075685152934
47703410.28522774 0.8851894714268403
48389385.7605693 0.8835523749049706
49064115.736315094 0.8819498567294729
51088305.663552485 0.8771874195303805
53517333.57623734 0.8715590899432825
53922171.561684825 0.870629952796128
54596901.53743062 0.8690869345314557
55271631.51317641 0.8675507735398172
55946361.48892221 0.8660213875523933
57093402.44769006 0.8634367512832374
57565713.43071212 0.862378020929249
58915173.38220371 0.859370549067821
59589903.3579495 0.8578763787309134
60950608.80903686 0.8548821534568518
62300068.76052845 0.8519372992133951
62974798.73627424 0.8504738901759432
63649528.71202004 0.8490164006617738
65010234.163107395 0.8460948599265563
65684964.13885319 0.8446548192678636
67034424.09034478 0.8417916303996522
68395129.54143214 0.838926958219537
69744589.49292372 0.8361076557916499
70419319.46866952 0.8347059557003644
71094049.44441532 0.8333094780760647
71780024.91975687 0.831895020194852
72454754.89550267 0.830508900193762
75153674.79848586 0.8250143866903579
76503134.74997744 0.8222963591269525
77773876.20429869 0.8197541990841384
78358642.18327838 0.8185899037016008
79033372.15902418 0.8172507740927177
82418267.53734893 0.8106005001021173
83767727.4888405 0.8079798387718082
84442457.4645863 0.8066758738213164
85128432.93992786 0.8053544676507943
86477892.89141946 0.8027674390787303
89727842.27459504 0.7966030714375072
91628331.70627902 0.7930402117244617
94338497.10885797 0.7880109673613759
95687957.06034957 0.7855287408687992
97419763.9980971 0.7823640408055478
98105739.47343867 0.7811168522978905
101490634.85176341 0.7750141814163274
102165364.8275092 0.7738077232961127
102840094.80325499 0.772604527365211
103514824.77900079 0.77140456500492
106618582.66743144 0.7659255976453926
107304558.142773 0.7647235533349779
107979288.1185188 0.7635442946150737
108654018.0942646 0.7623680646218205
109328748.0700104 0.7611948381015448
110003478.04575619 0.7600245901626412
110678208.02150199 0.7588572962699764
111364183.49684355 0.7576735508584019
112038913.47258934 0.7565121410849505
113388373.42408094 0.7541979447887883
114063103.39982672 0.7530451122798857
114737833.37557252 0.7518950934173632
115412563.35131831 0.7507478660171499
116098538.82665987 0.7495843572544268
116773268.80240567 0.7484426931000037
117447998.77815147 0.7473037553725376
118122728.75389726 0.7461675231226802
118797458.72964306 0.7450339756966754
119472188.70538886 0.7439030927317984
120146918.68113466 0.7427748541518664
120821648.65688045 0.7416492401628176
121507624.13222201 0.7405075363939195
122182354.1079678 0.7393871562469573
122857084.08371359 0.7382693426442807
123531814.05945939 0.7371540768818583
124206544.03520519 0.7360413405166233
125567249.48629254 0.7338049423108095
126241979.46203834 0.7326997271399045
126916709.43778414 0.7315969698354701
127591439.41352993 0.7304966532041641
128266169.38927573 0.7293987602903356
128940899.36502151 0.7283032743723646
129626874.84036307 0.7271919808621155
130301604.81610887 0.726101299123324
130976334.79185466 0.7250129753184957
131651064.76760046 0.7239269936303027
132325794.74334626 0.7228433384579297
133000524.71909206 0.7217619944137454
133675254.69483785 0.7206829463200228
134349984.67058364 0.7196061792057132
135035960.1459252 0.7185137890715029
135710690.121671 0.7174415772188681
136385420.0974168 0.7163716024031952
137746125.54850414 0.7142205669685396
138420855.52424994 0.71315725546033
139095585.49999574 0.7120961252098877
139770315.47574154 0.7110371627953014
140445045.45148733 0.7099803549743667
141119775.42723313 0.7089256886818286
141794505.40297893 0.7078731510266669
142356780.38276708 0.7069976531749154
142919055.36255524 0.7061236174365523
143605030.8378968 0.7050592633844014
144279760.8136426 0.704014457798018
144954490.7893884 0.7029717227167569
145629220.7651342 0.7019310461902931
146303950.74087998 0.700892416425446
146978680.71662578 0.6998558217837727
147664656.19196734 0.698804025009058
148339386.16771314 0.6977714997487033
149014116.14345893 0.6967409754158833
150363576.09495053 0.6946858855144246
151038306.07069632 0.6936612982924304
151713036.04644212 0.6926386686869141
152399011.52178368 0.6916009912803013
153073741.49752948 0.6905822777937182
153748471.47327527 0.6895654907148054
154423201.44902107 0.6885506199630248
155097931.42476687 0.68753765558639
155772661.40051267 0.6865265877595057
156346181.87989658 0.6856686640196009
156694792.36736524 0.685147844619929
157155857.85079154 0.6844597869976763
157830587.82653734 0.6834544442493751
158505317.80228314 0.6824509595131562
159180047.7780289 0.6814493235740133
159854777.7537747 0.6804495273322949
160540753.22911626 0.6794349445026058
161215483.20486206 0.6784388310988421
162564943.15635365 0.6764520344216478
163239673.13209945 0.6754613339475593
163914403.10784525 0.6744724207591012
164589133.08359104 0.6734852865181296
167974028.4619158 0.6685597234147692
168648758.4376616 0.6675831221484754
169042350.9235133 0.667014234358479
169188542.41825822 0.6668030822217584
169604625.90330145 0.6662025517128888
170279355.87904724 0.6652301019829071
170954085.85479304 0.6642593573559152
171628815.83053884 0.6632903104851259
172303545.80628464 0.662322954110738
172978275.78203043 0.6613572810586191
173653005.75777623 0.6603932842390116
174338981.2331178 0.6594149319545269
175013711.2088636 0.6584542943086165
175688441.18460938 0.6574953120061391
176363171.16035518 0.6565379782835898
177037901.13610098 0.6555822864556367
177600176.11588913 0.6547871260541703
178162451.0956773 0.6539930974828289
178837181.07142308 0.6530417519384838
179511911.04716888 0.6520920244258074
180197886.52251044 0.6511281202975692
180872616.49825624 0.6501816366170278
181547346.47400203 0.6492367520721728
181940938.95985377 0.6486863054731117
182334531.44570547 0.6481363997351623
183009261.42145127 0.6471949590713958
183695236.89679283 0.6462394473959627
184369966.87253863 0.6453011869695147
185044696.84828442 0.6443644946739631
185719426.82403022 0.6434293647308246
186394156.79977602 0.6424957914249781
187068886.77552179 0.641563769103716
188429592.22660914 0.6396888858409814
189104322.20235494 0.6387615086946031
189779052.17810073 0.6378356604379251
190453782.15384653 0.6369113357175341
191128512.12959233 0.6359885292370233
191803242.10533813 0.6350672357561414
192477972.08108392 0.6341474500899559
193073983.5596594 0.6333362228573098
193658749.53863907 0.6325414379521471
194344725.01398063 0.6316105240200692
195019454.98972642 0.6306963721736873
195694184.96547222 0.6297837041622723
196368914.94121802 0.6288725151042066
197043644.91696382 0.6279628001678581
197718374.8927096 0.6270545545708391
198404350.36805117 0.626132672944457
199079080.34379697 0.6252273761648257
200428540.29528856 0.6234211436241193
201103270.27103436 0.6225201987250726
201778000.24678013 0.6216206953903984
202452730.22252592 0.620722629163332
203138705.69786748 0.6198110638517598
203813435.67361328 0.6189158824124023
204488165.64935908 0.6180221248982269
205162895.62510487 0.617129787024139
205837625.60085067 0.6162388645462179
206512355.57659647 0.6153493532611113
207187085.55234227 0.614461249005441
207861815.52808806 0.6135745476552151
208547791.00342962 0.6126745019111015
209222520.97917542 0.6117906173666131
209897250.95492122 0.6109081235196857
210571980.930667 0.6100270163988077
211246710.9064128 0.6091472920690474
211921440.8821586 0.6082689466315199
213057236.34133068 0.6067935019720214
213507056.32516122 0.6062102405348502
214181786.30090702 0.6053364864356743
214856516.2766528 0.604464094675253
215520000.75280285 0.603607567644586
216183485.22895288 0.6027523508266217
216858215.20469868 0.6018839789401634
217544190.68004024 0.6010025158454786
218218920.65578604 0.6001368583349246
218893650.63153183 0.5992725414168136
219568380.6072776 0.5984095615659537
220243110.5830234 0.5975479152872581
220917840.5587692 0.596687599115312
221592570.534515 0.5958286096139448
222278546.00985655 0.594956660130205
222953275.98560235 0.5941003357459731
223628005.96134815 0.5932453278394934
224302735.93709394 0.5923916330878931
225652195.88858554 0.5906881698934572
226338171.3639271 0.5898242430473296
227012901.3396729 0.588975789866504
227687631.3154187 0.5881286335735639
228362361.2911645 0.5872827710035511
229037091.26691028 0.5864381990164586
229711821.24265608 0.5855949144968767
230397796.71799764 0.5847388918819447
231072526.69374344 0.5838981943771094
231747256.66948923 0.5830587750871541
232343268.14806467 0.582318348858982
232950525.1262359 0.581564973529271
233625255.1019817 0.5807290961078183
234974715.0534733 0.5790611390554558
235649445.02921906 0.5782290535760602
236335420.50456062 0.5773843897859892
237010150.48030642 0.5765548386692931
238359610.431798 0.5748994908061397
239034340.4075438 0.5740736884215097
239709070.3832896 0.5732491300095006
240395045.85863116 0.5724121013473488
241744505.81012276 0.5707692207491037
242419235.78586856 0.5699496312540971
243093965.76161435 0.5691312720315974
243768695.73736015 0.5683141404069261
244454671.2127017 0.5674846456416992
245129401.1884475 0.5666699816102397
245804131.1641933 0.5658565372166243
246478861.1399391 0.5650443098573725
247153591.1156849 0.5642332969461263
247828321.0914307 0.5634234959134164
249189026.54251805 0.561794073083317
249863756.51826385 0.5609879124847584
250538486.49400964 0.5601829536096055
251213216.4697554 0.5593791939697194
251887946.4455012 0.55857663109252
253248651.89658856 0.5569617596178237
255722661.8076565 0.554038008758735
256397391.7834023 0.5532433818809729
257072121.7591481 0.5524499332653193
257746851.7348939 0.551657660565842
258421581.7106397 0.5508665614502716
258927629.19244903 0.5502740058826363
261469112.1010915 0.5473079890696299
262143842.0768373 0.5465233229007368
262829817.55217886 0.5457267667858948
263504547.52792466 0.5449444350528431
264179277.50367045 0.5441632575324229
264854007.47941625 0.5433832320139582
265528737.45516205 0.5426043562986708
266203467.43090785 0.5418266281995278
266889442.9062494 0.5410371121888709
267564172.8819952 0.5402616918434888
268238902.857741 0.5394874125863427
268913632.8334868 0.5387142722760796
269588362.8092326 0.5379422687823577
270263092.7849784 0.537171399985707
270937822.7607242 0.536401663777392
271623798.23606575 0.535620257529834
272298528.21181154 0.5348527990033267
272973258.18755734 0.5340864667674756
273647988.16330314 0.5333212587553179
274322718.13904893 0.5325571729099671
274997448.11479473 0.5317942071844864
275672178.0905405 0.5310323595417665
276358153.5658821 0.5302589585385774
277032883.5416279 0.5294993595390028
277707613.5173737 0.5287408725352225
278382343.4931195 0.527983495528392
279057073.4688653 0.5272272265289024
279731803.4446111 0.5264720635562682
280406533.42035687 0.5257180046390151
281092508.8956984 0.5249525078602005
281767238.8714442 0.5242006694939394
282441968.84718996 0.5234499292892814
283116698.82293576 0.5227002853098671
283802674.2982773 0.5219392690599717
284477404.2740231 0.5211918299458734
285152134.2497689 0.5204454812666398
285826864.2255147 0.5197002211193698
286501594.2012605 0.5189560476092461
287176324.1770063 0.5182129588494401
287862299.65234786 0.5174585953598709
288537029.62809366 0.5167176884725644
289211759.60383946 0.5159778606910996
289886489.57958525 0.515239110159806
290561219.55533105 0.5145014350305459
291235949.53107685 0.5137648334626271
291910679.50682265 0.5130293036227189
292585409.48256844 0.5122948436847654
293271384.95791 0.5115492376710333
293946114.9336558 0.5108169298433957
295295574.8851474 0.5093555057002819
295970304.8608932 0.5086263857963744
297319764.8123848 0.5071713214038653
297994494.7881306 0.5064453733673822
298680470.26347214 0.5057084064293622
299355200.23921794 0.5049845816582487
300029930.21496373 0.5042618071016018
300704660.19070953 0.5035400810147673
301379390.1664553 0.5028194016593786
302177820.6377545 0.5019679475550474
302852550.6135003 0.501249547552295
303527280.5892461 0.5005321887882793
304202010.5649919 0.4998158695502119
304887986.04033345 0.4990886755572055
305562716.01607925 0.4983744475106465
306237445.99182504 0.4976612538588901
306912175.96757084 0.49694909291265194
307586905.94331664 0.4962379629883465
308261635.91906244 0.4955278624080271
308936365.89480823 0.494818789499328
309611095.87055403 0.4941107425954063
310971801.3216414 0.4926859621522771
312321261.273133 0.4912770578505514
313670721.2246246 0.48987222445068423
314345451.2003704 0.48917133025519427
315706156.6514577 0.48776093947262483
316380886.6272035 0.4870630957422667
317055616.6029493 0.486366259976744
317730346.5786951 0.4856704305714635
318405076.5544409 0.4849756059266783
319079806.5301867 0.48428178444744163
319754536.5059325 0.48358896454356043
320834104.4671258 0.4824825320184676
321913672.42831904 0.48137865299961474
323263132.37981063 0.48000238528719635
323937862.3555564 0.47931573994116505
324612592.3313022 0.4786300848574196
325287322.307048 0.477945418483097
326648027.7581354 0.4765676757880106
327322757.7338812 0.475885982656449
327997487.709627 0.4752052720405158
329346947.66111857 0.4738467922341874
330021677.63686436 0.4731690199935016
330696407.61261016 0.47249222416779013
331382383.0879517 0.4718051478109925
332731843.03944325 0.470456457015865
333406573.01518905 0.4697835679011403
334081302.99093485 0.4691116476417072
335430762.94242644 0.4677707077122388
336116738.417768 0.4670905428480921
336791468.3935138 0.4664224991331345
337466198.3692596 0.4657554168116491
338815658.3207512 0.4644241304485329
339490388.296497 0.46375992346583494
340176363.77183855 0.4630856258902003
340851093.74758434 0.4624233443570748
342200553.69907594 0.4611016375396138
342875283.67482173 0.460442209350277
349228990.946428 0.4542789014663968
349903720.9221738 0.4536292801780539
350578450.8979196 0.4529805922310941
351253180.8736654 0.45233283621635034
351927910.8494112 0.45168601072783976
352602640.825157 0.45104011436274116
353277370.8009028 0.4503951457213725
353963346.27624434 0.4497403772087079
354638076.25199014 0.44909727523197257
355312806.2277359 0.44845509677538864
355987536.2034817 0.44781384045166284
356662266.1792275 0.4471735048765331
357336996.15497327 0.44653408866874766
358011726.13071907 0.4458955904500447
358686456.10646486 0.44525800884513256
359372431.5818064 0.44461073912193755
360047161.5575522 0.4439750018501277
360721891.533298 0.44334017706110546
361396621.5090438 0.44270626339131114
362071351.4847896 0.44207325948005854
362746081.4605354 0.4414411639695158
363432056.93587697 0.4407994633739285
364106786.91162276 0.44016919568609025
364781516.88736856 0.43953983231994737
365456246.86311436 0.4389113719289529
366130976.83886015 0.4382838131693255
366805706.81460595 0.43765715470003236
367491682.2899475 0.4370209734659957
368166412.2656933 0.4363961265141564
368841142.2414391 0.43577217582368455
369515872.2171849 0.43514912006441964
370190602.1929307 0.4345269579088677
370865332.1686765 0.43390568803218527
371540062.1444223 0.4332853091121642
372226037.61976385 0.43265550253753193
372900767.59550965 0.43203691636886377
373575497.57125545 0.43141921718400517
374250227.54700124 0.4308024036711798
374924957.52274704 0.4301864745211715
375599687.49849284 0.4295714284273098
376274417.47423863 0.4289572640854562
376960392.9495802 0.42833376624776787
377635122.925326 0.4277213761491011
378309852.9010718 0.4271098638834891
378984582.8768176 0.4264992281568236
379659312.8525634 0.42588946767745983
380334042.8283092 0.42528058115620354
381008772.804055 0.4246725673062979
381683502.7798008 0.4240654248434107
382369478.25514233 0.4234490553107589
383044208.2308881 0.42284366624814823
383718938.2066339 0.42223914471271773
384393668.18237966 0.42163548942974965
385068398.15812546 0.4210326991268891
385743128.13387126 0.4204307725341329
386429103.6092128 0.41981969794757307
387103833.5849586 0.4192195093166074
387778563.5607044 0.4186201805786976
388453293.5364502 0.41802171047316894
389128023.512196 0.41742409774164113
392512918.89052075 0.4144389689360616
393187648.86626655 0.4138464883036588
393862378.84201235 0.413254856279241
394537108.81775814 0.41266407162243623
395223084.2930997 0.4120643079478376
395897814.2688455 0.41147522838503253
396403861.7506549 0.41103397241848727
396921154.73205996 0.41058340070503946
397595884.70780575 0.40999644195092216
398270614.68355155 0.4094103237405325
398945344.65929735 0.4088250448476996
399631320.1346389 0.4082308704619553
400306050.1103847 0.4076472804717883
400980780.0861305 0.40706452611314786
401655510.0618763 0.4064826061683977
402330240.0376221 0.4059015194220042
403004970.0133679 0.40532126466052754
403679699.9891137 0.4047418406726132
404365675.46445525 0.40415361002996486
405040405.44020104 0.40357585775914673
405715135.41594684 0.4029989326201876
406389865.39169264 0.40242283341002516
406963385.8710765 0.40193379757076075
407525660.8508647 0.4014549284141549
408200390.8266105 0.4008810395167061
408875120.8023563 0.4003079721343425
409561096.27769786 0.3997261945656497
410235826.25344366 0.3991547802768728
410910556.22918946 0.3985841839087131
411585286.20493525 0.39801440427364526
412260016.18068105 0.3974454401861289
412934746.15642685 0.39687729046260095
413609476.13217264 0.3963099539214688
414295451.6075142 0.39573399418022137
414970181.58326 0.395168293970733
415644911.5590058 0.39460340339103384
416319641.5347516 0.3940393212673735
416994371.5104974 0.39347604642793715
417669101.4862432 0.3929135777028379
418343831.461989 0.3923519139241109
419029806.93733054 0.3917817130622388
419704536.91307634 0.39122166904709893
420379266.88882214 0.3906624264665456
421053996.86456794 0.3901039841602661
421728726.84031373 0.3895463409698371
422403456.8160595 0.3889894957387179
422830785.8006985 0.3886372392903274
423269360.28493327 0.388276044962025
423944090.26067907 0.38772101741276854
424618820.23642486 0.3871667840386759
425293550.21217066 0.3866133436912013
425968280.18791646 0.38606069522364955
426654255.663258 0.38549964655506624
427328985.6390038 0.3849485915648415
428003715.6147496 0.38439832500649446
428678445.5904954 0.38384884574070427
429353175.5662412 0.38330015262997164
430039151.04158276 0.3827431193814888
430713881.01732856 0.3821960082307937
431388610.99307436 0.3816496798146791
431950885.9728625 0.38119500324136735
432501915.4530549 0.3807499461759783
433187890.92839646 0.3801966221510546
433862620.90414226 0.3796531541055418
434537350.87988806 0.3791104635354703
435212080.85563385 0.37856854931892797
435886810.83137965 0.3780274103357721
436561540.80712545 0.3774870454676242
437247516.282467 0.37693846694269817
437922246.2582128 0.3763996598117533
438596976.2339586 0.3758616234326796
439271706.2097044 0.3753243566941352
439946436.1854502 0.3747878584865171
440621166.161196 0.3742521277019571
441295896.1369418 0.3737171632343167
441981871.61228335 0.37317406713503143
443331331.56377494 0.3721079852865514
444006061.53952074 0.3715760877488237
444680791.51526654 0.3710449510048267
445355521.49101233 0.3705145739587302
446030251.46675813 0.36998495551640187
446716226.9420997 0.3694472866481417
447390956.9178455 0.3689191947354966
448065686.8935913 0.36839185813622416
448740416.8693371 0.36786527576296457
449415146.8450829 0.36733944653003353
450764606.7965744 0.3662900431507694
451450582.271916 0.36575774691669755
452125312.24766177 0.3652349318926969
452800042.22340757 0.3647128645876404
453283598.7060254 0.36433917570407826
453778400.688239 0.3639571929341548
454453130.6639848 0.3634369529977208
455127860.6397306 0.36291745707603457
455802590.61547637 0.36239870409906344
457163296.0665637 0.3613548078060093
457838026.0423095 0.3608382895793486
458512756.0180553 0.3603225100158436
459187485.9938011 0.35980746805361036
459862215.9695469 0.35929316263237765
460536945.9452927 0.35877959269348336
461211675.9210385 0.35826675717987044
461897651.39638007 0.3577461262076215
462572381.37212586 0.357234768576149
463921841.32361746 0.35621424600109736
464596571.29936326 0.35570507895781117
465271301.27510905 0.3551966400135213
465946031.25085485 0.3546889281223303
466620761.22660065 0.354181942239917
467306736.7019422 0.3536672497777344
467981466.677688 0.35316172484280145
468656196.6534338 0.3526569227757901
469330926.6291796 0.3521528425386744
470005656.6049254 0.3516494830949873
470680386.5806712 0.35114684340981656
471355116.556417 0.35064492244980205
472041092.03175855 0.3501353718699424
472715822.00750434 0.34963489720201596
473390551.98325014 0.34913513815131114
474065281.95899594 0.34863609369066767
475414741.91048753 0.3476401444385976
476089471.88623327 0.3471432376005141
476764201.86197907 0.34664704125917195
477450177.3373206 0.3461433022857022
478124907.3130664 0.3456485356798524
478799637.2888122 0.3451544764998225
479474367.264558 0.3446611237306706
480149097.2403038 0.3441684763589644
480823827.2160496 0.34367653337277854
481498557.1917954 0.3431852937616912
482173287.1675412 0.34269475651678166
482859262.64288276 0.34219676263552673
483533992.61862856 0.3417076387662306
484883452.57012016 0.34073148801969805
485558182.54586595 0.34024445913810064
486232912.52161175 0.3397581265838483
486907642.49735755 0.3392724893584661
488268347.9484449 0.33829523195027733
488943077.9241907 0.3378116862660354
489617807.8999365 0.33732883191497365
490292537.8756823 0.33684666790599765
490967267.8514281 0.3363651932494755
491641997.8271739 0.3358844069572351
492316727.8029197 0.3354043080425614
492991457.7786655 0.33492489552019367
493677433.25400704 0.33443819542242786
494352163.22975284 0.33396016413348073
495701623.18124443 0.33300615086279517
496376353.15699023 0.33253016692360293
497051083.132736 0.3320548634792734
498411788.5838234 0.33109840082971087
499086518.5595692 0.33062514430956175
499761248.535315 0.3301525643761566
500435978.5110608 0.3296806600600998
501110708.4868066 0.3292094303934174
501785438.46255237 0.32873887440955507
503134898.41404396 0.327799779631154
503820873.8893855 0.3273234355761917
504495603.86513126 0.3268555758420746
505845063.81662285 0.3259218619815761
506519793.79236865 0.32545600594045837
507194523.76811445 0.32499081588460405
508543983.71960604 0.32406242991459144
509229959.1949476 0.3235915177459955
509904689.1706934 0.32312899313466587
510579419.1464392 0.32266712973736117
515876049.4560437 0.31906436243848935
516562024.9313853 0.31860071431700543
517236754.9071311 0.3181453243537998
518586214.85862267 0.31723649648946206
520610404.78586006 0.3158781208882089
521971110.2369474 0.3149682617126036
522645840.2126932 0.3145180644468204
523320570.188439 0.31406851074540504
523995300.16418475 0.3136195996871461
524670030.13993055 0.31317133035217054
525344760.11567634 0.3127237018219404
526030735.5910179 0.3122692687845914
526705465.5667637 0.3118229297553455
527380195.5425095 0.3113772287679911
528054925.5182553 0.31093216490933234
