1.0 1.0
1540634.4446195664 0.9939991392691296
5667732.796264682 0.9803353850750114
9052628.174589423 0.9678115892724135
12831116.038765877 0.953814829727521
13224708.524617592 0.9522207731288508
21602605.72346122 0.940168263629088
21996198.209312934 0.9395401776048107
29969257.42270908 0.9282520390367753
37402532.6555086 0.9067925440967739
38729501.607808664 0.9020402039385059
42789126.961879194 0.8901187674727503
47523482.29169553 0.9054288633256633
48872942.24318712 0.9014127832567544
50222402.19467871 0.8980153634932201
50897132.170424506 0.8965421779606206
51571862.1461703 0.8952314475921604
53607297.57300345 0.8932691223298702
54743093.03217554 0.8899610806241551
55204158.515601836 0.8885035307118844
57914323.91818078 0.8806567247071313
58589053.893926576 0.8789013218561018
59263783.86967237 0.8772375148807738
59657376.355524085 0.8766053813367322
60050968.8413758 0.8751488294410891
60736944.31671736 0.8738669307050992
64785324.17119213 0.8645830341601691
66820759.59802528 0.8579812556726606
69823307.99009407 0.8503311701112318
70419319.46866952 0.8491928196369665
71060312.94562803 0.847800972581589
73084502.87286541 0.8440167099261215
75041219.80252822 0.8415328647930584
76997936.73219103 0.8358628470369786
78358642.18327838 0.8316043040344707
79033372.15902418 0.830834111328673
84656121.95690581 0.8173908636796352
85758180.91729061 0.8157334329314286
86444156.39263217 0.8148762463170672
89817806.27136114 0.8051373089845805
90492536.24710694 0.8038436558166532
91178511.7224485 0.8029086237974606
93315156.64564352 0.7980542640166052
94484688.6036029 0.7941362669456716
94979490.58581647 0.7929805066024495
98296912.96656664 0.7870344814123323
103649770.77414995 0.7920827339236801
104324500.74989575 0.7906283443983432
104999230.72564155 0.7892803546951375
105673960.70138733 0.7875863853909321
106359936.17672889 0.7865659673861085
107034666.15247469 0.7854093753576318
107428258.6383264 0.7847316102127901
107821851.12417813 0.7833524601640793
108496581.09992391 0.782680516793308
109857286.55101126 0.7791781387935242
110532016.52675706 0.7780522080993998
111206746.50250286 0.7767916558626566
111881476.47824866 0.7751891161027797
113230936.42974025 0.7724882020437733
113905666.40548605 0.7709278562712369
114591641.8808276 0.7697436524115446
115097689.36263695 0.7682471797940195
116300957.81938362 0.7685461970921345
116975687.79512942 0.7678246300426972
118325147.746621 0.7644623626911784
118999877.7223668 0.7633106498620429
119685853.19770835 0.7622839110719963
121710043.12494574 0.7605518507534688
122384773.10069154 0.7594456586413361
123059503.07643734 0.7583001002603725
123734233.05218314 0.7566579170051392
124408963.02792892 0.7553760737167255
125083693.00367472 0.753878991198573
126208242.96325104 0.7520105905250192
126882972.93899684 0.7505880266877131
127366529.42161466 0.7504553457364509
127861331.40382825 0.7489389682055609
129210791.35531984 0.7456582056569597
129885521.33106562 0.7439283077087382
130560251.30681142 0.7425966189570318
131156262.78538688 0.7423474471222097
131741028.76436657 0.7411959560777012
133776464.19119972 0.7405863333865845
134878523.1515845 0.7365635998640286
135317097.6358193 0.735772947791815
136666557.58731088 0.7329227745864886
137341287.56305668 0.7318260081932588
139365477.49029407 0.7277613579155656
141400912.91712722 0.7238166915881455
142750372.8686188 0.7202709552473426
143425102.84436458 0.7200293239876429
146135268.24694353 0.7180378898663566
147484728.19843513 0.7151192969807796
148553050.66003263 0.7123432543346216
148957888.64548013 0.7113077551681982
149632618.62122592 0.7102682639239088
150307348.59697172 0.7096825382240229
151656808.5484633 0.7068290382890342
152331538.52420908 0.7054690169216876
153006268.49995488 0.7049855880652371
154366973.95104223 0.7015904970090597
155041703.92678803 0.7004407247712809
155716433.90253383 0.6990730519279822
156391163.87827963 0.6979852122595356
157065893.85402542 0.6971108930027428
158426599.30511278 0.6971480968955899
159101329.28085858 0.696006253360289
159776059.25660437 0.6945292975401284
160450789.23235017 0.6932186780668206
161800249.18384176 0.6914680435199798
163014763.1401842 0.6878433528625657
163543301.62118506 0.6877813094094366
164229277.09652662 0.6863051852688528
164904007.07227242 0.6849432233101495
165578737.04801822 0.6845824952330071
166928196.9995098 0.6815556173871958
167602926.9752556 0.6798250540907709
168277656.9510014 0.6787133174310935
168963632.42634296 0.677556780850193
169638362.40208876 0.6764012977334963
170313092.37783456 0.6752673274530971
171662552.32932612 0.6754998656566406
172337282.30507192 0.6738623398217989
174372717.73190507 0.670575034714703
175722177.68339667 0.6675768221643114
176396907.65914246 0.6664276598271599
177071637.63488826 0.6655383148563435
177746367.61063406 0.6641192440857507
178432343.08597562 0.6638438465466632
179107073.0617214 0.6629839985565206
179781803.0374672 0.6616557474239512
180411551.01482996 0.6605960185978729
181041298.9921927 0.6590156570168193
181716028.96793848 0.658318042406189
182402004.44328004 0.6567774352099666
183076734.41902584 0.6559678207934395
183751464.39477164 0.6553118457114209
184426194.37051743 0.6551700717040023
185100924.34626323 0.6537929176885469
185775654.32200903 0.6528457985633149
186450384.29775482 0.6517378876387749
187125114.27350062 0.6507592754996139
187811089.74884218 0.6498194197229787
188485819.72458798 0.6486233505418741
189160549.70033377 0.6476013246141179
189835279.67607957 0.6463873465529038
190510009.65182537 0.6459020880002488
193220175.0544043 0.6422379201845292
193894905.0301501 0.6407290277868629
194569635.00589588 0.640557535019821
195244364.98164168 0.6394495132058065
195919094.95738748 0.6382811667453921
196593824.93313327 0.6370445669417782
197954530.38422063 0.6368748484290422
200777150.78275722 0.6312240702438013
201451880.75850302 0.6304194459160901
202801340.70999458 0.6271653526296531
207040894.05759734 0.6314536143974618
207715624.03334314 0.630318202531181
208401599.5086847 0.6294621248285995
209076329.4844305 0.628088186647654
209751059.4601763 0.6265866130518383
211100519.41166788 0.626756830575727
211775249.38741368 0.6263602292907893
212449979.36315948 0.6252253718832371
213124709.33890527 0.6244239633900358
213810684.81424683 0.6232692565110174
214485414.78999263 0.6223221928276841
215160144.76573843 0.6209121596656715
215834874.74148422 0.619845500153743
216509604.71723002 0.6187113635362929
217184334.69297582 0.6178632145305116
217859064.6687216 0.6172082374651207
218533794.64446738 0.6162242471154659
219219770.11980894 0.6153097299102656
219894500.09555474 0.6143247415439831
220569230.07130054 0.6129161499621746
221243960.04704633 0.6123366341523593
221918690.02279213 0.6110344423813266
222604665.4981337 0.6103734217629161
223279395.4738795 0.6092906830670823
225146148.4067762 0.6087979948287798
225663441.3881813 0.6082273502848161
226338171.3639271 0.6072731341423607
226990410.34048137 0.606241183484549
227631403.81743988 0.605692218108256
228306133.79318568 0.6046574397319345
228699726.2790374 0.6041482287461504
229104564.26448485 0.603522859550908
230454024.21597645 0.60104422628561
231128754.19172224 0.6001346991692256
231803484.16746804 0.5993851876144709
232478214.14321384 0.5983323340209891
233152944.11895964 0.5972096746089509
233827674.09470543 0.5959775658830002
234513649.570047 0.5948037303282951
235188379.5457928 0.5939760406946076
235863109.5215386 0.5932372855551629
236537839.49728438 0.5921882022549197
237212569.47303018 0.5913801403080715
237887299.44877598 0.590334161947186
239248004.89986333 0.5898270578898095
239922734.8756091 0.5893966903311617
240597464.8513549 0.5886383075048778
241272194.8271007 0.587610792477153
241946924.8028465 0.5866842990610657
242621654.7785923 0.5859330686995814
243296384.7543381 0.5847800251797165
243982360.22967964 0.5839553296015895
244657090.20542544 0.5829962897016916
245331820.18117124 0.5822379068754076
246006550.15691704 0.5813929182622378
246681280.13266283 0.580459494165978
247356010.10840863 0.5795025057469114
248030740.08415443 0.5785673628382442
248548033.06555954 0.5781376606221224
249065326.04696465 0.5771423039565303
249740056.02271044 0.5765686653626837
250426031.498052 0.5755706473156328
251100761.4737978 0.5744428869196265
251775491.4495436 0.5737437752812159
253124951.4010352 0.5741480834783268
253799681.376781 0.5730042993516691
254485656.85212255 0.5722095997596911
255160386.82786834 0.5713086112464117
255835116.8036141 0.5702736665273618
256509846.7793599 0.5695585311526221
257184576.7551057 0.5686363624771472
257859306.7308515 0.5673798577567617
258534036.7065973 0.5667012609300723
259208766.6823431 0.566020113613102
259894742.15768465 0.5646861516021825
260569472.13343045 0.5638895668641528
261244202.10917625 0.5630972514259723
261918932.08492205 0.5620485007947211
262593662.06066784 0.5613223317747394
263268392.03641364 0.5605224757551914
263943122.01215944 0.5595486873689308
264629097.487501 0.5587660194376869
265303827.4632468 0.558013901948482
265978557.4389926 0.557176287579629
266653287.4147384 0.5562572792950621
268002747.36622998 0.5566488350419047
268677477.34197575 0.555799355347665
269363452.8173173 0.554467943827594
270038182.7930631 0.5531699104663683
270712912.7688089 0.5519868709626256
271387642.7445547 0.5516632913335928
272028636.2215132 0.5512832127938657
272658384.19887596 0.5502179948649801
273344359.6742175 0.5501213534506154
274019089.6499633 0.5491547729721886
274693819.6257091 0.548387685211994
275109903.11075234 0.5477355913092823
275525986.5957956 0.5471538022334406
276200716.57154137 0.5466115457612096
276875446.54728717 0.5454053855056178
277550176.52303296 0.5449463526492794
278224906.49877876 0.5443021320003338
278899636.47452456 0.5434533176508913
279574366.45027035 0.5426102141832054
280147886.9296543 0.5418027621375523
280732652.908634 0.5411772266041235
281407382.88437974 0.540372380494624
282756842.83587134 0.539559383904265
283431572.81161714 0.5395334908803469
284106302.78736293 0.5387795991368359
284781032.76310873 0.5378448997900419
285455762.7388545 0.5369154123161229
286141738.2141961 0.5358603409036232
286816468.1899419 0.535569695870427
287491198.1656877 0.534597958964998
288165928.1414335 0.5335339608362314
288840658.1171793 0.5326050832612366
289515388.0929251 0.5320181932042656
290201363.56826663 0.5311347808964263
290876093.5440124 0.530305483344916
291550823.5197582 0.5293749424067933
292225553.495504 0.5287516246912468
292900283.4712498 0.5276973849605949
293586258.9465914 0.5266355492038379
294260988.9223372 0.5258823228056917
294935718.898083 0.5250753697694879
295610448.87382877 0.5244437352365988
296285178.84957457 0.5233478005297589
296678771.3354263 0.523087539600983
297758339.29661953 0.5237116335530722
298433069.27236533 0.5224101625744128
299107799.2481111 0.5215409997463256
299782529.2238569 0.5205251837109108
300468504.6991985 0.5196194268877651
301143234.6749443 0.5189904537363349
301660527.6563494 0.5185074130015622
302177820.6377545 0.5179919921257075
302863796.11309606 0.5172222984293592
303538526.08884186 0.5164342522904604
304213256.06458765 0.5156232517361954
304887986.04033345 0.514638041587557
305562716.01607925 0.5139076587135989
306237445.99182504 0.5130108840531605
306912175.96757084 0.5121385608341652
307598151.4429124 0.5116586250444278
308272881.4186582 0.510525763670131
308947611.394404 0.5098797133210067
309622341.3701498 0.5093132271885531
310297071.3458956 0.5085888878681825
310949310.32244986 0.5076902280622602
311601549.29900414 0.5070972944517017
312276279.27474993 0.5063353076726365
312951009.25049573 0.5054945329134432
314311714.7015831 0.5060932882958008
314986444.6773289 0.5047580510400247
315661174.6530747 0.5040591611799957
316335904.6288205 0.5034937839564834
317010634.6045663 0.5031927151786725
317685364.5803121 0.5023550453645145
318360094.5560578 0.5012652651024401
319046070.03139937 0.5009037053423143
323915371.3563649 0.5363143282241373
325388531.8034099 0.5335029113858788
326063261.7791557 0.5325954911990375
326737991.75490147 0.5313882774803772
327423967.230243 0.5304255227376555
328098697.2059888 0.5295783717519086
328773427.1817346 0.5287463019283293
329448157.1574804 0.5277043156413352
330122887.1332262 0.5267945667460013
330797617.108972 0.5257101092474122
331472347.0847178 0.5247897702715482
332158322.56005937 0.5237444018124257
332810561.53661364 0.5233950400506527
333462800.5131679 0.522318344914084
333856392.9990196 0.5217108291508072
334261230.9844671 0.5211590915069875
334935960.9602129 0.5203075603313486
335610690.9359587 0.5193487976608151
336285420.9117045 0.5185097417106226
336960150.8874503 0.5176873193939798
337634880.8631961 0.5169236138064814
338320856.33853763 0.5158763047571376
338995586.31428343 0.5149998231300388
339670316.2900292 0.514121345466278
340345046.265775 0.5131699015947562
340896075.7459674 0.5124701800534471
341458350.7257556 0.5116073380060407
342133080.70150137 0.5107728840275282
342807810.67724717 0.5100111190308189
343482540.65299296 0.5090543523963794
344157270.62873876 0.5080085958189855
344832000.60448456 0.5074436621590497
345506730.58023036 0.506567402313739
346181460.55597615 0.5056939147410651
346856190.53172195 0.5048723241062701
347542166.0070635 0.5037359142233616
348216895.9828093 0.5028736266307096
348891625.9585551 0.5019337154121759
349566355.9343009 0.5011053604331237
350241085.9100467 0.5004631358197045
350915815.8857925 0.4997262658285825
351590545.8615383 0.4988702435713062
352276521.33687985 0.4978659047435745
352951251.31262565 0.49691290839953506
353625981.28837144 0.49602711193733035
354300711.26411724 0.49531330725161693
354975441.239863 0.4942286279712396
355650171.2156088 0.49356699745106614
356324901.1913546 0.49253621114466173
356999631.16710037 0.4914960545578465
357674361.14284617 0.4911086572196754
359035066.5939335 0.4887556078918228
359709796.5696793 0.4884980083445057
360384526.5454251 0.4875987386390916
361059256.5211709 0.4864446416584295
361733986.4969167 0.4860237552696674
362408716.4726625 0.48525594671880296
363094691.94800407 0.484692842758478
363769421.92374986 0.48396794898392054
364444151.89949566 0.48290134491900044
365118881.87524146 0.48189972291746497
365793611.85098726 0.48104009670627185
366468341.82673305 0.48035185237207806
367143071.80247885 0.4794084480902378
367817801.77822465 0.47838098851122474
368503777.2535662 0.4775863443634162
369178507.229312 0.47652035019855565
369853237.2050578 0.47588699685666586
370527967.1808036 0.4748353630621675
371202697.1565494 0.47420128893017566
371877427.1322952 0.47337653790504025
372552157.108041 0.4730119840904895
373226887.0837868 0.4719871858923675
373912862.55912834 0.4709818490463049
374587592.53487414 0.4700727654963357
375262322.51061994 0.4693927825336117
375925806.98677 0.4687579876103822
376600536.9625158 0.46777804477935625
377275266.93826157 0.46721588339148934
377949996.91400737 0.46645434017600057
378635972.3893489 0.46557397736789147
379310702.3650947 0.464812822270674
379985432.3408405 0.4641888114865425
380660162.3165863 0.46344786625470685
381334892.2923321 0.4626620656563429
382009622.2680779 0.46195896194233754
382684352.24382365 0.46115430989197376
383359082.21956944 0.46031982819080863
384045057.694911 0.4596338571198023
384719787.6706568 0.4589086583949313
385394517.6464026 0.45808493311077936
386069247.6221484 0.4570235686402514
386743977.5978942 0.4561728691458927
387418707.57364 0.4556986442373443
388093437.5493858 0.45471254696155294
388768167.5251316 0.4538578831176586
389454143.00047314 0.45320825653727004
390128872.97621894 0.4526295724064637
390803602.95196474 0.45177105510421167
391478332.92771053 0.45098689014632304
392153062.90345633 0.45007431353304717
392827792.8792021 0.44938166128574136
393502522.8549479 0.4488479711352938
394188498.3302895 0.44788870945587866
394863228.3060353 0.44712633455854206
395537958.2817811 0.4462649063703905
396212688.2575269 0.44582103784417754
396887418.2332727 0.44497624329014346
397562148.20901847 0.4442579475233602
398248123.68436 0.44340985396515514
398922853.6601058 0.4428134272912901
400272313.6115974 0.4424100062184933
404759267.95030695 0.46437011809813955
405287806.43130785 0.46367011932916946
405962536.40705365 0.4627239982205652
406648511.8823952 0.4618304116731198
407323241.85814095 0.46101727646949797
407997971.83388674 0.460084684049976
408672701.80963254 0.4593088636315148
409347431.78537834 0.45846296016853955
410022161.76112413 0.4575785221197168
410708137.2364657 0.45671642858620054
411382867.2122115 0.4558451033861039
412057597.1879573 0.45427059130290864
412732327.1637031 0.4531205418403076
413407057.1394489 0.45214326039017266
414081787.1151947 0.45172592251059007
414756517.0909405 0.4509820386696345
415431247.0666863 0.4499106662965512
416117222.54202783 0.4492124417813192
416791952.5177736 0.44864651010362006
417466682.4935194 0.44809005959694215
418141412.4692652 0.44736688463081775
418816142.445011 0.4468198598498559
419490872.4207568 0.4455512402985075
420165602.3965026 0.4450528966203468
420851577.8718442 0.44397426089355696
421526307.84758997 0.44320797709255755
422201037.82333577 0.44255020003130946
422875767.79908156 0.4418377260363254
423438042.77886975 0.4410283888457561
423989072.2590621 0.4406830746014765
424675047.73440367 0.4396807318092712
425349777.71014947 0.4389002262511723
426024507.68589526 0.4381823186026604
426699237.66164106 0.43742121895074804
427373967.63738686 0.43668590143214364
428048697.61313266 0.43575877038936983
428734673.0884742 0.4348704511589691
429409403.06422 0.4343526184060964
430084133.0399658 0.43363776025731465
430758863.0157116 0.43273233610713513
431433592.9914574 0.43217405590027846
432108322.9672032 0.4313741721586456
432794298.44254476 0.43038998775042286
433469028.41829056 0.4296059059610597
434143758.39403635 0.42897152687818635
434818488.36978215 0.42810302939546385
435493218.34552795 0.427103652935031
436167948.32127374 0.42639869179876205
436842678.29701954 0.4255171091905338
437528653.7723611 0.4246606710923336
438203383.7481069 0.4239595911370748
438878113.7238527 0.42336942979858544
439552843.6995985 0.4229810067188631
440227573.6753443 0.4225673005158499
440902303.6510901 0.4217574920390516
441577033.6268359 0.4208458025529287
442251763.6025817 0.42008500785133
442937739.07792324 0.4193337774887102
443612469.05366904 0.41894748905948026
444287199.02941483 0.41840539892316464
444961929.00516057 0.41756193505986
445636658.98090637 0.4168649026220946
446311388.95665216 0.4163243095135592
446986118.93239796 0.415651534458669
447660848.90814376 0.4151150720361524
448346824.3834853 0.4142181587613157
448875362.8644862 0.41333031081771177
449403901.34548706 0.4127150049691943
450089876.8208286 0.41201905371771747
450764606.7965744 0.41132459949288536
451439336.7723202 0.4105037573719806
452114066.748066 0.4098051170163924
452788796.7238118 0.40903489658850994
453463526.6995576 0.40828225236777077
454138256.6753034 0.40768884747041556
454824232.15064496 0.40702996150022624
455498962.12639076 0.4062707469937978
456173692.10213655 0.405407627719298
456848422.07788235 0.40484893167208524
457523152.05362815 0.4040648776053746
458197882.02937394 0.40345558758779193
458883857.5047155 0.4024520249960352
459558587.4804613 0.40161890170825215
460233317.4562071 0.4007953982058885
460908047.4319529 0.39995013236562543
461582777.4076987 0.39968712688743296
462257507.3834445 0.3992883909548417
462932237.3591903 0.3987604671308882
463618212.83453184 0.39809731186141745
464292942.81027764 0.39745602982045625
464967672.78602344 0.39702840681008944
465642402.76176924 0.3964720394713692
466317132.73751503 0.39579413571326477
466991862.7132608 0.3949846321862124
467666592.6890066 0.3941882137846658
468352568.1643482 0.39368734733830907
469027298.140094 0.39301343565239283
469702028.1158398 0.39248631578706683
470376758.0915856 0.3919232949946996
471051488.0673314 0.3904871193026247
471726218.0430772 0.39003532207677266
472400948.01882297 0.3892086581840687
473086923.4941645 0.3885536256728048
473761653.4699103 0.3879780742091185
474436383.4456561 0.3873383446412428
475111113.4214019 0.3866992526955114
475785843.3971477 0.3863413246119551
476460573.3728935 0.38550601122950995
477146548.8482351 0.38461333953187
477765051.326002 0.38440489237358305
478383553.803769 0.38373408563270206
479058283.7795148 0.3833208507153501
479733013.7552606 0.38275733091410125
480407743.7310064 0.3820199896367502
481093719.20634794 0.38131691364539744
481768449.18209374 0.3808140511629466
482443179.15783954 0.38028257883038136
483117909.13358533 0.3797251857512454
483792639.10933113 0.37897908409297526
484467369.0850769 0.3780510104771756
485142099.0608227 0.37772909421127077
485828074.5361643 0.3772227109434285
486502804.5119101 0.37668763465694644
487177534.4876559 0.3758430896073532
487852264.4634017 0.3753639023309382
488526994.4391475 0.374852390359314
489201724.41489327 0.37408474814436493
489876454.39063907 0.37362272123416934
490551184.36638486 0.37301598170686756
491237159.8417264 0.3725769369346906
491911889.8174722 0.3718767995518899
492586619.793218 0.37142259044958764
493261349.7689638 0.37097104272874415
493936079.7447096 0.3706627937657521
494329672.2305613 0.3705614117658768
494723264.716413 0.3702708499006384
495397994.6921588 0.36956411450949583
496083970.1675004 0.36903818672163646
496758700.1432462 0.3685568093499917
497433430.118992 0.36813398237100836
498108160.09473777 0.36746406275671256
498782890.07048357 0.3667309630559905
499457620.04622936 0.36628570839317526
500132350.02197516 0.3657917726281266
500807079.99772096 0.3654174881375461
501493055.4730625 0.36466068550813563
502167785.4488083 0.3634509212986269
502842515.4245541 0.36264665736653445
503517245.4002999 0.3619660367810983
504191975.3760457 0.36131369337337804
504877950.85138726 0.36078607449973826
505552680.82713306 0.36027386945952905
506227410.80287886 0.35962909435582907
506789685.782667 0.3591981723412913
507351960.76245517 0.35881970171938693
508037936.2377967 0.3581098336605565
508712666.2135425 0.35736420328851537
509387396.1892883 0.3567717686868385
510062126.1650341 0.35629152794735525
510736856.1407799 0.35578342587051226
511411586.1165257 0.35510244488945736
512086316.0922715 0.3543449769146822
512772291.56761307 0.35396046273919035
513447021.54335886 0.3534057033188606
514121751.51910466 0.3531040246415579
514796481.49485046 0.3524162515930254
515471211.47059625 0.3518440823026032
516145941.44634205 0.3512697506390361
516831916.9216836 0.35062857948925297
522612103.7139059 0.3465731608775724
523286833.68965167 0.34651990552574374
523961563.66539747 0.3455655784909749
524636293.64114326 0.34516207425022044
525311023.61688906 0.34485432429610996
525985753.59263486 0.3438689478109884
526671729.0679764 0.3433599308843399
527346459.0437222 0.34280919125885095
528021189.019468 0.3424666770092929
