1.0 1.028467575388157
2822621.398536578 1.0216292162924085
16699567.899708439 0.9888003887555638
18735003.326541588 0.9840934636898988
20523037.762267947 0.9799810837353597
20984103.24569424 0.9789240457578252
23413131.158379104 0.9733780749695855
23581813.652315553 0.9729943575100903
23739250.646656238 0.9726363870371273
24132843.132507954 0.9717421607717047
24818818.607849512 0.9701860388905896
25493548.583595306 0.9686583806305822
26168278.559341103 0.967133645003582
26674326.041150447 0.9659920074498765
27607702.5075988 0.9638906146029942
28282432.483344596 0.9623749956048856
28957162.45909039 0.9608622731501311
29631892.434836186 0.9593524409640324
30317867.910177745 0.957820401381768
30992597.88592354 0.9563163788766029
33016787.813160926 0.9518215150732632
33691517.78890672 0.9503289410346305
34366247.76465252 0.9488392136421775
34771085.750099994 0.9479467410338576
35175923.73554747 0.9470552896723727
35850653.711293265 0.9455718032394544
36502892.68784754 0.9441404536253564
36873994.17450772 0.9433272420285888
37267586.660359435 0.9424656762699148
37942316.63610523 0.9409909336055172
38931920.6005324 0.9388330554872557
40281380.55202399 0.9359001945076997
40967356.02736555 0.9344136004701273
41642086.00311135 0.9329541810030688
42114396.986133404 0.931934238834059
42519234.97158088 0.9310610833640225
43148982.94894362 0.9297048211092322
47208608.30301416 0.9210193016774495
47883338.27875996 0.9195853231268989
49232798.23025154 0.9167255202598734
49918773.7055931 0.9152759431989087
50593503.6813389 0.9138528546218807
51268233.657084696 0.9124324625905087
51942963.63283049 0.9110147612907747
52617693.60857628 0.9095997449220374
53292423.58432208 0.9081874076970008
53967153.56006788 0.9067777438416831
54641883.535813674 0.9053707475953845
55125440.01843149 0.9043640380334905
55597751.00145355 0.9033820581387777
56272480.977199346 0.9019814849118593
56947210.95294514 0.9005835597113594
57621940.92869093 0.8991882768348669
59657376.355524085 0.8949951243652561
61006836.30701567 0.8922282848198022
61681566.28276147 0.8908487802943719
62356296.25850727 0.8894718784480914
63042271.733848825 0.8880746905746022
63717001.70959462 0.8867030204493648
64391731.68534042 0.8853339361546086
65066461.66108621 0.8839674321308975
65741191.63683201 0.8826035028315695
66415921.6125778 0.8812421427227077
66944460.093578674 0.8801775349006059
67461753.07498379 0.8791370990090319
67889082.0596228 0.8782787413751119
68305165.54466604 0.8774439555632627
69654625.49615762 0.8747432035061655
70329355.47190341 0.873396636223202
71004085.44764921 0.8720526008357139
71678815.42339501 0.870711091908162
72353545.3991408 0.8693721040174887
73028275.3748866 0.8680356317530882
73714250.85022816 0.866679458252692
74388980.82597396 0.865348042760494
75063710.80171975 0.8640191266477184
75738440.77746554 0.8626927045534794
76413170.75321133 0.8613687711291963
77087900.72895713 0.8600473210385648
77762630.70470293 0.8587283489575277
78189959.68934193 0.857894279242384
78617288.67398094 0.8570612000066664
79292018.64972673 0.8557478251008165
80495287.1064734 0.8534117434206941
81170017.0822192 0.8521052043940427
81844747.057965 0.8508011114259679
82519477.0337108 0.8494994592779355
83194207.00945659 0.8482002427234272
83868936.98520239 0.8469034565479125
84554912.46054395 0.8455875433825566
88603292.31501871 0.8378722566944821
89278022.29076451 0.8365947670318546
89963997.76610607 0.8352984296723224
90638727.74185187 0.8340257423132085
91313457.71759766 0.8327554285870813
92662917.66908924 0.8302219017554722
93337647.64483504 0.8289586785398639
94012377.62058084 0.8276978087369349
94687107.59632663 0.8264392873205295
95361837.57207243 0.8251831092760062
95856639.55428602 0.8242633984887962
96340196.03690383 0.8233658033085054
97026171.51224539 0.822094524160375
97700901.48799118 0.8208464311423932
98375631.46373698 0.8196006592374192
99050361.43948278 0.8183572034932751
99725091.41522858 0.8171160589691224
100399821.39097437 0.8158772207354347
101085796.86631593 0.8146200943960551
101760526.84206173 0.8133858922327463
103503579.27940503 0.8102081308051741
103897171.76525675 0.8094926795810091
104313255.25029999 0.8087371875514678
104729338.73534322 0.8079825599188115
105404068.71108902 0.8067606739148065
106078798.68683481 0.805541053155719
106764774.16217637 0.8043034226016296
107439504.13792217 0.8030883554232451
108114234.11366796 0.8018755389700101
108788964.08941376 0.800664968450838
109463694.06515956 0.7994566390856004
109868532.05060703 0.7987327152359073
110262124.53645875 0.7980296712684878
110948100.0118003 0.7968061798574572
111622829.9875461 0.7956049901895306
112297559.9632919 0.794406021718087
112983535.43863346 0.7931893426045222
113658265.41437925 0.7919948391889728
115007725.36587085 0.7896124486065319
115682455.34161663 0.7884245520682471
116357185.31736243 0.7872388484688362
117031915.29310822 0.7860553331493332
117706645.26885402 0.7848740014614188
118392620.74419558 0.7836752146570486
119067350.71994138 0.7824982725301208
119742080.69568717 0.7813235000766015
120416810.67143297 0.7801508926906835
121091540.64717877 0.7789804457770816
121766270.62292457 0.7778121547510065
122441000.59867035 0.7766460150381413
123126976.0740119 0.7754626403536802
123801706.0497577 0.7743008252507927
124476436.0255035 0.7731411477251176
125151166.0012493 0.7719836032441512
125623476.98427136 0.7711745888470471
126084542.46769765 0.770385841238419
126770517.94303921 0.7692141722732831
128119977.8945308 0.7669156337116815
128794707.8702766 0.7657695297904228
129469437.8460224 0.7646255301498608
130144167.82176818 0.763483630333494
130818897.79751398 0.7623438258949903
131504873.27285554 0.7611871681962503
132179603.24860133 0.7600515759528528
132854333.22434713 0.7589180657355834
133529063.20009293 0.7577866331387151
134203793.17583872 0.75665727376657
134878523.1515845 0.7555299832334963
135553253.1273303 0.7544047571638435
136239228.60267186 0.7532628891878606
136632821.0885236 0.7526086786433268
136857731.08043885 0.7522351577748261
137363778.5622482 0.7513955690728423
138038508.537994 0.7502779095323233
138713238.5137398 0.749162294095012
140062698.4652314 0.7469371782628514
140748673.94057295 0.7458091946264027
144797053.7950477 0.739194757138026
145471783.7707935 0.7380993801108834
146146513.7465393 0.7370060001425892
146686297.72713593 0.7361327312194988
146944944.2178385 0.7357147412187497
147192345.20894527 0.7353151980322051
147732129.18954194 0.7344443941178772
148406859.16528773 0.7333576736613201
149081589.1410335 0.7322729320109223
149756319.1167793 0.7311901649961894
150431049.0925251 0.7301093684561215
151105779.0682709 0.7290305382391915
151791754.54361245 0.7279357390032088
153141214.49510404 0.725787938083182
153815944.47084984 0.7247169642942548
154490674.44659564 0.7236479361438077
155165404.42234144 0.7225808495368364
155840134.39808723 0.7215157003876546
156526109.8734288 0.7204347807139342
157200839.8491746 0.7193735263812613
157875569.8249204 0.7183141972374465
158550299.80066618 0.7172567892340054
159191293.2776247 0.7162540274078789
159843532.25417894 0.7152354456824288
160518262.22992474 0.7141836179670155
161192992.20567054 0.7131336956238625
161665303.1886926 0.7123998815359515
162137614.17171466 0.7116669977480614
162823589.64705622 0.7106042252576938
163498319.62280202 0.7095607827853185
163903157.6082495 0.7089356236800795
164319241.09329274 0.7082938063150247
164993971.0690385 0.707254543031493
166343431.0205301 0.7051816494779304
167018160.9962759 0.7041480113299585
167692890.9720217 0.703116240364145
168378866.44736326 0.7020691832992496
169053596.42310905 0.7010411659129886
169728326.39885485 0.7000150039207491
170403056.37460065 0.6989906934326728
170819139.8596439 0.6983599565340002
171235223.34468713 0.6977299213367292
171909953.32043293 0.6967097318750431
172584683.29617873 0.6956913814006644
173259413.27192453 0.6946748660609894
173934143.24767032 0.6936601820121605
174608873.22341612 0.692647325419046
175294848.69875768 0.6916194573342597
175969578.67450348 0.6906102744798753
176396907.65914246 0.6899720648232252
176835482.14337724 0.6893178165602702
177510212.11912304 0.6883127745333044
178859672.07061464 0.6863081085218141
179534402.0463604 0.685308476984605
180209132.0221062 0.6843106414055709
180895107.49744776 0.6832980124694159
181569837.47319356 0.6823037873262865
182244567.44893935 0.6813113468397513
182919297.42468515 0.6803206872804798
183594027.40043095 0.6793318049275974
184268757.37617674 0.6783446960686659
184943487.35192254 0.6773593569996632
185618217.32766834 0.6763757840249639
186304192.8030099 0.6753776248583993
186978922.7787557 0.6743976022999334
187653652.7545015 0.6734193347379718
188328382.7302473 0.6724428185104164
189003112.7059931 0.671468049963468
189677842.68173888 0.670495025451605
190352572.65748468 0.6695237413375651
191713278.10857204 0.6675702642214931
192388008.08431783 0.6666042083546782
193062738.06006363 0.6656398783588353
193523803.5434899 0.6649819102935718
193984869.0269162 0.6643247452895542
194670844.50225776 0.6633484957437175
195345574.47800356 0.6623899783268499
195952831.45617476 0.6615287749470526
196571333.93394175 0.6606530446240425
197246063.90968755 0.6596993350770399
197920793.88543335 0.6587473256899412
198595523.86117914 0.6577970129248276
199270253.83692494 0.6568483932517861
199956229.3122665 0.6558856952748993
200630959.2880123 0.6549404792994039
201305689.2637581 0.6539969458157238
201980419.2395039 0.6530550913259141
202655149.2152497 0.6521149123399426
203329879.19099548 0.65117640537567
204004609.16674125 0.6502395669588324
205365314.6178286 0.6483553374390838
206040044.5935744 0.6474235115044419
206714774.5693202 0.6464933402412416
207277049.5491084 0.6457194590285942
207839324.52889654 0.6449467225240084
208525300.0042381 0.6440055312744064
209200029.9799839 0.6430814251498542
209874759.9557297 0.6421589576761493
210549489.9314755 0.6412381254544606
211235465.40681705 0.6403036188938298
211910195.38256285 0.6393860741230463
212584925.35830864 0.6384701543975895
213259655.33405444 0.637555856349364
213934385.30980024 0.6366431766178814
214327977.79565194 0.6361115261218651
214732815.7810994 0.6355652582240114
215407545.7568452 0.6346561001760047
216082275.732591 0.6337485497976322
216757005.7083368 0.632842603760035
217431735.6840826 0.6319382587418695
218106465.6598284 0.6310355114292885
219467171.11091575 0.6292198174673898
220141901.08666155 0.6283218698988284
220816631.06240734 0.6274255068004146
221491361.03815314 0.626530724895648
222166091.01389894 0.6256375209154201
222852066.4892405 0.6247310444317218
223526796.4649863 0.6238410126853375
224201526.4407321 0.6229525490462897
224876256.4164779 0.6220656502749865
225550986.39222366 0.6211803131391416
226225716.36796945 0.6202965344137563
226900446.34371525 0.6194143108811034
228261151.7948026 0.6176398776165379
228935881.7705484 0.6167623261608545
229610611.7462942 0.6158863170462785
230285341.72204 0.6150118470913029
230960071.6977858 0.6141389131215889
231634801.6735316 0.6132675119699504
232995507.12461895 0.611514835986305
233670237.10036474 0.6106480397197561
234344967.07611054 0.6097827636214728
235019697.05185634 0.6089190045598964
235694427.02760214 0.6080567594105208
236234211.00819877 0.607368051212628
236785240.48839116 0.6066659906070656
237459970.46413696 0.605807692127905
238134700.43988276 0.6049508963192604
238809430.41562855 0.6040956000889677
239495405.8909701 0.6032275830172844
240170135.8667159 0.6023753015592319
240844865.8424617 0.6015245103935997
241519595.8182075 0.6006752064560785
242194325.7939533 0.5998273866892533
242869055.7696991 0.5989810480425871
243555031.24504066 0.5981221189681891
244229761.22078645 0.5972787579959657
244904491.19653225 0.5964368689829548
246535088.6379179 0.5944083624512081
247884548.5894095 0.5927360559351963
248559278.5651553 0.59190208767177
249234008.5409011 0.5910695720872304
249919984.01624265 0.5902246673689886
250594713.99198845 0.5893950722966761
251269443.96773425 0.5885669209347457
251944173.94348004 0.5877402103236176
252618903.91922584 0.5869149375103606
253293633.89497164 0.5860910995486768
253968363.87071744 0.5852686934988858
254643093.84646323 0.5844477164279094
255329069.3218048 0.5836145182908048
255812625.8044226 0.5830280659733184
256296182.2870404 0.5824423434946675
256970912.2627862 0.5816262739772776
257656887.73812777 0.5807980548878503
258331617.71387357 0.5799848380129404
259006347.68961936 0.5791730313079426
259681077.66536516 0.5783626318885877
260355807.64111096 0.5775536368770783
261716513.0921983 0.5759264238521895
262391243.0679441 0.5751216481013004
263065973.0436899 0.5743182652640082
263740703.0194357 0.5735162724947565
264415432.9951815 0.5727156669543709
265090162.9709273 0.5719164458100439
265764892.9466731 0.5711186062353191
266450868.42201465 0.570308882728028
267125598.39776042 0.5695138207469309
267800328.37350622 0.5687201318472916
268475058.34925205 0.5679278132280177
269149788.32499784 0.567136862094294
269824518.30074364 0.5663472756575683
270510493.7760852 0.5655459255827942
271185223.751831 0.5647590828282116
271859953.7275768 0.5639735963962891
272534683.7033226 0.5631894635234823
273209413.6790684 0.562406681452437
273884143.6548141 0.5616252474319741
274558873.6305599 0.5608451587170747
278618498.98463047 0.5561798682369186
279293228.96037626 0.5554091423964282
279967958.93612206 0.5546397400765293
280653934.4114636 0.5538588684040229
281328664.3872094 0.5530921270073759
282003394.3629552 0.5523267010344264
282678124.338701 0.5515625878131692
283341608.81485105 0.5508124873421624
284016338.79059684 0.5500509698635005
284691068.76634264 0.5492907572004986
285377044.2416842 0.5485192092138045
286051774.21743 0.5477616198795818
286726504.1931758 0.5470053273900166
287401234.1689216 0.5462503291146397
288075964.1446674 0.54549662242886
288761939.62000895 0.5447316753242617
289436669.59575474 0.5439805653845455
290786129.54724634 0.5424821940266655
291460859.52299213 0.5417349274120764
292135589.49873793 0.540988936719107
292810319.4744837 0.5402442193640284
293496294.9498253 0.5394883927437985
294171024.9255711 0.5387462354510805
294845754.9013169 0.5380053437369016
295520484.8770627 0.5372657150406239
296195214.8528085 0.5365273468073247
296869944.8285543 0.5357902364877833
297544674.80430007 0.5350543815384674
298230650.2796416 0.5343075466527485
301604300.1583706 0.5306533437890241
302279030.13411635 0.5299262262949727
302953760.10986215 0.5292003439844906
303639735.5852037 0.5284636273005339
304246992.56337494 0.527812512973457
305551470.5164835 0.5264171837599279
306226200.4922293 0.5256972568267362
306822211.97080475 0.5250623368163524
307429468.948976 0.5244164150226206
308104198.9247218 0.5236998795431914
308778928.9004675 0.5229845579079909
309464904.3758091 0.5222585560837965
310139634.3515549 0.5215456749353092
310814364.32730067 0.5208340002709796
311489094.30304646 0.5201235296619079
312163824.27879226 0.5194142606846017
312838554.25453806 0.5187061909209637
313524529.7298796 0.5179875468680795
314199259.7056254 0.5172818881851969
314873989.6813712 0.516577421453946
315548719.657117 0.5158741442777719
316223449.6328628 0.5151720542654524
316898179.6086086 0.5144711490310845
317572909.5843544 0.5137714261940725
318258885.05969596 0.5130612509827701
318933615.03544176 0.5123639054273343
320193110.99016726 0.5110653363411484
320879086.4655088 0.5103597970470524
321553816.4412546 0.5096670021804139
322228546.4170004 0.5089753734286705
322903276.3927462 0.5082849084527201
323578006.368492 0.507595604918659
324252736.3442378 0.5069074604977688
324927466.3199836 0.5062204728665057
325613441.79532516 0.5055232189215753
326288171.77107096 0.5048385571026327
326962901.74681675 0.5041550450951817
327637631.72256255 0.5034726805963383
328312361.69830835 0.502791461308332
328987091.67405415 0.5021113849384938
329661821.64979994 0.5014324491992447
330347797.1251415 0.5007433648162576
331022527.10088724 0.5000667224109935
331539820.0822924 0.49954873116089427
332057113.0636975 0.49903140528792933
332731843.03944325 0.4983576306740083
333417818.5147848 0.4976737828541702
334092548.4905306 0.49700228078250114
335442008.4420222 0.49566264484964323
336116738.417768 0.49499450650451116
336791468.3935138 0.49432748492589906
337466198.3692596 0.4936615778842438
338140928.3450054 0.49299678315492546
338826903.82034695 0.4923220464999749
339501633.79609275 0.49165948818707805
340176363.77183855 0.4909980355054092
340851093.74758434 0.49033768625008534
341525823.72333014 0.4896784382211089
342200553.69907594 0.48902028922335616
342875283.67482173 0.4883632370665657
343561259.1501633 0.4876963562020462
344235989.1259091 0.48704150936525925
344910719.1016549 0.4863877527914907
345585449.0774007 0.4857350843098964
346260179.0531465 0.48508350175443804
346665017.03859395 0.4846930725664317
347058609.52444565 0.4843138622403385
347733339.50019145 0.4836646431195448
348408069.47593725 0.48301650306153654
349094044.9512788 0.4823586646462472
350443504.9027704 0.481067796307446
351118234.8785162 0.4804239689112101
351792964.854262 0.4797812098594465
352478940.32960355 0.47912883117051946
358562755.6109115 0.47339085864717123
359237485.5866573 0.4727597471430245
359912215.5624031 0.4721296787535908
360586945.5381489 0.4715006514122785
361261675.5138947 0.4708726630570591
361936405.4896405 0.4702457116304569
362622380.96498203 0.4696093718930475
363297110.94072783 0.46898450536586994
363971840.9164736 0.4683606695880667
364646570.8922194 0.4677378625203425
365321300.8679652 0.46711608212790173
365996030.843711 0.46649532638043834
366670760.8194568 0.4658755932521253
367356736.2947984 0.4652465774813337
368031466.2705442 0.4646289004909897
368706196.24628997 0.46401224003558117
369380926.22203577 0.46339659410716677
370055656.19778156 0.4627819607022325
370730386.17352736 0.46216833782168054
371405116.14927316 0.4615557234708198
372079846.1250189 0.46094411565935534
372765821.60036045 0.4603233441799208
373440551.57610625 0.45971376018666715
374115281.55185205 0.459105176755284
374790011.52759784 0.4584975919130318
375464741.50334364 0.4578910036915162
376139471.47908944 0.4572854101266778
376814201.45483524 0.45668080925878224
377488931.43058103 0.45607719913241024
378174906.9059226 0.4554645424736732
378849636.8816684 0.45486292441222387
379411911.8614566 0.454362328440258
379974186.84124476 0.45386241528298243
380480234.3230541 0.45341307632245004
380840090.3101185 0.45309388188610056
381379874.29071516 0.4526156123605282
381795957.7757584 0.45224737335012166
382223286.7603974 0.4518695684358661
382898016.7361432 0.45127383059903914
383572746.71188897 0.450679066065575
384247476.68763477 0.4500852729227271
384922206.66338056 0.4494924492619545
385596936.63912636 0.4489005931789125
386271666.61487216 0.44830970277344284
386957642.0902137 0.4477099521937574
387632372.0659595 0.4471210034751462
388307102.0417053 0.4465330147272277
388981832.0174511 0.445945984066561
389667807.49279267 0.44535014979681886
390342537.46853846 0.44476504556655816
391017267.44428426 0.4441808937668665
391691997.42003006 0.44359769253086523
392366727.39577585 0.4430154399957753
393041457.37152165 0.44243413430290773
393716187.34726745 0.4418537735976539
394402162.822609 0.4412647070499514
395076892.7983548 0.4406862464449293
395751622.7741006 0.44010872525741
396426352.7498464 0.4395321416490796
397101082.7255922 0.43895649378565704
397775812.701338 0.4383817798368853
398450542.6770838 0.43780799797652203
399125272.6528296 0.4372351463823294
399811248.12817115 0.43665369903930756
400463487.10472536 0.436101735748585
401126971.5808754 0.4355411425430815
401812947.05621696 0.4349624846195408
402487677.03196275 0.4343942418233428
403162407.00770855 0.43382691847342275
403837136.98345435 0.43326051277525496
404511866.95920014 0.4326950229382457
405186596.93494594 0.43213044717572335
405861326.91069174 0.4315667837049304
406547302.3860333 0.43099465923500124
407222032.3617791 0.43043283014561806
407896762.3375249 0.42987190799359576
408571492.3132707 0.42931189101180445
409246222.2890165 0.4287527774369824
409920952.2647623 0.4281945655097269
410595682.2405081 0.4276372534744859
411270412.2162539 0.42708083957954834
411956387.69159544 0.4265160710364917
412631117.66734123 0.42596146307840116
413305847.643087 0.42540774799946907
413980577.6188328 0.4248549240633245
414655307.5945786 0.42430298953739337
415330037.5703244 0.42375194269289
416004767.5460702 0.42320178180480805
416679497.521816 0.42265250515191155
417354227.4975618 0.42210411101672685
418040202.9729034 0.42154747991596975
418714932.94864917 0.4210008603158916
419389662.92439497 0.4204551180751822
420064392.90014076 0.4199102514913902
420739122.87588656 0.41936625886578305
421413852.85163236 0.41882313850333786
422088582.82737815 0.41828088871273283
422774558.3027197 0.4177304921430168
423449288.2784655 0.4171899928759809
424124018.2542113 0.41665035910096865
424798748.2299571 0.4161115891414386
425473478.2057029 0.4155736813245081
426148208.1814487 0.41503663398094437
426946638.65274787 0.4144022372391234
427621368.62849367 0.4138670628125627
428296098.60423946 0.4133327435698509
428970828.57998526 0.41279927785693316
429656804.0553268 0.41225779433406173
430331534.0310726 0.4117260448895943
431006264.0068184 0.4111951440070044
431680993.9825642 0.41066509004667234
432355723.95831 0.41013588137255186
433030453.9340558 0.4096075163521614
433705183.9098016 0.40907999335657597
434391159.38514316 0.4085445398279586
435065889.36088896 0.4080187099752995
435740619.33663476 0.40749371725498573
436415349.31238055 0.4069695600522954
437090079.2881263 0.4064462367560219
437764809.2638721 0.4059237457584659
438439539.2396179 0.4054020854554276
439114269.2153637 0.4048812542461985
439800244.69070524 0.4043525908066621
440474974.66645104 0.40383342674841377
441149704.64219683 0.4033150869762398
441824434.61794263 0.4027975699033734
442409200.59692234 0.40234971935532365
442993966.57590204 0.4019024845279774
443679942.0512436 0.4013786270822987
444354672.0269894 0.40086418105850885
445029402.0027352 0.40035055024387534
445704131.978481 0.3998377330713655
446378861.9542268 0.3993257279773525
447053591.9299726 0.39881453340160655
447739567.40531415 0.39829564820523133
448414297.38105994 0.39778608344253885
449089027.35680574 0.397277324511925
449763757.33255154 0.3967693698667279
450438487.30829734 0.3962622179636437
451113217.2840431 0.3957558672627199
451799192.75938463 0.39524189714296365
452473922.7351304 0.39473715752909777
453148652.7108762 0.39423321449208826
453823382.686622 0.3937300665053624
454498112.6623678 0.3932277120456596
455172842.6381136 0.39272614959302343
455847572.6138594 0.39222537763079435
456241165.0997111 0.3919336251037371
456646003.08515865 0.39163381656114404
457320733.06090444 0.39113476524829494
457995463.03665024 0.39063649961968333
458670193.01239604 0.3901390181723583
465293792.2743006 0.38529673010421805
465979767.74964213 0.38479949064388597
466654497.72538793 0.3843111756886614
467329227.7011337 0.3838236259133875
468003957.6768795 0.3833368398595143
468678687.6526253 0.382850816071647
469353417.6283711 0.3823655530975389
470028147.6041169 0.38188104948808366
470702877.5798627 0.38139730379730835
471388853.0552043 0.3809062711629445
472063583.03095007 0.3804240495558626
472738313.00669587 0.37994258152435256
473413042.98244166 0.3794618656349543
474087772.95818746 0.3789819004573054
474773748.433529 0.3784947039725698
475448478.4092748 0.37801624839197484
476123208.3850206 0.37753853922689484
476797938.3607664 0.3770615750593363
477472668.3365122 0.3765853544743675
478147398.31225795 0.3761098760601112
478822128.28800374 0.37563513840773793
479496858.26374954 0.3751611401114588
480182833.7390911 0.37467999834026466
480857563.7148369 0.3742074868149863
481532293.6905827 0.37373571042335585
482207023.6663285 0.3732646677717272
482881753.6420743 0.37279435746945977
483556483.6178201 0.37232477812891157
484231213.5935659 0.3718559283654327
484917189.06890744 0.37138001093280054
485591919.04465324 0.37091262828339144
486266649.02039903 0.3704459710520801
486941378.99614483 0.3699800378661646
487616108.9718906 0.3695148273559004
488290838.9476364 0.3690503381544937
488965568.9233822 0.36858656889809416
489640298.899128 0.3681235182257889
490315028.8748738 0.3676611847795954
491001004.3502154 0.36719187963551614
491675734.3259612 0.36673098847649543
492350464.30170697 0.36627081046469073
493025194.27745277 0.36581134425382206
498029441.59756744 0.36242572195689715
498704171.57331324 0.361972193783105
499378901.54905903 0.3615193648739348
500064877.0244006 0.36105970430262674
500739607.0001464 0.36060828157570046
501414336.9758921 0.36015755415075995
501875402.45931846 0.35984995629931527
502347713.4423405 0.35953519163453695
503022443.4180863 0.35908611607794183
503697173.3938321 0.35863773140951877
504383148.86917365 0.35818258058115493
505057878.84491944 0.3577355852571421
507082068.77215683 0.35639871600569645
507756798.74790263 0.355954460871114
508431528.7236484 0.3555108875725655
509106258.6993942 0.3550679948310278
509792234.1747358 0.3546184168936338
510466964.1504816 0.35417689272935726
511141694.1262274 0.3537360452802937
511816424.1019732 0.3532958732783967
512491154.077719 0.3528563754583369
513165884.0534648 0.35241755055749574
513840614.02921057 0.3519793973159592
514526589.5045521 0.35153462876850106
515201319.4802979 0.3510978262184651
515876049.4560437 0.35066169154331595
516550779.4317895 0.3502262234939406
517225509.4075353 0.34979142082389986
517900239.3832811 0.3493572822894217
518574969.3590269 0.3489238066493957
519260944.83436847 0.34848378469762065
519935674.81011426 0.34805164213033035
520610404.78586006 0.34762015872953733
521285134.76160586 0.3471893332647596
521959864.73735166 0.3467591645081458
522634594.71309745 0.3463296512344698
523309324.6888432 0.3459007922211242
523747899.173078 0.3456223841315472
524186473.65731275 0.3453442516170089
524861203.63305855 0.3449168927768293
525535933.60880435 0.34449018418088084
526143190.5869756 0.3441067014020572
526739202.06555104 0.3437308305079123
527413932.0412968 0.3433059253882347
