1.0 1.0
483557.4826178201 0.9990668010283225
5678978.295860445 0.9763656896727644
6353708.27160624 0.9760326554954722
17610453.366965264 0.9678625421865372
19634643.294202648 0.9653261057988782
22333563.19718583 0.9569714398238095
24357753.124423217 0.9511204286039152
25707213.075914808 0.9463901182316702
26921727.03225724 0.9423912693313635
27461511.012853876 0.9406530487139164
28822216.46394123 0.9405395040248133
30846406.391178615 0.9332759333343618
34197565.27071607 0.9213279352124204
34861049.7468661 0.9195413928814171
35535779.7226119 0.9185271472756987
36885239.67410348 0.9156778107599985
40809919.03302486 0.9146417863524954
42170624.48411222 0.9104297434025204
44194814.4113496 0.9046642026372314
45544274.3628412 0.9007324483246203
46230249.838182755 0.8990340987984453
47579709.78967434 0.8983600902528065
48254439.76542014 0.8975317017705259
50953359.66840332 0.8895941225344355
51751790.139702514 0.8863736389383197
55136685.51802725 0.874235983750836
58521580.89635199 0.865799647274882
59151328.87371474 0.8655683609357262
59781076.85107748 0.8642218184551751
61546620.28761231 0.8578272446465437
62221350.26335811 0.8567706891825599
68305165.54466604 0.8385308292580054
69665870.99575338 0.8361878498779933
70340600.97149917 0.8356320367074445
72106144.40803401 0.830104588156869
72522227.89307725 0.8289246194827716
73196957.86882305 0.8271826556352196
74546417.82031465 0.8232412596670202
75232393.2956562 0.8218845083760364
77256583.22289358 0.8134461868523188
77931313.19863938 0.8133089917434748
78606043.17438518 0.812080758067821
79280773.15013097 0.810506785913834
80641478.60121833 0.8106832849532981
81316208.57696413 0.809190983306004
81990938.55270992 0.8077502928773336
82665668.5284557 0.8072178465491034
83340398.5042015 0.8059117423146692
87400023.85827205 0.815013409842748
88074753.83401784 0.8137172875591318
88749483.80976364 0.8124564991106081
89435459.2851052 0.8108592168321099
90784919.23659678 0.8073868591225503
91459649.21234258 0.8062405795310116
92494235.1751528 0.805228772698094
93168965.15089859 0.8050211367786793
94248533.11209187 0.8019027980337372
94642125.59794357 0.8010386786975188
95316855.57368937 0.7995735438346481
95991585.54943517 0.7977850164558812
97341045.50092676 0.7942452238633961
98015775.47667256 0.7930622492616533
98690505.45241836 0.7915128349716739
99376480.92775992 0.790281538656375
101400670.85499729 0.7845902386495691
102075400.83074309 0.7834311413271821
102750130.80648889 0.7819240369012758
103424860.78223468 0.7806664245280125
103975890.26242709 0.7791531948112005
105190404.21876952 0.7788862343475298
105865134.19451532 0.7771857296201686
106539864.17026111 0.775710726242095
107225839.64560267 0.7752984603309108
107900569.62134846 0.7735247924427557
108294162.10720018 0.7720052105754232
108687754.5930519 0.7714687374396659
109362484.5687977 0.7702284233298154
110037214.54454347 0.7686336932597331
110711944.52028927 0.7673011595375271
111397919.99563083 0.7658751017456616
112072649.97137663 0.764934473031582
112747379.94712242 0.7633802946316162
113422109.92286822 0.7627497302597395
114096839.89861402 0.7610952219145564
114771569.87435982 0.759865627063791
115446299.85010561 0.7586723869280002
116121029.82585141 0.7574445502653838
117481735.27693875 0.7566842205328729
118156465.25268455 0.7562610652207963
118831195.22843035 0.7544734452862959
119505925.20417614 0.7528938582900555
120180655.17992194 0.7514752302405923
120855385.15566774 0.7498716525293809
121530115.13141353 0.7486457441967207
122036162.61322288 0.747559866752935
122542210.09503223 0.7462995320294485
123216940.07077803 0.7448516387179909
123891670.04652381 0.7431361610702103
124566400.0222696 0.7419185332180267
125241129.9980154 0.7412674377896694
125915859.9737612 0.7403003228700105
126590589.949507 0.7393233394351486
127265319.9252528 0.7375618086931902
127940049.90099859 0.7358741217024852
128626025.37634015 0.7344956483217164
129300755.35208595 0.734223867024444
129975485.32783175 0.7342139985092411
130650215.30357753 0.7330524624140532
133079243.2162624 0.7224457889318314
133472835.7021141 0.7211776274529056
134147565.6778599 0.7193944313447775
134822295.6536057 0.7179451768582082
135497025.6293515 0.7167454711420894
136183001.10469306 0.7151868689273668
136857731.08043885 0.7135283337688488
137532461.05618465 0.7128720772174677
138207191.03193045 0.7114937739843138
138881921.00767624 0.7099829830403026
139556650.98342204 0.708783844484836
140231380.95916784 0.7078566006564494
140906110.93491364 0.7070419373492839
141592086.4102552 0.7052195507403431
142266816.386001 0.7048864031332437
142919055.36255524 0.7048465887597789
144257269.81445107 0.7014475643586279
144931999.79019687 0.700528430863103
145617975.26553842 0.6992578306113764
146292705.24128422 0.6984196303258926
146967435.21703002 0.6974265963613067
147642165.19277582 0.6963765631954584
148035757.67862752 0.6958987907313049
148159458.17418092 0.6955601984237593
148316895.1685216 0.6952348208542917
148463086.66326654 0.6946500827169781
148856679.14911824 0.694390665425517
149531409.12486404 0.6927380854102899
150206139.10060984 0.6917067683949658
150892114.5759514 0.6907997720514452
151566844.5516972 0.690652765139398
152916304.5031888 0.6876951584816182
153591034.4789346 0.6862805005334899
154265764.45468038 0.6850050227361616
154951739.93002194 0.6838084363833032
156301199.88151354 0.6838665699000626
157650659.83300513 0.6810170065189398
158325389.8087509 0.680010701104276
159674849.7602425 0.6764978484365997
160360825.23558405 0.6759071551501875
161035555.21132985 0.6754145231954221
161710285.18707564 0.6741041085702307
162385015.16282144 0.6729585095691518
163059745.13856724 0.6714679661041989
163734475.11431304 0.6703042748136324
164409205.09005883 0.6697174949107477
165083935.06580463 0.6688083433660409
165758665.04155043 0.6672827496434175
166444640.516892 0.6660499787231996
166838233.0027437 0.6657449053505979
166950687.99870133 0.6651704894535245
167355525.9841488 0.6650631267615194
168704985.9356404 0.6645921034609238
169379715.9113862 0.6637305363331213
170740421.36247355 0.6629581828842211
171415151.33821934 0.6621086394670002
172089881.31396514 0.6617875722882897
172764611.28971094 0.6602613546988219
173439341.26545674 0.6599775496851602
174114071.24120253 0.6589046601198378
174788801.21694833 0.657748909020326
175474776.6922899 0.6569381590908802
176149506.6680357 0.6556860481358707
176824236.64378148 0.654430590957986
177498966.61952728 0.6532556132592975
178173696.59527308 0.6529809961819946
178848426.57101884 0.6522916744148989
179523156.54676464 0.6512770885197584
180209132.0221062 0.6506664880495178
180726425.0035113 0.6500202134489546
181918447.96066222 0.6503206928533769
182593177.936408 0.6491525210302462
191038548.13282624 0.6544748291520152
191713278.10857204 0.6539569587369747
192388008.08431783 0.6526106998338459
193062738.06006363 0.6523336439837422
193737468.0358094 0.6511390426786474
195086927.987301 0.6487234105806864
195772903.46264255 0.6482895360095245
197122363.41413414 0.6484550322182889
197797093.38987994 0.6474627355619702
198471823.36562574 0.6463550225985921
199146553.34137154 0.6457309238128511
199832528.8167131 0.6444579415061312
200507258.7924589 0.643067274267166
201181988.7682047 0.6420241604066829
201620563.25243947 0.6413690948827983
202070383.23626998 0.6409744675302567
202745113.21201578 0.6398220059358124
203419843.18776157 0.6387763965905287
204094573.16350737 0.6374288332300958
204769303.13925317 0.6360174647812273
205444033.11499897 0.6353173670546621
206118763.09074476 0.6345051425202974
206557337.5749795 0.6336816882898105
206995912.0592143 0.6331922891223052
207670642.0349601 0.6324322429730243
208345372.0107059 0.631357595219553
209020101.9864517 0.6304602405258128
210380807.43753904 0.6298366521829165
211055537.41328484 0.6298218494043044
211730267.38903064 0.6285216435895458
212404997.36477643 0.6268636188738727
213079727.34052223 0.6261845059230173
213754457.316268 0.6255157719360175
214429187.2920138 0.6245390153607704
215115162.76735535 0.6235802943572032
215789892.74310115 0.6225895857414184
216464622.71884695 0.6217621047034044
