1.0 1.0
2957567.3936857367 0.982421501272584
3632297.3694315325 0.9817032393034121
7624449.725927489 0.9572534432646057
12977307.5335108 0.964455435638647
18105255.349178847 0.9476317350760594
21883743.2133553 0.9364890448630746
25268638.591680042 0.9241612223966058
25943368.567425836 0.9230867183492237
27517738.510832693 0.9184751706219801
28867198.462324284 0.9153332276682535
29541928.438070077 0.9142675602852222
40101452.55849178 0.8934807870030116
41866995.99502661 0.8891938166468221
45251891.37335135 0.8809391853023123
46601351.324842945 0.8783259126127093
47276081.300588734 0.8770647057695552
48636786.75167609 0.8738235769577498
50660976.67891348 0.8687706493201128
51841754.13646862 0.8660651014991979
52336556.118682206 0.8647205128249222
52820112.60130002 0.8637660967408403
53303669.08391784 0.8631426589450126
55339104.510750994 0.8586020877407761
56688564.46224258 0.855461221047823
61422919.792058915 0.8440291301672629
62097649.76780471 0.8429176367620989
63458355.21889207 0.8402282894828259
64807815.170383655 0.837700834371495
65201407.656235375 0.8364033179166476
65595000.14208709 0.835690833766028
66280975.617428645 0.8344726206773707
71690060.92299077 0.8251719212103142
72364790.89873657 0.8238819385750809
73039520.87448236 0.8227230897306856
73714250.85022816 0.8215243059717914
75063710.80171975 0.8184659147857085
75738440.77746554 0.8172543858456554
77099146.2285529 0.8147672055160674
77773876.20429869 0.8137209674569985
79764329.6327488 0.8099466934072538
80394077.61011153 0.8089118976904077
82407022.03775315 0.8046361430982786
83059261.01430742 0.8033423085878774
83733990.99005322 0.802413496160995
85769426.41688637 0.7984291814631064
86444156.39263217 0.7971694474012111
87118886.36837795 0.7959021228722608
87793616.34412375 0.794573791387068
88468346.31986955 0.7934573698459627
89829051.7709569 0.7906720654851309
90503781.7467027 0.7893776645235228
91178511.7224485 0.7880854160718607
91853241.6981943 0.7869264539383841
92527971.67394009 0.7855738216407284
93888677.12502745 0.7832898845273993
95238137.07651903 0.7805490466965227
95687957.06034957 0.7799917705768421
96149022.54377586 0.7790979649285174
97498482.49526745 0.7762535795548275
98173212.47101325 0.7751659338058015
99533917.9221006 0.7724760767227624
100208647.8978464 0.771366395966101
100883377.87359218 0.7700027744825476
102232837.82508378 0.7673737544134284
102907567.80082957 0.766336183082188
103582297.77657537 0.7651933648429126
104943003.22766273 0.7622798722479598
105617733.20340852 0.7615820592218835
106967193.15490012 0.7590432184099701
107641923.1306459 0.7576803333199463
109924759.54858585 0.7525828258574725
110599489.52433164 0.7516446669682739
111105537.00614099 0.7506274879326882
111611584.48795034 0.7499947603103844
112016422.47339782 0.7493040845892373
112410014.95924953 0.7485963019905959
113095990.43459108 0.7477682614979329
113770720.41033688 0.7464995774826056
114445450.38608268 0.7453945982837231
114996479.86627507 0.7444602912696924
115547509.34646748 0.7436268694789623
115974838.33110648 0.7430784866594722
116402167.31574549 0.7421906287662219
117088142.79108705 0.7408306325796739
117762872.76683284 0.7395317566384495
118437602.74257864 0.7387932156627041
119787062.69407022 0.735658579950429
120461792.66981602 0.7344722581528906
121147768.14515758 0.7332554045506103
121822498.12090337 0.7325185062926459
122497228.09664917 0.7314104682479651
123171958.07239497 0.7302972754833797
123846688.04814076 0.7292535298189023
124521418.02388656 0.7282794578326953
125196147.99963236 0.7271302386820202
125870877.97537816 0.7263686997269474
126556853.45071971 0.7251711621653488
127231583.4264655 0.7240163917800846
128356133.38604183 0.7217080972010511
128817198.86946812 0.7212981554138506
129503174.34480968 0.7201436116067489
133551554.19928445 0.7174169917440903
134237529.67462602 0.716318186878445
134912259.65037182 0.715269286494063
135586989.62611762 0.7141436317739223
136261719.6018634 0.7134875663050472
136936449.57760918 0.712498143448208
137611179.55335498 0.7113404841536676
138285909.52910078 0.710305121991415
138971885.00444233 0.7089728819836135
139646614.98018813 0.7079477726137291
140321344.95593393 0.7070356705438557
140996074.93167973 0.7058969874111521
141670804.90742552 0.7046445039432674
142345534.88317132 0.7033140765839685
143020264.85891712 0.7023930245664637
143694994.8346629 0.7016532373934227
144369724.8104087 0.700459211839748
145055700.28575027 0.6993252302648233
145730430.26149607 0.698549133480089
146405160.23724186 0.6976473974974654
147754620.18873346 0.6954133648595995
148440595.66407502 0.6948187028616516
149115325.6398208 0.6945013760846079
149790055.6155666 0.6940829375061011
150464785.5913124 0.6932255547643513
150914605.57514292 0.6927331941119209
