1.0 1.0
674730.9757457955 0.9990698130596619
1349460.951491591 0.9984349532224184
1754298.9369390684 0.9980615252130673
1922981.4308755172 0.9978997815881103
3171231.8860052386 0.9936033296249421
13202217.525426066 0.9859007244693364
13876947.50117186 0.9850559845597089
14551677.476917656 0.9842788418845465
15226407.452663451 0.9836081535797188
16587112.903750805 0.9820030897547971
17936572.855242398 0.9799861274231314
19004895.316839907 0.9776438735321809
19612152.29501112 0.9783570920324659
22322317.697590068 0.9745428422772027
24357753.124423217 0.9718703994084653
25032483.100169014 0.9712439811715788
25943368.567425836 0.9697230111433602
26381943.051660605 0.9691566506979066
27056673.0274064 0.9687323153322671
31116298.381476935 0.9636456394371409
31791028.357222732 0.9632644786648594
32364548.836606655 0.962600749846009
36053072.704017006 0.9584585020634458
37402532.6555086 0.95692019775783
38751992.60700019 0.9560291257101463
41462158.00957913 0.9540675170726288
42136887.98532493 0.9534738341994742
42811617.961070724 0.9531369434938144
43486347.93681652 0.9523464618037518
47545973.29088706 0.9536743705181352
48220703.26663285 0.9531375234508691
48895433.242378645 0.9522744182287872
49570163.21812444 0.951817476379788
50053719.70074226 0.9513512552152725
50537276.183360085 0.9507764531694616
51212006.159105875 0.9503022414839111
51886736.13485167 0.949750444408313
52572711.61019323 0.9490576532892776
53247441.58593903 0.9486569028509059
53854698.56411024 0.9482598254747611
54259536.54955772 0.9479529636661373
54731847.53257978 0.9475812110871048
55417823.00792134 0.9469283081376767
56092552.983667135 0.9466076562348305
56767282.959412925 0.945752348215205
57442012.93515872 0.9451682024156712
58116742.91090452 0.9446256202160636
58791472.88665032 0.9440918662552893
59466202.862396106 0.9432732888592531
60152178.337737665 0.9427049952240567
60826908.31348346 0.9423170038435301
61501638.28922926 0.941616286642986
62176368.264975056 0.9412610950657175
63525828.21646664 0.9399338307479149
64200558.19221244 0.9392112684912677
64819060.66997942 0.9384651213086725
65325108.15178876 0.938133772416776
65876137.631981164 0.9377270935261645
66562113.10732272 0.9370208989527029
67236843.08306852 0.936380561741222
67911573.05881432 0.9356705652251615
68586303.03456011 0.9352991348463989
69261033.01030591 0.934552923222958
69935762.98605171 0.9341830393967815
70621738.46139327 0.9338511749873564
71296468.43713906 0.9334590594666005
72589700.89065184 0.9318953014835003
73208203.36841881 0.9310001697337936
73882933.34416461 0.930173924015673
74557663.3199104 0.9298029447135934
75232393.2956562 0.9293327927274266
75907123.27140199 0.9286653264068232
76593098.74674354 0.9282391867304933
77267828.72248934 0.927582352959414
77751385.20510717 0.9272387605258813
78021277.19540548 0.9267923223460344
78471097.17923601 0.9264961575264608
79157072.65457757 0.9257871276046117
79831802.63032337 0.9251494324216202
80506532.60606916 0.924891480338696
81181262.58181496 0.9243816979423461
82530722.53330655 0.9242044887915284
83205452.50905235 0.9233859758350184
83880182.48479815 0.9229060934566523
84566157.9601397 0.9220999529208309
87939807.83886868 0.9192542961624531
88614537.81461447 0.9187403251863476
89289267.79036027 0.9182317027041074
89975243.26570183 0.9173368287138248
90649973.24144763 0.917263367466646
91999433.19293922 0.9158530403871982
92674163.168685 0.9156272437096312
93348893.1444308 0.9150885923316745
94023623.1201766 0.9146052302096599
94698353.0959224 0.9137965765257211
95373083.0716682 0.9131563681946123
96059058.54700975 0.912779847080089
96733788.52275555 0.9123021556495703
98083248.47424714 0.9108058660232027
98757978.44999294 0.9106857504390174
99432708.42573872 0.9099181448387956
100107438.40148452 0.9097101979548349
100793413.87682608 0.9088451595416903
101468143.85257187 0.9082581139568826
102165364.8275092 0.907841769112278
102671412.30931854 0.9073756123872886
103357387.7846601 0.9066821768703525
104032117.7604059 0.9060798590782624
104706847.7361517 0.9056385760737024
105269122.71593986 0.9051968419911397
105831397.69572802 0.9047612296793953
106506127.67147382 0.9039943973561264
106922211.15651706 0.9036785139900907
107338294.6415603 0.9035961600645522
108013024.6173061 0.9031016498754848
108687754.5930519 0.9025977314918486
109126329.07728666 0.9019978624070298
109564903.56152143 0.9017501562338337
110239633.53726722 0.9009236527562888
110925609.01260878 0.900228477369508
111600338.98835458 0.900025621221308
112275068.96410038 0.8992196740053846
112949798.93984616 0.8989093324531123
113624528.91559196 0.8980693610789755
114299258.89133775 0.8975577099324089
114973988.86708355 0.8969349003182233
115648718.84282935 0.8963218855370829
116334694.3181709 0.8955093654723388
117009424.2939167 0.8953217815314212
117684154.2696625 0.8946811221223097
118358884.2454083 0.894097620719357
119033614.2211541 0.8932966997983485
119708344.19689988 0.8927162270610417
120383074.17264567 0.8918592436097779
121069049.64798723 0.891046143587979
121743779.62373303 0.8907520408372005
122418509.59947883 0.8902686787151859
123093239.57522462 0.8897058624529068
123767969.55097042 0.8891048978935048
124442699.52671622 0.8886945459406662
125117429.50246201 0.8880357789785244
125792159.47820781 0.8873828760290964
126478134.95354937 0.8871318189926235
127827594.90504095 0.8858543021169996
128502324.88078675 0.8853339516106515
129177054.85653254 0.8847142351016382
129851784.83227834 0.8841690108761806
130526514.80802414 0.8832963685791578
133911410.18634889 0.8834533436659845
134586140.16209468 0.8828426487143831
135260870.13784048 0.8822215789713619
135946845.61318204 0.8820573866378139
136621575.58892784 0.8815083604697572
137296305.56467363 0.8809242146702234
137971035.54041943 0.8804583157046583
138645765.5161652 0.8797837610177054
139320495.491911 0.8795821292244608
139995225.4676568 0.8790103558456157
140669955.4434026 0.8783857419194199
141355930.91874415 0.8779844759635194
142030660.89448994 0.8774723737376305
142705390.87023574 0.8768374494621806
143380120.84598154 0.8762949961429447
144054850.82172734 0.8757448100594587
144729580.79747313 0.8753918738722031
145404310.77321893 0.8745109832947213
146090286.2485605 0.8741077841477585
146765016.2243063 0.8738777344495899
147439746.20005208 0.8734242723442394
148114476.17579788 0.8729922686551957
149463936.12728947 0.8716568849359864
150138666.10303527 0.8712134754217856
150813396.07878107 0.8708459114238284
151499371.55412263 0.8705278371086257
152174101.52986842 0.8698895619685794
152848831.5056142 0.8693870612584771
153523561.48136 0.8689604705028248
154198291.4571058 0.8682362972540653
154873021.43285158 0.8676910730286077
155547751.40859738 0.8670879819595646
156222481.38434318 0.8664799934733391
156908456.85968474 0.8661443915621608
157583186.83543053 0.8655859571995356
158257916.81117633 0.8649137223421217
158932646.78692213 0.8641036509859689
159607376.76266792 0.86403579599076
160282106.73841372 0.8632953195009804
160956836.71415952 0.8625690841821061
161631566.68990532 0.862102476379114
162317542.16524687 0.8618106934578745
162992272.14099267 0.8613717947223797
163667002.11673847 0.8609874119645541
164341732.09248427 0.8601821735847377
165016462.06823006 0.8594328044165985
165691192.04397586 0.8590054403853131
166365922.01972163 0.8584771637974564
167051897.4950632 0.8580032098700106
167726627.47080898 0.8573183448338035
168401357.44655478 0.8571848902333986
169076087.42230058 0.8568020540281591
169750817.39804637 0.8562869231379439
170425547.37379217 0.8557748853529008
171775007.32528377 0.8543969069987082
172168599.81113547 0.8542257551791825
172382264.303455 0.8541361195687164
172865820.7860728 0.8537827323021383
173270658.7715203 0.8534970711517171
173664251.257372 0.8532132143133061
174338981.2331178 0.852705493987071
174732573.7189695 0.8524091358475995
175013711.2088636 0.852195518270823
175587231.6882475 0.8515134241408379
176936691.6397391 0.8509007315586478
180996316.99380964 0.8500452946586503
181671046.96955544 0.8495866129384866
182345776.94530123 0.8491606021398893
183020506.92104703 0.8486488865537966
183695236.89679283 0.8483267525378905
184369966.87253863 0.847794222930752
185055942.34788018 0.8471463462762389
185730672.32362598 0.8465693532825808
186405402.29937178 0.8462293694717488
187080132.27511758 0.8459238608971327
187473724.76096928 0.8457455562717315
187642407.25490573 0.8456694529960636
188092227.23873624 0.8453126504266828
188766957.21448204 0.84461882827259
189452932.6898236 0.8440292050988191
190127662.6655694 0.8436484954045401
190802392.6413152 0.8432734564017571
191477122.617061 0.8428079440733486
192151852.5928068 0.8422535049719005
192826582.56855258 0.8416275378130167
193456330.54591534 0.8413788650442893
193962378.02772468 0.8413365926069365
194513407.50791708 0.8409161236234223
195199382.98325863 0.840561060925206
195874112.95900443 0.8399032605585954
196548842.93475023 0.8396187593222838
197223572.91049603 0.8391137454627444
197898302.88624182 0.838604349704871
198573032.86198762 0.8380771685929175
199247762.83773342 0.8378976396125609
199922492.81347921 0.8372952573809446
200608468.28882077 0.8369998658370043
201283198.26456657 0.8365327425164836
201957928.24031237 0.8358424645455655
202632658.21605814 0.8355440443359791
203307388.19180393 0.8349679534970065
203982118.16754973 0.8345516086537217
204656848.14329553 0.8342219996329897
206017553.59438288 0.8335238600200889
208041743.52162027 0.8319070037315337
208716473.49736607 0.8316401589702498
209391203.47311187 0.8313640348934493
210065933.44885767 0.8306334176762411
210751908.92419922 0.8302704933360422
211426638.89994502 0.8299525478998917
212101368.87569082 0.8295032743742968
212776098.85143661 0.8291422187856343
213450828.8271824 0.8286466775601898
214125558.8029282 0.8281321266270294
214800288.778674 0.8277241589432559
215475018.7544198 0.8274612450036232
215981066.23622915 0.8268197478793525
216194730.72854865 0.8265405951369061
216363413.2224851 0.8263141540627583
216824478.70591137 0.8261265701218405
217499208.68165717 0.8257881328635948
218173938.65740296 0.8255249611658575
218848668.63314876 0.8248904235275643
219523398.60889456 0.8243911448003665
220209374.08423612 0.8240950444203192
220884104.0599819 0.823651506027066
221558834.0357277 0.8234364063372296
222233564.0114735 0.8230843723059791
222908293.9872193 0.8227474171607931
223583023.9629651 0.8218301825981986
224257753.9387109 0.8215223541940435
224932483.9144567 0.8210409252617717
225618459.38979825 0.8206002866537926
226293189.36554405 0.8203019953232585
229846767.23780525 0.8175178784706931
230521497.213551 0.8171413573548502
231196227.1892968 0.8164861990154092
231870957.1650426 0.8158279475721159
232545687.1407884 0.8158162195480082
233220417.1165342 0.8154920234619873
233906392.59187576 0.8152036558448703
234581122.56762156 0.8145544903958757
235255852.54336736 0.8141099854070912
235930582.51911315 0.8136505304099747
236605312.49485895 0.812938149624849
237156341.97505134 0.8126104737951796
237572425.4600946 0.8125584065247817
238100963.94109547 0.8120470131363197
238775693.91684127 0.8118744436445798
239450423.89258707 0.8110230020057597
240125153.86833286 0.8107620856967156
240811129.34367442 0.8101309633625448
241485859.31942022 0.8099518210206647
242160589.29516602 0.809500356544583
242835319.27091178 0.8092949228100592
243510049.24665758 0.8086873854018363
244184779.22240338 0.8084200895638695
244859509.19814917 0.8079152690242282
245534239.17389497 0.8076267080872132
246208969.14964077 0.8075733520223337
246894944.62498233 0.8069892062227999
247569674.60072812 0.806586844792316
248244404.57647392 0.8060484511724639
248919134.55221972 0.805453157307197
249593864.52796552 0.8047564998060366
250943324.4794571 0.8047480582069991
251629299.95479867 0.8040961218517826
252978759.90629026 0.8032980362778419
253653489.88203606 0.8025074257074072
254328219.85778186 0.8022967723580704
255002949.83352765 0.8020076314640006
255677679.80927345 0.8015425057740686
256363655.284615 0.8007935232444057
257038385.2603608 0.800697636984069
257713115.23610657 0.7998913675691953
258387845.21185237 0.7993302267385547
259062575.18759817 0.7989197459066639
259737305.16334397 0.7986065690086436
260130897.6491957 0.7984238824835886
260524490.1350474 0.7982411959598534
261199220.1107932 0.7978707966148287
261885195.58613476 0.7975436363040077
262559925.56188056 0.7971016444620208
263234655.53762636 0.7964513835397623
263841912.51579756 0.7960673874204133
264449169.49396878 0.7957486687086295
265123899.46971458 0.795075918333687
265798629.44546038 0.7948903320233579
266315922.4268655 0.794654096116165
266821969.90867484 0.7945170328930592
267496699.88442063 0.7941383852675753
268171429.86016643 0.7935009478440079
268857405.335508 0.7931982746151398
269532135.3112538 0.7927889536973587
270206865.2869996 0.7924884069781315
270881595.2627454 0.7916827819598387
271556325.2384912 0.7912152075613154
272231055.214237 0.7910671251515287
272905785.1899828 0.790230826839619
273580515.16572857 0.7896428146592799
274266490.6410701 0.7893371127647657
274941220.6168159 0.7889175459359368
275615950.5925617 0.7886648134678257
276290680.5683075 0.7879691870017226
277415230.5278838 0.7876273988802001
281249945.8900391 0.785939078973735
281924675.8657849 0.7856431719122661
282599405.8415307 0.7851195994230135
283274135.8172765 0.7847705940560892
283960111.29261804 0.7845906139990498
284634841.26836383 0.7839708330491905
285309571.24410963 0.7834823157518889
285984301.2198554 0.7831967834805199
286659031.1956012 0.7827651019891069
287333761.171347 0.7824896223102071
288008491.1470928 0.7819826752609249
289369196.5981802 0.7811266584038727
290043926.573926 0.7809706499125773
290718656.54967177 0.7806792536284944
291393386.52541757 0.7802085861247989
292068116.50116336 0.779548143731019
292742846.47690916 0.7790483494876123
293417576.45265496 0.7787114587819525
294103551.9279965 0.7784737407616995
294778281.9037423 0.7776893164016092
295453011.8794881 0.7772983607962826
296127741.85523385 0.777136939370276
296802471.83097965 0.7768717056011043
297477201.80672544 0.7766556393170563
298151931.78247124 0.7761765302143234
298826661.75821704 0.7753355278051293
299512637.2335586 0.7748352824837201
300187367.2093044 0.7743602975212168
300862097.1850502 0.7740143208199386
301536827.160796 0.7734393898950754
302211557.1365418 0.7730442457099931
302886287.1122876 0.7724803339731307
303561017.0880334 0.7722817952850582
304235747.0637792 0.7718561711249373
304921722.53912073 0.7712261442653501
306945912.4663581 0.7699994703064882
307620642.4421039 0.7698607316504242
308295372.4178497 0.7696076769846826
308970102.3935955 0.7691297922355854
310330807.8446829 0.7677860313568647
311005537.82042867 0.767414923175733
311680267.79617447 0.7668461140230077
312354997.77192026 0.7663851124719854
313029727.74766606 0.7663050783759859
313704457.72341186 0.7658365373819315
314379187.69915766 0.7655481053252883
315053917.67490345 0.7652090881099876
315739893.150245 0.7651394932436142
316414623.1259908 0.7644062984387625
317089353.1017366 0.7638932940581882
317764083.0774824 0.7638108112535975
318438813.0532282 0.7631126716406968
319079806.5301867 0.7626276985252503
319732045.5067409 0.7625506930935771
321081505.4582325 0.7623297293936665
321756235.4339783 0.7617386241068356
322430965.4097241 0.7613273055584658
323105695.3854699 0.7609627057866286
323780425.3612157 0.7603549750598273
324174017.8470674 0.7600004923199856
325253585.80826074 0.7599986235684492
325737142.29087853 0.7597063251296811
326220698.7734963 0.7594654495647298
326906674.2488379 0.7587930858282638
327581404.2245837 0.7585777283803229
328256134.2003295 0.7580442966171792
328930864.1760753 0.7575901256744019
329605594.1518211 0.7573477035568646
330280324.1275669 0.7569128000812273
330966299.60290843 0.7562064766273936
331641029.5786542 0.7559992385808596
332315759.5544 0.7554275296415406
336375384.9084706 0.7544031318725042
337050114.88421637 0.7539680995178146
337724844.85996217 0.7536230249725415
338399574.83570796 0.7531423048763768
339018077.31347495 0.7529498235195964
339512879.2956885 0.7525759444322427
340075154.2754767 0.7522023875425197
340761129.75081825 0.7519016475047141
341435859.72656405 0.7516940228197037
342110589.70230985 0.7512694941341662
342785319.67805564 0.7508435477764147
343460049.65380144 0.7504301671579302
344134779.62954724 0.7497342829337226
344809509.60529304 0.74950133345028
345495485.0806346 0.7492588468932166
346170215.0563804 0.7489220206284026
346844945.0321262 0.7485971801458009
347519675.007872 0.748202100398925
348194404.9836178 0.7476644800560257
348869134.9593636 0.7473117371873483
349543864.9351094 0.7470470189357054
350229840.41045094 0.7464559780897203
350904570.38619673 0.7460919582749378
352096593.3433476 0.7445859382537315
352388976.33283746 0.7442672195419479
352850041.81626374 0.7440954877653675
353524771.79200953 0.7434996783812522
354199501.7677553 0.743305779350938
354885477.2430969 0.7428286034392677
355560207.2188427 0.7423943443602112
356234937.1945885 0.7418711585081154
356909667.1703343 0.7411239158509367
359619832.5729132 0.7394928183901565
360969292.5244048 0.7381330120285202
361644022.5001506 0.7378251191848391
362318752.4758964 0.7375455153657099
362993482.4516422 0.737164547910687
363679457.9269838 0.7368061987887202
364354187.9027296 0.7365256928135858
365028917.87847537 0.7359706093142372
365703647.85422117 0.7357331490534085
366378377.82996696 0.735385496920492
367053107.80571276 0.7348630843440292
367727837.78145856 0.7344420354021405
368402567.75720435 0.734177059392393
369088543.2325459 0.7338663312029639
369763273.2082917 0.7335082398391015
370438003.1840375 0.733005352489203
371112733.1597833 0.7324384120880142
371787463.1355291 0.7321744671133241
372462193.1112749 0.7318404117547319
373136923.0870207 0.7315856172151862
373822898.56236225 0.7314231647541224
374497628.53810805 0.7311179783771369
375172358.51385385 0.7307792189212603
375847088.4895996 0.7304188077291789
376521818.4653454 0.7298343397306948
377196548.4410912 0.7295010576490554
377871278.416837 0.7291327848136715
378546008.3925828 0.7288172880861122
379231983.86792433 0.7286211981066312
379906713.8436701 0.72802564648194
380581443.8194159 0.727688626897228
381256173.7951617 0.7269071023237316
381930903.7709075 0.7268526507855884
383280363.7223991 0.7263233431626742
383943848.19854915 0.7261013484263865
384629823.6738907 0.7256697313758192
385304553.6496365 0.724919588932047
385979283.6253823 0.7248968417212583
386654013.6011281 0.7246231019135231
387328743.5768739 0.7242684258537833
388003473.5526197 0.7240240061043376
388689449.02796125 0.7236632727146255
389364179.00370705 0.7231310653051176
390050154.4790486 0.7227905659780766
390724884.4547944 0.7223340107662342
391399614.4305402 0.721628009511351
392074344.406286 0.721317861277657
392749074.3820318 0.7212505862408225
393435049.85737336 0.7207406749654205
393862378.84201235 0.7205291194587587
394019815.83635306 0.7204548849346272
394413408.32220477 0.7202622102579488
395088138.29795057 0.7198919397932959
395762868.27369636 0.7196197465381468
396437598.24944216 0.7189655547942371
399822493.6277669 0.7182948664894093
400497223.6035127 0.7180874995638229
401171953.5792585 0.7176883601175634
401846683.55500424 0.7173503094977939
402521413.53075004 0.7168511596509682
403196143.50649583 0.7165162021363709
403870873.48224163 0.7162138511051335
404556848.9575832 0.7156886676237686
405220333.4337332 0.7151938996752769
405895063.409479 0.714959919156777
406581038.8848206 0.7144737216876947
407255768.8605664 0.714390530046997
407930498.8363122 0.7141256184767756
408605228.812058 0.7137302165322692
408998821.2979097 0.7134995224375199
409392413.78376144 0.7132687639045641
410067143.75950724 0.7129688615819179
410753119.2348488 0.7123986347556587
411427849.21059453 0.7119126950446809
412102579.18634033 0.7116198166488579
412777309.1620861 0.7113853850523555
413452039.1378319 0.7111546909589258
414126769.1135777 0.7108487313049876
414801499.0893235 0.7103949470006866
415476229.0650693 0.709893541763848
416162204.5404109 0.7096031120766163
416836934.5161567 0.7094188790002951
417511664.4919025 0.7090415201692928
418186394.46764827 0.7088062508563113
418861124.44339406 0.7083458292636635
419535854.41913986 0.7081458084625312
420210584.39488566 0.7076418256380492
420885314.37063146 0.7074060408088587
421560044.34637725 0.706962051337603
422246019.8217188 0.7064244309947038
422920749.7974646 0.7060747167903527
423595479.7732104 0.7059239279138704
424270209.7489562 0.7056483837954446
424944939.724702 0.7053680711388886
425619669.7004478 0.7051338328609644
426294399.6761936 0.7048634439178255
426980375.15153515 0.7044621779606053
427655105.12728095 0.7041475189495252
428329835.10302675 0.7037036583573217
429004565.07877254 0.7032757143689815
429679295.05451834 0.7028686488398935
430354025.03026414 0.7026005797249738
431028755.00600994 0.7022479657353488
431703484.98175573 0.7020125031051087
432389460.4570973 0.7014186269120559
433738920.4085889 0.6995706898902748
435763110.3358263 0.6994136503626023
437123815.78691363 0.699405337642617
437798545.76265943 0.698680068919274
438473275.7384052 0.6979596976131135
439148005.714151 0.6976431698504968
439687789.6947476 0.6974113158416378
440216328.1757485 0.6971340962915737
440891058.1514943 0.6967728473830131
441565788.1272401 0.6964509066856853
442251763.6025817 0.6961721405830352
442926493.5783275 0.6956802079802914
443601223.5540733 0.6954418455634575
444275953.529819 0.6950743460050265
444950683.5055648 0.6947391307323247
445557940.48373604 0.6944800187339712
446041496.9663539 0.6941477032465434
446716226.9420997 0.6939271906246354
447402202.41744125 0.6935399080815358
448076932.39318705 0.6931921915077733
448751662.36893284 0.6928460214879169
449426392.34467864 0.6925603603361759
450101122.32042444 0.6921670204617841
450775852.2961702 0.6918804571553576
451450582.271916 0.6915105733291813
452136557.74725753 0.6912424397747355
452811287.7230033 0.6907547601925932
453306089.70521694 0.6904986124203597
453812137.18702626 0.6903325513365948
454498112.6623678 0.6899731711795707
455172842.6381136 0.6895788002701216
455847572.6138594 0.6891521450749434
456522302.5896052 0.6889542507834517
457197032.565351 0.6886528019095393
457871762.5410968 0.6882532758234834
458557738.01643836 0.6879060747685695
459232467.99218416 0.68761577396039
459907197.96792996 0.6874287699765272
460581927.94367576 0.6870732562016281
461256657.91942155 0.6867616902944003
461931387.89516735 0.6862153061535132
462606117.87091315 0.6856339312615211
463966823.3220005 0.6852994248249263
464641553.2977463 0.6851994144243602
465316283.2734921 0.6847529762445131
465709875.7593438 0.6844925754529979
465867312.7536845 0.6843862499617154
466035995.24762094 0.6841668328143908
466429587.73347265 0.6840994933367106
467115563.2088142 0.6839209953927311
467790293.18456 0.6835542691099332
468465023.1603058 0.683231361818394
469139753.1360516 0.6828924090439391
469814483.1117974 0.6824712312216782
470489213.0875432 0.682349569084907
471163943.063289 0.6820599126746282
471849918.53863055 0.6816204339807588
472524648.51437634 0.6811153556816932
473199378.49012214 0.680795541495326
473874108.46586794 0.6806145304032291
474548838.44161373 0.6803978197212804
475898298.3931053 0.6790867297667655
476573028.3688511 0.6786397760693899
477247758.3445969 0.6783197041235985
477933733.8199385 0.6779480159854119
478608463.7956843 0.6774547301512999
479283193.7714301 0.6772423369294789
479957923.7471759 0.676751822000269
480632653.72292167 0.6765499968871262
481307383.69866747 0.6763437254361235
484692279.0769922 0.6756020245927082
485355763.55314225 0.6753371774620129
485794338.037377 0.6751540398602752
486244158.0212075 0.6749418399570326
486918887.9969533 0.6744872179362528
487593617.9726991 0.6742656742779676
488268347.9484449 0.6739997961135347
488943077.9241907 0.6736665784701018
489629053.39953226 0.6730031718502019
490303783.37527806 0.6728995528269348
490978513.35102385 0.6723230753508054
491653243.32676965 0.6722766787732232
492193027.3073663 0.6719953995224556
492530392.2952392 0.671851827890055
493002703.27826124 0.6716474896301148
493677433.25400704 0.6714280080419444
494352163.22975284 0.6711234660615399
495026893.20549864 0.6708686070837879
495701623.18124443 0.6704612193570694
496387598.656586 0.6700752900466576
497062328.6323318 0.6695689229544302
497737058.6080776 0.6693134840183037
498411788.5838234 0.6692163089648051
499086518.5595692 0.6686099314706918
499761248.535315 0.6681893336068055
500447224.01065654 0.667991374875788
501121953.98640233 0.6675885623673016
501796683.96214813 0.6671972845630246
502471413.9378939 0.6670236840349077
503146143.9136397 0.6667192709348752
503820873.8893855 0.6661841637400933
504495603.86513126 0.6658497217430247
505181579.3404729 0.665668775090454
505856309.3162186 0.665270151161723
506531039.2919644 0.6649603895665055
507205769.2677102 0.6647249913744718
507880499.243456 0.664282484016276
508555229.2192018 0.6639682116423525
509229959.1949476 0.6637598781212349
509904689.1706934 0.6633051272214029
510590664.64603496 0.6628939375520853
511265394.62178075 0.6625600755133911
511940124.59752655 0.6623369208629938
512614854.57327235 0.6620178155127338
513289584.54901814 0.6616530224209984
513964314.52476394 0.6615339378718706
517349209.9030887 0.6601125271662157
518023939.8788345 0.6600921642244921
518698669.8545803 0.6597738321498653
519373399.8303261 0.6594555645160841
520048129.8060719 0.6591714499182489
520722859.7818177 0.6588351391696439
521408835.25715923 0.658385865644049
522083565.23290503 0.6580810014646942
522758295.2086508 0.6580447219191075
523433025.1843966 0.6577512635662297
524107755.1601424 0.6576320501380497
524782485.1358882 0.6572302042237746
525457215.111634 0.6567567013743313
526131945.0873798 0.6562927355985089
526817920.5627214 0.6561535458657621
527492650.53846717 0.6557232820478829
528167380.51421297 0.655167231953003
528842110.48995876 0.6547644194445165
529516840.46570456 0.6544910662752577
530191570.44145036 0.6544225024439417
530866300.41719615 0.6540595136642168
531541030.39294195 0.6538072967123145
532227005.8682835 0.6534703415684483
532901735.8440293 0.6532564662335674
533576465.81977504 0.6527201346838301
534251195.79552084 0.6525114789650819
534925925.77126664 0.6523670696162023
535600655.74701244 0.651931650624356
536275385.72275823 0.6514868234366213
536950115.6985041 0.6513842998879379
537636091.1738456 0.6509385061046719
538310821.1495914 0.6505414931680531
538985551.1253372 0.6501273392739353
539660281.101083 0.6497726632141955
541009741.0525746 0.6493527097468902
541684471.0283204 0.6489759953124689
542370446.503662 0.6486454196975253
543045176.4794078 0.6483401044414876
543719906.4551536 0.6481667616727951
544394636.4308994 0.647982657475526
545069366.4066452 0.6473916810677472
545744096.382391 0.6471507410632699
546418826.3581368 0.6468160413080969
547779531.8092241 0.6465807719951153
548454261.7849698 0.6463193401685426
549128991.7607156 0.6459098259321832
549803721.7364614 0.6454496620976399
550478451.7122072 0.6451549149502805
551153181.687953 0.6448528216784672
551827911.6636988 0.6446270894404263
552502641.6394446 0.6442324607728728
553177371.6151904 0.6438244930890994
553863347.090532 0.643559581518878
554538077.0662777 0.6433647158930326
555212807.0420235 0.6430423241177022
555887537.0177693 0.6427996442420604
556562266.9935151 0.6424587582752234
557236996.9692609 0.6420746977163481
557911726.9450067 0.6418393639651602
558597702.4203483 0.641424823432566
559272432.3960941 0.6414026561788323
559947162.3718399 0.641115384034979
560621892.3475857 0.6406804805606614
561296622.3233315 0.6401944764101575
561971352.2990773 0.6398688626506027
562646082.2748231 0.6396734170677025
563332057.7501646 0.639408441057955
564006787.7259104 0.6390834072567747
564681517.7016562 0.6388400185437062
565356247.677402 0.638546237991878
566030977.6531478 0.6382145024615052
566705707.6288936 0.6377292071484281
567380437.6046394 0.6374558539791693
568055167.5803852 0.6370252035228137
568741143.0557268 0.6367651893697747
569415873.0314726 0.636409095636501
570090603.0072184 0.6359834070381738
570765332.9829642 0.6356646238855442
571440062.95871 0.6354292901343563
572114792.9344558 0.6350322771964179
572789522.9102015 0.6347519645411817
573464252.8859473 0.6345729510796735
574150228.3612889 0.6341510644213056
574824958.3370347 0.6336956691248926
575499688.3127805 0.6332648253499586
576174418.2885263 0.6331350438117805
576849148.2642721 0.6329912144212756
577433914.2432518 0.6327168946564856
577861243.2278907 0.632603158601223
578367290.7097001 0.6323676315314568
579053266.1850417 0.631698296459317
579727996.1607875 0.6314121842308932
580402726.1365333 0.6309938417570198
581077456.112279 0.6307910500483459
581752186.0880249 0.6303289530240598
582426916.0637707 0.6299878737386444
583101646.0395164 0.6298718178551626
583776376.0152622 0.6296207608186898
584462351.4906038 0.6294496734386903
585137081.4663496 0.6290475697663108
585811811.4420954 0.6285897257613066
586486541.4178412 0.6282496775122681
587161271.393587 0.6281615884543881
587836001.3693328 0.6275871086075274
588510731.3450786 0.6272440961323692
589196706.8204201 0.6270515503360627
589871436.796166 0.6266227041917174
590546166.7719117 0.6264246165803279
591220896.7476575 0.6261988199027609
591895626.7234033 0.6255106684414836
593919816.6506407 0.6259148986248237
594605792.1259823 0.6253810802232038
595280522.1017281 0.6249970196643285
595955252.0774739 0.6249410860131253
596629982.0532197 0.6246021332373508
597304712.0289655 0.6245526435545964
597979442.0047113 0.6243270401956077
598654171.9804571 0.6239654046498905
599340147.4557986 0.6235878525003098
600014877.4315444 0.6233153370462103
600689607.4072902 0.6230914091201798
601364337.383036 0.6225893594867603
602039067.3587818 0.6222951278569296
602713797.3345276 0.6219530175364567
603388527.3102734 0.6217479704404094
604074502.785615 0.6215520093399806
604749232.7613608 0.6211058933577642
605423962.7371066 0.6208780346100825
606098692.7128524 0.6205241962668216
606773422.6885982 0.6203388677145971
607448152.664344 0.6201496083420412
608122882.6400898 0.6198578254208018
608797612.6158355 0.6194410939390406
609472342.5915813 0.6189418152118429
610158318.0669229 0.6186845075254996
610833048.0426687 0.6185052363045672
611507778.0184145 0.6182166109293458
612182507.9941603 0.6179265034397446
612857237.9699061 0.6176539879856451
613531967.9456519 0.6174079572454069
616916863.3239766 0.6156818756802951
617591593.2997224 0.615516136794161
618266323.2754682 0.6152628888085211
618941053.2512139 0.615020595570036
619615783.2269597 0.6148011139818657
620290513.2027055 0.614387024527274
620976488.6780471 0.6140358282111827
621651218.6537929 0.6137127920392715
622280966.6311556 0.6135980249489517
622921960.1081141 0.6130457767966707
623607935.5834557 0.6129330717764655
624282665.5592015 0.6125855485226013
624957395.5349473 0.6123388089462561
625632125.5106931 0.6118783229127625
626306855.4864389 0.6118535780713853
626981585.4621847 0.6114761548008569
627656315.4379305 0.6113278790724919
628331045.4136763 0.6109159805670673
629005775.389422 0.6107270433921419
629691750.8647636 0.6101789838196167
630366480.8405094 0.60999829492647
631041210.8162552 0.6098669668357058
631715940.792001 0.6094504286725231
632390670.7677468 0.6090763562652713
633065400.7434926 0.6088286500933949
633740130.7192384 0.608539509199325
634426106.19458 0.6082075159108475
635100836.1703258 0.607785887011904
635775566.1460716 0.6075326390262642
636450296.1218174 0.6072380851974831
637125026.0975631 0.6070850409309878
637788510.5737132 0.606601485489075
638294558.0555226 0.6065552177918648
638811851.0369277 0.6063184019262973
639486581.0126735 0.6059784825563111
640161310.9884193 0.6055741234952385
640847286.4637609 0.6052327220108727
641522016.4395065 0.6049293399458975
642871476.3909981 0.6045851675553099
643546206.3667439 0.6043687790736315
644220936.3424897 0.6039487611668
644895666.3182355 0.603754088859533
645570396.2939813 0.6036452502214529
646256371.7693229 0.603106469964444
646931101.7450687 0.6025471334458136
648280561.6965603 0.6022164933900241
648955291.6723061 0.6017426039021043
649630021.6480519 0.6014271071745451
650304751.6237977 0.6010052205174969
650990727.0991392 0.6006908192645212
651665457.074885 0.6006579550217371
652340187.0506308 0.6002490207424325
653014917.0263766 0.5999105190446604
653689647.0021224 0.599685946722049
654364376.9778682 0.5993473805847508
655039106.953614 0.5990769916402922
655455190.4386573 0.5988854768790431
655882519.4232962 0.5985079891689886
656557249.399042 0.5983950908302051
657231979.3747878 0.5981830198060148
657906709.3505336 0.5978302124978114
658581439.3262794 0.5975894658119124
659256169.3020252 0.5971015929111917
659930899.277771 0.5968462184145913
660605629.2535168 0.5965124852549494
661291604.7288584 0.5959856263406266
661966334.7046041 0.5958887734847588
662641064.68035 0.5955404769539416
663034657.1662017 0.5953371697290587
663147112.1621593 0.5952791095668949
663540704.6480111 0.5951370200488741
664215434.6237569 0.5948724951171291
664890164.5995027 0.594679304922922
665564894.5752485 0.5943219868360127
666250870.05059 0.5940289151202915
666925600.0263358 0.5936346086503687
667600330.0020816 0.5934930346498766
668275059.9778274 0.5930510428078898
668949789.9535732 0.5925451267936649
669624519.929319 0.5922626231879419
670299249.9050648 0.5918668990444851
670973979.8808106 0.5918086455637429
671659955.3561522 0.5913881765802287
672334685.331898 0.5910507703570401
673009415.3076438 0.590678051183796
673684145.2833894 0.5903601057489654
674358875.2591352 0.5903594613510647
675033605.234881 0.590131795923281
675708335.2106268 0.589843943822373
676383065.1863726 0.5893616771749419
677069040.6617142 0.5892356331385169
677743770.63746 0.5888783150516076
678418500.6132058 0.5885226079568103
679093230.5889516 0.5883381171210648
679767960.5646974 0.5879727440722746
680442690.5404432 0.5876923025366664
681117420.516189 0.5872835615772598
681792150.4919348 0.5870792233159998
682478125.9672763 0.5869279833615149
683152855.9430221 0.5864341820085545
683827585.9187679 0.5860141641017229
684502315.8945137 0.5856940921559316
685177045.8702595 0.58549323363964
685851775.8460053 0.5852555800589132
686526505.8217511 0.5849911195666944
687212481.2970927 0.5848611447099379
687887211.2728385 0.5843817134082547
689236671.2243301 0.5838837234755386
689911401.2000759 0.5835964513316855
690586131.1758217 0.583222701123384
690979723.6616734 0.5830047660891193
691373316.1475251 0.5827867021744828
692722776.0990167 0.5824449784924864
694083481.550104 0.5822939318565798
694758211.5258498 0.5822838792641104
695432941.5015956 0.5821073145111935
696107671.4773414 0.5820673619020599
696782401.4530872 0.5817291179637122
697457131.428833 0.5815392141945752
698143106.9041746 0.5812596103741263
698817836.8799204 0.5811798984770772
699492566.8556662 0.5809878037574536
700167296.831412 0.5806116692814068
700842026.8071578 0.5802714277124703
701516756.7829036 0.579914882901194
702191486.7586493 0.5795276647976205
702866216.7343951 0.5792257648443857
703552192.2097367 0.5789788319481424
704226922.1854825 0.578610301354654
704901652.1612283 0.578424070647744
705576382.1369741 0.5781668918404531
706251112.1127199 0.5779982531690447
706925842.0884657 0.5777944304266331
707600572.0642115 0.5773322045219752
708275302.0399573 0.5771235488019073
708961277.5152988 0.5768809978053178
709636007.4910446 0.5766829101939281
711660197.418282 0.5765373409322588
712334927.3940278 0.5763127041688015
713009657.3697736 0.5760886473637188
716394552.7480984 0.5745523406886915
717069282.7238442 0.5743341478936831
717744012.69959 0.5741898029856495
718418742.6753358 0.5738917049750135
719104718.1506773 0.5736351061247773
719779448.1264231 0.5732730195010574
720454178.1021689 0.5728821927747829
721128908.0779147 0.572637579706759
721803638.0536605 0.5722748486864582
722478368.0294063 0.5720210851832896
723153098.0051521 0.5716484304495717
723827827.9808979 0.57132358996565
724333875.4627073 0.5710439217069948
724547539.9550267 0.5709219373712733
724941132.4408784 0.5707006514724123
725615862.4166242 0.5704407661984255
726290592.39237 0.5702056902053422
726965322.3681158 0.5697718822042883
727651297.8434573 0.5695007844250424
728326027.8192031 0.5690529285716616
729000757.7949489 0.5687894991145002
729675487.7706947 0.5685610604097637
730350217.7464405 0.5682828742628486
731024947.7221863 0.5678874723183421
731699677.6979321 0.5675562523068176
732374407.6736779 0.567473640621855
733060383.1490195 0.5670436990029262
733735113.1247653 0.5668880127092614
734409843.1005111 0.5665970030649747
735084573.0762569 0.5664509182844569
735759303.0520027 0.5662443890753497
736434033.0277485 0.5658275287132165
737108763.0034943 0.5655921949620287
737783492.9792401 0.5654158879672162
738469468.4545816 0.5651537473032165
739144198.4303274 0.5647529324253188
739818928.4060732 0.5644289940974023
740493658.381819 0.5642330329969734
741168388.3575648 0.5639551046094825
741843118.3333106 0.5635555785247465
742517848.3090564 0.563139233680142
743192578.2848022 0.5628963604846021
743878553.7601438 0.5627656767917386
744553283.7358896 0.5625539924060247
745228013.7116354 0.5622774172525415
745902743.6873811 0.5619835722611873
746577473.663127 0.5616946891252219
747252203.6388727 0.5615207019599483
747926933.6146185 0.5611592597328094
748601663.5903643 0.560751807565245
749242657.0673229 0.5607010935288548
749681231.5515577 0.5603675536877913
750153542.5345796 0.56024885577714
750839518.0099212 0.5600798304672553
751514247.985667 0.5599044256284479
752188977.9614128 0.5595729478574991
753538437.9129044 0.5591644646548773
754213167.8886502 0.5588980065320699
754887897.864396 0.5586398611305673
755573873.3397375 0.5583406032045021
756248603.3154833 0.5581595921124051
756923333.2912291 0.5577739205614176
757598063.2669749 0.5573902466410189
758272793.2427207 0.5571975075248143
758947523.2184665 0.556873826956322
759622253.1942123 0.556515155635405
760296983.1699581 0.5563119772895744
760982958.6452997 0.5561257465826644
761657688.6210455 0.5558152761513399
762332418.5967913 0.5556554657174455
763007148.5725371 0.5551954307619544
763681878.5482829 0.5548105324866001
764356608.5240287 0.5547955180387419
765031338.4997745 0.5544432906875933
765706068.4755203 0.5542002241734751
766392043.9508618 0.5538101707228339
767066773.9266076 0.5534908720539954
767741503.9023534 0.5533887351424686
768416233.8780992 0.5530081543272419
769090963.853845 0.5528430598390084
769765693.8295908 0.5525660336075227
770440423.8053366 0.5522276607888028
771115153.7810824 0.5520882777374777
771789883.7568282 0.5516136149726051
772475859.2321697 0.5513249895960638
773150589.2079155 0.5511925660307162
773825319.1836613 0.5510705172567882
774500049.1594071 0.5508486513995527
775174779.1351529 0.5501601133011189
775658335.6177708 0.5500635182033554
775984455.1060479 0.5500136418834444
776501748.087453 0.5496932477387027
777176478.0631988 0.5496876414854132
777851208.0389446 0.549451985535275
778525938.0146904 0.5492185205343039
779200667.9904362 0.5490907366267144
779886643.4657778 0.5487093180950087
780561373.4415236 0.5483135295133454
781236103.4172693 0.5482587557749322
781910833.3930151 0.548064792305092
782585563.368761 0.547682407177855
783260293.3445067 0.547572924143194
783935023.3202525 0.5473105901606161
784328615.8061042 0.5471563859800112
784722208.291956 0.5470021173598801
785396938.2677017 0.5467290219487259
786082913.7430433 0.5467221269022744
786757643.7187891 0.546506962772912
787432373.6945349 0.5463117105085901
788107103.6702807 0.5460484099318007
788781833.6460265 0.5457305933747023
789456563.6217723 0.5455348900336976
790131293.5975181 0.5452228086089411
790817269.0728596 0.544982770760469
791491999.0486054 0.5447313915250458
792166729.0243512 0.544515389680524
792841459.000097 0.5442600796247694
796226354.3784218 0.5435882958453581
796901084.3541676 0.5433121717685577
797429622.8351684 0.5430604703355041
797699514.8254668 0.5429399681128424
798115598.3105099 0.542734727696897
798790328.2862557 0.5425018426529807
799465058.2620015 0.5422201767637367
800151033.7373431 0.5420041749192149
800825763.7130889 0.5417312083871128
801500493.6888347 0.5415572856613653
802175223.6645805 0.5412479751441504
802849953.6403263 0.5410164433342418
803524683.616072 0.5408483846198883
804199413.5918179 0.5405868239129435
804874143.5675637 0.54029214120643
805560119.0429052 0.5400803279416638
806234849.018651 0.5397668610644563
806909578.9943968 0.5395077168463397
807584308.9701426 0.5392669057209146
808259038.9458884 0.5391179533748858
808933768.9216342 0.5388159245425986
809608498.89738 0.5386505078554147
810283228.8731258 0.5383641700886495
810969204.3484674 0.5379783052177639
811643934.3242131 0.5376455708734164
812318664.299959 0.5373900674977637
812993394.2757047 0.5370241144919188
813668124.2514505 0.5368835393067211
814342854.2271963 0.536746379424326
815017584.2029421 0.5364284984277017
815692314.1786879 0.5360395726727267
816367044.1544337 0.5359837678992561
817053019.6297753 0.5356640181524149
817727749.6055211 0.5353078921993782
818402479.5812669 0.5350238420410692
819077209.5570127 0.5347445281998076
819751939.5327585 0.5343615953365985
820426669.5085043 0.5340277332965847
821101399.4842501 0.5339511789442339
821776129.4599959 0.5336050411428207
822462104.9353374 0.5333674197818569
823136834.9110832 0.5331710076034254
823811564.886829 0.5328821889083059
824486294.8625748 0.5327025954897429
825161024.8383206 0.5324224439320021
825835754.8140664 0.5321088159559793
826510484.7898122 0.5319516797690175
827185214.765558 0.531562206275431
827871190.2408996 0.5313550326697429
828545920.2166454 0.5311467313683884
829220650.1923912 0.5309729697401365
829895380.168137 0.5306200335528809
830570110.1438828 0.5303344690617487
831244840.1196285 0.530129679723806
831919570.0953743 0.5298100588560172
832605545.5707159 0.5294673041389634
833280275.5464617 0.5290255378366376
833955005.5222075 0.528761947280661
834629735.4979533 0.5286794322549875
835304465.4736991 0.5284020516047884
835979195.4494449 0.5281345624469236
836665170.9247864 0.5279854812218425
837339900.9005322 0.5275321802153072
838014630.876278 0.5273692766762407
838689360.8520238 0.5271261779410397
839364090.8277696 0.5267954090075178
840038820.8035154 0.5266117236671685
840713550.7792612 0.5262590452380174
841399526.2546028 0.5260117257046173
842074256.2303486 0.5258203720408638
842748986.2060944 0.5255916755780228
843423716.1818402 0.5252890345689178
844098446.157586 0.5250410706376172
844773176.1333318 0.5247796710308074
845447906.1090776 0.524422352943898
846122636.0848233 0.5242642179416419
846797366.060569 0.5241460999880454
847483341.5359106 0.5237218935014583
848158071.5116564 0.5236085440846723
848832801.4874022 0.5233299390795176
849507531.463148 0.5229798060182469
850182261.4388938 0.5226767461509023
850856991.4146396 0.5225693896258822
852892426.8414727 0.5203082653055147
853567156.8172185 0.5200417749629441
854241886.7929643 0.5194858215286732
854916616.7687101 0.5190052303115605
855591346.7444559 0.5189773601452482
856266076.7202017 0.5184639691275171
856940806.6959475 0.5182035683346821
857615536.6716933 0.51810677991966
858301512.1470349 0.5177217205454904
859650972.0985265 0.5175485710953761
860325702.0742723 0.5170647578940392
861000432.0500181 0.5165571664481761
861675162.0257639 0.5164998151221193
862349892.0015097 0.5159597138521855
863710597.452597 0.5155642152483899
864385327.4283428 0.5153256595116579
865060057.4040886 0.5149664082336859
866409517.3555802 0.514937410373027
867084247.331326 0.5143509125241912
867758977.3070718 0.514350654764767
869119682.7581592 0.5142183278600283
869794412.733905 0.513799856505783
870469142.7096508 0.5136197475696912
871143872.6853966 0.5133766488344902
872493332.6368881 0.5130080215817127
873168062.612634 0.5125572981628208
873854038.0879755 0.5123546353345189
874528768.0637213 0.5122362918412613
875203498.0394671 0.5120626268736183
875878228.0152129 0.511807606797051
876552957.9909587 0.5112799423860122
877227687.9667045 0.5110644560590191
880612583.3450292 0.5113093268851476
881287313.320775 0.5110304319021254
881962043.2965208 0.5107811791763431
882636773.2722666 0.5105926930807401
883311503.2480124 0.5103380274215664
883986233.2237582 0.5100526562490127
884660963.199504 0.5098460948201424
885346938.6748456 0.5095636878737086
886021668.6505914 0.5092932344897239
886696398.6263372 0.5091059727477566
887314901.1041042 0.5087508778297772
887730984.5891473 0.5085511792275952
888203295.5721694 0.5084589660294855
888878025.5479152 0.5082437052408338
889564001.0232568 0.50799867331589
890238730.9990026 0.507658012888714
890913460.9747484 0.5074200693301196
891588190.9504942 0.5072467265601073
892262920.92624 0.5069907076682456
892937650.9019858 0.5067646532312545
893612380.8777316 0.5064600790310869
894298356.3530731 0.5061375583780241
894973086.3288189 0.5059348955497222
895647816.3045647 0.5055391391865023
896322546.2803105 0.5053305479059605
896997276.2560563 0.5049529957563799
897672006.2318021 0.5047082860290667
898346736.2075479 0.5045071375335878
899021466.1832937 0.5042625566866465
899707441.6586353 0.5040419796238926
900382171.634381 0.5038301985788896
901056901.6101269 0.5035694433686608
901731631.5858727 0.5031955320615441
902406361.5616184 0.5029655145844584
903081091.5373642 0.5028793587163211
903755821.51311 0.5026093886314217
904430551.4888558 0.5022287433753492
905116526.9641974 0.5019681170454924
905791256.9399432 0.5016851623617667
906465986.915689 0.5013671524860902
907140716.8914348 0.5011092648426921
907815446.8671806 0.5008040140261806
908490176.8429264 0.5004965078196562
909164906.8186722 0.5002295986188462
909839636.794418 0.4999855332894336
910525612.2697595 0.4997603165689215
911200342.2455053 0.49967229195056745
911875072.2212511 0.49936820104948526
912549802.1969969 0.49906546337977126
913224532.1727427 0.49884478965772816
913899262.1484885 0.49852681200181465
914573992.1242343 0.49840456990798865
915248722.0999801 0.49822636194319636
915934697.5753217 0.4979196612333879
916609427.5510674 0.49778192139261834
917284157.5268131 0.4975153021709956
917958887.502559 0.49709831292981016
918633617.4783047 0.4969028673469099
919308347.4540505 0.4965776402258316
919983077.4297963 0.49636466704695587
920669052.9051379 0.4961233726237651
921343782.8808837 0.4958843658103503
922018512.8566295 0.4957305804866652
922693242.8323753 0.49557653740487556
923367972.8081211 0.49543605887896697
924042702.7838669 0.4951910913935493
924717432.7596127 0.49479021207480556
925403408.2349542 0.4945507541833882
926078138.2107 0.4943502178647271
926752868.1864458 0.49405940153901895
927427598.1621916 0.4938165605619224
928102328.1379374 0.49346156230455196
928777058.1136832 0.4932444005459205
929451788.089429 0.4931285057612541
930137763.5647706 0.4929521987664416
930812493.5405164 0.49271618839759
931487223.5162622 0.492484495488866
932161953.492008 0.49214683150757305
932836683.4677538 0.4918941312579052
933511413.4434996 0.4915787634107179
934186143.4192454 0.49136897999630347
934860873.3949912 0.4911495950674223
935546848.8703327 0.49092263847574574
936221578.8460785 0.49079259917946316
936896308.8218243 0.4905431531351026
937571038.7975701 0.49032972887822424
938245768.7733159 0.4901198488045206
938920498.7490617 0.4897989069224872
939606474.2244033 0.4893516954670071
940281204.200149 0.48927942635238136
940955934.1758949 0.4890531785968118
941630664.1516407 0.48880592350293794
942305394.1273865 0.48851845804050636
942980124.1031322 0.48829121146964255
943654854.078878 0.48803039181988767
944329584.0546238 0.4878135200404435
945004314.0303696 0.4875673282000703
945690289.5057112 0.48734082268639634
946365019.481457 0.48670319194293094
947039749.4572028 0.48612281586491335
947714479.4329486 0.48604042971961187
948389209.4086944 0.48566764610684166
949063939.3844402 0.4853276300775664
949738669.360186 0.48506394286098076
950413399.3359318 0.4847708389268163
951099374.8112733 0.48444922042843896
951774104.7870191 0.48412544320065753
952448834.7627649 0.4837891646718156
954473024.6900023 0.4843392540946926
957857920.0683271 0.4839272589299788
958532650.0440729 0.4835371088200484
959207380.0198187 0.4833155329433199
959882109.9955645 0.48315694686306127
960556839.9713103 0.48295908479133287
961242815.4466518 0.48271434284425657
961917545.4223976 0.4824186935422118
962592275.3981434 0.4820844448650413
963267005.3738892 0.481776326481699
963941735.349635 0.4816002128054648
964616465.3253808 0.4813927814403524
965291195.3011266 0.48107725249303007
965965925.2768724 0.48096793055718445
966651900.752214 0.48072718387128544
967326630.7279598 0.48048704936220427
968001360.7037055 0.48025973835181435
968676090.6794513 0.48002482345754627
969350820.6551971 0.4797500526147537
970025550.630943 0.47942498659381044
970700280.6066887 0.47921768410775023
971375010.5824345 0.4790345465046928
972049740.5581803 0.4788121651312483
972735716.0335219 0.4785811488388683
973410446.0092677 0.47830982551996126
974085175.9850134 0.47786744703949796
974759905.9607592 0.47786683486268006
975434635.936505 0.47764612892087394
976109365.9122508 0.4773905288859321
976784095.8879966 0.4770365616636191
977470071.3633381 0.47691332075449866
978144801.3390839 0.4766455738372096
978819531.3148297 0.47643917350715465
979494261.2905755 0.47609902859750736
980168991.2663213 0.47593077656457555
980843721.2420671 0.4756929941034767
981518451.2178129 0.4754160967510432
982193181.1935587 0.4751452567299017
982879156.6689003 0.4747509180402157
983553886.644646 0.47448887403682505
984228616.6203918 0.4742386869352746
984903346.5961376 0.4740623799404621
985578076.5718834 0.47392054818054574
986252806.5476292 0.47367735278605555
986927536.523375 0.47344662647286284
987602266.4991208 0.4730729729238506
988288241.9744624 0.47268114738228195
989637701.925954 0.4724324423951111
990312431.9016998 0.4722007817048305
990987161.8774456 0.4719073555717158
991661891.8531914 0.47168577969366754
992336621.8289372 0.47142605551849615
993022597.3042787 0.4711225445744688
993697327.2800245 0.47074496020380535
994372057.2557703 0.47035671106517446
995046787.2315161 0.4701438345455879
995721517.2072619 0.47008445337049914
996396247.1830077 0.4698489262994132
997070977.1587535 0.46976570243895244
997745707.1344993 0.4695427733268965
998431682.6098409 0.46923639481603835
999106412.5855867 0.4689324650124518
999781142.5613325 0.46872716015698024
1000455872.5370783 0.4685332611266661
1001130602.512824 0.46838601643203864
1001805332.4885699 0.4682960264041787
1002480062.4643157 0.46796197104558657
1003166037.9396572 0.467748256809521
1004515497.8911488 0.4674411694625558
1005190227.8668946 0.46719691081324516
1005864957.8426404 0.4669508478519242
1007214417.794132 0.46677112555430894
1007889147.7698778 0.4663870649954337
1009249853.2209651 0.46615501766799633
1009924583.196711 0.4657788831906298
1010599313.1724567 0.46550456342583973
1011274043.1482025 0.46549380199726337
1011948773.1239483 0.46515768456855644
1012623503.0996941 0.4647713364012249
1013309478.5750357 0.4647451094467878
1013984208.5507815 0.4644642812727031
1014658938.5265273 0.46434593777944544
1015333668.5022731 0.46415368196100654
1016008398.4780189 0.46378415255354355
1017357858.4295105 0.4636336214351656
1018032588.4052563 0.46327955755224365
1020742753.8078352 0.4628917272718523
1021417483.783581 0.46270800971174
1022092213.7593268 0.4625634392653649
1022766943.7350726 0.46224578380840164
1023441673.7108184 0.46198412644216774
1024127649.18616 0.4617266576570092
1024802379.1619058 0.46157764087145425
1025477109.1376516 0.4613405028082561
1026151839.1133974 0.4610698561043733
1026826569.0891432 0.46085008453833537
1027501299.064889 0.4606830246392762
1028176029.0406348 0.4604438245059633
1028850759.0163805 0.4602576904583426
1029536734.4917221 0.4599333654932694
1030211464.4674679 0.4598336128508077
1030886194.4432136 0.4596643942223446
1031560924.4189594 0.45946852978120484
1032235654.3947052 0.45927814271430234
1032910384.370451 0.45906529841447885
1033585114.3461968 0.4587511549209273
1034259844.3219426 0.45853296212591876
1034945819.7972841 0.45838562077332184
1035620549.7730299 0.45816758907844835
1036295279.7487757 0.4578590518368666
1036970009.7245215 0.4576549391152677
1037644739.7002673 0.4575005093963214
1038319469.6760131 0.45726259805617037
1038994199.6517589 0.45702442895791484
1039668929.6275047 0.45684802530381313
1040354905.1028463 0.4565619775149154
1041029635.0785921 0.4562643950218081
1041704365.0543379 0.4560302211847298
1042379095.0300837 0.4558229509184328
1043053825.0058295 0.45557888558770043
1043728554.9815753 0.45534020097191624
1044403284.957321 0.4551489761885347
1045078014.9330668 0.45486015749341513
1045752744.9088126 0.45467334682945043
1047113450.3599 0.4544981030894583
1047788180.3356458 0.45427278970965707
1048462910.3113916 0.4539674100127735
1049137640.2871374 0.45360129590811327
1049812370.2628832 0.45327088139198507
1050487100.238629 0.45293969360022357
1051173075.7139705 0.4527168933672199
1051847805.6897163 0.45246390314100426
1052522535.6654621 0.452295264469596
1053197265.6412079 0.4519667187036844
1053871995.6169537 0.4516903368687796
1054546725.5926995 0.45145658188994087
1055221455.5684453 0.45117272505021017
1055896185.5441911 0.45097908377800044
1056413478.5255963 0.45087211389145676
1056919526.0074056 0.4507033785607593
1057594255.9831514 0.4505918012349008
1058268985.9588972 0.4503495402161788
1058943715.9346429 0.4501321206994429
1059618445.9103887 0.44987784167742595
1060293175.8861345 0.4497740293355806
1060967905.8618803 0.4493819460345877
1061653881.3372219 0.449172001521358
1062328611.3129677 0.4489672444031782
1063003341.2887135 0.4488341442214866
1063678071.2644593 0.44856407747597826
1065702261.1916966 0.4486842252799265
1066376991.1674424 0.44844766717378315
1067062966.642784 0.44843129949191723
1067737696.6185298 0.44819045614672914
1068412426.5942756 0.4479806727323147
1069087156.5700214 0.44770809283868906
1069761886.5457672 0.44750678324439486
1070436616.521513 0.44731552624125026
1071111346.4972588 0.4471227871250457
1071786076.4730046 0.44685607124413373
1072460806.4487504 0.4466093316664688
1073146781.9240919 0.4464104385596831
1073821511.8998377 0.44613579659594266
1074496241.8755836 0.4459314905557655
1075170971.8513293 0.44586524655398846
1075845701.8270752 0.445595115368954
1076520431.802821 0.445402601791091
1077195161.7785668 0.44518215360870905
1077881137.2539084 0.44502050664304127
1078555867.229654 0.44475556285305684
1079230597.2054 0.4445165238185593
1079905327.1811457 0.44437211447099945
1080580057.1568916 0.44417528343432844
1081254787.1326373 0.4438387793684648
1081929517.1083832 0.4437130253112271
1082604247.0841289 0.44346296709004857
1083290222.5594704 0.4431723440829187
1083964952.5352163 0.44310039716724337
1084639682.510962 0.443000966723732
1085314412.486708 0.4428591027440526
1085989142.4624536 0.4426205470086404
1086472698.9450715 0.44246105877237657
1086776327.4341571 0.4424193340723156
1087282374.9159663 0.4421955672451004
1087968350.3913078 0.44195053532015655
1088643080.3670537 0.4417029258075693
1089317810.3427994 0.4415053859334715
1089992540.3185453 0.44121108986411467
1091342000.270037 0.44102734008555905
1093377435.69687 0.44134431892617826
1094052165.6726158 0.4406721807280536
1094726895.6483617 0.44043223953887056
1095401625.6241074 0.4403948000778544
1096076355.5998533 0.4400778856767613
1096751085.575599 0.4398764472034149
1098100545.5270905 0.4396726888992097
1098775275.5028365 0.4394693172348007
1099461250.978178 0.4391686094154385
1100135980.9539237 0.43895128655799176
1100529573.4397755 0.43882453368545976
1100923165.9256272 0.43869771637340166
