1.0 0.9974034109305921
4205817.848815459 1.0
4779338.328199385 0.9990843774984819
5915133.787371473 0.9973562346159678
6376199.270797768 0.996489207265595
7062174.746139326 0.9954916469552948
8636544.689546183 0.9923983468674812
8827718.182674158 0.9919090847399024
9266292.666908925 0.991430109177403
9952268.142250484 0.9905493072892906
11301728.093742074 0.9883190145144353
11976458.06948787 0.9872298210118545
14000647.996725256 0.9835127058003309
14675377.972471053 0.9825313438733422
15350107.948216848 0.9816851852433136
17385543.375049997 0.9774786896669263
18060273.350795794 0.9764337165698539
18735003.326541588 0.975353272558547
20635492.75822558 0.9725715844417978
21074067.242460344 0.9719034897945426
22333563.19718583 0.969647421490162
23008293.172931626 0.9690395682776155
23683023.148677424 0.9688508039010817
24357753.124423217 0.9680141041811926
26393188.551256366 0.9646294696610778
27742648.502747957 0.9625736346602618
30441568.40573114 0.9583962252331595
31802273.856818493 0.9564537197999082
36525383.68703906 0.9610781218491461
37638688.147019625 0.9608451370683149
38796974.60538324 0.9589184161909051
39168076.09204343 0.9581540771335845
39527932.07910785 0.9579053669149487
39955261.063746855 0.9574998161433166
40607500.04030112 0.956785254600303
41282230.01604692 0.9560065498224509
41956959.991792716 0.9551322509353621
42631689.96753851 0.9544869167904791
43306419.94328431 0.9538909463336442
43992395.41862587 0.9529653919764794
44667125.39437166 0.9525107139901582
45094454.37901066 0.9520987193355394
45533028.863245435 0.9516360603924257
46219004.33858699 0.9505761303932408
46893734.31433278 0.9497734827498546
47568464.29007858 0.9490455013785344
48243194.26582438 0.9486870678022787
48794223.74601678 0.9479921334984103
49232798.23025154 0.9472093495663173
49806318.709635474 0.9465926286252121
50481048.68538126 0.9459459347618452
51155778.66112706 0.9452362800292233
51830508.63687286 0.9448838173892365
55890133.990943395 0.9405592036733886
57250839.44203075 0.9387980137234228
57644431.92788246 0.9384403486840699
57891832.918989256 0.9382138669042623
58420371.39999013 0.9378564383382684
59095101.37573592 0.9372557975444006
59769831.35148172 0.9364688753388188
60444561.32722751 0.9355604061379423
61119291.30297331 0.9348086592539884
61794021.278719105 0.934330215756244
62479996.75406066 0.9337437042095486
63154726.72980646 0.9329114383533333
63829456.70555225 0.9320792907331924
64504186.68129805 0.9314114916773331
65178916.657043844 0.9303242490760282
65853646.63278964 0.9295813108025955
66539622.1081312 0.9290832400657061
67214352.083877 0.9287281762260362
67889082.0596228 0.9283423118103755
68563812.03536859 0.9272311263411148
68957404.5212203 0.9265802942054698
69350997.00707202 0.9259297576612208
70025726.98281781 0.9255653531474853
70711702.45815937 0.9249918476028374
71386432.43390517 0.9246153829792794
71791270.41935264 0.9243834032074991
72196108.40480012 0.9236608015908668
72870838.38054591 0.9226045369196638
73545568.35629171 0.9216386048390837
74220298.33203751 0.9206515675672221
74895028.3077833 0.9202884045358964
75569758.28352909 0.9198224940922709
75985841.76857233 0.9194356246675592
76390679.75401981 0.918628543160499
77751385.20510717 0.9169510054472321
78257432.68691652 0.9162068848106375
78774725.66832162 0.9156825064794679
79449455.64406742 0.9147492667581174
80124185.61981322 0.9140773294287693
80798915.59555902 0.9137317836172762
81473645.5713048 0.9128986309892949
82148375.5470506 0.912116674710931
82834351.02239215 0.9113750961559824
83509080.99813795 0.9111093007810582
84183810.97388375 0.9106214574912113
84858540.94962955 0.9103163485211705
86208000.90112114 0.9082663071025124
86882730.87686694 0.9077011963397055
87557460.85261273 0.9071599102075693
88243436.32795429 0.9064591823203323
88918166.30370009 0.9055653153121354
89592896.27944587 0.9054468424620309
90267626.25519167 0.9044522380620575
90942356.23093747 0.9041175108791879
91617086.20668326 0.9040795570025553
92291816.18242906 0.9030547432069612
92977791.65777062 0.9021732318999829
93652521.63351642 0.9017677993644249
94327251.60926221 0.9008739323562279
95001981.58500801 0.9007307481036863
96351441.53649959 0.8988731955063701
97700901.48799118 0.8983456839119736
99061606.93907854 0.89649711727929
99736336.91482434 0.89584864987118
100411066.89057013 0.8950681124305477
101085796.86631593 0.8948603119976606
101760526.84206173 0.894062334691307
102221592.32548802 0.8933741989786476
102412765.81861599 0.8932735207036973
102761376.30608465 0.8931250158145048
103368633.28425586 0.892982600098866
103795962.26889487 0.8928909077885485
103975890.26242709 0.8926549079805642
105730188.19936615 0.8905351662182687
106404918.17511195 0.8900603880472951
107079648.15085775 0.8893891010187759
109519921.56313837 0.8858028734754018
109688604.05707482 0.8857432232234849
110104687.54211806 0.8854559088285985
110790663.01745962 0.8851231916638308
111465392.99320541 0.8846324515816941
112477487.95682411 0.8836924132691347
114501677.8840615 0.8817416312889059
118561303.23813203 0.8825011226550827
119236033.21387783 0.8815562366501688
119910763.18962362 0.8812005225108809
120585493.16536942 0.8803969289764807
121260223.14111522 0.8799672579827816
121934953.11686102 0.8794147393945521
122609683.0926068 0.8786997640240686
123284413.0683526 0.8781759177576538
123970388.54369415 0.8774512470036718
124645118.51943995 0.8769710299599734
125319848.49518575 0.8765268750108799
125994578.47093154 0.8761643622791725
126669308.44667734 0.8753754891735257
127344038.42242314 0.8749425075624885
128018768.39816894 0.8742595742504058
128704743.8735105 0.8738027088906607
129379473.84925629 0.8731760560939088
130054203.82500207 0.8725057149564036
130728933.80074787 0.8719669117866657
131403663.77649367 0.8715273089385309
131875974.75951573 0.8713770305033844
132224585.24698439 0.8708142844681124
132786860.22677255 0.8701210645909501
133461590.20251834 0.8696869006155401
134136320.17826414 0.8691522357205017
134811050.15400994 0.8685064286301118
135497025.6293515 0.8678628680323934
136126773.60671425 0.8673521460028893
136520366.09256595 0.8669596603501308
136857731.08043885 0.8668677906857022
137352533.06265244 0.8665433500679123
137926053.54203635 0.8661281630308186
138612029.0173779 0.8654978449060851
139286758.9931237 0.8648402732972683
139961488.9688695 0.8640865755132493
140636218.9446153 0.8636942672146019
141310948.9203611 0.8634763575731678
141985678.8961069 0.8625849144105427
142660408.8718527 0.8617743449296118
143335138.8475985 0.8613097350876439
144021114.32294005 0.8606537005514222
144695844.29868585 0.8600754064324566
145370574.27443165 0.859472046201621
146045304.25017744 0.8591039763611146
146720034.22592324 0.8585417623893864
147394764.20166904 0.858174756675968
148069494.17741483 0.857395519834572
148744224.1531606 0.8568117868428815
149430199.62850216 0.856391279169137
150104929.60424796 0.8558681423203773
150779659.57999375 0.8553642188820821
151454389.55573955 0.8546711172422046
152129119.53148535 0.8543318970776241
152803849.50723115 0.8536961991969918
153478579.48297694 0.8528888812177835
154153309.45872274 0.8522373987813098
154828039.43446854 0.8517499101996848
155514014.9098101 0.8513584886752251
156188744.8855559 0.8509206593718334
156863474.8613017 0.8501635327331915
157538204.8370475 0.8495329190182727
158212934.81279328 0.8491872549707056
158887664.78853908 0.8488141009656964
159562394.76428488 0.8482077257077077
160248370.23962644 0.8476196770872066
160923100.21537223 0.8470872586824184
161597830.19111803 0.8464257261554348
162272560.16686383 0.8460436453038298
162947290.1426096 0.8452231439672523
163622020.1183554 0.8443551707258654
164296750.0941012 0.8439905297399819
164971480.069847 0.8436141242344608
165646210.04559278 0.84312675388891
166332185.52093434 0.8422886353324999
167006915.49668014 0.8414221400456711
167681645.47242594 0.8409746744780285
168356375.44817173 0.8408056555779246
169031105.42391753 0.8403583673643933
169705835.39966333 0.8395320724456579
170290601.378643 0.8394321035883627
170875367.3576227 0.8385079089496819
171268959.84347442 0.8378794234889392
171392660.33902782 0.8376752292672075
172483473.79981685 0.8370763620180829
173158203.77556264 0.8363760479595266
173832933.75130844 0.8358692868481895
174507663.72705424 0.8354079285067334
175182393.70280004 0.8351938615461815
175857123.67854583 0.834533806972545
176543099.1538874 0.8340086601056833
177217829.1296332 0.8332262900010602
177892559.105379 0.8325827294021311
178567289.08112478 0.8320807568651115
179242019.05687058 0.8315697983622485
179916749.03261638 0.8312097094773238
180591479.00836217 0.8307957639226401
181277454.48370373 0.8297556976335377
181952184.45944953 0.8291871580161078
183121716.41740888 0.8286158398436729
183627763.89921823 0.8278134286736455
184302493.87496403 0.8273877185993241
184977223.85070983 0.8271991315781122
185651953.82645562 0.8267448083000131
186326683.80220142 0.8257480165266159
187001413.77794722 0.8255240768284543
187676143.753693 0.8251078847823097
188215927.73428965 0.8250103988898343
188497065.22418374 0.8245915465247589
188924394.20882273 0.8242983794296775
189599124.18456852 0.8235687427484776
190273854.16031432 0.8226550120289874
190948584.13606012 0.8217851470055725
191623314.11180592 0.8215988064758214
192298044.0875517 0.8211367387142887
192972774.0632975 0.8204825959600949
193647504.0390433 0.8203255189337396
194333479.51438487 0.8197926275834444
195008209.49013066 0.8190707353856781
195682939.46587646 0.8183205255755297
196357669.44162226 0.8174668589354264
197032399.41736805 0.8172302088266132
197707129.39311385 0.8165758296002713
198381859.36885965 0.8159494723937046
199056589.34460545 0.8157718813564381
199742564.819947 0.815263642290543
200417294.7956928 0.8146596317600893
201092024.77143857 0.8144367561902265
201766754.74718437 0.8134987870138062
202441484.72293016 0.8129478054981716
203116214.69867596 0.8123311436751034
203790944.67442176 0.8118387482842976
204465674.65016755 0.8111071015849957
205151650.1255091 0.8109137259906768
205826380.1012549 0.8105284527565971
206501110.0770007 0.8095377501567537
207175840.0527465 0.8095120928620918
209200029.9799839 0.8075757948384685
210549489.9314755 0.8063274551733934
212584925.35830864 0.8052583618542543
213259655.33405444 0.8041353527485295
213934385.30980024 0.8036001557887366
214384205.29363075 0.8033063383928264
214834025.2774613 0.8027602045683356
215508755.2532071 0.8021765898127192
218893650.63153183 0.8030714618299671
219568380.6072776 0.8025761105300454
220243110.5830234 0.8019496350874047
220917840.5587692 0.8015693868997907
221603816.03411075 0.8011541407446601
222278546.00985655 0.8007906230039016
222953275.98560235 0.8002574951814583
223628005.96134815 0.799667732134251
224224017.4399236 0.7993444147627968
224561382.4277965 0.7990676234039273
224988711.4124355 0.7988244111772643
225663441.3881813 0.7982825929815842
226338171.3639271 0.7977439080479203
226731763.8497788 0.7974294584050248
226844218.84573644 0.7973384755123623
227249056.8311839 0.7968989909003015
227822577.31056786 0.7964987016472832
228396097.78995177 0.796345171711625
229070827.76569757 0.7959856148902442
229745557.74144337 0.7953595532750735
230420287.71718916 0.7948783312223242
231095017.69293496 0.7941249290284902
231691029.1715104 0.7938896977574089
232129603.65574518 0.7937777279083281
232646896.6371503 0.793239575039419
233321626.61289608 0.7927779211065671
233996356.58864188 0.7920797944202238
234671086.56438768 0.7916222196428238
235345816.54013348 0.7911216659411144
236031792.01547503 0.7906005391104566
236706521.99122083 0.7903011054864998
237381251.96696663 0.789882253122635
238055981.94271243 0.7892596203620872
238730711.9184582 0.7889984953241959
239405441.894204 0.7887124224105084
240080171.8699498 0.7882051883548752
240754901.84569559 0.7874342871784937
241429631.82144138 0.7869290040217145
242104361.79718718 0.7864697739344345
242779091.77293298 0.7860298754949038
243465067.24827453 0.7853589431758174
243993605.7292754 0.7849136649803881
244285988.71876526 0.7848112131606947
244510898.7106805 0.7846611120796594
244848263.6985534 0.7844026473606988
245388047.67915004 0.7840250594908049
246062777.65489584 0.7837874634921886
246737507.63064164 0.7831592736228418
247423483.1059832 0.7825543172013742
248098213.081729 0.7821589347575368
248772943.0574748 0.7814797258902622
249447673.0332206 0.7808968205535115
250122403.0089664 0.7805275683486324
250797132.98471218 0.7802449834088157
251471862.96045798 0.780100912383297
252146592.93620378 0.7793544861372047
252832568.41154534 0.7786593153599773
253507298.38729113 0.7783008226656846
254182028.36303693 0.7778382819598557
254856758.33878273 0.7773362503035885
255531488.31452852 0.7769188758942818
256206218.29027432 0.7763954434541263
256880948.26602012 0.7758778045973392
257555678.24176592 0.7754339452384309
258230408.21751168 0.7746349629230262
258916383.69285324 0.7741825905449922
259591113.66859904 0.7737840748379277
260265843.64434484 0.7733946633303593
260940573.62009063 0.772567540756684
261615303.59583643 0.7719564360436255
262301279.071178 0.7716032639859836
262976009.0469238 0.7708317716280211
263650739.02266958 0.7700349766848297
264325468.99841538 0.7695217125736796
265000198.97416118 0.7690190897358312
265674928.94990698 0.7682320492941754
266349658.92565277 0.7679374042433253
267024388.90139857 0.7676334776376574
269059824.3282317 0.766185436731351
269734554.3039775 0.7658998958812077
270409284.2797233 0.7656260013146278
271084014.2554691 0.7651837972655992
271758744.2312149 0.764263622664333
272433474.2069607 0.7642083471580531
273108204.1827065 0.7635693386600827
273794179.65804803 0.7630314813813588
274468909.63379383 0.7627414475495045
275143639.6095396 0.7624282985058449
275818369.5852854 0.7619969130854399
276493099.5610312 0.7616506578562917
277167829.536777 0.7613918975459353
277842559.5125228 0.7608714210148957
278528534.9878644 0.7604912319453188
279203264.9636102 0.7597871343214959
279877994.93935597 0.7592229694509136
280552724.91510177 0.7588060679859031
281227454.89084756 0.757838657950765
281902184.86659336 0.757562516893935
282520687.34436035 0.7574600059549939
283296626.816468 0.7573745210543041
283971356.7922138 0.756919665712661
284657332.26755536 0.7564703083629906
285332062.24330115 0.7559478218138489
286006792.21904695 0.7555891517654452
286681522.19479275 0.7552727512212739
287356252.17053854 0.7551118906308628
288030982.14628434 0.754408325070584
288705712.12203014 0.7538261882695254
289380442.09777594 0.7537924909024556
290066417.5731175 0.7532183350569789
290741147.5488633 0.7523889659930534
291415877.5246091 0.7519377168613551
292090607.5003549 0.7516353273270715
292765337.4761007 0.7515149626961498
293440067.4518465 0.750970129472106
294114797.4275923 0.7507827839333039
294800772.90293384 0.7500542704972291
295475502.87867963 0.749349404337714
296150232.85442543 0.7490199977914952
296824962.8301712 0.748541317820392
297499692.805917 0.7480779494596231
298174422.78166276 0.7479506088821708
298849152.75740856 0.7472328549578933
299523882.73315436 0.7471481385928956
300198612.70890015 0.746731946546751
300884588.1842417 0.7460814100025018
301559318.1599875 0.7456869143316415
304932968.0387165 0.7441473584703394
305607698.0144623 0.743837992989525
306282427.9902081 0.7432800355285705
306968403.46554965 0.7429961499870962
307643133.44129544 0.7427137424013907
308272881.4186582 0.74232090204041
308902629.39602095 0.7417537812582902
309588604.8713625 0.7413068477554026
310263334.8471083 0.7407250656625662
310938064.8228541 0.7402495189559006
311612794.7985999 0.7398690342949279
312287524.7743457 0.7394796819066073
312962254.7500915 0.7391352593414499
313636984.7258373 0.7388244159072883
314311714.7015831 0.7381210277011206
314997690.17692465 0.737914882579324
315672420.15267044 0.7371997298535187
316347150.12841624 0.7365522083364227
317021880.10416204 0.7362955762814529
317696610.07990783 0.7359265605487219
318292621.55848324 0.7357028573239192
318888633.0370587 0.7353009127610209
319563363.0128045 0.7348503139301515
320238092.9885503 0.7340909408000487
320912822.9642961 0.7338194109610037
321587552.9400419 0.7332911308297042
322273528.41538346 0.7329899236597934
322948258.39112926 0.7327304539317819
323622988.36687505 0.7323640393999445
324297718.34262085 0.7319501529632978
324972448.31836665 0.7313191254196983
325647178.29411244 0.7308045607081014
326321908.26985824 0.7305680879546101
326962901.74681675 0.7299918629729943
327603895.2237752 0.7298119663262299
328289870.69911677 0.7294930828172389
328964600.67486256 0.7292341451527713
329639330.65060836 0.7287953699583657
330314060.62635416 0.7284445626282587
330988790.60209996 0.7280587573318458
331663520.57784575 0.7274777437759125
332338250.55359155 0.7268885127922492
333012980.52933735 0.7265238126883288
333631483.00710434 0.7262483810491538
334238739.98527557 0.7258078914268312
334913469.96102136 0.7255614868176934
335599445.4363629 0.7250240433676501
336274175.4121087 0.7245679465448079
336948905.3878545 0.7243282814088419
337623635.3636003 0.7240081564186518
338298365.3393461 0.7234426318283748
338973095.3150919 0.7227913858652598
339647825.2908377 0.7225078550344293
340333800.76617926 0.7220411169370745
341008530.74192506 0.7213915262826287
341683260.71767086 0.7210453301715175
342357990.69341666 0.7208413133038969
343032720.66916245 0.7204649669164129
343707450.64490825 0.7200794572101852
344382180.62065405 0.7197019875775761
345056910.59639984 0.7193223305715432
345742886.0717414 0.718674217872866
346417616.04748714 0.7183383083268344
347092346.02323294 0.7179030211050887
347767075.99897873 0.717409265995799
348441805.97472453 0.7171679455511638
349116535.9504703 0.7164814651471734
349791265.9262161 0.7161874112791151
350465995.9019619 0.7159408293146554
351151971.3773035 0.7156629738299085
351826701.3530493 0.7154116624103789
352501431.3287951 0.7150783540652411
353176161.3045409 0.7145059717657183
353850891.28028667 0.7140471555046974
354525621.25603247 0.7135229545288497
355200351.23177826 0.713086484943942
355886326.7071198 0.712810935068693
356561056.6828656 0.7125035796071914
357235786.6586114 0.7119826301306448
357910516.6343572 0.7116662887045104
358585246.610103 0.7110431829996665
359259976.5858488 0.710486526137948
359934706.5615946 0.7100113932575417
360609436.5373404 0.7097535788381992
361295412.01268196 0.7097415778464136
361970141.98842776 0.7094523716682885
362644871.96417356 0.7089660063329993
363319601.93991935 0.7083933284420805
363994331.91566515 0.7079798558329038
364669061.89141095 0.7076440645229461
365343791.86715674 0.7070090760611798
366018521.84290254 0.7066194871995002
366704497.3182441 0.7063053331467898
368053957.2697357 0.7058736521349889
368728687.2454815 0.7052598279849627
369403417.2212273 0.705030626769398
370078147.1969731 0.7047435488466596
370752877.1727189 0.7040513930965853
371427607.1484647 0.7034668324499549
372113582.62380624 0.7031073938646482
372788312.59955204 0.7027605474539189
373463042.57529783 0.702352218127282
374137772.55104357 0.7019220150700389
374812502.52678937 0.7018860120934713
375487232.50253516 0.701357081661343
376173207.9778767 0.7008344768761274
376847937.9536225 0.7005083809496683
377522667.9293683 0.6997794536873342
378872127.8808599 0.6996307123247829
379546857.8566057 0.6989263782288118
380221587.8323515 0.6986659034905386
380907563.30769306 0.6980955903271546
381582293.28343886 0.6977389302968529
382257023.25918466 0.697355903554234
382931753.23493046 0.6967879551183851
383606483.21067625 0.6963553282167809
384281213.18642205 0.6961128254077729
384955943.16216785 0.6959124738669235
385630673.13791364 0.695574731656901
386316648.6132552 0.6951133733154449
386991378.589001 0.6947282183174393
387666108.5647468 0.6942352908630894
388340838.5404926 0.6938788673049358
389015568.5162384 0.6934713065152016
389690298.4919842 0.6929118710984784
390365028.46773 0.6925202722186968
391039758.4434758 0.6923005890300981
391714488.4192216 0.6919193358334332
392400463.89456314 0.6913478403068872
393075193.87030894 0.6909427624795513
393749923.84605473 0.6905908910223564
394424653.82180053 0.6902682239505202
395099383.7975463 0.689786706306375
395774113.7732921 0.6895202015125851
396448843.7490379 0.689330077418778
397123573.7247837 0.6889308522928478
397809549.2001253 0.6885952974562491
398484279.1758711 0.6882754089382072
399159009.1516169 0.6877499664799496
399833739.12736267 0.68724758011546
400508469.10310847 0.6867820243824783
401183199.07885426 0.6864426859806129
401857929.05460006 0.6860253115713062
402532659.0303458 0.6854299322960522
403218634.50568736 0.6851841188684955
403893364.48143315 0.6846943837966204
404568094.45717895 0.6841542800276463
405242824.43292475 0.6838985347444428
405917554.40867054 0.6831015033291034
406592284.38441634 0.6826961890296194
407267014.36016214 0.6822622024083205
407952989.8355037 0.6817545545252172
408627719.8112495 0.6813560979349791
409302449.7869953 0.681220126102327
409977179.7627411 0.6805626136103365
410651909.7384869 0.680410147802977
411191693.71908355 0.6803432260143445
411742723.1992759 0.6798481703046078
412417453.1750217 0.6792199804340502
413092183.1507675 0.6788913424259452
413766913.1265133 0.6784173327906639
414441643.1022591 0.6779858291341847
415127618.57760066 0.6776435939412405
417826538.48058385 0.6777426760255587
418501268.45632964 0.6773538557007821
420536703.8831628 0.6775005279259836
421211433.8589086 0.6767144333753418
421886163.8346544 0.676219791493075
422560893.8104002 0.6759091254130246
423235623.786146 0.6756871957341758
423910353.7618918 0.6752561650219929
424596329.23723334 0.6746520362554651
425271059.21297914 0.6742615606208087
425945789.18872494 0.6740438874515227
426620519.16447073 0.6736061763854158
427295249.1402165 0.6732091386316986
427969979.1159623 0.6727756840751544
428644709.0917081 0.6724969418162199
429319439.0674539 0.6722887866751106
430005414.5427955 0.6718298521792265
430680144.5185413 0.6714341741439933
431354874.4942871 0.6711139900357661
432029604.4700329 0.6708406275327302
432704334.44577867 0.6705431448088383
433379064.42152447 0.670090595076693
434053794.39727026 0.6696720974210505
434728524.37301606 0.6691737902120128
435403254.34876186 0.6689448845866333
436089229.8241034 0.6687977985339617
436763959.7998492 0.6683432387837145
437438689.775595 0.667929766173327
438113419.75134075 0.667335805734594
438788149.72708654 0.6671409521857171
439237969.7109171 0.6670343620925351
439440388.7036408 0.6669359894270828
439867717.68827987 0.6667296078319273
440553693.1636214 0.6662331332856697
441026004.14664346 0.6659778609479732
441509560.62926126 0.6656356257562397
442116817.6074325 0.6654610497449153
442712829.08600795 0.6650543757281582
443387559.06175375 0.664870340807905
444062289.03749955 0.6644649082711361
444737019.01324534 0.6640833003650384
445411748.98899114 0.6636551664451451
446097724.4643327 0.6632171597876423
446772454.4400785 0.6630025607635462
447447184.4158243 0.6628408134001582
448121914.3915701 0.6624576684214655
448796644.3673159 0.662088297980512
449471374.3430617 0.6615426962207761
450146104.3188075 0.6611623889139144
450820834.2945533 0.6607677158889428
451405600.2735329 0.660416553849403
451731719.76181006 0.6602459978767041
452159048.7464491 0.6599299520419658
452743814.72542876 0.6596640975477939
453081179.71330166 0.6594082931465532
453249862.20723814 0.6591743624759188
453665945.69228137 0.6590144477765217
454351921.1676229 0.6587208077347225
455026651.1433687 0.6585060904745526
455701381.1191145 0.6580518854325275
456376111.0948603 0.6578774276596987
457050841.0706061 0.6577421061266647
457725571.0463519 0.6574067877610034
458400301.0220977 0.6567805487917215
459075030.9978435 0.6562663979075946
459761006.47318506 0.6560924721983098
460435736.44893086 0.6556983312356716
461110466.42467666 0.6552381552573776
461785196.40042245 0.6549122366850296
462459926.37616825 0.6545575866728298
463134656.35191405 0.6541944236415042
463809386.32765985 0.6539680600989815
464484116.30340564 0.6535655243532915
465147600.7795556 0.6532075637237535
465698630.25974804 0.6528235319720838
466260905.2395362 0.6526763868001644
466935635.215282 0.6521920906010144
467610365.1910278 0.6517860668838753
468285095.1667736 0.6515683937145893
468959825.1425194 0.6509415635625156
469634555.1182652 0.6506400016843826
470309285.094011 0.650332114159337
470939033.0713737 0.6501723176960139
471557535.5491407 0.6500187877603557
472243511.02448225 0.6495417630991321
472918241.00022805 0.6490456432623075
473592970.97597384 0.6486950724043488
474267700.95171964 0.6484532198961696
474942430.92746544 0.6480026210640893
475617160.90321124 0.6475720041805871
476291890.87895703 0.6473298560810121
476977866.3542986 0.6470556068049992
477652596.3300444 0.6466867093095529
478327326.3057902 0.6463850291941351
479002056.281536 0.6460047218884841
479676786.2572818 0.6456207492548514
480351516.2330276 0.645390602147062
481026246.2087734 0.6449217357955312
481700976.1845192 0.6444438834793679
482386951.65986073 0.6443420228400447
483061681.6356065 0.6440206563686556
483736411.6113523 0.6438024511346148
484411141.5870981 0.6432034656506268
485085871.5628439 0.6429720770616383
485760601.5385897 0.6426445622974476
486165439.5240372 0.6425348980578647
486559032.0098889 0.6421633402446982
487233761.9856347 0.6418121190871213
487919737.46097624 0.6413139892321947
488594467.43672204 0.6407740628173318
489269197.41246784 0.6406776410519444
489943927.38821363 0.6402319490302557
490618657.36395943 0.6400940854143651
491293387.3397052 0.6397049694994031
491968117.315451 0.6392186041629033
492642847.2911968 0.6388639541507035
493317577.2669426 0.6386957629055396
493992307.2426884 0.6382973063153015
494678282.71803 0.6379892414361448
495353012.6937758 0.637574822935954
496027742.6695216 0.6371919735474464
496702472.64526737 0.6368045720591906
497377202.62101316 0.6364482667383217
497905741.102014 0.6363131816774358
498434279.5830149 0.6359243022346222
499109009.5587607 0.6357179206382559
499783739.5345065 0.6353552305524374
500458469.5102523 0.6348407840781253
501133199.4859981 0.6344553334899345
501819174.96133965 0.6340490141813995
502493904.93708545 0.6337131046341572
503168634.91283125 0.6336439954721006
503843364.88857704 0.6333617061224691
504518094.86432284 0.6328813708426968
505192824.84006864 0.6324295305282066
505867554.81581444 0.6321821209100177
506553530.291156 0.6318090851410826
507228260.26690173 0.6315299290558889
507902990.2426475 0.631174746980145
508577720.2183933 0.6307239116759167
509252450.1941391 0.6304603036744163
509927180.1698849 0.630067581548299
510601910.1456307 0.6298120136204173
511276640.1213765 0.6296923584071508
511962615.5967181 0.6292953206534336
512637345.57246387 0.6286608642564219
513312075.54820967 0.6282204337533471
513986805.52395546 0.6280611693535681
514661535.49970126 0.6276022348576841
515336265.47544706 0.6273603823482942
516010995.45119286 0.6268049669689856
516696970.9265344 0.6266250112029733
517371700.9022802 0.6264247778994086
518046430.878026 0.6261290096022227
518721160.8537718 0.6257060780829063
519395890.8295176 0.6252126776830496
519901938.311327 0.625009192878973
520419231.29273206 0.6246265799638242
521093961.26847786 0.624443609170659
521768691.24422365 0.6239412228061695
522443421.21996945 0.6236680376572448
523118151.19571525 0.6233159888459386
523792881.17146105 0.6229985241734687
524467611.14720684 0.6226716005920697
525153586.6225484 0.6223495838198516
525828316.5982942 0.6220769898537185
526503046.57404 0.6216408749782437
527177776.5497858 0.6212931417945375
527852506.5255316 0.6209873825236679
528527236.5012774 0.6204844049775975
529201966.4770232 0.6204786705122659
529876696.452769 0.6201062850441595
530562671.92811054 0.6197028034086663
531912131.87960213 0.6193868166919652
532586861.85534793 0.6186713683759746
533261591.8310937 0.6185040639025768
533936321.8068395 0.6181343387521906
534611051.7825853 0.6176954453217108
535285781.75833106 0.6172477432819202
535960511.73407686 0.6169421022483355
537321217.1851642 0.6164033581966346
537995947.16091 0.6162398372885036
538670677.1366558 0.615928107081365
539345407.1124016 0.6156681052885987
540020137.0881474 0.6151459143308531
540694867.0638932 0.6148134927574813
541099705.0493407 0.6146188756807527
541493297.5351924 0.6144243177232718
542168027.5109382 0.6141108730882164
542842757.486684 0.6138387520675904
543517487.4624298 0.6134535970707956
544192217.4381756 0.6129389732399508
544866947.4139214 0.6127135555884421
545541677.3896672 0.6124044856990236
546227652.8650087 0.6120697585173649
546902382.8407545 0.61171191612269
547577112.8165003 0.6114326418002116
548251842.7922461 0.6110097102808952
548926572.7679919 0.6106571885240821
549601302.7437377 0.6105478789939321
550264787.2198877 0.6102728020629794
550928271.6960378 0.6097757954531778
551603001.6717836 0.609554752547306
555314016.5383855 0.6076504965808726
555988746.5141312 0.6072273877074451
556663476.489877 0.6067763159298578
557349451.9652185 0.6067317408161275
558024181.9409643 0.6065017710624491
558698911.9167101 0.6060813225079524
559373641.8924559 0.6056440252681046
560048371.8682017 0.6052100386468058
560723101.8439475 0.6048877262844027
561397831.8196933 0.6048350519778057
562072561.7954391 0.6044748448568069
562758537.2707807 0.6039403573158796
563433267.2465265 0.6037006921799135
564107997.2222723 0.6035079077671758
564782727.1980181 0.6032768738876203
565457457.1737639 0.602795415361512
566132187.1495097 0.6022893045510037
566806917.1252555 0.6020031134000315
567481647.1010013 0.6019697116243576
568167622.5763428 0.6016670264998888
568842352.5520886 0.6012721761195955
569517082.5278344 0.6008848337493768
570191812.5035802 0.6007071835928625
570866542.479326 0.6002977901391375
572216002.4308176 0.599878346592481
572890732.4065634 0.5993537317891634
573576707.881905 0.5990654123840151
574251437.8576508 0.5988733965081803
574926167.8333966 0.5984165902664722
575600897.8091424 0.5980755374379008
575994490.2949941 0.5978764864974982
576388082.7808458 0.5976774355570955
577062812.7565916 0.5972130030692387
577737542.7323374 0.5968148420703965
578423518.2076789 0.5966530355889714
579098248.1834247 0.5963125739419811
579772978.1591705 0.5960267966196896
580447708.1349163 0.5956414051495359
581122438.1106621 0.5952694926269365
581797168.0864079 0.5951412061584702
582471898.0621537 0.5948923777037605
583146628.0378995 0.5943056296837061
583821358.0136453 0.5941108943709036
584507333.4889868 0.5937003185528057
585508182.9530098 0.5934665061182453
585935511.9376488 0.5931387548819064
586610241.9133946 0.5928624364685438
587284971.8891404 0.592392919817395
587959701.8648862 0.5917174353961392
588634431.840632 0.5917005275951726
589309161.8163778 0.5916586719171993
589983891.7921236 0.5913450499280328
590658621.7678694 0.5907536906901936
591344597.2432109 0.5904934524240685
592019327.2189567 0.5901877522724467
592694057.1947025 0.5898468176799493
593368787.1704483 0.5895511676200482
594043517.1461941 0.5891332611459867
594718247.1219399 0.5888983254663013
595392977.0976857 0.5884555893537287
596067707.0734315 0.5882451877211584
596753682.548773 0.5879388963867449
597428412.5245188 0.5876686080301098
598103142.5002646 0.587261401947387
598789117.9756062 0.5868352780468066
599463847.951352 0.5865650488069978
600149823.4266936 0.5863555930654415
600824553.4024394 0.5861707304902484
601510528.8777809 0.5859410563291767
602185258.8535267 0.5854893342519714
602871234.3288683 0.5851358074848967
603557209.8042098 0.5849500581367266
604231939.7799556 0.5846239030922304
604917915.2552972 0.5843073843107743
605592645.231043 0.5838757624182211
606278620.7063845 0.5833766866722806
606953350.6821303 0.5832266447092823
607639326.1574719 0.5826218065238887
608314056.1332177 0.5822967747245177
609000031.6085593 0.5818092861428927
609674761.584305 0.5814495519674009
610360737.0596466 0.5811288357956298
611046712.5349882 0.5808430584733384
611721442.510734 0.5804558343391937
612407417.9860755 0.580151257432697
613082147.9618213 0.5798219100045153
613768123.4371629 0.5793418703149281
614442853.4129087 0.5791911189354855
615128828.8882502 0.5787759318983919
615803558.863996 0.5784990223034482
616489534.3393376 0.5782614854228689
617164264.3150834 0.5779377542227341
617850239.790425 0.5776875069315033
618536215.2657665 0.5773216244644207
619210945.2415123 0.5769945235277
619896920.7168539 0.5764968666182801
620571650.6925997 0.576453000922205
621257626.1679412 0.5761972556390015
621932356.143687 0.5756539003707264
622618331.6190286 0.5753587823743693
623293061.5947744 0.575100199418124
623979037.0701159 0.5747402287692731
624653767.0458617 0.5743592711627934
625339742.5212033 0.574153539867256
626014472.4969491 0.5738711322815504
626700447.9722906 0.5734723209830901
627375177.9480364 0.5729811079554464
628049907.9237822 0.5727840079151088
628724637.899528 0.5725679900557026
629399367.8752738 0.572263767857428
630074097.8510196 0.5720343892865415
630748827.8267654 0.5718206770354224
631423557.8025112 0.5714954087639033
632109533.2778528 0.5713593186939664
632660562.7580452 0.5710093981368364
633211592.2382375 0.5707141619044052
633886322.2139833 0.570532491711687
634561052.1897291 0.5702410390421009
635247027.6650707 0.56985682993632
635921757.6408165 0.5695501838936843
636596487.6165622 0.569232423631029
637574846.0813937 0.5689624308645791
637990929.5664369 0.5686790182698225
638665659.5421827 0.568401576611335
639351635.0175242 0.5679756300636547
639891418.9981209 0.5677808947520627
640442448.4783133 0.5676060822685903
641117178.4540591 0.5672388400830237
641510770.9399108 0.5670252460679788
641904363.4257625 0.5668115929348967
642579093.4015083 0.5665418366418056
643253823.3772541 0.5665285350495731
643928553.3529999 0.5662304020248523
644603283.3287457 0.5657949374502061
645289258.8040873 0.5655195649278576
645963988.7798331 0.5652317184694271
646638718.7555789 0.5650039952072096
647313448.7313247 0.5645568252309631
647988178.7070705 0.5641846762350048
648662908.6828163 0.5641419337840545
649337638.6585621 0.5636302658647473
650012368.6343079 0.5633647069619713
650698344.1096494 0.5630856691128516
651373074.0853952 0.5628143757471655
652047804.061141 0.5625709861651805
652722534.0368868 0.5624189341840803
653397264.0126326 0.5621216879335471
654071993.9883784 0.5616749317835598
654746723.9641242 0.5612597447464662
655421453.93987 0.5611448781075172
656096183.9156158 0.560669567871789
656782159.3909574 0.5602578096905291
657456889.3667032 0.5602432666158867
658131619.342449 0.5599840924780604
658806349.3181947 0.5598613040015668
659481079.2939405 0.5594632612387985
660155809.2696863 0.5590015481879096
660830539.2454321 0.5587819832353849
661505269.2211779 0.5585184934699586
662191244.6965195 0.5580937292866514
662865974.6722653 0.557665950076191
663540704.6480111 0.5572683802589298
664215434.6237569 0.557076482619169
664890164.5995027 0.5569000739450645
665564894.5752485 0.556421275737887
666914354.5267401 0.556069286044618
667589084.5024859 0.5557035218123988
668275059.9778274 0.5554412735293823
668949789.9535732 0.5551290703767369
669624519.929319 0.5548869813951989
670299249.9050648 0.5546490306871497
670973979.8808106 0.554318146186373
671648709.8565564 0.5540527646389187
672323439.8323022 0.5537385514681713
672998169.8080479 0.5535244845076193
673684145.2833894 0.5532711630699878
674358875.2591352 0.5529474318710637
675033605.234881 0.5527671213968293
675708335.2106268 0.5524686927807125
676383065.1863726 0.5520564616539456
677057795.1621184 0.5518908716084647
677732525.1378642 0.5516175682234659
678418500.6132058 0.55120551445081
679093230.5889516 0.5510815436099437
679767960.5646974 0.5507650839465246
680442690.5404432 0.5505407304221037
681117420.516189 0.5500782488343119
681792150.4919348 0.5498760646306822
682466880.4676806 0.5496313153302135
683152855.9430221 0.5493593125456615
683827585.9187679 0.549074244641025
684502315.8945137 0.5487729192350402
685177045.8702595 0.5486010035438574
685851775.8460053 0.548263497805983
686526505.8217511 0.5481201361993302
687201235.7974969 0.547696968206655
687875965.7732427 0.5474221277490612
688561941.2485843 0.547156332374137
689236671.2243301 0.5467825280695097
689911401.2000759 0.5466521133456566
690586131.1758217 0.54632164267235
691260861.1515675 0.5461767439931022
691935591.1273133 0.5458760097686983
692610321.103059 0.5454469890758282
693285051.0788049 0.5450666817701771
693971026.5541464 0.5448378943808717
694645756.5298922 0.544698966637893
695320486.505638 0.5443997103680471
695995216.4813838 0.5442318147130684
696669946.4571296 0.5439304893070834
697344676.4328754 0.5437469864503742
698019406.4086212 0.5434460157538222
698694136.384367 0.5430086593959376
699380111.8597085 0.5425732539393285
700054841.8354543 0.5423812971815306
701404301.7869459 0.5421665799213605
702079031.7626917 0.5417432936926112
702753761.7384375 0.5413405214747732
703428491.7141833 0.5411512841539431
704103221.6899291 0.5410799285004259
704777951.6656749 0.5406821222110165
705463927.1410165 0.5404399741114414
706138657.1167623 0.5401619412713728
706813387.0925081 0.5399383562826441
707488117.0682539 0.539558285450352
708162847.0439997 0.5392704981087478
708837577.0197455 0.5390692006768844
709512306.9954913 0.5387267290117921
710187036.9712371 0.538456085945724
710873012.4465786 0.5381498537305581
711547742.4223244 0.5377669452240135
712222472.3980702 0.537669400213501
712897202.373816 0.5375230826965216
713571932.3495618 0.5372613664770491
714246662.3253076 0.5368704770161336
714921392.3010534 0.5364872729181929
715596122.2767992 0.5362292220267022
716270852.252545 0.5360052823285407
716956827.7278866 0.5356965671485552
717631557.7036324 0.5354062377265157
718306287.6793782 0.5350940936919073
718981017.655124 0.5347322903778549
719655747.6308697 0.5344313787993399
720330477.6066155 0.5341489712136344
721005207.5823613 0.5337950897383373
721691183.0577029 0.5336763804160847
722365913.0334487 0.5333956872570853
723040643.0091945 0.5329016956756474
723715372.9849403 0.5325236939794943
724390102.9606861 0.5323035378453886
725064832.9364319 0.5322668845692028
725739562.9121777 0.5319847134556454
726425538.3875192 0.531615224778618
727100268.363265 0.5313289153915718
727774998.3390108 0.5308248145991654
728449728.3147566 0.5303411095828072
729124458.2905024 0.5302019453676803
729765451.7674608 0.5299205427898148
730406445.2444193 0.5296496041335617
731081175.2201651 0.5295256332926953
731755905.1959109 0.5290681176321214
732430635.1716567 0.529047662739247
733105365.1474025 0.5285701651313058
733780095.1231483 0.528316016039945
734454825.0988941 0.528155214567571
735140800.5742357 0.5278511106065813
735815530.5499815 0.5274426630426595
736490260.5257273 0.5274003935384269
737164990.5014731 0.5270913827670456
737839720.4772189 0.5266317979715435
738514450.4529647 0.5266028300595434
739189180.4287105 0.525917827610111
739863910.4044563 0.525670772701355
740549885.8797978 0.5251938071569577
741224615.8555436 0.5249591079494204
741899345.8312894 0.5247535540079941
743248805.782781 0.5245492415489776
743822326.262165 0.5241537999871032
744148445.750442 0.5240472098939211
744564529.2354853 0.5239237119985617
745239259.2112311 0.5237987952666812
745913989.1869769 0.5234619398284249
746588719.1627227 0.5228284884404643
747274694.6380643 0.5227133853281564
750648344.5167933 0.5226114064527593
751323074.492539 0.5223067113101885
751997804.4682848 0.5220669870561853
752672534.4440306 0.5217850524159868
753358509.9193722 0.5214899935376667
754033239.895118 0.5212395688911141
754707969.8708638 0.5210382123424243
755382699.8466096 0.5207901524234068
756057429.8223554 0.5205790413731815
756732159.7981012 0.5202934414050009
757406889.773847 0.5200338534397047
758092865.2491885 0.5197304588963699
758767595.2249343 0.5194692747404416
759442325.2006801 0.5193653449649794
760117055.1764259 0.5191181718201494
760791785.1521717 0.5187074186467299
761466515.1279175 0.5184877945773788
762141245.1036633 0.5183114450213114
762815975.0794091 0.5178710736362736
763490705.0551549 0.5175044226322881
764165435.0309007 0.5172554759402935
764851410.5062423 0.517024146469342
765526140.4819881 0.5168306526389492
766200870.4577339 0.5166100826785843
766875600.4334797 0.5163605448050086
767550330.4092255 0.5160421933607723
768225060.3849713 0.5160077865748366
768899790.360717 0.5155447138054639
769574520.3364629 0.5152098092684831
770249250.3122087 0.5149658285049172
770935225.7875502 0.5146838347466816
771609955.763296 0.5145949209913688
772284685.7390418 0.5144642697953676
772959415.7147876 0.514105599745753
773634145.6905334 0.5138291630975271
774308875.6662792 0.5136102484458313
774983605.642025 0.5133951173581913
775658335.6177708 0.5131503089396855
776051928.1036224 0.5130074793965768
776456766.08907 0.512864117789924
777131496.0648158 0.5125822422677624
777806226.0405616 0.5123104168385323
778480956.0163074 0.5120741805571891
779155685.9920532 0.5116380065636773
779830415.967799 0.5112307413641283
780505145.9435447 0.5111953295691416
781191121.4188863 0.5110199850221252
781865851.3946321 0.5108532126122715
782540581.3703779 0.5106181586953011
783215311.3461237 0.5104529233592532
783890041.3218695 0.5101374687060959
784564771.2976153 0.5097713497656543
785239501.2733611 0.509485395088041
785925476.7487026 0.5091891538465588
786600206.7244484 0.5089092883424994
787274936.7001941 0.5087215880942643
787949666.6759399 0.5085325872467931
788624396.6516857 0.5082615894712922
789299126.6274315 0.5079521648724408
789973856.6031773 0.5077343734670807
790648586.5789231 0.507431333633179
791323316.5546689 0.5071401174369519
792009292.0300105 0.5068395014498328
792684022.0057563 0.5066209415075699
793358751.981502 0.5064282753309062
794033481.9572479 0.5061192054426985
794708211.9329937 0.5059080352732254
795416678.4075267 0.5057309762995028
795844007.3921658 0.5056404663523473
796518737.3679116 0.5052985858700467
797193467.3436574 0.5050199618471862
797868197.3194032 0.5048005742511942
798542927.295149 0.5045950203097679
799217657.2708948 0.504271111755522
799892387.2466406 0.5040384225660866
800578362.7219821 0.5038001171486044
801253092.6977279 0.5036673376972164
801927822.6734737 0.5031892489089048
802602552.6492195 0.5031408902299078
803277282.6249653 0.5028932441395708
803952012.6007111 0.5026825469156048
804626742.5764569 0.5024795350570352
805312718.0517985 0.5022335442753673
805987448.0275443 0.502000500376499
806662178.00329 0.5016207842524291
807336907.9790359 0.5014209056582972
808011637.9547817 0.5012002765786846
808686367.9305274 0.5009292196851466
809361097.9062732 0.5006258251430227
810035827.882019 0.5003430037298472
810710557.8577648 0.500082174282141
811396533.3331064 0.49991705718216695
812071263.3088522 0.49976618756543956
812745993.284598 0.49944759964784446
813420723.2603438 0.4992042100670703
814095453.2360896 0.498919910698126
814770183.2118354 0.49865121853212296
815444913.1875812 0.4984398118905018
816130888.6629227 0.4981419153403506
816805618.6386685 0.4979306269348035
817480348.6144143 0.49764845582124606
818155078.5901601 0.49736705324459146
818829808.5659059 0.49718946220732485
819504538.5416517 0.496891802128111
820179268.5173975 0.496700022725635
820853998.4931433 0.4964143045213805
821539973.9684849 0.4962026022883635
822214703.9442307 0.4959912547647794
822889433.9199765 0.49561685927736027
823564163.8957223 0.49544068707661465
824115193.3759146 0.49528094973132863
824666222.856107 0.49502094793856233
825340952.8318528 0.49484229277420777
825734545.3177046 0.4947382152036531
826038173.8067901 0.4946588490355356
826611694.286174 0.49444575752501607
827286424.2619199 0.49409095971772365
827972399.7372614 0.4937742340231379
828624638.7138157 0.4936415728090347
829276877.69037 0.4933254974152778
830626337.6418616 0.49310084829946116
831301067.6176074 0.4927769693042337
831975797.5933532 0.4925285251167646
832650527.569099 0.49225835499620346
833336503.0444405 0.49200095440433095
833876287.0250372 0.49180973662441746
834427316.5052295 0.49146427948997984
835102046.4809753 0.4911966218920463
835788021.9563168 0.49106469965461674
836462751.9320626 0.49092272732546643
837137481.9078084 0.4907347314870462
837812211.8835542 0.4905357987827177
838486941.8593 0.49022196988042166
839161671.8350458 0.4899456810260776
839836401.8107916 0.4895806853319719
840511131.7865374 0.4893621253884982
841197107.261879 0.48915379289327776
841871837.2376248 0.4888574925325479
842546567.2133706 0.4886777141218575
843221297.1891164 0.48843532955013436
843896027.1648622 0.4882715426096258
844570757.140608 0.4880695948769336
845245487.1163538 0.4879518610059242
845920217.0920995 0.4875695436809605
846606192.5674411 0.48726091717924125
847955652.5189327 0.4871491246842715
848630382.4946785 0.4866685529311403
849305112.4704243 0.4863518272365546
849979842.4461701 0.4861167142015473
850654572.4219159 0.4859165104570011
851329302.3976617 0.48572254368110124
852004032.3734075 0.48531855954108266
852678762.3491533 0.48509926062093534
853364737.8244948 0.48494032137157067
854039467.8002406 0.48480443821597413
854714197.7759864 0.4845363076725336
855388927.7517322 0.48403675897987525
856063657.727478 0.48400285469967586
856738387.7032238 0.48374421262539347
857413117.6789696 0.4836063490095027
858087847.6547154 0.4832842140012106
858773823.130057 0.48300156994335686
859448553.1058028 0.48276379658941876
860123283.0815486 0.4824688559471727
860798013.0572944 0.4821445631256861
861472743.0330402 0.4820344850586332
862147473.008786 0.4817670639328478
862822202.9845318 0.48163020532721873
863496932.9602776 0.48140091543338775
864182908.4356191 0.48110754142396606
864857638.4113649 0.48079010631172525
865532368.3871107 0.480518487794414
866207098.3628565 0.4802864489058074
866881828.3386023 0.4801497380952709
867556558.3143481 0.4799424401669093
868231288.2900939 0.4796023332293518
868917263.7654355 0.47930180591928834
869591993.7411813 0.47904937125463376
870941453.6926728 0.4786961105199363
871616183.6684186 0.4783382090072246
872290913.6441644 0.4780842077109565
872965643.6199102 0.47794885661890396
873640373.595656 0.47769503267674696
875001079.0467434 0.4773338796647341
877025268.9739808 0.4774010674857442
877699998.9497266 0.47683397626385365
878374728.9254724 0.47646244800849497
879049458.9012182 0.4762921285079443
879724188.876964 0.47595858368944755
880410164.3523055 0.4756856054548631
881084894.3280513 0.47559187356742505
881759624.3037971 0.47522699610818264
882434354.2795429 0.4751270568111168
883109084.2552887 0.47495067769603083
883783814.2310345 0.4747189639566279
884458544.2067803 0.4744335709015771
885133274.182526 0.47427433606202735
885819249.6578677 0.47411764330291284
886493979.6336133 0.4736243315801115
887168709.6093591 0.4736046156651216
887843439.585105 0.47332877019726605
888518169.5608507 0.4731238665566685
889192899.5365965 0.4728844083350428
889878875.0119381 0.4727526634517243
890553604.9876839 0.4724836165762883
891228334.9634297 0.47222130917523486
891903064.9391755 0.47188052237783007
892577794.9149213 0.47169766982194966
893252524.8906671 0.4713422808318654
893927254.8664129 0.4713044747503254
894601984.8421587 0.4711606993162027
895276714.8179045 0.47084347111709146
895962690.293246 0.47074645817012306
896637420.2689918 0.4704255942032593
897312150.2447376 0.4701525272904086
897986880.2204834 0.46995823536530507
898661610.1962292 0.4697955125518845
899336340.171975 0.46968889289847315
900011070.1477208 0.4693747388457627
900685800.1234666 0.4691202941630061
901371775.5988082 0.4689932491757389
902046505.574554 0.4687709647874571
902721235.5502998 0.46853112229738
903395965.5260456 0.46849485328964563
