1.0 0.9921703299892881
2294082.9175357046 0.9888085829509153
2968812.8932815003 0.9878235712040117
3643542.8690272956 0.9868402530112439
4318272.844773091 0.9858586254607113
4948020.822135834 0.9849439625174188
5589014.299094339 0.9840144736896748
6263744.274840135 0.9830377045676477
6938474.25058593 0.9820626148273695
7613204.226331726 0.9810892015813066
8287934.202077521 0.9801174619468915
8962664.177823316 0.9791473930465128
9648639.653164875 0.9781628661043427
10323369.628910672 0.9771961577846102
10998099.604656467 0.9762311115480606
11672829.580402263 0.9752677245369041
12347559.556148058 0.9743059938982648
13022289.531893853 0.973345916784172
13697019.507639648 0.9723874903515524
14371749.483385444 0.9714307117622201
15046479.459131239 0.9704755781828698
15552526.940940587 0.9697603058344952
15934873.927196536 0.9692204897369759
16508394.406580463 0.9684117519226418
17183124.38232626 0.967461808904922
17869099.85766782 0.9664977078027215
18262692.34351953 0.9659452960824682
18656284.829371244 0.9653934385950138
19331014.80511704 0.9644486850260225
20005744.780862838 0.9635055557911665
20691720.256204396 0.9625483700248412
21366450.23195019 0.9616085080400325
22041180.207695987 0.9606702619787586
22715910.18344178 0.9597336290625968
23390640.159187578 0.9587986065179022
23806723.644230817 0.9582228108034042
24481453.619976614 0.9572903858380932
25156183.595722407 0.9563595640090892
25830913.571468204 0.955430342559956
26505643.547213998 0.9545027187389966
27191619.02255556 0.9535612694801473
27866348.998301353 0.9526368591918064
28541078.97404715 0.951714038259319
29215808.949792944 0.9507928039499431
29890538.92553874 0.9498731535356355
30565268.901284534 0.9489550842930434
31239998.87703033 0.9480385935034967
31914728.852776125 0.9471236784529997
32600704.328117687 0.9461951273768574
33275434.30386348 0.9452833818303266
33950164.27960928 0.9443732038638641
34624894.255355075 0.9434645907821695
35187169.23514324 0.9427086066708548
35760689.71452716 0.9419386188846663
36154282.20037887 0.9414108471884818
36559120.185826354 0.9408685487155001
40618745.53989689 0.9354613469064424
41293475.51564269 0.9345680561279124
41968205.49138848 0.9336763011982815
42642935.467134275 0.9327860794768077
43317665.44288007 0.9318973883272899
43711257.928731784 0.9313796909366576
43846203.92388094 0.931202314283278
44037377.41700892 0.9309511351665013
44487197.40083945 0.9303606083341078
45161927.376585245 0.9294760873339114
45836657.35233104 0.9285930871038379
46511387.32807684 0.9277116050290719
47186117.30382263 0.9268316384992936
47860847.27956843 0.9259531849086717
48535577.25531422 0.9250762416558553
49221552.73065578 0.9241862283112467
49896282.70640158 0.9233123230117424
50312366.191444814 0.9227741638715796
50728449.67648806 0.9222365754993054
51122042.16233977 0.9217285707340706
51515634.64819149 0.9212210756461743
52190364.62393728 0.9203522683740999
52865094.599683076 0.9194849548539294
53539824.57542887 0.9186191325173025
54214554.55117467 0.917754798800275
54900530.02651623 0.9168775829247009
55575260.00226202 0.9160162434761245
56249989.978007816 0.9151563849392599
56924719.95375361 0.914298004767824
57599449.92949941 0.9134411004199119
58274179.90524521 0.9125856693579896
58948909.880991 0.9117317090488857
59634885.356332555 0.9108650211871029
60309615.33207835 0.9100140192084994
60984345.30782415 0.9091644803673389
61659075.28356995 0.9083164021478993
62333805.25931574 0.9074697820387845
63008535.235061534 0.9066246175329165
63683265.21080733 0.9057809061275275
64223049.19140397 0.9051069815564491
64515432.18089381 0.9047423262616219
64931515.66593705 0.9042238623140121
65606245.64168285 0.9033842785523183
66280975.617428645 0.9025461382955595
66674568.10328036 0.9020578887772123
67068160.58913207 0.9015701291148913
67742890.56487787 0.9007351079433312
68417620.54062366 0.8999015224317788
69103596.01596522 0.8990555130347002
69778325.99171102 0.8982248152665779
70453055.96745682 0.897395545724794
71127785.94320261 0.8965677019536527
71802515.9189484 0.8957412815016808
72196108.40480012 0.8952598592280315
72589700.89065184 0.8947789199603322
73264430.86639763 0.8939555749767191
73939160.84214342 0.8931336455770502
74478944.82274006 0.8924771196419945
74760082.31263414 0.8921355368309074
75850895.77342318 0.8908125117400958
76705553.74270119 0.8897784832951436
77380283.71844698 0.8889637356022184
78055013.69419278 0.8881503887110365
78729743.66993856 0.8873384402130566
79235791.15174791 0.8867303950885577
79651874.63679115 0.8862310344153621
80247886.11536661 0.8855166565203947
80922616.0911124 0.8847092362163329
81597346.0668582 0.8839032041152859
82272076.042604 0.8830985578303743
82946806.0183498 0.882295294978823
83621535.9940956 0.8814934131819534
84296265.96984138 0.880692910065177
84982241.44518295 0.8798804761247863
85656971.42092873 0.8790827461397825
89030621.29965772 0.8751146222327958
89716596.77499928 0.8743119387773799
90391326.75074507 0.8735237828058269
91066056.72649087 0.8727369819141528
91740786.70223667 0.8719515337724302
92415516.67798245 0.8711674360547377
93090246.65372825 0.8703846864391533
93764976.62947404 0.8696032826077471
94439706.60521984 0.868823222246575
95114436.58096564 0.8680445030456714
95800412.0563072 0.8672541776898863
96475142.032053 0.8664781561518924
97149872.00779879 0.8657034688298053
97824601.98354459 0.864930113429571
98499331.95929039 0.8641580876610806
99174061.93503617 0.8633873892381618
99848791.91078196 0.8626180158785741
100523521.88652776 0.8618499653040004
101209497.36186932 0.8610704675803649
101884227.33761512 0.8603050777079864
102558957.31336091 0.8595410037714053
103233687.28910671 0.8587782435079985
103908417.26485251 0.8580167946590337
104583147.2405983 0.8572566549696617
105257877.2163441 0.8564978221889108
105932607.19208989 0.8557402940696794
106618582.66743144 0.8549714756286649
107293312.64317724 0.8542165717573134
107968042.61892304 0.8534629657921058
108642772.59466884 0.8527106555014194
109317502.57041463 0.8519596386574685
109992232.54616043 0.851209913036298
110666962.52190623 0.8504614764177767
111341692.49765202 0.8497143265855903
112016422.47339782 0.8489684613272356
112702397.94873938 0.8482114795710463
113377127.92448516 0.8474681981554006
114051857.90023096 0.8467261946622227
114445450.38608268 0.8462939485689643
114839042.8719344 0.8458621361410206
115513772.84768018 0.8451228939470643
116199748.32302174 0.8443726339658053
116874478.29876754 0.8436359526694115
117549208.27451333 0.8429005379472257
118223938.25025913 0.8421663876214975
118898668.22600493 0.8414334995182209
119573398.20175073 0.8407018714671277
120248128.17749652 0.8399715013016814
120731684.66011433 0.8394488419192329
121215241.14273216 0.8389268266949781
121833743.62049913 0.8382600704280416
122452246.09826612 0.8375943650585465
123126976.0740119 0.8368693376169248
123801706.0497577 0.8361455567118474
124487681.52509926 0.835410988455405
125162411.50084506 0.8346897148833293
125837141.47659086 0.8339696813933863
126511871.45233665 0.8332508858533763
127186601.42808245 0.8325333261347649
127861331.40382825 0.8318170001126785
128536061.37957405 0.8311019056658964
129210791.35531984 0.830388040676845
129896766.8306614 0.8296635361238106
130571496.80640718 0.8289521441147591
131246226.78215298 0.828241975197459
131920956.75789878 0.8275330272689234
132595686.73364457 0.8268252982297819
133270416.70939037 0.8261187859842729
133945146.68513617 0.8254134884402391
134619876.66088197 0.8247094035091199
135294606.63662776 0.8240065291059461
135980582.11196932 0.8232931789431122
136655312.08771512 0.8225927394438171
137330042.06346092 0.8218935042045036
138004772.0392067 0.8211954711545646
138679502.0149525 0.8204986382269531
139354231.9906983 0.819803003358176
140028961.9664441 0.8191085644882883
140703691.94218987 0.8184153195608868
141389667.41753143 0.8177117423920851
142064397.39327723 0.8170208990079127
142739127.36902303 0.8163312433841404
143413857.34476882 0.8156427734785304
144088587.32051462 0.8149554872523562
144763317.29626042 0.8142693826703968
145258119.278474 0.8137669891342114
145752921.2606876 0.8132652291672823
146427651.2364334 0.8125820306282809
147102381.21217918 0.8119000067051159
147777111.18792498 0.8112191553781503
148451841.16367078 0.8105394746312193
149137816.63901234 0.8098496638042132
149812546.61475813 0.8091723376083508
150487276.59050393 0.8084961759314049
151162006.56624973 0.8078211767710993
151836736.54199553 0.8071473381286002
152511466.5177413 0.8064746580085105
153186196.4934871 0.8058031344188643
153860926.4692329 0.8051327653711209
154546901.94457445 0.8044524050254016
155221631.92032024 0.8037843582689917
155795152.3997042 0.8032174216620275
156368672.8790881 0.8026513136794149
157043402.8548339 0.8019863635148936
157718132.8305797 0.8013225565899132
158392862.8063255 0.800659890938785
161103028.20890445 0.7980096427998011
161777758.18465024 0.7973526729924696
162452488.16039604 0.7966968327032351
163127218.13614184 0.7960421199900014
163801948.1118876 0.7953885329140125
164476678.0876334 0.7947360695398444
165162653.56297496 0.7940738817348879
165837383.53872076 0.793423678619092
166512113.51446655 0.7927745933867285
167186843.49021235 0.7921266241157063
167861573.46595815 0.7914797688872391
168536303.44170395 0.7908340257858395
169031105.42391753 0.7903611865559443
169289751.9146201 0.7901142579596174
169717080.8992591 0.7897066456644808
170403056.37460065 0.7890532488528168
171077786.35034645 0.7884116776243829
171752516.32609224 0.7877712094376954
172427246.30183804 0.7871318423961817
173101976.27758384 0.7864935746065304
174451436.22907543 0.7852203292258403
175137411.704417 0.7845747740961793
175812141.6801628 0.7839409026251594
176486871.65590858 0.7833081209569059
177161601.63165438 0.7826764272176093
177836331.60740018 0.7820458195366823
178511061.58314595 0.7814162960467537
179185791.55889174 0.7807878548836631
