1.0 0.9883666455772062
3047531.390451843 0.9834434013476174
8861454.681461448 0.97414492249505
15619999.938515166 0.9634886138981009
17655435.365348317 0.9603111747440161
19679625.2925857 0.9571658001054087
25763440.573893625 0.9477986352528558
26438170.54963942 0.9467677006294435
35232151.23352629 0.9334744318223607
35906881.20927209 0.9324653947125694
38572064.61346798 0.9284947555610275
45038226.88103185 0.9189604896760852
45712956.856777646 0.9179736401348473
48423122.25935659 0.9140249705263181
50267384.19306176 0.9113517497487049
50942114.16880756 0.9103765317433332
52966304.09604494 0.9074598135515648
57025929.45011548 0.901650365060457
59724849.35309866 0.8978176152805057
61760284.77993181 0.894942557933929
62435014.75567761 0.8939924247789808
63109744.73142341 0.8930437440994701
63784474.7071692 0.8920965136749872
64459204.682914995 0.8911507312885167
65819910.13400235 0.8892477991140724
67169370.08549394 0.887366383209399
67844100.06123973 0.8864278318076383
68237692.54709145 0.885881006215609
68631285.03294316 0.885334668408468
70666720.45977631 0.8825170887325358
72690910.3870137 0.879727942119382
73365640.3627595 0.8788010676578468
74726345.81384686 0.8769361785884795
75401075.78959265 0.8760135719160758
76075805.76533844 0.8750923756391746
76750535.74108423 0.8741725876016941
79348246.14770555 0.8706445121824041
80450305.10809036 0.8691540195582643
81125035.08383614 0.8682433095287343
84498684.96256512 0.8637105999995212
85848144.91405672 0.8619072022183032
86534120.38939828 0.8609925882455984
87883580.34088986 0.8591974942010362
89907770.26812725 0.8565151306804549
90582500.24387304 0.8556237418118788
94360988.1080495 0.8506570873914752
96396423.53488265 0.8479991804753271
97745883.48637424 0.8462437822989543
98420613.46212004 0.8453680953150176
99095343.43786584 0.844493747000113
100444803.38935742 0.8427490581947963
101805508.84044477 0.8409952272419079
102480238.81619057 0.840127563762084
103154968.79193637 0.8392612266857029
103829698.76768216 0.8383962139850818
105179158.71917376 0.8366701536158838
105696451.70057887 0.8360098961633102
106224990.18157974 0.8353360846676563
110059705.54373501 0.8304714750154114
110262124.53645875 0.8302158654837433
110689453.52109775 0.8296766304652478
111442901.99401389 0.8287271457783001
111948949.47582324 0.828090342157048
112623679.45156904 0.8272424064684649
114659114.87840217 0.8246923123410099
117358034.78138536 0.8213290699094921
118032764.75713116 0.820491470226727
118707494.73287696 0.8196551509886585
119393470.20821851 0.818806203712508
120742930.15971011 0.8171399923434977
121417660.13545589 0.8163087965339224
122092390.11120169 0.815478871379396
124802555.51378064 0.8121581014968751
126152015.46527223 0.8105122005955365
126826745.44101803 0.8096911367391644
130211640.81934276 0.8055910370580888
130886370.79508856 0.8047774962200218
131561100.77083436 0.8039651990477199
132235830.74658015 0.8031541436399818
132910560.72232595 0.8023443280985133
134260020.67381755 0.8007284090357117
136295456.1006507 0.7983003984850652
138319646.0278881 0.7958968897353091
138994376.00363386 0.7950981684103839
140355081.4547212 0.793491125892588
141029811.430467 0.792696082276251
141704541.4062128 0.7919022540488408
143054001.3577044 0.7903182363317462
144403461.309196 0.7887390579115701
147001171.7158173 0.7857127091678349
147563446.6956055 0.7850599987333424
148238176.67135128 0.7842778438420729
148912906.64709705 0.7834968846366421
149598882.1224386 0.7827041333043046
150948342.0739302 0.7811482165591115
151623072.049676 0.7803720416375407
154321991.9526592 0.777279189268484
155007967.42800075 0.776496101266116
156357427.37949234 0.774959150540025
158381617.30672973 0.7726625240355829
159056347.28247553 0.7718993212535314
160417052.7335629 0.7703637427204584
161766512.68505448 0.7688455268250726
163115972.63654605 0.7673319491969295
164352977.59208003 0.7659485655235568
164645360.58156985 0.7656221504783003
165072689.56620887 0.7651454714228372
165747419.54195467 0.7643937600134607
166141012.02780637 0.7639557924863744
166534604.51365808 0.7635182156395018
167209334.48940387 0.7627689918278047
168311393.4497887 0.761547721932598
168738722.43442768 0.7610749887687848
169188542.41825822 0.7605778695012438
169638362.40208876 0.7600812569960848
170313092.37783456 0.7593372872879098
170987822.35358033 0.7585944548916055
173697987.75615928 0.7556221682510513
174372717.73190507 0.754885015184071
175047447.70765087 0.754148989008312
176396907.65914246 0.7526803104423437
177071637.63488826 0.7519476546146573
177757613.11022982 0.7512039360189775
178274906.09163493 0.7506438636082275
178803444.5726358 0.7500722937951274
179478174.5483816 0.7493436248613372
180152904.5241274 0.7486160698490122
180827634.4998732 0.7478896270552922
181502364.475619 0.7471642947799203
182863069.92670634 0.745704912427541
183537799.90245214 0.7449829199412078
184212529.87819794 0.7442620311700052
185561989.82968953 0.742823558026543
186236719.80543533 0.7421059702875021
186911449.78118113 0.7413894795300231
187597425.2565227 0.740662170089718
188272155.23226848 0.739947886480033
188946885.20801425 0.7392346948008627
190442536.65425077 0.73765767110196
194502162.00832132 0.7334040390273773
195176891.9840671 0.7327008509750833
195851621.9598129 0.7319987378914445
196526351.9355587 0.7312976981331485
197201081.9113045 0.7305977300593951
197875811.8870503 0.729898832031892
198561787.36239186 0.7291893809637402
199236517.33813766 0.7284926358896725
199911247.31388345 0.7277969559348321
200585977.28962925 0.7271023394709635
201935437.24112082 0.7257162905155614
202610167.2168666 0.7250248547799472
203284897.1926124 0.7243344760471357
204645602.64369977 0.7229454208880881
205320332.61944556 0.7222582210008852
205995062.59519136 0.7215720716411127
206669792.57093716 0.7208869712028216
207063385.05678886 0.7204878130404962
207468223.04223636 0.7200776218222738
208142953.01798216 0.7193948059602129
208817682.99372795 0.7187130339236913
209492412.96947375 0.7180323041170054
210167142.94521955 0.7173526149468903
210841872.9209653 0.7166739648225177
211527848.39630687 0.7159850673915734
212202578.37205267 0.7153085078470234
212877308.34779847 0.7146329825639341
213552038.32354426 0.7139584899612228
214226768.29929006 0.7132850284602232
214901498.27503586 0.7126125964846828
215576228.25078166 0.7119411924607584
216250958.22652745 0.7112708148170127
216925688.20227325 0.7106014619844111
217611663.6776148 0.7099220022300917
218286393.6533606 0.7092547113370297
218961123.6291064 0.7085884405363732
219635853.6048522 0.7079231882686997
220310583.580598 0.7072589529769704
220985313.5563438 0.7065957331065265
221660043.5320896 0.7059335271050864
222346019.00743115 0.7052613220958106
223020748.98317695 0.7046011560181153
223695478.95892274 0.7039419991410683
224370208.93466854 0.7032838499218972
225044938.9104143 0.7026267068201881
225719668.8861601 0.701970568297882
226394398.8619059 0.7013154328192708
227080374.33724746 0.7006504050944853
228429834.28873906 0.6993451688484831
229104564.26448485 0.6986940468369591
229779294.24023065 0.6980439202003539
230454024.21597645 0.6973947874170299
231128754.19172224 0.6967466469676766
231814729.6670638 0.6960887198938915
232354513.64766043 0.6955717257407448
232646896.6371503 0.6952919513239404
232883052.1286613 0.6950661150430886
233231662.61612996 0.694732958609589
233760201.09713084 0.6942283524913804
234434931.07287663 0.6935850525939488
235109661.04862243 0.6929427361137126
235784391.02436823 0.6923014015473148
237133850.97585982 0.6910216721540932
237819826.45120138 0.6903726426407171
238494556.42694718 0.6897352369947566
239169286.40269297 0.6890988057554059
239844016.37843877 0.688463347433083
240518746.35418457 0.6878288605404824
241193476.32993037 0.6871953435925722
241744505.81012276 0.68667868989603
242306780.7899109 0.686152157227027
242981510.7656567 0.6855212034675691
243656240.7414025 0.6848912142516752
244330970.7171483 0.6842621881048407
245005700.6928941 0.6836341235548147
246355160.6443857 0.6823808733674355
247715866.09547305 0.6811210561646455
248390596.07121885 0.680497793485676
249065326.04696465 0.6798754835928595
249740056.02271044 0.679254125029665
250414785.99845624 0.6786337163417879
251764245.94994783 0.6773957427858808
252450221.4252894 0.6767678902267206
253124951.4010352 0.6761512822639193
253799681.376781 0.675535616914158
254474411.35252678 0.674920892736457
256498601.27976415 0.6730823528589455
257173331.25550994 0.6724713790036985
257859306.7308515 0.6718511797225935
258534036.7065973 0.6712420879705985
259197521.18274733 0.67064405572972
260546981.13423893 0.6694304912060054
261221711.10998473 0.6688250999780013
261896441.08573052 0.6682206342159327
262582416.56107208 0.6676070412972368
263257146.53681788 0.6670044375902563
263931876.51256368 0.6664027550879075
264606606.48830947 0.665801992381938
265281336.46405527 0.6652021480662489
265956066.43980107 0.6646032207368897
266630796.41554686 0.664005208992057
267316771.89088842 0.6633981675433056
267991501.86663422 0.6628019979719777
269340961.8181258 0.6616123915422706
270015691.7938716 0.661018951899589
270690421.7696174 0.6604264194523674
271365151.7453632 0.659834792813769
272039881.721109 0.6592440705990777
272725857.19645053 0.6586444287490394
274075317.1479421 0.6574675240154007
277280284.53273463 0.6546867653316142
277673877.0185864 0.654346659744512
278067469.5044381 0.6540068575418239
278742199.4801839 0.6534250445337886
279416929.4559297 0.6528441209474916
280091659.4316755 0.6522640854232675
280766389.4074213 0.6516849366035293
281441119.3831671 0.6511066731327655
282127094.85850865 0.65051967814799
282801824.83425444 0.6499431960162241
283476554.81000024 0.6493675951568472
284151284.785746 0.6487928742226516
284826014.7614918 0.6482190318684893
285500744.7372376 0.6476460667512686
286175474.71298337 0.647073977529951
286850204.68872917 0.646502762865548
287536180.1640707 0.6459229231208858
288210910.1398165 0.6453534680816513
288885640.1155623 0.6447848835724379
289560370.0913081 0.64421716826246
290235100.0670539 0.6436503208229667
290909830.0427997 0.6430843399272377
291584560.0185455 0.6425192242505815
292270535.49388707 0.6419455755855918
292945265.46963286 0.641382200746188
293530031.4486126 0.6408946392429545
293946114.9336558 0.6405481139047178
294632090.40899736 0.6399775286721101
295306820.38474315 0.6394171624001996
295981550.36048895 0.6388576527642454
296656280.33623475 0.6382989984547018
297331010.31198055 0.6377411981640251
298005740.28772634 0.6371842505866702
298680470.26347214 0.6366281544190882
299355200.23921794 0.6360729083597227
300029930.21496373 0.6355185111090073
300715905.6903053 0.6349557427132881
301390635.6660511 0.634403053281742
302065365.6417969 0.6338512087505102
302740095.6175427 0.6333002078279873
303414825.5932885 0.6327500492245426
304089555.5690343 0.6322007316525168
304764285.5447801 0.631652253826219
305439015.5205259 0.6311046144619238
306124990.99586743 0.6305487059936192
306518583.48171914 0.63023013228147
306912175.96757084 0.6299118427466532
307305768.45342255 0.6295938371356744
307699360.93927425 0.6292761151952648
308385336.4146158 0.6287230485180677
309060066.3903616 0.6281798870510182
309734796.3661074 0.6276375559188141
310409526.3418532 0.6270960538521164
311084256.317599 0.6265553795835268
311758986.2933448 0.6260155318475839
312433716.2690906 0.6254765093807614
313108446.2448364 0.6249383109214643
313794421.72017795 0.6243919859115061
314469151.69592375 0.6238554453710439
315143881.67166954 0.6233197250439679
315818611.64741534 0.6227848236764124
320395529.98289096 0.619177932131789
321070259.95863676 0.6186493623528695
324443909.83736575 0.616018609208177
325129885.3127073 0.6154861468939392
325804615.2884531 0.6149632207736804
326479345.2641989 0.6144410940543445
327154075.2399447 0.6139197655138815
327828805.2156905 0.6133992339321096
328503535.1914363 0.612879498090712
329178265.1671821 0.6123605567732346
329864240.64252365 0.6118337796791307
330538970.61826944 0.6113164369589128
331213700.59401524 0.6107998851042336
331888430.56976104 0.6102841229060908
333237890.52125263 0.6092549626526453
333912620.4969984 0.6087415621885686
334587350.4727442 0.6082289465634745
335273325.9480858 0.6077085906768158
335948055.9238316 0.6071975541627025
336622785.8995774 0.6066872988737841
337297515.8753232 0.6061778236157964
337972245.851069 0.6056691271963
338646975.8268148 0.605161208424679
339321705.80256057 0.6046540661121375
339996435.77830637 0.6041476990716965
340682411.2536479 0.6036336861204619
341357141.2293937 0.6031288789422529
342031871.2051395 0.6026248434664079
342706601.1808853 0.6021215785132196
343381331.1566311 0.6016190829047844
344056061.1323769 0.6011173554649994
344730791.1081227 0.6006163950195598
345405521.0838685 0.6001162003959553
346091496.55921006 0.5996084530622283
346766226.53495586 0.599109799286742
347440956.5107016 0.5986119078068677
348115686.4864474 0.5981147774572787
348790416.4621932 0.5976184070744294
349465146.437939 0.5971227954965532
350139876.4136848 0.5966279415636596
350825851.88902634 0.5961256155626307
351500581.86477214 0.5956322860258711
352175311.84051794 0.5951397106455212
352850041.81626374 0.5946478882686961
353524771.79200953 0.5941568177442742
354199501.7677553 0.5936664979228932
354874231.7435011 0.5931769276569478
355560207.2188427 0.5926799651038217
356234937.1945885 0.5921919029576882
356909667.1703343 0.5917045869156656
357584397.1460801 0.5912180158371791
358259127.1218259 0.5907321885833977
358933857.0975717 0.590247104017231
359619832.5729132 0.5897546948958988
360294562.548659 0.5892711046313577
360969292.5244048 0.5887882536347291
361644022.5001506 0.5883061407758894
362329997.9754922 0.5878167482333059
363004727.951238 0.5873361205217549
363679457.9269838 0.5868562275492404
364354187.9027296 0.5863770681925615
365028917.87847537 0.5858986413302344
365703647.85422117 0.5854209458424894
366378377.82996696 0.584943980611269
367064353.3053085 0.5844598134231276
367457945.7911602 0.5841823523891205
367570400.78711784 0.5841031232774767
367963993.27296954 0.583825980421804
368638723.24871534 0.5833514534256821
369313453.22446114 0.5828776518423884
369988183.20020694 0.582404574562979
370662913.17595273 0.5819322204802053
371337643.1516985 0.5814605884885116
372023618.6270401 0.5809818350693746
372698348.6027859 0.5805116559386856
373373078.5785317 0.5800421955742112
374047808.5542775 0.5795734528771683
374722538.5300233 0.5791054267504534
375397268.5057691 0.5786381160986402
376071998.4815149 0.5781715198279771
376757973.9568564 0.5776978781669554
377432703.9326022 0.5772327192447717
378107433.908348 0.576768271414373
378782163.8840938 0.5763045335887085
379456893.8598396 0.5758415046823884
380131623.8355854 0.5753791836116828
380806353.8113312 0.5749175692945181
381481083.787077 0.5744566606504748
382155813.7628228 0.5739964566007858
382841789.23816437 0.5735293036803515
383516519.21391016 0.5730705172879216
384191249.18965596 0.5726124322455443
384865979.16540176 0.5721550474810604
385540709.14114755 0.57169836192395
386215439.11689335 0.5712423745053297
386890169.09263915 0.5707870841579501
387564899.06838495 0.5703324898161933
388250874.5437265 0.5698710313077158
388925604.5194723 0.5694178373425276
389600334.4952181 0.5689653361782077
390275064.4709639 0.5685135267556659
390949794.4467097 0.5680624080174318
391624524.4224555 0.567611978907651
392299254.3982013 0.5671622383720836
392973984.3739471 0.5667131853581012
393659959.84928864 0.5662573518489131
394334689.82503444 0.5658096821414538
395009419.80078024 0.5653626967898893
395684149.776526 0.5649163947480397
396358879.7522718 0.5644707749713247
397033609.72801757 0.5640258364167603
397708339.70376337 0.5635815780429576
398383069.67950916 0.5631379988101191
399057799.65525496 0.562695097680037
399462637.6407025 0.5624296820600108
399856230.1265542 0.5621718725655005
400249822.6124059 0.5619142930448097
400598433.09987456 0.5616863430704384
401239426.57683307 0.5612676791872615
401655510.0618763 0.5609962404142339
401936647.5517704 0.5608129807539248
402476431.532367 0.5604614495037894
402948742.5153891 0.5601542123929484
403409807.99881536 0.5598546076510784
404084537.97456115 0.5594167258646208
404759267.95030695 0.5589795134711917
405433997.92605275 0.558542969447485
406108727.90179855 0.5581070927717593
406783457.87754434 0.5576718824238347
407469433.3528859 0.5572301005986313
408144163.3286317 0.556796230914933
408818893.3043775 0.5563630244909323
409493623.2801233 0.5559304803126995
410168353.2558691 0.5554985973678547
410843083.2316149 0.5550673746455653
411517813.2073607 0.5546368111365445
412192543.1831065 0.5542069058330481
412867273.1588523 0.5537776577288724
413553248.63419384 0.5533419281745718
414227978.60993963 0.5529140023679462
414902708.58568543 0.5524867307345699
415577438.5614312 0.5520601122744037
416252168.537177 0.5516341459889369
416926898.5129228 0.5512088308811851
417601628.4886686 0.5507841659556885
418276358.4644144 0.5503601502185084
418962333.939756 0.5499297320375522
419637063.9155017 0.5495070224796292
420311793.8912475 0.5490849591208383
420986523.8669933 0.54866354097333
421661253.8427391 0.548242767050765
422335983.8184849 0.5478226363683121
423010713.7942307 0.5474031479426453
423696689.26957226 0.5469773254335359
424371419.24531806 0.546559129240755
425046149.22106385 0.5461415723474918
425720879.19680965 0.5457246537764444
426395609.17255545 0.5453083725518051
427070339.14830124 0.5448927276992576
427745069.12404704 0.5444777182459755
428419799.09979284 0.544063343220619
429105774.5751344 0.5436427113218258
429780504.5508802 0.5432296127775389
430455234.526626 0.5428171457399571
431129964.5023718 0.5424053092436916
431804694.4781176 0.5419941023248294
432479424.4538634 0.5415835240209306
433154154.4296092 0.5411735733710271
433840129.90495074 0.5407574326537332
434514859.88069654 0.5403487448556221
438563239.7351713 0.5379097047334388
439249215.2105129 0.5374986366091843
439923945.1862587 0.537094930555934
440598675.1620045 0.5366918416510195
441273405.13775027 0.5362893689510012
441948135.11349607 0.5358875115138824
442622865.08924186 0.5354862683991062
443297595.06498766 0.5350856386675534
443972325.04073346 0.5346856213815407
444658300.516075 0.5342795640173894
445333030.4918208 0.5338807789834676
446007760.4675666 0.5334826035750833
446682490.4433124 0.5330850368602971
447357220.41905814 0.532688077908595
448031950.39480394 0.532291725790885
448706680.37054974 0.5318959795794955
449381410.34629554 0.5315008383481732
450067385.8216371 0.5310997306649081
450742115.7973829 0.530705806665003
451416845.7731287 0.5303124848595369
452091575.7488745 0.529919764327931
452541395.73270506 0.5296582842272572
452991215.71653557 0.5293970706788604
453396053.70198303 0.5291622061629153
453789646.18783474 0.5289340722568221
454464376.16358054 0.5285434589144302
455139106.13932633 0.5281534427054513
455813836.11507213 0.5277640227170429
456488566.0908179 0.5273751980377583
457163296.0665637 0.5269869677575443
457838026.0423095 0.5265993309677386
458512756.0180553 0.5262122867610679
459198731.4933969 0.5258193983638237
459873461.4691427 0.5254335464457068
460548191.4448885 0.5250482843821788
461897651.39638007 0.524279526213407
462572381.37212586 0.5238960283088668
463247111.34787166 0.5235131166603175
463921841.32361746 0.5231307903715454
464607816.798959 0.5227426911306023
465282546.7747048 0.5223615425968503
465957276.7504506 0.5219809767275889
466632006.7261964 0.5216009926320948
467306736.7019422 0.521221589421006
467981466.677688 0.5208427662063204
468656196.6534338 0.5204645221013934
469342172.12877536 0.5200805666834046
470691632.08026695 0.5193269852765273
471366362.05601275 0.5189510583567509
472041092.03175855 0.5185757061191458
473390551.98325014 0.5178267221777092
474076527.4585917 0.5174468663381399
474751257.4343375 0.5170738135696322
475425987.4100833 0.5167013310895598
475864561.89431804 0.5164595228816682
476291890.87895703 0.5162241460607667
476966620.85470283 0.5158529624734915
478327326.3057902 0.5151061340264241
479002056.281536 0.5147366595521405
479676786.2572818 0.5143677498961277
480351516.2330276 0.5139994041949436
481026246.2087734 0.5136316215864667
481700976.1845192 0.5132644012098929
482386951.65986073 0.5128916359735141
483736411.6113523 0.512160017306069
484411141.5870981 0.5117950465814792
485085871.5628439 0.511430633790245
485760601.5385897 0.5110667780794498
486435331.5143355 0.5107034785974804
487110061.4900813 0.5103407344940258
487796036.96542287 0.5099725131204433
488470766.94116867 0.5096108864491381
489145496.91691446 0.5092498125991097
489820226.89266026 0.5088892907252565
490494956.86840606 0.5085293199837684
491855662.3194934 0.5078050519959763
492530392.2952392 0.5074467387379814
493205122.27098495 0.5070889732360246
493879852.24673074 0.5067317546527468
494554582.22247654 0.5063750821520698
495229312.19822234 0.5060189548991927
495904042.17396814 0.5056633720605916
496578772.14971393 0.5053083328040163
497264747.6250555 0.5049479326169772
497939477.6008013 0.5045939870577902
498614207.5765471 0.5042405825777083
499288937.5522929 0.5038877183495795
500638397.5037845 0.5031836073468954
501313127.4795303 0.5028323589243516
501999102.95487183 0.5024758068112043
502673832.93061763 0.5021256404083948
503348562.9063634 0.5017760093074661
504023292.8821092 0.5014269126900983
504698022.857855 0.5010783497392224
505372752.8336008 0.5007303196390187
506047482.8093466 0.5003828215749144
507408188.260434 0.4996836488515643
508082918.23617977 0.4993377508405663
508757648.21192557 0.4989923816063275
509432378.18767136 0.4986475403405028
510107108.16341716 0.4983032262359831
510781838.13916296 0.49795943848689306
511456568.11490875 0.49761617628858923
512131298.09065455 0.4972734388376584
512817273.5659961 0.49692552620790303
513492003.5417419 0.4965838445586806
514166733.5174877 0.496242685240634
515516193.4689793 0.4955619304053238
516190923.4447251 0.4952223332947373
516865653.4204709 0.4948832553286773
517540383.3962167 0.4945446957135239
518226358.87155825 0.49420102400295546
518833615.8497294 0.4938972357566116
519452118.3274964 0.4935882514758925
520126848.3032422 0.4932516715423698
520812823.77858377 0.49291000940571944
521487553.75432956 0.49257446630568874
522162283.73007536 0.4922394361527891
522814522.70662963 0.49191606051929604
523478007.18277967 0.49158759975028854
524152737.15852547 0.4912540782273326
524827467.13427126 0.4909210665611081
525502197.11001706 0.4905885639721932
526176927.08576286 0.49025656968235787
526851657.06150866 0.4899250829145615
527526387.03725445 0.48959410289295135
528212362.512596 0.48925812522432244
528887092.4883418 0.4889281647856903
529561822.4640876 0.48859870875993394
530236552.4398334 0.4882697563759537
530911282.4155792 0.48794130686382875
531586012.391325 0.4876133594548151
532260742.3670708 0.4872859133813441
532946717.84241235 0.4869535230218551
534296177.79390395 0.48630114729537854
535162081.2627777 0.4858835896675846
535836811.2385235 0.48555878790552054
536511541.2142693 0.4852344826702256
537186271.1900151 0.48491067320265596
537861001.1657609 0.4845873587449276
538535731.1415067 0.4842645385403155
539210461.1172525 0.48394221183325115
