1.0 0.9780817789437761
8793981.683886867 0.9638775075465196
10626998.11799628 0.9609541136109221
14517940.978130367 0.9547908321557111
16654585.901325386 0.9514306247519984
19162332.31118059 0.9475085876386715
22468509.19233499 0.9423735575321683
23638041.150294367 0.9405667596535876
24796327.608657986 0.9387822963163548
32533231.330543105 0.9269884055107036
36581611.18501788 0.9209033879629758
37267586.660359435 0.9198781253918469
38493346.11629763 0.9180502710652301
45454310.36607509 0.907770823137875
47073662.307865 0.9054038558572102
47534727.79129129 0.9047315982872857
57464503.93435025 0.8904314626773249
58566562.894735046 0.8888651410765196
59005137.37896982 0.8882429535429488
59679867.35471561 0.8872870121294706
61715302.78154876 0.8844125598868229
62390032.75729456 0.883462778815805
76581853.24714778 0.8638358956412089
78617288.67398094 0.8610750354179182
79685611.13557845 0.8596313207320713
80079203.62143016 0.8591003526316369
80753933.59717596 0.8581912806571554
83464098.9997549 0.8545545480286543
85207151.4370982 0.8522279637492669
85454552.428205 0.8518985221803812
85971845.40961011 0.85121031776736
88670765.3125933 0.8476334279158539
90020225.26408488 0.8458536003816395
92415516.67798245 0.8427084828740383
95800412.0563072 0.8382945046842846
97824601.98354459 0.8356718960115539
98499331.95929039 0.8348005035366365
101884227.33761512 0.830450122762391
103919662.76444827 0.8278509758358199
104594392.74019407 0.8269921615841773
104999230.72564155 0.8264775361577283
105404068.71108902 0.8259634074879556
105797661.19694073 0.8254640359647916
106865983.65853824 0.8241109600797707
110160915.04009688 0.8199594415991895
110835645.01584268 0.8191133191379474
111510374.99158847 0.8182685574778636
112185104.96733427 0.8174251544303901
113545810.41842161 0.8157284153581754
114220540.39416741 0.8148890975684482
116244730.3214048 0.8123792346630487
117594190.2728964 0.8107127131134023
118280165.74823795 0.8098676191199736
120304355.67547533 0.8073819450884528
123003275.57845852 0.804086328818422
125713440.98103747 0.8007982629883503
131797256.26234539 0.7934941338635044
132471986.23809119 0.7926905750063208
133146716.21383698 0.7918883084961362
134507421.66492432 0.7902743269742086
135182151.64067012 0.7894759464654857
136531611.59216172 0.7878830354392865
137206341.5679075 0.7870885007950099
137881071.5436533 0.7862952439842786
140591236.94623226 0.7831218286691565
141940696.89772385 0.7815493395986606
143290156.84921545 0.7799819044637651
143964886.82496125 0.7792000770441244
145325592.27604857 0.7776272144197749
146000322.25179437 0.7768491739991636
146675052.22754017 0.7760723848847808
147349782.20328596 0.7752968450641764
149239026.1353742 0.7731319627193373
149778810.11597085 0.7725152148405345
150172402.60182256 0.7720660032407576
150565995.08767426 0.771617213215936
151240725.06342006 0.7708488385552767
153264914.99065745 0.768551121192626
153838435.47004136 0.7679021158708152
154411955.9494253 0.767253997870585
155086685.9251711 0.766492640478428
156436145.87666267 0.764973597150598
157122121.35200423 0.764203289444478
158471581.30349582 0.7626916040264164
159146311.27924162 0.7619375842373993
159821041.25498742 0.7611847771227283
160495771.23073322 0.7604331807320843
161170501.206479 0.7596827931182852
161845231.1822248 0.7589336123372803
162531206.65756637 0.7581731803803977
163205936.63331217 0.7574264274781652
164555396.58480376 0.755936522703667
165904856.53629535 0.7544514064411671
166579586.51204115 0.7537106391905628
167265561.9873827 0.7529587471182436
167940291.9631285 0.7522203804805869
170639211.86611167 0.749278769844085
171313941.84185746 0.7485463216373494
173293149.7707118 0.746404595499679
173641760.25818047 0.7460284059327218
174035352.74403217 0.7456040516057496
174642609.7222034 0.7449501145828499
178409852.0867841 0.7409143820355363
179770557.53787145 0.739465592303276
181120017.48936304 0.7380334131473586
181794747.46510884 0.7373190506139393
182469477.44085464 0.7366058369749267
183144207.41660044 0.7358937703825775
183830182.891942 0.7351710099941912
185179642.84343356 0.7337526335049052
185854372.81917936 0.7330451556603614
186529102.79492515 0.7323388156377224
187203832.77067095 0.7316336116070528
187878562.74641675 0.73092954174136
189239268.1975041 0.7295131099958636
190588728.1489957 0.7281129178378788
191263458.1247415 0.7274145102307585
191938188.1004873 0.7267172258580687
193017756.06168056 0.7256039026815075
193242666.05359584 0.7253723210177028
193714977.03661788 0.7248864037670786
194400952.51195943 0.724181641104815
195008209.49013066 0.7235587144724307
195626711.96789765 0.7229251790845168
196301441.94364342 0.722235114809749
197650901.89513502 0.7208583139233868
198325631.8708808 0.720171573744875
199011607.34622237 0.7194745201216958
199686337.32196817 0.7187900054699776
200361067.29771397 0.7181065917089388
201035797.27345976 0.7174242770680395
201710527.24920556 0.7167430597795876
203059987.20069715 0.7153839102034681
203734717.17644295 0.714705974394613
204420692.6517845 0.7140178573648661
205095422.6275303 0.7133421185503827
205770152.6032761 0.7126674665125818
207119612.5547677 0.7113214157784777
209155047.98160085 0.7092993019494976
209829777.95734665 0.7086311518895614
210504507.93309242 0.7079640764014714
211179237.9088382 0.7072980737570166
211853967.884584 0.7066331422307643
215913593.23865455 0.7026549835766122
216588323.21440035 0.7019975194357392
217263053.19014615 0.7013411126807712
217937783.16589195 0.7006857616111366
219298488.6169793 0.699367341231701
219973218.5927251 0.698715164537641
220647948.5684709 0.6980640367257956
221997408.5199625 0.6967649210038789
222672138.4957083 0.6961169297281513
223346868.47145408 0.6954699806033167
224021598.44719988 0.6948240719533056
225382303.8982872 0.6935246476189514
226057033.874033 0.6928818676075237
227406493.8255246 0.6915994072312532
228081223.8012704 0.6909597235439037
228755953.7770162 0.6903210686465254
229441929.25235775 0.6896728224478783
230116659.22810355 0.6890362372467702
230791389.20384935 0.6884006758524028
231466119.17959514 0.6877661366182086
232140849.15534094 0.6871326179002688
232815579.13108674 0.6865001180573085
233490309.10683253 0.685868635450692
234176284.5821741 0.6852276692560672
234851014.5579199 0.6845982331023958
235525744.5336657 0.6839698092578004
236200474.50941148 0.6833423960942056
237549934.46090308 0.6820905953108027
238224664.43664888 0.6814662044479185
238899394.41239464 0.6808428177798742
239585369.8877362 0.6802100691083992
240934829.8392278 0.6789683355357404
241609559.8149736 0.6783489661383215
242284289.7907194 0.6777305928598242
242959019.7664652 0.6771132140982108
243633749.74221098 0.6764968282540206
244308479.71795678 0.6758814337303652
244994455.19329834 0.6752567972290786
245669185.16904414 0.6746433970215328
246343915.14478993 0.6740309833327844
247018645.12053573 0.6734195545762358
247693375.09628153 0.6728091091678411
248368105.07202733 0.6721996455261017
249042835.04777312 0.6715911620720629
249728810.52311468 0.6709735404306418
250189876.00654095 0.6705589852701817
250662186.98956302 0.670134791520227
251348162.46490458 0.6695195511348537
252022892.44065037 0.6689153780208889
252697622.41639617 0.6683121765859787
253237406.3969928 0.6678303139967301
253777190.37758943 0.6673490714829202
254451920.35333523 0.6667483891062419
255126650.32908103 0.6661486727945383
255801380.30482683 0.6655499209941068
256476110.28057262 0.6649521321537444
257150840.25631842 0.6643553047247421
257825570.23206422 0.6637594371608824
259186275.68315157 0.6625606843457302
259861005.65889737 0.6619677030325049
260535735.63464317 0.6613756753987937
261210465.61038896 0.6607845999108142
262559925.56188056 0.6596052992492469
263234655.53762636 0.6590170710204116
263853158.01539332 0.6584786929134583
264460414.99356455 0.657950875749791
264854007.47941625 0.6576091801984867
265067671.97173575 0.6574238226372268
265573719.4535451 0.6569851945622538
265967311.93939683 0.6566444052809648
266360904.42524853 0.6563039358227306
267035634.40099433 0.6557210171080385
267721609.8763359 0.6551293441364998
268396339.8520817 0.6545483144931898
269071069.82782745 0.6539682193077719
269745799.80357325 0.6533890570773769
270420529.77931905 0.6528108263015528
271095259.75506485 0.6522335254822604
271769989.73081064 0.6516571531238702
272444719.70655644 0.6510817077331574
273130695.181898 0.6504976203197673
273805425.1576438 0.6499240397815498
274480155.1333896 0.6493513817209835
275154885.1091354 0.648779644654467
275829615.0848812 0.6482088271007846
277190320.53596854 0.647060469326479
277865050.51171434 0.6464924166867244
278539780.48746014 0.645925277634217
279214510.46320593 0.6453590506996534
279889240.43895173 0.6447937344160934
280563970.4146975 0.6442293273189559
280957562.90054923 0.6439005091313917
281351155.38640094 0.643571999532281
282037130.8617425 0.6430001909568888
282711860.8374883 0.6424386683783978
283386590.8132341 0.6418780488849923
284061320.7889799 0.6413183310242594
284736050.7647257 0.6407595133461219
285410780.7404715 0.6402015944028348
286085510.7162173 0.6396445727489817
286771486.19155884 0.6390791857596125
287446216.16730464 0.6385239692522386
289470406.094542 0.6368636716469931
290145136.0702878 0.6363120183048923
290819866.0460336 0.6357612521753893
292855301.4728668 0.6341051350600478
293530031.4486126 0.6335579182149729
294204761.42435837 0.6330115814473698
295554221.37584996 0.6319215424852144
296228951.35159576 0.631377837466667
296914926.8269373 0.6308259671014578
297589656.8026831 0.6302840240740165
298264386.7784289 0.6297429526422758
298939116.7541747 0.6292027514044666
299400182.237601 0.6288341136542906
299861247.72102726 0.6284658811368435
300547223.1963688 0.6279187720005761
301042025.17858243 0.6275246913286348
301941665.14624345 0.6268093716485874
302335257.6320952 0.6264969016965476
303009987.607841 0.625961921014969
304370693.0589284 0.6248856590450436
305720153.01041996 0.6238217365687093
306394882.98616576 0.6232910582995725
307069612.9619115 0.62276123350926
307744342.9376573 0.6222322608251393
308419072.9134031 0.6217041388767859
309093802.8891489 0.6211768662959791
309768532.8648947 0.6206504417166987
310454508.34023625 0.620116111307907
311129238.31598204 0.6195913927188144
311983896.2852601 0.618927960456104
312658626.2610059 0.6184051527453172
313333356.2367517 0.6178831858552993
314008086.2124975 0.6173620584337758
314694061.68783903 0.6168331047353068
315368791.6635848 0.6163136661374109
316718251.6150764 0.6152772938049427
317392981.5908222 0.614760357385411
318067711.566568 0.6142442523439726
318742441.5423138 0.6137289773435394
319428417.0176554 0.6132059639576559
320777876.96914697 0.612179579692498
321452606.94489276 0.6116676252621529
322127336.9206385 0.6111564941974713
322802066.8963843 0.6106461851742515
324151526.8478759 0.6096280279660344
324837502.32321745 0.609111719886362
326186962.27470905 0.6080984944063783
326861692.25045484 0.6075931035006277
328885882.17769223 0.6060818024146797
329560612.15343803 0.6055796549127197
330246587.6287796 0.605069966173712
330921317.6045254 0.6045694459869362
332270777.556017 0.6035708192473802
332945507.5317628 0.6030727101074294
333620237.5075086 0.6025754020660494
334294967.4832544 0.6020788938348504
334980942.95859593 0.6015749290570132
336330402.9100875 0.6005859266105611
337679862.8615791 0.5996001027901272
338354592.8373249 0.5991083796708786
339029322.8130707 0.5986174473796968
339715298.2884123 0.5981191422811869
340390028.26415807 0.5976298009599266
341064758.23990387 0.5971412466361367
341739488.21564966 0.5966534780441057
342414218.19139546 0.5961664939201575
345124383.5939744 0.594218319184999
345799113.5697202 0.5937352514764019
346473843.545466 0.5932529606755544
347148573.5212118 0.5927714455329722
347823303.4969576 0.5922907048011801
351208198.8752823 0.5898906321620574
351882928.8510281 0.5894145245824997
352557658.8267739 0.5889391827168609
353232388.8025197 0.5884646053336593
353907118.7782655 0.5879907912033936
357966744.132336 0.5851560515221498
358641474.1080818 0.5846875584701737
359316204.0838276 0.5842198188858303
359990934.0595734 0.583752831557333
360665664.0353192 0.5832865952748447
361351639.51066077 0.5828133570689917
362026369.48640656 0.5823486317237855
362701099.46215236 0.5818846537866873
363375829.43789816 0.5814214220556565
364050559.41364396 0.5809589353305851
364725289.38938975 0.5804971924132958
365400019.36513555 0.5800361921075377
366074749.34088135 0.5795759332189843
366760724.8162229 0.5791087621754
367165562.8016704 0.5788334131764029
367570400.78711784 0.5785583299657762
368245130.76286364 0.5781004478921714
368717441.7458857 0.5777803686704721
369189752.72890776 0.5774606498794926
369864482.70465356 0.577004533181943
370539212.68039936 0.5765491500473925
371213942.65614516 0.576094499296067
371618780.6415926 0.5758220598991441
371978636.62865704 0.5755801123273803
372619630.10561556 0.5751496573563251
373294360.08136135 0.5746972573799904
373969090.05710715 0.5742455849891295
374643820.03285295 0.5737946390135817
375329795.5081945 0.5733369207440684
376004525.4839403 0.572887436154329
376679255.4596861 0.5724386744613079
377353985.4354319 0.5719906345023851
378028715.4111777 0.5715433151168106
378703445.3869235 0.5710967151457012
379321947.8646905 0.5706879628362662
379940450.3424574 0.5702798131727551
380334042.8283092 0.5700203949364319
380727635.3141609 0.5697612201582727
381413610.78950244 0.5693100967783842
382088340.76524824 0.568867088445886
382763070.74099404 0.5684247925944759
383437800.71673983 0.5679832080782857
384112530.69248563 0.5675423337532897
384787260.6682314 0.5671021684773018
385461990.6439772 0.5666627111099736
386136720.619723 0.5662239605127901
386811450.5954688 0.5657859155490678
387497426.0708104 0.5653412920384122
388172156.0465562 0.564904666652041
388846886.0223019 0.5644687434811986
389521615.9980477 0.5640335213965261
390196345.9737935 0.5635989992704814
390871075.9495393 0.5631651759773357
391545805.9252851 0.5627320503931703
392220535.9010309 0.5622996213958746
392895265.8767767 0.5618678878651422
393581241.35211825 0.5614296705723998
394255971.32786405 0.5609993361654851
394930701.30360985 0.5605696938564477
395605431.27935565 0.5601407425322011
396280161.25510144 0.5597124810814486
396954891.23084724 0.5592849083946811
397629621.20659304 0.5588580233641738
398990326.6576804 0.557999225767016
399665056.6334262 0.5575744084731413
401014516.5849178 0.5567268224610331
401689246.5606636 0.5563040515469341
402363976.5364094 0.5558819605665042
403038706.5121552 0.5554605484262203
403713436.487901 0.5550398140343177
404399411.96324253 0.5546127610651622
405074141.9389883 0.5541933901520416
405748871.9147341 0.5537746937044392
406423601.8904799 0.5533566706376261
407098331.8662257 0.5529393198686181
407773061.8419715 0.5525226403161725
408447791.8177173 0.5521066309007856
411832687.19604206 0.5500297259300637
412507417.17178786 0.5496177258170407
413182147.14753366 0.5492063883152312
413868122.6228752 0.5487888733583999
414542852.598621 0.5483788688827627
415217582.5743668 0.5479695238087969
415892312.5501126 0.547560837076001
416567042.5258584 0.547152807625578
417241772.50160414 0.5467454344004349
417916502.47734994 0.5463387163451778
418591232.45309573 0.5459326524061108
419265962.42884153 0.5455272415312322
419951937.9041831 0.545115742207248
420626667.8799289 0.5447116451520536
421301397.8556747 0.5443081979977493
421976127.8314205 0.543905399699113
422650857.8071663 0.5435032492126038
423325587.7829121 0.5431017454963587
424000317.7586579 0.5427008875101907
424686293.23399943 0.5422940094500714
425361023.2097452 0.5418944505289887
426035753.185491 0.5414955342102095
426710483.1612368 0.5410972594602496
427385213.1369826 0.5406996252472874
428059943.1127284 0.5403026305411607
428734673.0884742 0.5399062743133638
429409403.06422 0.5395105555370453
430095378.53956157 0.5391088938672844
430770108.51530737 0.5387144575013547
431332383.49509555 0.5383862451565258
431905903.97447944 0.538051921786832
432580633.95022523 0.5376591853271182
433255363.92597103 0.537267080497285
433930093.9017168 0.5368756062814953
434616069.3770584 0.5364782529169538
435290799.3528042 0.5360880473561568
435965529.32855 0.5356984693548484
436640259.3042958 0.5353095179037377
437090079.2881263 0.5350505645220934
437314989.2800416 0.5349211919951571
437776054.76346785 0.5346561952138562
438450784.73921365 0.534268920030571
439125514.71495944 0.5338822676939091
439811490.190301 0.5334898086233405
440486220.1660468 0.5331044093153521
441160950.1417926 0.532719629837056
441835680.1175384 0.5323354691915927
442510410.0932842 0.5319519263837065
443185140.06903 0.5315690004197419
443859870.0447758 0.5311866903076415
444534600.0205216 0.5308049950569439
445220575.49586314 0.530417567517717
445895305.47160894 0.5300371092312073
446570035.44735473 0.5296572628278479
447244765.42310053 0.5292780273235594
447919495.3988463 0.5288994017358459
448594225.3745921 0.528521385083791
449268955.3503379 0.5281439763880562
449943685.3260837 0.5277671746708781
450629660.8014253 0.5273847141561192
451304390.7771711 0.5270091335445988
451979120.7529169 0.5266341569715651
452653850.72866267 0.5262597834655557
453328580.70440847 0.5258860120566704
454003310.68015426 0.525512841776569
454678040.65590006 0.5251402716584683
455352770.63164586 0.5247683007371406
456027500.60739166 0.5243969280489101
456713476.0827332 0.5240199780961026
457388206.058479 0.5236498089196133
458062936.0342248 0.5232802350785122
458737666.0099706 0.522911255615334
459412395.9857164 0.522542869574153
460087125.9614622 0.5221750760005809
460761855.937208 0.5218078739417644
461447831.41254956 0.5214351572527662
462122561.38829535 0.5210691451898841
462797291.36404115 0.5207037217765911
463472021.33978695 0.5203388860661742
464146751.31553274 0.519974637113443
464821481.29127854 0.5196109739747276
465496211.26702434 0.5192478957078752
466170941.2427701 0.5188854013722487
466845671.2185159 0.5185234900287237
467520401.19426167 0.5181621607396859
468206376.6696032 0.5177954050175576
468881106.645349 0.5174352466925017
469555836.6210948 0.51707566760259
470230566.5968406 0.5167166668162508
470905296.5725864 0.5163582434034102
471580026.5483322 0.5160003964354907
472254756.524078 0.5156431249854075
472940731.99941957 0.5152804880427452
473615461.97516537 0.5149243744063586
474290191.95091116 0.5145688335001277
474964921.92665696 0.5142138644029423
475639651.90240276 0.5138594661951736
476314381.87814856 0.5135056379586724
477675087.3292359 0.5127938143584101
478349817.3049817 0.5124416999875961
479024547.2807275 0.5120901519150022
479699277.2564733 0.5117391692298624
480374007.2322191 0.5113887510228761
481048737.2079649 0.5110388963862044
481723467.1837107 0.5106896044134692
482398197.1594565 0.5103408741997497
483084172.63479805 0.5099869067654981
483758902.61054385 0.5096393066857923
484433632.58628964 0.5092922656440659
485783092.53778124 0.5085998570796404
486457822.51352704 0.5082544877630986
487132552.48927283 0.5079096738968463
487818527.9646144 0.5075596816256577
488493257.9403602 0.5072159852016667
489167987.916106 0.5068728415374867
489842717.8918518 0.5065302497441255
490517447.8675976 0.5061882089340212
491192177.8433434 0.5058467182210384
491866907.8190892 0.5055057767204675
492541637.794835 0.5051653835490215
493216367.77058077 0.5048255378248343
493902343.2459223 0.5044805883071286
494577073.2216681 0.5041418439248875
495251803.19741386 0.5038036443381919
495926533.17315966 0.503465988670858
496601263.14890546 0.5031288760481121
497275993.12465125 0.5027923055965864
497950723.10039705 0.5024562764443183
498636698.5757386 0.5021152008157017
499311428.5514844 0.5017802606369715
499986158.5272302 0.501445859135565
500660888.502976 0.5011119954451391
501335618.4787218 0.5007786687007433
502010348.4544676 0.5004458780388185
502685078.4302134 0.5001136225971943
503359808.4059592 0.4997819015150872
504045783.88130075 0.4994451986551077
504720513.85704654 0.4991145525853258
505395243.83279234 0.4987844382867417
506069973.80853814 0.49845485490411867
506744703.78428394 0.4981258015835958
507419433.76002973 0.4977972774726852
508094163.73577553 0.49746928172027005
508768893.7115213 0.4971418134766023
509454869.1868629 0.4968094273240702
510129599.1626087 0.49648302031050523
510804329.1383545 0.4961571382505521
511479059.1141003 0.49583178029993874
512153789.0898461 0.49550694561575115
512828519.0655919 0.49518263335643065
513503249.04133767 0.4948588426817724
514177979.01708347 0.49453557275292237
514863954.492425 0.49420744796538163
515538684.4681708 0.49388522566110726
516213414.4439166 0.49356352158026373
516888144.4196624 0.49324233488940317
517562874.3954082 0.4929216647564179
518237604.371154 0.4926015103505388
518912334.3468998 0.4922818708423325
519587064.3226456 0.4919627454036999
520261794.2983914 0.49164413320787353
520947769.77373296 0.49132073610305993
521622499.74947876 0.49100315643744025
522297229.72522455 0.4906860875285923
522971959.7009703 0.49036952855507654
523646689.6767161 0.4900534786967745
524321419.6524619 0.48973793713488684
524996149.6282077 0.48942290305193104
525670879.6039535 0.48910837563173926
526356855.07929504 0.4887891246476056
527031585.05504084 0.4884756165200412
527706315.03078663 0.4881626126010783
528381045.00653243 0.487850112079809
529055774.9822782 0.48753811414662906
529730504.958024 0.4872266179932367
530405234.9337698 0.4869156228126297
531079964.9095156 0.48660512779910414
534464860.28784037 0.4850549978906824
535139590.26358616 0.4847474952815243
535825565.7389277 0.4844353746068386
536500295.7146735 0.4841288685249219
537175025.6904193 0.48382285539036246
537849755.6661651 0.4835173344103633
539199215.6176567 0.4829077657492311
539873945.5934025 0.4826037164888711
540548675.5691483 0.4823001562246133
541234651.0444899 0.4819920371008528
542584110.9959815 0.4813873707023285
543258840.9717273 0.48108576666170355
543933570.947473 0.4807846476845847
544608300.9232188 0.4804840129908546
545294276.3985604 0.48017886337375754
545969006.3743062 0.47987920295033626
546643736.350052 0.4795800244645421
547318466.3257978 0.4792813271412848
548667926.2772894 0.4786853728882503
549342656.2530352 0.4783881144145175
550028631.7283767 0.47808639172139455
550703361.7041225 0.47779009657661564
551378091.6798683 0.47749427795715615
552052821.6556141 0.47719893509663025
552727551.6313599 0.4769040672298849
553402281.6071057 0.47660967359299744
554077011.5828515 0.4763157534232737
554751741.5585973 0.4760223059592465
555437717.0339389 0.47572445150946563
556112447.0096847 0.47543195502400937
556787176.9854305 0.4751399289545677
557461906.9611763 0.47484837254458034
558136636.9369221 0.4745572850387039
558811366.9126679 0.4742666656828094
559486096.8884137 0.4739765137239812
560172072.3637552 0.47368200427120366
560846802.339501 0.47339279261116474
561521532.3152468 0.47310404608422413
562196262.2909926 0.4728157639423177
562870992.2667384 0.472527945438585
563545722.2424842 0.47224058982736616
564220452.21823 0.47195369636420076
564906427.6935716 0.4716624943430823
565581157.6693174 0.47137653061886187
566255887.6450632 0.47109102680415205
566930617.6208088 0.47080598215929004
567605347.5965546 0.47052139594580233
568280077.5723004 0.47023726742640337
568954807.5480462 0.4699535958649932
569629537.523792 0.4696703805266559
570315512.9991336 0.4693829118683405
570990242.9748794 0.4691006143492067
571664972.9506252 0.46881877084330215
572339702.926371 0.46853738062044664
573014432.9021168 0.4682564429516347
573689162.8778626 0.46797595710903295
574363892.8536084 0.4676959223659787
575016131.8301626 0.4674256502275715
575420969.8156102 0.4672581064954554
575645879.8075254 0.46716509653601246
576118190.7905475 0.46696993797712333
576804166.265889 0.4666868847096184
577478896.2416348 0.4664089231548958
578164871.7169764 0.4661267871813696
578839601.6927222 0.46584972641985345
579525577.1680638 0.46556850476762085
580200307.1438096 0.4652923418801004
580875037.1195554 0.4650166231396088
581549767.0953012 0.4647413478318334
582235742.5706427 0.4644619384472355
582910472.5463885 0.4641875552273153
583585202.5221343 0.4639136132922215
584259932.4978801 0.46364011193224497
585609392.4493717 0.4630944281045114
586284122.4251175 0.46282224422303586
586970097.900459 0.46254597269169084
587644827.8762048 0.4622746708796497
588319557.8519506 0.4620038053966707
588994287.8276964 0.4617333755410149
589669017.8034422 0.4614633806120719
590343747.779188 0.4611938199103582
591018477.7549338 0.460924692737515
591704453.2302754 0.46065152382036667
592379183.2060212 0.46038326881104713
593053913.181767 0.46011544523068026
593728643.1575128 0.45984805238540793
594403373.1332586 0.4595810895824877
595078103.1090044 0.4593145561302916
595752833.0847502 0.4590484513383035
596427563.060496 0.45878277451711835
597113538.5358375 0.45851310776891196
597788268.5115833 0.45824829192965616
598462998.4873291 0.45798390198820726
599137728.4630749 0.4577199372596028
599812458.4388207 0.45745639705998176
600487188.4145665 0.45719328070658305
601161918.3903123 0.45693058751774357
601836648.366058 0.45666831681289666
602511378.3418038 0.45640646791256984
603197353.8171453 0.4561406865728296
603872083.7928911 0.45587968624924496
604546813.768637 0.4556191056870528
605221543.7443827 0.45535894421115963
605896273.7201285 0.45509920114755764
606571003.6958743 0.4548398758233231
607245733.6716201 0.45458096756661437
607931709.1469617 0.45431817103299516
608606439.1227075 0.45406010182325107
609281169.0984533 0.45380244766085
609955899.0741991 0.4535452078782799
611305359.0256907 0.4530319687879508
611980089.0014365 0.4527759681505287
612654818.9771823 0.45252037923360766
613340794.4525238 0.4522609518895277
614015524.4282696 0.4520061912625487
614690254.4040154 0.45175184036178784
615364984.3797612 0.4514978985282911
616039714.355507 0.4512443651041639
616714444.3312528 0.45099123943257013
617389174.3069986 0.4507385208577298
618075149.7823402 0.450482006962447
618749879.758086 0.45023010737559804
619424609.7338318 0.44997861291361585
620099339.7095776 0.4497275229249467
620774069.6853234 0.44947683675908445
621448799.6610692 0.44922655376656934
622123529.636815 0.44897667329898605
622798259.6125607 0.44872719470896194
623484235.0879023 0.4484739694564963
624158965.0636481 0.4482252993546076
624833695.0393939 0.4479770291836722
625508425.0151397 0.44772915830048954
626183154.9908855 0.4474816860628934
626857884.9666313 0.44723461182975044
627532614.9423771 0.44698793496095823
628207344.9181229 0.44674165481744404
628882074.8938687 0.4464957707611628
629568050.3692102 0.4462461940250465
630242780.344956 0.4460011068080538
630917510.3207018 0.44575641375973507
631592240.2964476 0.44551211424615733
632491880.2641087 0.44518699263276085
633177855.7394502 0.4449395558299386
633852585.715196 0.44469657005198127
634527315.6909418 0.44445397506299733
635202045.6666876 0.4442117702344889
635876775.6424334 0.4439699549389692
636551505.6181792 0.44372852854996025
637226235.593925 0.443487490441992
637900965.5696708 0.4432468399905998
638586941.0450124 0.44300257545750343
639261671.0207582 0.4427627048847962
639936400.996504 0.44252322009094247
640611130.9722497 0.4422841204555023
641285860.9479955 0.44204540535903325
641960590.9237413 0.4418070741830894
642635320.8994871 0.4415691263102192
643310050.8752329 0.4413315611239645
643984780.8509787 0.4410943780088582
644670756.3263203 0.4408536328844065
645345486.3020661 0.4406172184113485
646020216.2778119 0.4403811841587709
646694946.2535577 0.440145529515173
648044406.2050493 0.43967535661382917
648719136.1807951 0.4394408371379929
650079841.6318824 0.4389690361893962
650754571.6076282 0.4387356526740094
651429301.583374 0.4385026445044766
652104031.5591198 0.43827001107713714
652778761.5348656 0.4380377517893008
653453491.5106114 0.4378058660392469
