1.0 0.9854843648465181
2260346.418748415 0.9815145729567436
10705716.615166621 0.9669332053378639
16789531.896474544 0.9566689500786398
17464261.87222034 0.9555426954890319
18138991.847966135 0.9544188340207655
62030176.77023013 0.8861453786121161
67619190.06932448 0.8780894329356688
70801666.45492548 0.8735620842635137
78819707.66670467 0.862343882007947
83554062.99652101 0.8558437304208226
85578252.92375839 0.8530920574397465
86927712.87524998 0.8512666563965002
87512478.85422967 0.8504778850680013
87816107.34331529 0.8500688623089343
88895675.30450855 0.8486174941108486
90245135.25600015 0.8468097026315707
95665466.06115803 0.8396195041533676
99713845.91563281 0.8343224258938009
104448201.24544914 0.8282056747492306
105122931.22119494 0.8273406785120488
107158366.64802809 0.8247413734271967
109857286.55101126 0.8213180068973576
116390921.81614973 0.8131386095034057
116593340.80887346 0.8128876135639851
117020669.79351246 0.8123582044464717
118190201.75147185 0.8109125574652618
118864931.72721764 0.8100806973704425
121968689.6156483 0.8062744289859871
122216090.6067551 0.8059724573483403
122755874.58735172 0.8053143374690277
126129524.46608071 0.8012235622802952
128839689.86865965 0.7979651262888731
132224585.24698439 0.7939298351455972
132899315.22273019 0.79312998090292
133574045.19847599 0.792331620609259
134923505.14996758 0.7907393658137192
136958940.57680073 0.7883489181623015
138983130.5040381 0.7859849440737973
139657860.4797839 0.7851998742652149
142368025.88236284 0.7820611228737431
143717485.83385444 0.7805069307269336
145066945.78534603 0.7789584624693519
147777111.18792498 0.7758657898951096
148451841.16367078 0.7750993714376042
152500221.01814553 0.7705302210141186
154535656.44497868 0.7682517994567037
155885116.39647028 0.7667481274787031
157706887.33098394 0.764726817264799
158179198.314006 0.7642043878458075
159528658.2654976 0.7627153768004291
160214633.74083915 0.7619605259079244
162913553.6438223 0.7590040354264546
164937743.5710597 0.756800606878463
166298449.02214706 0.7553260752338424
168322638.94938445 0.7531423974813709
169672098.90087605 0.7516931103737274
170054445.887132 0.7512834194969304
170448038.3729837 0.7508621114569944
171122768.3487295 0.750140888137494
171808743.82407105 0.7494089609676188
173832933.75130844 0.7472568793739807
175182393.70280004 0.7458285174629474
177217829.1296332 0.7436836275883869
177892559.105379 0.7429751372725313
180591479.00836217 0.7401536499853036
181266208.98410797 0.7394513802660414
182424495.44247156 0.7382486936309358
182896806.42549363 0.7377593179707599
184246266.37698522 0.7363644095637676
184920996.35273102 0.7356687870584974
185314588.83858272 0.7352635694212427
185438289.33413613 0.7351363007237677
185573235.3292853 0.7349975086964197
185719426.82403022 0.7348472054543346
186146755.8086692 0.7344081839181031
195413047.47557813 0.7250064654696
196762507.42706972 0.7236558538135333
197437237.40281552 0.7229822927804718
198111967.37856132 0.722309890900355
199472672.82964867 0.7209573940635553
200788396.28235298 0.7196540560090041
202823831.70918614 0.7176463448900239
203498561.68493193 0.7169830893094715
205522751.6121693 0.7150001047754478
206208727.08751085 0.7143303913258734
206883457.06325665 0.7136727867026004
207558187.03900245 0.7130162997349373
208232917.01474825 0.7123609275241493
208907646.99049404 0.7117066671800749
210257106.94198564 0.7104014705741354
210931836.91773143 0.7097505285745821
212292542.3688188 0.7084411397830248
212967272.3445646 0.7077935086437666
213642002.32031038 0.7071469693308672
214316732.29605618 0.7065015190219618
214991462.27180198 0.7058571549030275
215666192.24754778 0.7052138741683571
216340922.22329357 0.7045716740205341
218376357.65012673 0.7026408887315292
219051087.6258725 0.7020030009231483
219725817.6016183 0.7013661797921426
221075277.55310988 0.7000957265781164
221750007.52885568 0.6994620890232894
222435983.00419724 0.6988189731007561
222863311.98883626 0.6984188938689052
223279395.4738795 0.6980297482155097
224640100.92496684 0.6967599203623814
225314830.90071264 0.6961318299706863
226664290.85220423 0.6948787709413584
227339020.82795003 0.694253796964277
228013750.80369583 0.6936298564657428
229374456.25478318 0.6923747093164474
230049186.23052898 0.691753870454611
230723916.20627478 0.6911340544741231
231398646.18202057 0.6905152587561654
232073376.15776637 0.6898974806896421
233422836.10925794 0.6886649671049855
234108811.5845995 0.6880399892657827
235458271.5360911 0.6868135606301835
236807731.48758268 0.6855911404142445
237482461.46332848 0.6849814270744283
238843166.91441584 0.6837548608250102
239517896.89016163 0.6831481397147586
240867356.84165323 0.6819376554664616
242891546.76889062 0.6801292864468137
243566276.74463642 0.6795284487651929
244252252.21997797 0.6789185934030777
244926982.19572377 0.6783197131153916
246951172.12296116 0.6765288637999197
248210668.07768664 0.675418920256344
248885398.05343243 0.6748256775075536
249560128.02917823 0.6742333873579718
250234858.00492403 0.6736420473957645
252270293.43175718 0.6718639042003106
252945023.40750298 0.6712763566674834
253541034.88607842 0.6707581368190237
254148291.86424965 0.6702308904481502
254823021.83999544 0.6696459483475874
256172481.791487 0.6684788566467846
257521941.7429786 0.6673154726465745
258196671.7187244 0.6667351651975691
258882647.19406596 0.6661461290056011
259557377.16981176 0.6655676743846546
260232107.14555755 0.6649901350353266
260906837.12130335 0.6644135086554779
262256297.07279494 0.6632629856294385
262931027.04854074 0.6626890844126848
263617002.5238823 0.6621065447122747
264291732.4996281 0.6615344638904136
267665382.37835708 0.6586875036809398
268340112.35410288 0.6581207847254034
269026087.8294444 0.6575455285382881
270375547.780936 0.6564165402914472
271050277.7566818 0.6558533660150967
271725007.7324276 0.6552910687063712
272399737.7081734 0.6547296461755069
273074467.6839192 0.6541690962391573
274435173.13500655 0.6530412992710439
274840011.120454 0.652706437020123
275121148.6103481 0.6524740769772996
275672178.0905405 0.6520190861945845
276290680.5683075 0.6515090670849284
276909183.04607445 0.6509997707217526
278258642.99756604 0.6498910793917378
278933372.97331184 0.6493380156450278
279608102.94905764 0.6487858036788432
280282832.92480344 0.6482344413772002
282307022.8520408 0.6465854313924828
282981752.8277866 0.6460374467127691
283667728.3031282 0.6454811892163506
284342458.278874 0.6449348947459079
285017188.2546198 0.6443894352660062
286366648.2061114 0.6433010130164554
287041378.18185717 0.6427580461312146
287716108.15760297 0.6422159060052952
288390838.13334876 0.6416745905959131
289076813.6086903 0.6411250966124454
291101003.5359277 0.6395085751028223
291775733.5116735 0.6389713664022494
292450463.4874193 0.6384349702528791
293811168.93850666 0.6373557014967056
294485898.91425246 0.6368217444426563
295160628.88999826 0.6362885919367472
295835358.86574405 0.6357562420010889
296510088.84148985 0.6352246926635663
297184818.81723565 0.6346939419578217
297859548.79298145 0.6341639879232372
298545524.268323 0.633626016004849
299220254.2440688 0.6330976626499062
299894984.2198146 0.6325701000861912
300569714.19556034 0.6320433263759657
301244444.17130613 0.6315173395871451
301919174.14705193 0.6309921377932797
302312766.6329037 0.630686131831142
302717604.61835116 0.6303716604320919
303392334.59409696 0.6298481658764037
304067064.56984276 0.6293254502204703
304741794.54558855 0.6288035115612338
305416524.52133435 0.6282823480011845
306102499.9966759 0.6277532910158278
306777229.9724217 0.6272336848231244
307451959.9481675 0.6267148480388935
308126689.9239133 0.6261967787877396
308801419.8996591 0.6256794751997307
309476149.8754049 0.6251629354103825
310150879.85115063 0.6246471575606407
310825609.8268964 0.6241321397968654
311511585.302238 0.6236093156921696
312186315.2779838 0.623095825151982
312861045.2537296 0.6225830891385836
313535775.2294754 0.6220711058199166
314210505.2052212 0.6215598733692559
314885235.180967 0.6210493899651924
315559965.1567128 0.6205396537916168
316245940.6320543 0.6200221861635428
316920670.6078001 0.619513951402037
317595400.5835459 0.6190064584243707
318045220.5673765 0.6186685409881005
318247639.5601002 0.61851658529873
318472549.5520155 0.6183478235690408
318933615.03544176 0.6180021181862204
319608345.01118755 0.6174968275520635
320283074.98693335 0.6169922715826874
320957804.96267915 0.6164884485038087
321632534.93842494 0.6159853565463007
322307264.91417074 0.6154829939461788
322981994.88991654 0.6149813589445838
323656724.86566234 0.6144804497877671
324342700.3410039 0.6139719344341628
325017430.3167497 0.6134724837504865
325692160.2924955 0.6129737536519175
326366890.2682413 0.6124757424050777
327041620.2439871 0.6119784482816225
327716350.2197329 0.6114818695582249
328391080.1954787 0.6109860045165609
329065810.1712245 0.6104908514432934
329751785.64656603 0.6099881739242767
330426515.62231183 0.6094944514625398
331101245.5980576 0.6090014358306965
331775975.5738034 0.6085091253352914
332450705.5495492 0.6080175182877805
333125435.525295 0.6075266130045174
333800165.5010408 0.6070364078067377
334474895.4767866 0.6065469010205449
335160870.9521282 0.6060499500363069
335835600.92787397 0.6055618466415608
336510330.90361977 0.6050744366381536
337185060.8793655 0.6045877183715921
337859790.8551113 0.6041016901921762
338275874.3401546 0.603802316088768
338680712.32560205 0.603511284092613
339344196.8017521 0.6030348492050911
340018926.7774979 0.6025510182741384
340693656.7532437 0.6020678705536159
341368386.7289895 0.6015854044185198
342043116.7047353 0.6011036182485504
342717846.6804811 0.6006225104280988
343403822.15582263 0.6001340778858588
344078552.13156843 0.5996543331749282
344753282.1073142 0.5991752619680337
345428012.08306 0.5986968626682628
346102742.0588058 0.5982191336833231
346777472.0345516 0.597742073425527
347452202.0102974 0.597265680311779
348138177.485639 0.5967820296009393
348812907.4613847 0.5963069770975145
349487637.4371305 0.5958325869901429
350162367.4128763 0.5953588577140321
350837097.3886221 0.5948857877089115
351511827.3643679 0.5944133754190195
352186557.3401137 0.5939416192930891
352805059.8178807 0.5935097512783231
353423562.2956477 0.5930784321356521
353817154.7814994 0.5928042415516523
354210747.2673511 0.5925302724535342
354885477.2430969 0.5920611255602014
355560207.2188427 0.5915926271414435
356234937.1945885 0.5911247756726777
356909667.1703343 0.5906575696337226
357595642.64567584 0.5901832369201362
358270372.62142164 0.5897173278917217
358945102.59716743 0.5892520597337612
359619832.5729132 0.5887874309436142
360294562.548659 0.5883234400229744
360969292.5244048 0.587860085477856
361644022.5001506 0.5873973658185813
362318752.4758964 0.5869352795597671
363004727.951238 0.5864661396599993
363679457.9269838 0.5860053262579591
364073050.4128355 0.5857368089848722
364466642.8986872 0.5854685054362455
365141372.874433 0.5850090528939086
365816102.8501788 0.5845502261211237
366502078.32552034 0.5840843922320759
367176808.30126613 0.5836268229938778
367851538.27701193 0.5831698751363398
368526268.2527577 0.5827135472129855
369200998.2285035 0.582257837781503
369875728.2042493 0.5818027454037316
370550458.1799951 0.5813482686456493
371225188.1557409 0.5808944060773602
371899918.1314867 0.5804411562730829
372585893.6068283 0.57998097900812
373260623.58257407 0.5795289606243391
373935353.55831987 0.5790775507282591
374610083.53406566 0.5786267479104968
375284813.50981146 0.5781765507657214
375959543.48555726 0.577726957892641
376634273.46130306 0.5772779678939909
377309003.43704885 0.5768295793765221
377994978.9123904 0.5763743328867799
379344438.863882 0.5754805706849476
380019168.8396278 0.5750345841604096
380693898.8153736 0.574589192187753
381368628.7911194 0.5741443933976306
382043358.7668652 0.5737001864246264
383404064.21795255 0.5728061636808206
384078794.19369835 0.5723637337900934
384753524.16944414 0.5719218902714243
385428254.1451899 0.5714806317789369
386102984.1209357 0.5710399569706148
386777714.0966815 0.5705998645082896
387452444.0724273 0.5701603530576287
388138419.54776883 0.5697141106622594
388813149.5235146 0.5692757668752408
389487879.4992604 0.5688380000977764
393547504.85333097 0.5662162089743987
394222234.82907677 0.5657824539947995
394896964.80482256 0.5653492655560849
395571694.78056836 0.564916642369187
396246424.75631416 0.5644845831487266
396921154.73205996 0.5640530866130005
397562148.20901847 0.5636436849267019
398889117.16131854 0.5627977570489158
399563847.13706434 0.5623684520903475
400238577.11281013 0.5619397035679154
400913307.08855593 0.5615115102214443
401588037.0643017 0.5610838707943602
402262767.0400475 0.5606567840336781
402937497.0157933 0.5602302486899927
403612226.9915391 0.559804263517466
404286956.9672849 0.5593788272738178
404972932.4426265 0.5589468618775355
405647662.4183723 0.5585225288761162
406322392.3941181 0.5580987410774725
406997122.36986387 0.5576754972535045
407671852.34560966 0.557252796179616
408346582.3213554 0.5568306366347038
409021312.2971012 0.5564090174011473
409707287.77244276 0.555980923822977
410382017.74818856 0.5555603905276859
411056747.72393435 0.5551403938915879
412406207.67542595 0.5543020057854493
413080937.65117174 0.553883611918213
413755667.62691754 0.5534657499157571
414441643.1022591 0.5530414675551039
415116373.0780049 0.5526246745301251
415791103.0537507 0.5522084097901513
416465833.0294965 0.5517926721552953
417140563.0052423 0.5513774604490272
417815292.9809881 0.550962773498166
418490022.9567339 0.5505486101328677
419175998.43207544 0.5501280795902668
419850728.40782124 0.5497149685776264
420525458.38356704 0.549302377641641
421200188.35931283 0.5488903056257729
421874918.3350586 0.5484787513767718
422549648.3108044 0.5480677137446652
423224378.2865502 0.5476571915827484
423899108.262296 0.5472471837475746
424585083.7376376 0.5468308685294853
425259813.7133834 0.5464218944549848
425934543.6891292 0.5460134312774679
426609273.664875 0.5456054778664752
427284003.64062077 0.5451980330947558
427958733.61636657 0.544791095838258
428633463.59211236 0.5443846649761201
429072038.0763471 0.5441207559401426
429510612.56058186 0.5438570600772722
429904205.04643357 0.54362059119104
430297797.53228533 0.5433842935258266
430972527.50803113 0.5429796095309537
431647257.4837769 0.5425754269626125
432321987.4595227 0.5421717447172081
432996717.4352685 0.5417685616942733
433671447.41101426 0.5413658767964595
434346177.38676006 0.5409636889295268
435032152.8621016 0.540555306332393
435706882.8378474 0.5401541174952204
436381612.8135932 0.5397534224067134
437056342.789339 0.5393532199850262
437731072.7650848 0.5389535091513747
438405802.7408306 0.5385542888300282
439080532.7165764 0.5381555579482997
439766508.19191796 0.5377506821928408
440441238.16766375 0.5373529350971196
441115968.14340955 0.536955674223425
441790698.11915535 0.5365588985112042
442465428.09490114 0.5361626069029017
443140158.07064694 0.5357667983439514
443814888.04639274 0.535371471782767
444489618.02213854 0.5349766261707335
445164347.99788433 0.5345822604621976
445850323.4732259 0.5341818128847531
446525053.4489717 0.5337884118129483
447199783.4247175 0.5333954875081095
447874513.4004633 0.5330030389363912
448549243.3762091 0.5326110650668658
449223973.3519549 0.5322195648715143
449898703.3277007 0.5318285373252177
450584678.80304223 0.5314314761303416
451259408.77878803 0.5310413986531922
451934138.7545338 0.5306517907501365
452608868.7302796 0.5302626514076157
453283598.7060254 0.5298739796149278
453958328.6817712 0.5294857743642184
454633058.657517 0.5290980346504722
455307788.6332628 0.528710759471505
455993764.1086044 0.5283175048887241
456668494.08435017 0.5279311634845952
457343224.06009597 0.5275452836090521
458017954.03584176 0.527159864271194
458692684.01158756 0.5267749044829091
459367413.98733336 0.5263904032588648
460042143.96307915 0.5260063596165001
460728119.4384207 0.5256163833215397
461402849.4141665 0.52523325949138
462077579.3899123 0.5248505902955465
466125959.24438703 0.5225640682272803
466811934.7197286 0.5221782329807606
467486664.6954744 0.5217991735542434
468161394.6712202 0.5214205601002083
468836124.646966 0.5210423916714608
469274699.1312008 0.5207968203900594
469713273.61543554 0.5205514364739271
470106866.10128725 0.5203313794518352
470500458.58713895 0.5201114729376359
471175188.56288475 0.5197348399672341
471849918.53863055 0.5193586478236368
472524648.51437634 0.5189828955740745
473210623.9897179 0.5186013307806759
473885353.9654637 0.5182264628240811
474560083.9412095 0.5178520319634657
475234813.9169553 0.5174780372765084
475909543.8927011 0.5171044778434701
476584273.8684469 0.5167313527471851
477259003.8441927 0.5163586610730541
477944979.31953424 0.5159802012487745
478619709.29528004 0.5156083808710326
479294439.27102584 0.5152369911718724
479969169.24677163 0.5148660312469248
480643899.22251743 0.5144955001943479
481318629.1982632 0.5141253971148201
481993359.174009 0.5137557211115327
482668089.1497548 0.5133864712901811
483354064.6250964 0.5130115032815227
484028794.6008422 0.5126431102169398
484703524.576588 0.5122751406515754
485378254.5523338 0.5119075937011115
486052984.52807957 0.5115404684836972
486727714.50382537 0.5111737641199418
487402444.47957116 0.5108074797329069
488077174.45531696 0.5104416144480994
488751904.4310627 0.5100761673934645
489437879.90640426 0.5097050574021713
490112609.88215005 0.5093404511356526
490787339.85789585 0.508976260483302
491462069.83364165 0.5086124845827827
492136799.80938745 0.5082491225741596
492811529.78513324 0.5078861735998909
493486259.76087904 0.5075236368048225
494172235.2362206 0.5071554793917047
494846965.2119664 0.506793771233161
495521695.1877122 0.5064324726884905
496196425.163458 0.5060715829120538
496871155.1392038 0.505711101060563
497545885.1149496 0.5053510262930747
498220615.0906954 0.5049913577709817
498906590.56603694 0.5046261103694214
499581320.54178274 0.5042672585674792
500256050.51752853 0.5039088104952236
500930780.49327433 0.503550765323364
502280240.4447659 0.5028358803751759
502954970.4205117 0.5024790389517496
503629700.3962575 0.5021225971345101
504315675.8715991 0.5017606234291022
504990405.8473449 0.5014049849989397
505665135.8230907 0.5010497437146775
507014595.77458227 0.5003404493419853
507689325.75032806 0.4999863946382328
508364055.72607386 0.49963273384972173
509050031.2014154 0.4992735817057661
509724761.1771612 0.498920712875508
510399491.152907 0.49856823554762925
511074221.1286528 0.49821614892672716
511748951.1043986 0.4978644522195996
512423681.0801444 0.4975131446352379
513098411.0558902 0.49716222538482063
513773141.031636 0.49681169368170697
514177979.01708347 0.496601560356116
514571571.5029352 0.49639739739361105
515246301.47868097 0.49604770911228274
515921031.45442677 0.4956984058885616
516595761.43017256 0.49534948694485825
517270491.40591836 0.49500095150572987
518631196.8570057 0.49429923510266116
519305926.8327515 0.4939518518926538
519980656.8084973 0.4936048490940263
520655386.7842431 0.49325822594200885
521330116.7599889 0.49291198167394057
522004846.7357347 0.4925661155292624
522679576.7114805 0.4922206267495108
524040282.16256785 0.4915250358361279
524715012.13831365 0.4911806808665804
526064472.08980525 0.490493093197705
526739202.06555104 0.49014985900434743
527413932.0412968 0.48980699691244795
528088662.0170426 0.48946450618011883
528774637.49238414 0.48911668720140317
530124097.44387573 0.4884335681908007
530798827.4196215 0.48809256165258186
531473557.3953673 0.4877519227827914
532148287.3711131 0.4874116508517226
532823017.3468589 0.4870717451316722
533508992.8222005 0.4867265489853699
534183722.7979463 0.4863873795854687
534858452.7736921 0.4860485742134233
535533182.74943787 0.48571013214951675
536207912.72518367 0.4853720526760053
536882642.7009295 0.4850343350771125
537557372.6766753 0.4846969786390237
538232102.6524211 0.48435998264988006
538918078.1277627 0.4840177388393581
539592808.1035085 0.4836814675981852
540267538.0792543 0.4833455546703053
540942268.0550001 0.4830099993516561
541616998.0307457 0.4826748009401015
542291728.0064915 0.4823399587354263
542966457.9822373 0.4820054720393302
543641187.9579831 0.4816713401554223
544327163.4333247 0.4813320024226616
545001893.4090705 0.48099858396612705
545676623.3848163 0.4806655182325103
546351353.3605621 0.480332804533032
547026083.3363079 0.4800004421807932
547700813.3120537 0.4796684304907701
549050273.2635453 0.47900545636661834
549725003.2392911 0.4786744925717674
550410978.7146326 0.4783383693974221
551085708.6903784 0.4780081065903954
551760438.6661242 0.4776781903632907
556494793.9959406 0.47537296920301636
557169523.9716864 0.47504580725752943
557844253.9474322 0.4747189858982539
558518983.923178 0.4743925044694761
559193713.8989238 0.47406636231726396
559868443.8746696 0.47374055878946186
560543173.8504153 0.4734150932356857
561229149.3257569 0.4730845490577203
561903879.3015027 0.47275976311374035
562578609.2772485 0.4724353131924709
563253339.2529943 0.47211119865058904
563928069.2287401 0.4717874188465163
564602799.2044859 0.4714639731404142
565277529.1802317 0.47114086089417845
565963504.6555732 0.47081270463052577
566638234.631319 0.4704902629277352
567301719.1074691 0.4701735185595336
568628688.0597692 0.469540989181919
569303418.035515 0.46921985341235173
569978148.0112607 0.4688990467048939
570652877.9870065 0.468578568435075
572002337.9384981 0.46793859471890903
572677067.9142439 0.4676190980320431
573351797.8899897 0.4672999273017685
574037773.3653313 0.46697577057503287
575387233.3168229 0.4663390641646592
576061963.2925687 0.4660211965031114
576736693.2683145 0.4657036517242042
578760883.1955519 0.4647529486136826
582145778.5738766 0.46316959764390064
582820508.5496224 0.4628549369402876
583495238.5253682 0.46254059310476664
584169968.501114 0.46222656554574937
584855943.9764556 0.46190762781324257
585991739.4356276 0.46138026632578344
586452804.9190539 0.46116644303396265
586846397.4049057 0.46098402685823014
587239989.8907573 0.46080171731251013
587914719.8665031 0.46048943440773865
588589449.8422489 0.4601774639436766
589264179.8179947 0.45986580534062643
589938909.7937405 0.4595544580204459
590624885.2690821 0.4592382400920732
591299615.2448279 0.4589275187733916
591974345.2205737 0.45861710700289005
592649075.1963195 0.4583070042086249
593323805.1720653 0.4579972098201847
593998535.147811 0.4576877232686851
594673265.1235569 0.4573785439867644
595347995.0993026 0.4570696714085791
596033970.5746442 0.45675596478629327
596708700.55039 0.4564477090122815
597383430.5261358 0.45613975824419595
598058160.5018816 0.45583211192224554
598732890.4776274 0.45552476948813486
599407620.4533732 0.4552177303850599
600082350.429119 0.45491099405770297
600757080.4048648 0.45460455995222887
601443055.8802063 0.45429332786168636
602117785.8559521 0.45398750155836476
602792515.831698 0.4536819758151257
603467245.8074437 0.45337675008404327
604141975.7831895 0.4530718238186524
604816705.7589353 0.4527671964739435
605491435.7346811 0.4524628675063588
606166165.7104269 0.4521588363737876
606852141.1857685 0.4518500428205961
607526871.1615143 0.4515466106788465
608201601.1372601 0.45124347474546844
608876331.1130059 0.45094063448412147
609551061.0887517 0.4506380893598908
610225791.0644975 0.45033583883928335
610900521.0402433 0.45003388239022313
611575251.0159891 0.44973221948204767
612261226.4913306 0.4494258292333454
612935956.4670764 0.44912475669084834
613610686.4428222 0.44882397609692243
614285416.418568 0.4485234869265389
614960146.3943138 0.44822328865606087
615634876.3700596 0.4479233807632399
616309606.3458054 0.44762376272721127
616995581.821147 0.44731944766522197
617670311.7968928 0.44702041259497044
618345041.7726386 0.44672166581857875
619019771.7483844 0.4464232068206996
619694501.7241302 0.4461250350873491
620369231.699876 0.44582715010590246
621043961.6756217 0.44552955136509065
621729937.1509633 0.4452272855560364
622404667.1267091 0.44493026251748846
623079397.1024549 0.4446335241854167
623754127.0782007 0.444337070053955
624428857.0539465 0.4440408996185728
625103587.0296923 0.44374501237607056
625778317.005438 0.4434494078245764
626453046.9811838 0.4431540854635414
627139022.4565253 0.4428541298329528
627813752.4322711 0.4425593750388082
628421009.4104424 0.44229433572682697
629028266.3886136 0.44202952341137086
629691750.8647636 0.4417404505094499
630366480.8405094 0.4414467550496674
630940001.3198934 0.4411973331515637
631502276.2996815 0.4409529971507147
631895868.7855332 0.44078207683367443
632289461.271385 0.4406112510157937
632964191.2471308 0.44031862633297997
633638921.2228765 0.4400262785908581
634313651.1986223 0.43973420730401036
634988381.1743681 0.4394424119882932
635663111.1501139 0.43915089216083414
636337841.1258597 0.4388596473400276
637023816.6012013 0.43856382986374065
637698546.5769471 0.4382731381798735
638373276.5526929 0.4379827200574533
639048006.5284387 0.43769257501992576
639722736.5041845 0.43740270259198505
640397466.4799303 0.4371131022995694
641072196.4556761 0.4368237736698585
641746926.4314219 0.4365347162312686
642421656.4071677 0.43624592951345015
643107631.8825092 0.43595260672647906
643782361.858255 0.43566436453650803
644457091.8340008 0.4353763916558558
645131821.8097466 0.4350886876190902
645806551.7854924 0.4348012519619947
646481281.7612382 0.43451408422156423
647156011.736984 0.434227183936002
647830741.7127298 0.4339405506447154
648505471.6884756 0.4336541838883133
649180201.6642214 0.43336808320860143
649866177.139563 0.4330774864787041
650540907.1153088 0.4327919209981058
651215637.0910546 0.4325066202191978
651890367.0668004 0.4322215836885599
652565097.0425462 0.43193681095395187
653239827.018292 0.43165230156430956
653914556.9940377 0.43136805506974146
654589286.9697835 0.4310840710215256
655275262.4451251 0.4307956224884501
655949992.4208709 0.43051216634686357
656624722.3966167 0.4302289713050332
657299452.3723625 0.42994603691889877
658648912.3238541 0.42938094834323337
659323642.2995999 0.4290987932713283
660009617.7749414 0.4288122010115652
660684347.7506871 0.42853056758704455
661359077.7264329 0.42824919217065466
662033807.7021787 0.4279680743263472
662708537.6779245 0.42768721361920203
663383267.6536703 0.42740660961542404
664057997.6294161 0.4271262618823397
664743973.1047577 0.42684150395523446
665418703.0805035 0.4265616717231583
666093433.0562493 0.42628209446330617
666768163.031995 0.4260027717474769
667442893.0077409 0.42572370314857405
668792352.9592324 0.4251663265986688
669478328.434574 0.424883381458702
669939393.9180003 0.4246933518539077
670400459.4014267 0.4245034399771228
671075189.3771725 0.42422573208249964
671749919.3529183 0.423948275604334
672424649.3286641 0.4236710701235887
673099379.3044099 0.42339411522230475
673774109.2801557 0.4231174104835981
674448839.2559015 0.4228409554916565
675134814.731243 0.4225601485141095
675809544.7069888 0.42228419591767224
676484274.6827346 0.4220084918200937
677159004.6584804 0.42173303580983457
677833734.6342262 0.42145782747641136
678227327.1200778 0.4212974034975932
678620919.6059296 0.42113706357725345
679295649.5816754 0.42086239047380064
679970379.5574212 0.42058796375425045
680656355.0327628 0.4203092154151264
681331085.0085086 0.42003528433552284
682005814.9842544 0.4197615984178622
682680544.9600002 0.41948815725915534
683074137.4458518 0.4193287627877332
683467729.9317036 0.4191694513859218
684153705.4070451 0.4188919926876314
684828435.3827909 0.418619328006807
685503165.3585367 0.41834690641023836
686177895.3342825 0.4180747275002458
686852625.3100283 0.41780279088016525
687527355.2857741 0.4175310961543441
688202085.2615199 0.4172596429281395
688876815.2372657 0.4169884308079142
689551545.2130115 0.4167174594010344
690237520.6883531 0.4164422181649464
690912250.6640989 0.41617173100640126
691586980.6398447 0.41590148338280397
692261710.6155905 0.4156314749055202
692936440.5913363 0.41536170518690435
693611170.567082 0.41509217384029645
694285900.5428278 0.4148228804800185
694960630.5185736 0.4145538247213731
695635360.4943194 0.41428500618063885
696321335.969661 0.414011950117654
696996065.9454068 0.41374360880313354
697670795.9211526 0.41347550355485524
698345525.8968984 0.413207633992993
699020255.8726442 0.412939999738683
699694985.84839 0.41267260041402143
700369715.8241357 0.4124054356420611
700988218.3019027 0.4121607403279888
701606720.7796696 0.4119162414984815
702281450.7554154 0.41164973925381165
702956180.7311612 0.41138347012569276
703630910.706907 0.41111743374176296
704305640.6826528 0.410851629730601
704980370.6583986 0.4105860577217236
705655100.6341444 0.4103207173455821
706329830.6098902 0.4100556082335605
707015806.0852318 0.40978631733516174
707690536.0609776 0.4095216734883065
708365266.0367234 0.4092572597991997
709039996.0124692 0.4089930759029428
709714725.988215 0.4087291214355552
710389455.9639608 0.4084653960339727
711064185.9397066 0.4082018993360443
711738915.9154524 0.40793863098052946
712424891.3907939 0.4076712085303382
713099621.3665397 0.4074083995702288
713774351.3422855 0.40714581786828036
714449081.3180313 0.406883463066883
715123811.2937771 0.40662133480932405
715798541.2695229 0.40635943273978564
716473271.2452687 0.4060977565033415
717148001.2210145 0.40583630574595503
717833976.696356 0.40557072825926066
718508706.6721019 0.4053097311446716
719183436.6478477 0.4050489584464912
719858166.6235934 0.4047884098142288
720532896.5993392 0.40452808489827025
721882356.5508308 0.40400810482117366
722557086.5265766 0.4037484489651658
723243062.0019182 0.4034846934251919
723917791.977664 0.4032254855737989
724592521.9534098 0.40296649935355133
725267251.9291556 0.4027077344209121
725941981.9049014 0.40244919043320027
726616711.8806472 0.4021908670485881
727291441.856393 0.4019327639260992
727966171.8321388 0.4016748807256053
728652147.3074803 0.4014129245726196
729326877.2832261 0.40115548385032185
730001607.2589719 0.40089826202908113
730676337.2347177 0.40064125877215273
731351067.2104635 0.40038447374362757
732025797.1862093 0.40012790660843056
732700527.1619551 0.39987155703231725
733375257.1377009 0.39961542468187256
734061232.6130425 0.3993552458025603
734735962.5887883 0.39909955051305884
735410692.5645341 0.3988440714484194
736085422.5402799 0.39858880827853127
736760152.5160257 0.3983337606741005
737434882.4917715 0.398078928306647
738109612.4675173 0.3978243108485029
738784342.443263 0.39756990797280994
739470317.9186046 0.39731148468990285
740145047.8943504 0.39705751356453123
740819777.8700962 0.39680375604046836
741494507.845842 0.3965502117940838
742169237.8215878 0.39629688050254464
742843967.7973336 0.3960437618438135
743518697.7730794 0.3957908554966461
744204673.248421 0.39553395136220193
744879403.2241668 0.3952814722027433
745554133.1999125 0.3950292043905426
746228863.1756583 0.3947771476075181
746903593.151404 0.394525301536369
747578323.1271498 0.3942736658605741
748253053.1028956 0.39402224026438903
748927783.0786414 0.3937710244328443
749613758.553983 0.39351583638478216
750288488.5297288 0.3932650426236626
750963218.5054746 0.39301445768169563
751637948.4812204 0.39276408124700074
752312678.4569662 0.39251391300846067
752987408.432712 0.3922639526557197
753662138.4084578 0.3920141998791807
754336868.3842036 0.39176465437000363
755022843.8595451 0.3915111619292579
755697573.8352909 0.39126203347289956
756372303.8110367 0.3910131113567976
757047033.7867825 0.39076439527512963
757721763.7625283 0.39051588492281863
758396493.7382741 0.3902675799955314
759071223.7140199 0.39001948018967614
759745953.6897657 0.38977158520240024
760431929.1651073 0.3895197682880662
761106659.140853 0.3892722854333732
761781389.1165988 0.38902500648811145
762456119.0923446 0.38877793115237597
763074621.5701116 0.3885516240377347
763693124.0478786 0.3883254875303488
764086716.5337304 0.3881816712037846
764480309.019582 0.3880379238141962
764885147.0050296 0.3878901412138307
765256248.4916897 0.38775473778989455
765796032.4722863 0.38755789646306466
766335816.452883 0.38736118431387495
766999300.929033 0.3871195690489756
767674030.9047788 0.38687405824555643
768348760.8805246 0.3866287484632286
769034736.3558662 0.3863795559571352
769709466.331612 0.38613465067711705
770384196.3073578 0.38588994553675093
771058926.2831036 0.3856454402452639
771733656.2588494 0.38540113451258495
772408386.2345952 0.38515702804934254
773083116.210341 0.38491312056686383
773757846.1860868 0.3846694117771711
774443821.6614283 0.38442184456588
775118551.6371741 0.3841785356001583
775793281.6129199 0.38393542446268625
776468011.5886657 0.3836925108682612
777142741.5644115 0.38344979453236655
777817471.5401573 0.383207275171169
778492201.5159031 0.3829649525015174
779166931.4916489 0.38272282624094034
779852906.9669905 0.38247686559878813
780527636.9427363 0.3822351345733805
781202366.9184821 0.3819935991090241
781877096.8942279 0.3817522589259587
782551826.8699737 0.3815111137450935
783226556.8457195 0.38127016328800617
783901286.8214653 0.38102940727694024
784576016.797211 0.38078884543480374
785261992.2725526 0.38054447299380145
785936722.2482984 0.38030430188550696
786611452.2240442 0.3800643241142514
787286182.19979 0.37982453940559135
787960912.1755357 0.37958494748573746
788635642.1512815 0.37934554808155335
789310372.1270273 0.3791063409205535
789985102.1027731 0.37886732573090104
790671077.5781146 0.37862452347249936
791345807.5538604 0.3783858946008231
792020537.5296062 0.37814745688436585
792695267.505352 0.37790921005387856
793369997.4810978 0.3776711538407517
794044727.4568436 0.3774332879770133
794719457.4325894 0.37719561219532743
797429622.8351684 0.37624285752920816
798104352.8109142 0.37600613131354915
798779082.78666 0.3757695935847891
799453812.7624058 0.37553324408000194
800128542.7381516 0.37529708253688304
800803272.7138973 0.3750611086937471
801478002.6896431 0.3748253222895265
802163978.1649847 0.3745857979943438
802838708.1407305 0.37435038880032556
803513438.1164763 0.3741151662613928
804188168.0922221 0.3738801301189411
804862898.0679679 0.3736452801149746
805537628.0437137 0.3734106159921047
806212358.0194595 0.3731761374935476
806898333.494801 0.37293794104664013
807573063.4705468 0.37270383611181823
808247793.4462926 0.3724699160303282
808922523.4220384 0.3722361805478004
809597253.3977842 0.37200262941046114
810271983.37353 0.3717692623651321
810946713.3492758 0.37153607915922754
811621443.3250216 0.3713030795407537
812307418.8003632 0.3710663845387663
812982148.776109 0.37083375439082716
813656878.7518548 0.3706013070737023
814331608.7276006 0.3703690423377561
815006338.7033464 0.37013695993393564
815681068.6790922 0.36990505961376935
816355798.654838 0.3696733411293651
817041774.1301795 0.36943794682219466
817716504.1059253 0.3692065942882231
818391234.0816711 0.36897542284570023
819065964.0574169 0.36874443224904513
820415424.0089085 0.3682829926138686
821090153.9846543 0.3680525430870347
821764883.9604001 0.36782227342944057
822450859.4357417 0.36758835008494867
823125589.4114875 0.367358442425863
823800319.3872333 0.3671287139054585
824475049.362979 0.3668991642826875
825149779.3387249 0.36666979331706057
825824509.3144706 0.36644060076864476
826499239.2902164 0.3662115863980622
827185214.765558 0.3659789375321433
827859944.7413038 0.3657502817609688
828534674.7170496 0.3655218034488504
829209404.6927954 0.36529350235862335
829884134.6685412 0.3650653782536698
830558864.644287 0.36483743089791754
831233594.6200328 0.36460966005583806
831908324.5957786 0.3643820654924454
832583054.5715244 0.36415464697329414
833269030.0468659 0.36392361837417236
833943760.0226117 0.3636965541666321
834618489.9983575 0.36346966529935043
835293219.9741033 0.3632429515400386
835967949.9498491 0.36301641265694085
836642679.9255949 0.3627900484188327
837317409.9013407 0.36256385859502027
837992139.8770865 0.3623378429553373
838678115.3524281 0.36210823871453407
842051765.2311571 0.36098164603472593
842726495.2069029 0.3607568461579251
843401225.1826487 0.36053221863900886
844087200.6579902 0.360304023786462
844761930.633736 0.36007974317064334
845436660.6094817 0.35985563423410544
846111390.5852275 0.3596316967529243
846786120.5609733 0.3594079305036847
847460850.5367191 0.35918433526347915
848135580.5124649 0.3589609108099065
848810310.4882107 0.3587376569210699
849496285.9635522 0.3585108567584126
850171015.939298 0.3582879461688759
850845745.9150438 0.35806520547773046
851520475.8907896 0.3578426344650926
852195205.8665354 0.35762023291157585
852869935.8422812 0.35739800059829024
853544665.818027 0.35717593730684016
854219395.7937728 0.35695404281932336
854905371.2691144 0.3567286229137127
855580101.2448602 0.3565070681866469
856254831.220606 0.3562856816091504
856929561.1963518 0.3560644629652879
857604291.1720976 0.3558434120396107
858279021.1478434 0.3556225286171548
858953751.1235892 0.3554018124834398
859628481.099335 0.3551812634244673
860303211.0750808 0.3549608812267197
860989186.5504223 0.3547369968286686
861663916.5261681 0.3545169504868629
862338646.5019139 0.35429707036506897
863013376.4776597 0.3540773562516866
863688106.4534055 0.353857807935589
864362836.4291513 0.3536384252061223
865712296.3806429 0.3532001556668198
866398271.8559844 0.3529776217139134
867073001.8317302 0.352758901977879
867747731.807476 0.35254034677877855
868422461.7832218 0.35232195590877263
869097191.7589676 0.3521037291604855
869771921.7347134 0.35188566632700286
870446651.7104592 0.3516677672018714
871132627.1858008 0.3514464040361073
871807357.1615466 0.35122883443002767
872482087.1372924 0.3510114279122744
873156817.1130382 0.3507941842782309
873831547.088784 0.35057710332373415
874506277.0645298 0.35036018484507425
875181007.0402756 0.35014342863899245
875855737.0160214 0.3499268345026805
876530466.9917672 0.3497104022337786
877216442.4671087 0.3494905284888363
877891172.4428545 0.34927442203882836
878565902.4186003 0.34905847684848595
879240632.3943461 0.3488426927172398
879915362.3700919 0.34862706944496313
880590092.3458377 0.34841160683197053
881939552.2973293 0.3479811627872943
882625527.7726709 0.3477625992829141
883300257.7484167 0.3475477799817256
885999177.6513999 0.3466900974500073
886673907.6271456 0.3464760745032919
887348637.6028914 0.34626221023975046
888034613.078233 0.34604494404319536
888709343.0539788 0.345831399198295
889384073.0297246 0.345618012449898
890058803.0054704 0.3454047836043814
890733532.9812162 0.34519171246854496
891408262.956962 0.3449787988496099
892082992.9327078 0.34476604255521826
892757722.9084536 0.344553443393431
893443698.3837951 0.3443374617975999
894118428.3595409 0.34412517893775924
894793158.3352867 0.3439130526340358
895467888.3110325 0.34370108269616284
896142618.2867783 0.3434892689342872
896817348.2625241 0.34327761115896777
897492078.2382699 0.34306610918117464
898178053.7136115 0.34285124169008685
898852783.6893573 0.34264005333064723
899527513.6651031 0.3424290202009718
900033561.1469123 0.34227084711050576
900550854.1283175 0.3421092491202197
901225584.1040633 0.34189860582379455
901900314.0798091 0.34168811709993424
902586289.5551506 0.34147427849732026
903261019.5308964 0.34126410092952625
903935749.5066422 0.34105407737450516
904610479.482388 0.3408442076474937
905285209.4581338 0.3406344915641261
905959939.4338796 0.3404249289404335
906634669.4096254 0.34021551959284274
907309399.3853712 0.34000626333817485
907995374.8607128 0.3397936762323518
908670104.8364586 0.3395847281594853
909344834.8122044 0.3393759326293314
910019564.7879502 0.3391672894602846
910694294.763696 0.3389587984711287
911369024.7394418 0.338750459481035
912043754.7151875 0.3385422723095619
912729730.1905291 0.3383307708014634
913404460.1662749 0.33812288925024303
914079190.1420207 0.33791515897564295
914753920.1177665 0.3377075797987643
915428650.0935123 0.33750015154108925
916103380.0692581 0.3372928740244806
916778110.0450039 0.33708574707118
917452840.0207497 0.33687877050380755
918127569.9964955 0.3366719441453602
918813545.471837 0.3364618244838782
919488275.4475828 0.3362553005098853
920163005.4233286 0.33604892621313276
920837735.3990744 0.33584270141812184
921512465.3748202 0.33563662594972526
922187195.350566 0.335430699633187
922861925.3263118 0.33522492229412043
923547900.8016534 0.335015867875954
924222630.7773992 0.3348103904458394
924897360.753145 0.33460506146936014
925572090.7288908 0.3343998807736045
926246820.7046366 0.33419484818602524
926921550.6803824 0.3339899635344387
927596280.6561282 0.3337852266470238
928271010.631874 0.33358063735232096
928945740.6076198 0.33337619547923114
929631716.0829613 0.3331684971932158
930306446.0587071 0.3329643521013919
930981176.0344528 0.33276035391720615
931655906.0101986 0.33255650247099744
932330635.9859444 0.33235279759346015
933005365.9616902 0.33214923911564315
933680095.937436 0.3319458268689488
934366071.4127775 0.3317391741519222
935040801.3885233 0.331536056293252
935715531.3642691 0.33133308415923335
936109123.8501209 0.33121475097767694
937177446.3117185 0.330893810322598
937863421.78706 0.3306879245816193
938538151.7628058 0.33048556025378134
939212881.7385516 0.330283340787774
939887611.7142974 0.33008126601820587
940562341.6900431 0.32987933578002915
941237071.6657889 0.3296775499085388
941911801.6415347 0.32947590823937145
942586531.6172805 0.3292744106085042
943947237.0683678 0.3288684945231529
944621967.0441136 0.328667430417535
945296697.0198594 0.32846650969480634
945971426.9956052 0.3282657321926391
946646156.971351 0.3280650977490408
947995616.9228426 0.3276642573912496
948681592.3981842 0.3274607155911379
949356322.37393 0.3272606541407628
950031052.3496758 0.327060734941317
950705782.3254216 0.32686095783280417
951380512.3011674 0.32666132265555653
952055242.2769132 0.32646182925023387
952729972.252659 0.32626247745782294
953404702.2284048 0.3260632671196361
954090677.7037463 0.3258608814561283
954765407.6794921 0.325661955902586
955440137.6552379 0.3254631713265256
956114867.6309837 0.3252645275705591
956789597.6067295 0.3250660244776202
957464327.5824753 0.3248676618909628
958139057.5582211 0.32466943965416045
958813787.5339669 0.32447135761110546
959432290.0117339 0.3242899054282232
960005810.4911178 0.3241217548084709
960635558.4684806 0.32393723514454403
961321533.9438221 0.3237363789036003
961996263.919568 0.32353895601267335
962670993.8953137 0.32334167242915224
963345723.8710595 0.3231445279990471
964020453.8468053 0.32294752256867965
964695183.8225511 0.32275065598468283
965369913.7982969 0.32255392809399985
966055889.2736385 0.32235406342759243
966730619.2493843 0.32215761477078225
967405349.2251301 0.32196130434743503
968080079.2008759 0.3217651320057316
968754809.1766217 0.32156909759415825
969429539.1523675 0.3213732009615068
970104269.1281133 0.321177441956873
970778999.1038591 0.3209818204296561
971464974.5792006 0.32078307932216754
972139704.5549464 0.32058773458420825
972814434.5306922 0.3203925268711834
973489164.506438 0.32019745603370275
974163894.4821838 0.32000252192267503
976188084.4094212 0.31941853846186985
976874059.8847628 0.3192209111127044
977548789.8605086 0.3190266606731658
978223519.8362544 0.31883254606931877
