1.0 0.9860772034437306
2597711.4066213127 0.9799435289460399
27663930.005577616 0.9242142902438129
37683670.14540268 0.9035698770273421
38009789.633679815 0.9029125910544795
41001092.52615284 0.8969256878134495
41394685.012004554 0.8961435364018625
42181869.98370798 0.8945831093907008
42901581.95783683 0.893160939494242
50076210.69993379 0.8792152339809447
57363294.43798838 0.8654697508802249
59949759.34501393 0.8606892571951643
60343351.830865644 0.8599662200227995
60736944.31671736 0.859244345514061
61715302.78154876 0.8574549921707728
62063913.26901742 0.8568191312086568
62412523.75648608 0.8561841736319344
63323409.22374291 0.8545293422643807
63604546.71363699 0.8540198301388954
63896929.70312683 0.8534905554371797
64020630.19868023 0.8532668209392319
64537923.18008534 0.8523324220910211
64987743.16391587 0.8515214962942941
66011083.62713032 0.8496821468450043
66697059.10247188 0.8484534422786804
67203106.58428124 0.8475492064970387
68226447.0474957 0.8457262882555687
68732494.52930504 0.844827627344973
69924517.48645593 0.8427180214285144
70273127.9739246 0.842102974926332
70790420.95532972 0.8411919152461997
72139880.9068213 0.8388241431225565
75468548.78716722 0.8330381609354649
77492738.71440461 0.8295571287557575
80202904.11698356 0.8249401294496734
82227094.04422094 0.8215239946561153
83576553.99571253 0.819261719536002
85342097.43224737 0.8163200365365832
85758180.91729061 0.8156297461928588
87793616.34412375 0.8122691344795216
88468346.31986955 0.8111610273968931
89817806.27136114 0.8089535726643953
92527971.67394009 0.804555244301822
95226891.57692327 0.8002210048697143
96576351.52841486 0.7980708277455966
97937056.97950222 0.7959140564303762
98375631.46373698 0.7952213079684799
98825451.44756751 0.7945120117805702
100174911.3990591 0.7923914757277621
100680958.88086845 0.7915991061189525
101198251.86227356 0.7907907176633026
102547711.81376515 0.7886894089075511
103222441.78951095 0.7876428185582641
105257877.2163441 0.7845018979136674
107282067.14358148 0.7814023939065258
108631527.09507307 0.7793492588618162
109126329.07728666 0.7785990701793402
109609885.55990447 0.777867287666152
110970591.01099183 0.7758152503364817
112320050.96248342 0.7737905531495336
112994780.93822922 0.7727820575933252
113669510.91397502 0.7717761181841343
115018970.86546661 0.7697718704005865
115693700.8412124 0.768773543417268
116694550.30523533 0.7672973283677155
116930705.79674636 0.7669498128525845
117403016.77976842 0.7662557009396216
117796609.26562013 0.7656782086195264
118167710.75228031 0.7651344920484859
118628776.23570661 0.7644600125214994
118999877.7223668 0.7639179797303188
119562152.70215496 0.7630981435034536
120236882.67790076 0.7621166006397149
122182354.1079678 0.7593002128197364
122857084.08371359 0.7583281636530472
123531814.05945939 0.7573585374967631
124206544.03520519 0.7563913255261099
124881274.01095098 0.7554265189518342
126241979.46203834 0.7534881068268467
126916709.43778414 0.7525305036398355
128266169.38927573 0.7506223999959948
129615629.34076731 0.7487237094105235
130290359.3165131 0.7477778726758869
130976334.79185466 0.7468186581906809
131651064.76760046 0.7458775070514084
133000524.71909206 0.7440021286136858
133675254.69483785 0.7430678846027273
134349984.67058364 0.7421359263113381
135024714.64632943 0.7412062454670166
135699444.62207523 0.7402788338305152
136385420.0974168 0.7393382831275717
137509970.05699313 0.7378014300555047
137971035.54041943 0.7371731202769939
138645765.5161652 0.7362555217942222
139320495.491911 0.7353401488643819
139995225.4676568 0.7344269934567655
140681200.94299835 0.7335008838156917
142030660.89448994 0.7316856619047423
143380120.84598154 0.7298791823825364
144054850.82172734 0.7289792013614432
145404310.77321893 0.7271857177635874
146090286.2485605 0.7262773258403226
147417255.20086056 0.7245263756881107
149452690.6276937 0.7218565385865292
150127420.6034395 0.7209757389041735
151476880.55493107 0.7192204116537013
152826340.50642267 0.7174733973765699
153512315.98176423 0.7165884996567502
154187045.95751002 0.7157201815150346
154861775.93325582 0.7148539119080439
155536505.90900162 0.7139896835155315
156211235.88474742 0.7131274890465984
158246671.31158057 0.7105387847812306
158921401.28732637 0.7096846870372694
159596131.26307216 0.7088325870795542
160270861.23881796 0.7079824777912374
161620321.19030955 0.7062882028978582
162295051.16605535 0.7054440232012007
163655756.6171427 0.7037475564566105
164184295.09814358 0.7030907382281635
164431696.08925036 0.7027837012543922
164544151.085208 0.7026442252580648
164656606.0811656 0.7025048031323119
165050198.56701735 0.7020172494623282
165724928.54276314 0.7011829736389095
167074388.49425474 0.6995201971058982
167760363.9695963 0.6986778903562934
168435093.9453421 0.6978513146232866
168828686.4311938 0.6973700233216232
169222278.9170455 0.6968893772210175
169897008.8927913 0.696066909719191
170571738.8685371 0.6952463277085961
171932444.31962445 0.6935971954924973
172607174.29537025 0.692782261095505
173956634.24686185 0.6911579623572551
174631364.22260764 0.6903485849206271
175317339.6979492 0.6895276033286294
175992069.673695 0.68872192843797
176666799.6494408 0.687918079769353
177341529.6251866 0.6871160508925033
178601025.57991207 0.6856237772093379
179185791.55889174 0.6849330721423853
179860521.53463754 0.6841377807724718
180535251.51038334 0.6833442791046178
181221226.9857249 0.682539380624124
188654502.21852443 0.6739338724704899
190003962.17001602 0.6723940932637222
191364667.62110338 0.6708483588950671
192039397.59684917 0.6700844249826796
192714127.57259494 0.6693221711186899
193388857.54834074 0.6685615914563203
194063587.52408653 0.6678026801721014
194738317.49983233 0.6670454314657754
195413047.47557813 0.6662898395602015
196099022.9509197 0.6655233469756408
196773752.92666548 0.6647710788056427
197268554.90887907 0.6642204578036137
197763356.89109266 0.663670716251029
198438086.86683846 0.6629224819333914
199112816.84258425 0.6621758731452471
199787546.81833005 0.6614308842570504
201148252.2694174 0.6599333946071474
201822982.2451632 0.6591932585373305
202497712.220909 0.6584547199803875
203172442.1966548 0.6577177734183143
203847172.1724006 0.6569824133550675
205196632.12389216 0.6555164308501438
205882607.59923372 0.6547736335750495
208637755.00019574 0.6518065020884753
209323730.4755373 0.6510717606889207
209717322.961389 0.6506509055601158
210110915.4472407 0.6502305725221145
210785645.4229865 0.6495112132475795
211460375.3987323 0.6487933799527285
212809835.3502239 0.6473622703888101
213484565.3259697 0.6466489837150139
214170540.80131125 0.6459253519089823
214845270.77705705 0.6452150953812535
215520000.75280285 0.6445063336570209
216194730.72854865 0.6437990616266127
217544190.68004024 0.6423889663099438
218230166.1553818 0.6416744314788828
218904896.1311276 0.6409730919800484
219579626.1068734 0.640273216846041
220231865.08342764 0.6395980581536483
220895349.55957767 0.6389126533387892
221570079.53532347 0.6382170690896408
222244809.51106927 0.6375229296143936
222919539.48681507 0.6368302300019171
223594269.46256086 0.636138965360557
224280244.93790242 0.6354376456641302
224954974.91364822 0.6347492600806395
225629704.88939402 0.6340622948289646
226304434.8651398 0.6333767450948808
226979164.8408856 0.6326926060832427
227653894.8166314 0.6320098730179068
228328624.7923772 0.6313285411416527
229003354.768123 0.6306486057161068
229689330.24346456 0.6299587647243469
231038790.19495615 0.6286058798207567
231713520.17070192 0.6279315061105345
232388250.14644772 0.6272585053618922
233062980.12219352 0.6265868729482313
233737710.0979393 0.625916604261265
234131302.58379105 0.6255262421443724
234344967.07611054 0.6253145246352674
234828523.55872837 0.6248358759915955
235503253.53447416 0.6241691540498727
236863958.98556152 0.6228286914261439
237538688.96130732 0.6221660198283923
238213418.93705308 0.6215046818472102
238888148.91279888 0.6208446730116444
239562878.88854468 0.620185988868417
240237608.86429048 0.6195286249818532
240923584.33963203 0.6188616539226637
241598314.31537783 0.6182069391325655
242273044.29112363 0.6175535313240959
242947774.26686943 0.6169014261315615
243420085.2498915 0.6164457252239842
243881150.7333178 0.6160014865268904
244567126.20865935 0.6153416623573369
245241856.18440515 0.6146939536352104
245916586.16015092 0.6140475285238878
246591316.1358967 0.6134023827499631
247266046.1116425 0.6127585120568966
247940776.0873883 0.6121159122049474
248615506.0631341 0.6114745789711039
249976211.51422146 0.6101850593084018
250650941.48996726 0.6095475216226256
251325671.46571305 0.6089112337596986
252000401.44145885 0.6082761915795087
252675131.41720465 0.6076423909582661
253361106.8925462 0.6069992955295782
254035836.868292 0.6063679862412448
254710566.8440378 0.6057379061699708
255385296.8197836 0.6051090512568572
258770192.19810835 0.6019726434810382
259444922.17385414 0.6013510751563687
260119652.14959994 0.6007307039559736
260794382.1253457 0.6001115259473182
261469112.1010915 0.5994935372133406
262143842.0768373 0.5988767338523904
262829817.55217886 0.5982508616013433
263504547.52792466 0.5976364369370399
264179277.50367045 0.5970231859685097
264629097.487501 0.5966150021455887
265078917.47133154 0.5962073371239238
265562473.95394933 0.5957696745580553
265776138.44626886 0.5955764789769267
265888593.44222647 0.5954748438552353
266001048.4381841 0.595373240961117
266113503.43414176 0.595271670277009
266518341.41958922 0.594906282241953
267193071.39533502 0.5942982271068346
269228506.8221682 0.59247089687955
269903236.79791397 0.5918674497883323
270577966.77365977 0.5912651405743723
271252696.74940556 0.5906639655379998
271927426.72515136 0.5900639209940663
272602156.70089716 0.5894650032718862
273276886.67664295 0.5888672087151782
273962862.1519845 0.5882605985622903
274637592.1277303 0.5876650579926128
275312322.1034761 0.5870706296452932
275987052.0792219 0.5864773099213145
276661782.0549677 0.5858850952357708
277336512.0307135 0.5852939820178091
277977505.50767195 0.5847334414553049
278618498.98463047 0.5841738887192212
279012091.4704822 0.5838307919031588
279405683.95633394 0.5834880656963071
279799276.44218564 0.5831457094016661
280170377.9288458 0.5828232545084271
280822616.9054001 0.5822573092390789
282183322.35648745 0.5810798747708565
282858052.33223325 0.5804976428261015
283532782.30797905 0.5799164802037913
284207512.28372484 0.5793363834729559
284882242.25947064 0.5787573492160505
285556972.23521644 0.5781793740288999
286231702.21096224 0.5776024545206441
286805222.6903461 0.5771129004429327
288053473.14547586 0.5760500185769362
288739448.6208174 0.5754674339225021
289414178.5965632 0.5748954483835517
290088908.572309 0.574324499392046
290763638.5480548 0.5737545836451632
291438368.5238006 0.5731856978529827
292113098.4995464 0.5726178387384333
292787828.4752922 0.57205100303724
293473803.95063376 0.5714757658634572
294148533.92637956 0.5709109841684259
294823263.90212536 0.5703472161165218
295497993.87787116 0.5697844584943458
296172723.85361695 0.5692227081010359
296847453.82936275 0.5686619617482153
297522183.80510855 0.5681022162599422
298196913.78085434 0.5675434684726584
298882889.2561959 0.5669764277560002
299557619.2319417 0.5664196824262947
300232349.20768744 0.5658639253286959
300907079.18343323 0.5653091533488812
301581809.15917903 0.5647553633846605
302256539.1349248 0.5642025523459266
302942514.6102664 0.5636415281515352
303617244.5860122 0.563090681928654
304291974.561758 0.5625408053821438
304966704.5375038 0.5619918954699367
305641434.5132496 0.5614439491618028
306316164.4889954 0.5608969634393018
306990894.4647412 0.5603509352957349
307665624.44048697 0.5598058617360969
308351599.9158285 0.5592526791229414
309026329.8915743 0.5587095215780504
309701059.8673201 0.5581673096525195
310375789.8430659 0.5576260403978345
312399979.7703033 0.556007859345277
313085955.24564487 0.5554613805912041
313760685.22139066 0.5549247963062615
315110145.17288226 0.5538544003796778
315784875.14862806 0.5533205830109538
316459605.12437385 0.552787682239062
317134335.10011965 0.5522556952281569
317820310.5754612 0.551715775587089
318495040.551207 0.5511856227461558
319169770.5269528 0.550656375177851
319844500.5026986 0.5501280300902296
320519230.4784444 0.5496005847021649
321193960.4541902 0.5490740362433042
321868690.429936 0.5485483819540251
322543420.4056818 0.5480236190853918
323229395.88102335 0.5474910211762379
323904125.85676914 0.546968047687478
324578855.83251494 0.5464459573910441
325928315.78400654 0.545404415559828
326603045.75975233 0.5448849586435153
327277775.73549813 0.5443663741563819
327963751.2108397 0.5438400382085945
328638481.1865855 0.5433232050250452
329313211.1623312 0.5428072362630756
329987941.138077 0.5422921292888063
330662671.1138228 0.541777881478532
331337401.0895686 0.5412644902186803
332012131.0653144 0.5407519529057702
332698106.540656 0.5402317460451768
333372836.51640177 0.5397209229802057
334227494.4856798 0.5390750948047468
334902224.4614256 0.5385661860098787
336251684.4129172 0.5375508869523562
336926414.388663 0.5370444916174859
337612389.86400455 0.5365305100448833
338287119.83975035 0.5360257915427311
338961849.81549615 0.5355219007492331
339636579.79124194 0.5350188351721268
340311309.76698774 0.5345165923287477
340986039.74273354 0.5340151697459896
341660769.71847934 0.5335145649602666
342346745.1938209 0.5330064525872569
343021475.1695667 0.5325074895703761
343696205.1453125 0.5320093369759945
344370935.1210582 0.5315119923783747
345045665.096804 0.5310154533611061
345720395.0725498 0.5305197175170668
346395125.0482956 0.5300247824483866
347069855.0240414 0.5295306457664083
347755830.499383 0.5290290894775098
348430560.47512877 0.5285365556468834
349105290.45087457 0.5280448130526184
349780020.42662036 0.52755385934269
350454750.40236616 0.5270636921740998
351129480.37811196 0.52657430921284
351804210.35385776 0.5260857081338567
352490185.8291993 0.5255897628539707
353164915.8049451 0.5251027315348291
353839645.7806909 0.524616475137929
354514375.7564367 0.5241309913738152
355189105.7321825 0.5236462779618057
355863835.7079283 0.5231623326299545
356538565.6836741 0.5226791531150176
357224541.15901566 0.5221887033528066
357899271.13476145 0.521707061386222
358574001.11050725 0.521226178461458
359248731.08625305 0.520746052349866
359923461.06199884 0.520266680831323
360598191.03774464 0.5197880616941966
361272921.01349044 0.5193101927353102
361947650.98923624 0.5188330717599101
362487434.96983284 0.5184519120581804
363015973.45083374 0.5180791546077516
364376678.9019211 0.5171215958430622
365051408.8776669 0.5166478875600651
365726138.8534127 0.5161749151239702
366400868.8291585 0.5157026763947554
367075598.8049043 0.5152311692405639
367750328.7806501 0.5147603915376706
368436304.25599164 0.5142825131477982
369785764.20748323 0.5133446101018946
370460494.183229 0.512876741128043
371135224.1589748 0.5124095910730356
371809954.1347206 0.5119431578613828
372484684.1104664 0.5114774394254977
373159414.0862122 0.5110124337056647
374182754.5494267 0.510308530641266
374823748.0263852 0.5098684538101429
376184453.4774725 0.5089363643031474
376859183.4532183 0.508475230377264
377533913.4289641 0.5080147960023667
378208643.4047099 0.5075550591766351
381593538.7830346 0.5052591699197351
382268268.7587804 0.5048035881861856
382942998.7345262 0.5043486901678264
383617728.710272 0.5038944739229343
384292458.6860178 0.5034409375171465
384967188.6617636 0.50298807902343
385653164.13710517 0.5025283658632852
386327894.11285096 0.5020768686602888
387002624.08859676 0.5016260436002573
387677354.06434256 0.5011758887853026
388352084.04008836 0.5007264023247183
389026814.01583415 0.5002775823349517
389701543.99157995 0.49982942693957344
390387519.4669215 0.4993744816622158
390916057.9479224 0.49902441604334996
391444596.42892325 0.4986747550260384
391849434.4143707 0.49840720265306826
392231781.40062666 0.4981547314233774
392895265.8767767 0.49771711914609634
393569995.8525225 0.497272738223973
394244725.8282683 0.496829009444918
394919455.8040141 0.49638593098662803
395605431.27935565 0.49593613268509806
396280161.25510144 0.4954943601918994
396954891.23084724 0.49505323256372746
397629621.20659304 0.4946127480057282
398304351.18233883 0.4941729047298119
398979081.15808463 0.49373370095462576
399653811.1338304 0.4932951349055267
400339786.609172 0.492849911357643
401014516.5849178 0.4924126260185546
401689246.5606636 0.49197597309242247
402363976.5364094 0.4915399508312813
403038706.5121552 0.4911045574937403
403612226.9915391 0.49073496635200875
403915855.48062474 0.49053948354357446
404028310.47658235 0.49046711462689013
404421902.96243405 0.4902139600096137
404815495.44828576 0.48996101760736666
405209087.93413746 0.48970828707945585
405883817.90988326 0.4892755266992035
406558547.88562906 0.4888433862638662
407233277.86137486 0.48841186407233095
407919253.3367164 0.4879737818830776
408593983.3124622 0.48754350133472985
409268713.288208 0.4871138339370686
409943443.2639538 0.4866847780144695
410618173.2396996 0.48625633189758966
411292903.2154454 0.4858284939233418
411967633.1911912 0.48540126243486986
412653608.66653275 0.4849675304522236
413328338.64227855 0.48454151702881115
414003068.61802435 0.4841161051304844
414677798.59377015 0.48369129312516046
415352528.56951594 0.4832670793868616
416027258.54526174 0.4828434622956903
416701988.52100754 0.48242044023780534
417387963.9963491 0.4819909761466912
418062693.9720949 0.48156914918814636
418737423.9478407 0.48114791243090754
419412153.9235865 0.4807272642852118
420086883.8993323 0.48030720316722986
420761613.8750781 0.47988772749904257
421436343.8508239 0.4794688357086171
422122319.32616544 0.4790435593297136
422797049.30191123 0.4786258402681384
423471779.27765703 0.4782087003774445
424146509.2534028 0.4777921381090022
424821239.2291486 0.4773761519199492
425495969.2048944 0.4769607402731675
426170699.1806402 0.47654590163726024
426845429.156386 0.47613163448652823
427531404.6317276 0.4757110471680931
428206134.6074734 0.47529792789467257
428880864.5832191 0.47488537553818955
429555594.5589649 0.4744733885956003
430230324.5347107 0.47406196556944463
430905054.5104565 0.4736511049678227
431579784.4862023 0.47324080530437324
432265759.96154386 0.4728242408262521
432940489.93728966 0.4724150678893359
433615219.91303545 0.47200645144006265
434289949.88878125 0.47159839001409154
434964679.86452705 0.47119088215250904
435639409.84027284 0.47078392640180633
436314139.81601864 0.4703775213138579
437000115.2913602 0.4699649058263537
437674845.267106 0.4695596068585229
438349575.2428518 0.46915485421732833
439024305.2185976 0.46875064647604875
442409200.59692234 0.46673104450899616
443083930.57266814 0.4663300854290051
446390107.45382255 0.4643730939287813
446997364.4319937 0.4640150301322657
447390956.9178455 0.46378317984022194
447784549.4036972 0.46355150863028527
448459279.379443 0.46315477385092113
449134009.3551888 0.46275856321433656
449808739.3309346 0.46236287537562015
450494714.80627614 0.46196112729875505
451169444.78202194 0.46156648969823094
451844174.75776774 0.461172370868302
452518904.73351353 0.46077876948379815
453193634.70925933 0.46038568422441434
453812137.18702626 0.46002580834797957
454419394.1651975 0.45967289554977575
455105369.64053905 0.4592747340123832
455780099.61628485 0.45888361508850334
456454829.59203064 0.4584930059762284
457129559.56777644 0.4581029053832456
457804289.54352224 0.4577133120219749
458479019.51926804 0.4573242246095503
459153749.49501383 0.45693564186780017
459828479.47075963 0.45654756252322887
460514454.9461012 0.4561535299336637
461189184.921847 0.4557664619186235
461582777.4076987 0.4555409030342611
461695232.4036563 0.4554764888277902
462100070.38910383 0.45524471233043895
462774800.3648496 0.45485881634712794
463449530.3405954 0.4544734170056636
464135505.815937 0.45408210218620426
464810235.7916828 0.45369770062596854
465484965.7674285 0.4533137919681364
466159695.7431743 0.4529303749821798
466834425.7189201 0.45254744844205447
467509155.6946659 0.45216501112618224
468183885.6704117 0.4517830618174329
468858615.6461575 0.45140159930310597
469533345.6219033 0.4510206223749134
470219321.09724486 0.4506337923834854
470894051.07299066 0.45025379106316493
471568781.04873645 0.4498742717105281
472243511.02448225 0.44949523313483075
472918241.00022805 0.44911667414965295
473592970.97597384 0.44873859357288093
474267700.95171964 0.44836099022669024
474942430.92746544 0.44798386293752823
475628406.402807 0.44760093701278636
476303136.3785528 0.44722476621955676
476977866.3542986 0.44684906796884616
477652596.3300444 0.4464738411040882
478327326.3057902 0.4460990844729033
479002056.281536 0.4457247969270809
479676786.2572818 0.44535097732256357
480362761.73262334 0.44497140592108186
481037491.70836914 0.444598526535024
481712221.68411493 0.44422611166402215
482386951.65986073 0.4438541601805319
483061681.6356065 0.44348267096107874
483736411.6113523 0.4431116428862413
484411141.5870981 0.44274107484063535
485097117.0624397 0.4423648011091774
485771847.0381855 0.441995157412766
486446577.0139313 0.44162597040513896
487121306.9896771 0.44125723898696534
487796036.96542287 0.4408889620628705
488470766.94116867 0.44052113854142066
489156742.4165102 0.44014764830760544
489831472.392256 0.439780735844194
490506202.3680018 0.43941427351464873
491180932.3437476 0.43904826024320504
491855662.3194934 0.43868269495795975
492530392.2952392 0.4383175765908566
493205122.27098495 0.4379529040776697
493879852.24673074 0.4375886763579891
494565827.7220723 0.43721883306226134
495240557.6978181 0.43685549913271815
495915287.6735639 0.436492606820739
496590017.6493097 0.4361301550810861
497264747.6250555 0.4357681428722608
497939477.6008013 0.4354065691564892
498614207.5765471 0.43504543289970626
499288937.5522929 0.4346847330715422
499974913.02763444 0.43431846792119316
500649643.00338024 0.4339586451048626
501324372.97912604 0.43359925563110163
501999102.95487183 0.43324029848423135
502673832.93061763 0.43288177265219396
503348562.9063634 0.4325236771265379
504034538.381705 0.43216005343009833
504709268.3574508 0.4318028226360783
505383998.3331966 0.4314460191279806
506058728.3089424 0.43108964191169435
506733458.2846882 0.43073368999664324
507408188.260434 0.4303781623957712
508082918.23617977 0.43002305812552855
508757648.21192557 0.4296683762058574
509443623.6872671 0.4293082148821778
510118353.6630129 0.4289543817358326
510793083.6387587 0.4286009680045679
511467813.6145045 0.42824797272221277
512142543.5902503 0.427895394926019
512817273.5659961 0.42754323365664715
513492003.5417419 0.4271914879581532
513930578.02597666 0.42696307565265884
514357907.01061565 0.4267406883204102
514807726.9944462 0.426506775527444
515257546.9782767 0.426273046187962
515932276.9540225 0.42592279554285595
516607006.9297683 0.4255729560989861
517292982.4051099 0.4252177065700909
517967712.3808557 0.4248686935349048
518642442.3566015 0.424520088884006
519317172.3323473 0.42417189169020425
519991902.3080931 0.42382410102957574
520666632.28383887 0.4234767159814504
521341362.25958467 0.4231297356283992
522016092.23533046 0.42278315905622016
522578367.2151186 0.4224946530324646
523039432.6985449 0.42225828648923547
523601707.67833304 0.42197028830071
524175228.157717 0.42167681684202785
524759994.1366967 0.4213778885750885
525434724.1124425 0.42103334389164415
526109454.0881883 0.42068919751136385
526784184.0639341 0.4203454485424904
530169079.44225883 0.41862694094740516
530843809.41800463 0.41828556442226716
531518539.39375037 0.4179445791385697
532193269.36949617 0.4176039842292608
532867999.34524196 0.4172637788303156
533553974.8205835 0.41691830175606315
534228704.7963293 0.41657887925375264
534903434.7720751 0.41623984367354433
535578164.7478209 0.41590119416344873
536252894.7235667 0.41556292987444265
536927624.6993126 0.41522504996045784
537602354.6750584 0.41488755357836876
538288330.1503999 0.4145448245639513
538963060.1261457 0.41420809908515377
539637790.1018915 0.41387175461253434
540312520.0776373 0.4135357903146705
540987250.0533831 0.41320020536302404
541661980.0291289 0.41286499893193035
542336710.0048747 0.4125301701985857
543011439.9806205 0.41219571834303703
543697415.4559621 0.41185607779968375
544372145.4317079 0.4115223834984353
544799474.4163468 0.41131123748457027
545226803.4009858 0.4111002414496928
545912778.8763274 0.4107618503892438
546418826.3581368 0.41051246452073176
546924873.839946 0.4102632878893476
547329711.8253936 0.4100640970079941
547667076.8132664 0.4098982066109839
548139387.7962885 0.40966611564241406
548487998.2837572 0.4094949266938178
548836608.7712258 0.40932383638970987
549353901.752631 0.40907014200990616
549747494.2384826 0.40887725879976766
550152332.2239301 0.4086789952991636
550602152.2077607 0.4084588577154202
550905780.6968462 0.4083103570845077
551254391.184315 0.4081399479307639
551603001.6717836 0.4079696365595745
552109049.153593 0.4077225841489601
552513887.1390404 0.4075250901886902
552862497.6265091 0.40735513119986466
553492245.6038718 0.40704835504661757
553885838.0897235 0.40685678088821087
554065766.0832558 0.4067692453103262
554526831.566682 0.40654505320307405
555032879.0484914 0.4062991835522121
555550172.0298965 0.40604806057180143
555943764.5157481 0.4058571310500972
556337357.0015999 0.405666324345768
557012086.9773457 0.4053395124407709
557473152.460772 0.4051163979115352
557765535.4502618 0.4049749975729311
558282828.431667 0.40472499278955976
558800121.4130721 0.40447519860787046
559317414.3944771 0.4042256146883075
559722252.3799247 0.40403043459019206
560115844.8657764 0.4038407992731675
560790574.8415222 0.4035159921163026
561420322.8188848 0.40321315953848386
562038825.2966518 0.4029160355473343
562724800.7719934 0.40258684604780726
563399530.7477392 0.40226340943648503
563804368.7331867 0.40206951679041053
564197961.2190384 0.40188113161488326
564872691.1947842 0.40155846401582274
565626139.6677004 0.4011985667079354
565974750.155169 0.4010321949015804
566480797.6369784 0.4007908536000664
567166773.11232 0.40046401571082996
567841503.0880657 0.40014288731614023
568516233.0638115 0.39982210678873736
569190963.0395573 0.3995016734109275
569708256.0209625 0.3992562424718877
570225549.0023675 0.39901101483784757
570900278.9781133 0.39869145771002096
571575008.9538591 0.39837224521535264
572260984.4292006 0.39804806508076795
572935714.4049464 0.39772954544898936
573610444.3806922 0.3974113683256179
574285174.356438 0.3970935330110887
574959904.3321838 0.396776038808198
575634634.3079296 0.39645888502209325
576320609.7832712 0.39613679360018555
576995339.759017 0.395820324217188
577670069.7347628 0.3955041931689894
578344799.7105086 0.3951883997700885
579019529.6862544 0.39487294333728923
579694259.6620002 0.3945578231896913
580368989.637746 0.3942430386486815
581054965.1130875 0.3939233510448395
581729695.0888333 0.39360924125550634
582404425.0645791 0.39329546503937446
583079155.0403249 0.3929820217269253
583753885.0160707 0.3926689106508824
584428614.9918165 0.39235613114620177
585103344.9675623 0.3920436825500643
585789320.4429039 0.39172636502357705
586464050.4186497 0.39141458175251365
587138780.3943955 0.3911031274038744
587813510.3701413 0.39079200132368525
588488240.3458871 0.3904812028601531
589162970.3216329 0.3901707313636562
589837700.2973787 0.38986058618673636
590512430.2731245 0.38955076668409033
591198405.748466 0.38923611672145053
591873135.7242118 0.38892695204110056
592547865.6999576 0.3886181111013271
593222595.6757034 0.38830959326539616
593897325.6514492 0.3880013978986862
594572055.627195 0.38769352436867976
595246785.6029408 0.3873859720449551
595921515.5786866 0.3870787402991783
596607491.0540282 0.38676671601567036
597282221.029774 0.3864601288659443
597956951.0055197 0.3861538604112553
598631680.9812655 0.3858479100315717
599306410.9570113 0.38554227710890826
599981140.9327571 0.38523696102731825
600655870.9085029 0.3849319611728856
601341846.3838445 0.3846222015335501
602016576.3595903 0.3843178375446996
602691306.3353361 0.3840137879432468
603276072.3143158 0.3837505321247984
603860838.2932954 0.3834875115979632
604254430.7791471 0.3833106108363751
604648023.2649989 0.38313381637264865
606008728.7160863 0.38252342995971417
606683458.6918321 0.3822212281536062
607358188.6675779 0.3819193365849703
608032918.6433237 0.3816177546615759
608707648.6190695 0.38131648179312927
609382378.5948153 0.38101551739126643
610068354.0701568 0.38070985253261397
610743084.0459026 0.3804095084231593
611417814.0216484 0.38010947101700393
612092543.9973941 0.3798097397334583
612767273.9731399 0.37951031399372415
613442003.9488857 0.3792111932208885
614116733.9246315 0.37891237683991463
614791463.9003773 0.37861386427763594
615466193.8761231 0.3783156549627477
616152169.3514646 0.37801278577630437
616826899.3272104 0.37771518628007034
617501629.3029562 0.37741788831900036
618176359.278702 0.37712089132919674
618851089.2544478 0.3768241947485878
619525819.2301936 0.3765277980169206
620200549.2059394 0.3762317005757539
620661614.6893657 0.3760295391714719
621122680.1727921 0.3758275170821429
621516272.6586437 0.3756551692933791
621909865.1444955 0.37548292278948253
622584595.1202413 0.3751878783955134
623259325.0959871 0.3748931307829727
624620030.5470744 0.3742996236168842
625294760.5228202 0.3740057679788288
625969490.498566 0.37371220692955115
626644220.4743118 0.3734189399275576
627318950.4500576 0.37312596643309237
627993680.4258034 0.37283328590813114
628668410.4015492 0.37254089781637423
629354385.8768908 0.3722439358233469
630029115.8526366 0.37195213584755515
630703845.8283824 0.37166062669751027
631378575.8041282 0.3713694078437721
632053305.779874 0.3710784787585912
632728035.7556198 0.37078783891590256
633402765.7313656 0.37049748779131925
634077495.7071114 0.37020742486212527
634763471.1824529 0.3699128224539693
635438201.1581987 0.3696233391355838
636112931.1339445 0.36933414244578755
636787661.1096903 0.3690452318685121
640172556.488015 0.3676001636597348
640847286.4637609 0.36731296372469674
641522016.4395065 0.3670260463268312
642196746.4152523 0.36673941096302887
642871476.3909981 0.36645305713176873
643546206.3667439 0.3661669843331117
644232181.8420855 0.36587643123820446
644906911.8178313 0.3655909236743245
645581641.7935771 0.36530569564442067
646256371.7693229 0.36502074665484646
646931101.7450687 0.364736076213507
647605831.7208145 0.36445168382985266
648280561.6965603 0.3641675690148729
648966537.1719018 0.36387900299691817
649641267.1476476 0.3635954464641965
650315997.1233934 0.36331216603423344
650990727.0991392 0.36302916122414164
651665457.074885 0.36274643155254294
652340187.0506308 0.3624639765395631
653014917.0263766 0.3621817957068253
653700892.5017182 0.3618951924414546
654375622.477464 0.36161356308981335
655050352.4532098 0.36133220648432685
655725082.4289556 0.3610511221525762
656399812.4047014 0.3607703096236114
657074542.3804471 0.3604897684279454
657749272.356193 0.3602094980975489
658435247.8315345 0.3599248337885423
659109977.8072803 0.3596451082853578
659784707.7830261 0.3593656522443263
660459437.7587719 0.3590864652032158
661134167.7345177 0.35880754670122317
661808897.7102635 0.3585288962789696
662483627.6860093 0.35825051347849407
663158357.6617551 0.3579723978432484
663844333.1370966 0.3576899203597135
664519063.1128424 0.3574123421246764
665193793.0885882 0.3571350296861193
665868523.064334 0.35685798259311363
666543253.0400798 0.3565812003961164
667217983.0158256 0.35630468264696463
667892712.9915714 0.3560284288988703
668578688.466913 0.35574784110024465
669253418.4426588 0.3554721184008119
669928148.4184046 0.35519665836290104
670602878.3941504 0.3549214605451926
671277608.3698962 0.3546465245077156
671952338.345642 0.35437184981184205
672627068.3213878 0.35409743602028193
673301798.2971336 0.3538232826970779
673976528.2728794 0.3535493894076004
674662503.7482209 0.35327119735398815
675337233.7239667 0.3529978271491807
676011963.6997125 0.3527247156749583
676686693.6754583 0.3524518625019722
677305196.1532253 0.35220197363825806
677642561.1410981 0.3520657618341631
677755016.1370558 0.3520203721948097
677867471.1330135 0.35197498969984503
678261063.6188651 0.35181620720111606
678935793.5946109 0.3515442119480814
679610523.5703567 0.35127247315075466
680296499.0456983 0.35099646784070937
680971229.0214441 0.3507252449453285
681645958.9971899 0.3504542772351037
682320688.9729357 0.35018356429140624
682995418.9486815 0.34991310569686784
683670148.9244273 0.34964290103537626
684344878.9001731 0.3493729498920703
685030854.3755146 0.3490987590280307
685705584.3512604 0.34882931788954263
686380314.3270062 0.34856012902527317
687055044.302752 0.3482911920253379
687729774.2784978 0.3480225064810797
688404504.2542436 0.3477540719850637
689753964.2057352 0.34721795451410226
690439939.6810768 0.3469458114483094
691114669.6568226 0.34667838124897027
691789399.6325684 0.3464112000721914
692464129.6083142 0.34614426751779404
693138859.58406 0.3458775831867894
693813589.5598058 0.345611146681374
694488319.5355515 0.34534495760492484
695163049.5112973 0.34507901556199516
696512509.4627889 0.34454787100076173
697187239.4385347 0.344282667697405
697861969.4142805 0.3440177098574529
698536699.3900263 0.34375299709127227
699211429.3657721 0.34348852901037935
699886159.3415179 0.34322430522743547
700572134.8168595 0.34295592775600264
701246864.7926053 0.3426921954670209
701921594.7683511 0.3424287063144088
702596324.7440969 0.3421654599153825
703271054.7198427 0.3419024558882816
703945784.6955885 0.34163969385256415
704620514.6713343 0.34137717342880325
705295244.6470801 0.3411148942386819
705981220.1224216 0.3408484906378737
706655950.0981674 0.3405866967893265
707330680.0739132 0.3403251430398474
708005410.049659 0.34006382901553667
708680140.0254048 0.339802754343584
709354870.0011506 0.3395419186522641
710029599.9768964 0.33928132157093255
710704329.9526422 0.33902096273002186
711390305.4279838 0.3387565084247638
712065035.4037296 0.3384966289155801
712739765.3794754 0.3382369865384372
713414495.3552212 0.3379775809280514
714089225.330967 0.3377184117201953
714763955.3067127 0.3374594785516939
715438685.2824585 0.33720078106042056
716113415.2582042 0.3369423188852931
716799390.7335459 0.3366797898678396
717474120.7092916 0.33642180115282966
718148850.6850374 0.3361640466709872
718823580.6607832 0.33590652606538457
719498310.636529 0.3356492389801187
720173040.6122748 0.33539218506030755
720645351.5952969 0.3352123858603494
721106417.0787232 0.3350369775136492
721781147.054469 0.3347804778800033
722455877.0302148 0.33452421021864354
723130607.0059606 0.3342681741791159
723805336.9817064 0.3340123694119663
724480066.9574522 0.33375679556873683
725166042.4327937 0.33349719853236925
725840772.4085395 0.3332420893298085
726515502.3842853 0.3329872100059833
727190232.3600311 0.3327325602163993
727864962.3357769 0.33247813961753897
728539692.3115227 0.33222394786685894
729214422.2872685 0.33196998462278543
729889152.2630143 0.33171624954471113
730575127.7383559 0.3314585191003946
731249857.7141017 0.3312052431249406
731924587.6898475 0.330952194293804
732599317.6655933 0.33069937227022206
733274047.6413391 0.3304467767183801
733948777.6170849 0.3301944073034077
734623507.5928307 0.3299422636913756
735309483.0681722 0.32968614882192937
735984213.043918 0.3294344595672259
736658943.0196638 0.32918299511377386
737333672.9954096 0.3289317551313875
737839720.4772189 0.328743472255628
738334522.4594325 0.32855949521900024
739020497.934774 0.32830463507781205
739695227.9105198 0.32805417815724147
740369957.8862656 0.32780394423327597
741044687.8620114 0.32755393298076485
741719417.8377572 0.32730414407546154
742394147.813503 0.3270545771940202
743068877.7892488 0.32680523201399275
743754853.2645904 0.32655195802424064
744429583.2403362 0.3263030589648771
745104313.216082 0.32605438063961145
745779043.1918278 0.32580592272956604
746453773.1675736 0.3255576849167442
747128503.1433194 0.32530966688402635
747803233.1190652 0.32506186831516704
748489208.5944067 0.32481016442600075
749163938.5701525 0.3245628074841749
749838668.5458983 0.32431566905746223
750513398.5216441 0.32406874883309494
751188128.4973899 0.32382204649916296
751862858.4731357 0.3235755617446105
752537588.4488815 0.3233292942592332
753223563.9242231 0.32307914472795546
753898293.8999689 0.32283331446195007
754573023.8757147 0.32258770053446134
755247753.8514605 0.3223423026386719
757283189.2782936 0.3216033247127335
757957919.2540394 0.32135879146987467
758632649.2297852 0.32111447273205906
759307379.205531 0.3208703681974486
759982109.1812768 0.32062647756502166
