1.0 1.0073794128915459
685976.4753415588 1.0050711739541252
1360706.4510873542 1.0028506835015891
1754298.9369390684 1.0015777012628853
2147891.4227907825 1.0003208210768313
2822621.398536578 0.9982028751844709
3508596.8738781367 0.996096012457222
4183326.849623932 0.9940680326139012
4869302.324965491 0.9920500670074323
5544032.300711286 0.9901070718729684
6230007.776052845 0.9881730820933439
6623600.261904559 0.9870818010547319
6871001.2530113505 0.9864025886143952
7242102.739671539 0.9853933822935721
7534485.729161383 0.9846062716896851
7995551.212587677 0.9833792001705177
8681526.687929235 0.9815849522366751
9603657.654781822 0.9792305005703071
10019741.139825063 0.9781891114663961
10705716.615166621 0.9764999260790791
11380446.590912417 0.9748712503802068
12055176.566658212 0.97327421211105
12729906.542404009 0.9717079322728731
13325918.02097946 0.9703492865223886
13921929.499554913 0.9690134005972997
14742850.970045632 0.9672096419212775
15417580.945791427 0.9657576364440769
16767040.897283018 0.9629330796151221
17441770.873028815 0.9615590659431598
18116500.84877461 0.9602096212660038
18802476.324116167 0.9588621706149804
20702965.755800158 0.9552523294011653
21939970.711334117 0.952995031351767
22614700.687079914 0.9517928694614085
24650136.113913063 0.9482841576413423
25999596.065404654 0.9460501730551616
26674326.041150447 0.9449592459842796
28023785.992642038 0.942827147508182
28709761.4679836 0.9417678294620956
29384491.443729393 0.940741393547063
30059221.41947519 0.9397299195979119
30733951.395220984 0.9387329958258257
32083411.346712574 0.9367812090145212
32758141.32245837 0.9358255787938042
33432871.298204165 0.9348829637675035
34793576.749291524 0.9330201685542179
35468306.725037314 0.9321146920964013
36143036.70078311 0.9312208553675557
36536629.18663482 0.9307046987829378
36930221.672486536 0.9301923324648362
38279681.62397813 0.9284635955771606
38954411.59972393 0.9276149269400964
39640387.075065486 0.9267624521042296
40315117.05081128 0.9259338420858252
40708709.536662996 0.9254549083314583
41102302.02251471 0.9249791685243044
41777031.998260505 0.9241708988097859
42451761.9740063 0.9233716143916844
43137737.44934786 0.9225679678670209
43812467.42509365 0.9217860675222027
44487197.40083945 0.9210124359093544
45161927.376585245 0.9202468487265817
45836657.35233104 0.9194890879538755
47860847.27956843 0.9172606744618166
48546822.754909985 0.9165200751157231
49221552.73065578 0.9157984960788196
49896282.70640158 0.9150835547105025
50571012.68214737 0.9143750723861184
51245742.657893166 0.9136728754828393
51920472.63363896 0.9129767952394922
52550220.61100171 0.912332494156387
52943813.09685342 0.9119323813703062
53292423.58432208 0.9115796199846513
54585656.03783485 0.910283960657458
55935115.98932645 0.9089529041517145
56609845.965072244 0.9082950461243289
57959305.91656383 0.9069939971313331
58634035.89230963 0.9063505480568441
59320011.36765119 0.905701039425272
59994741.343396984 0.9050666447556867
60669471.31914278 0.9044365620116495
61063063.80499449 0.9040709597433219
61456656.290846206 0.9037067640134855
62131386.266592 0.9030856386023616
62524978.752443716 0.9027251524202666
62637433.74840135 0.9026224011539126
63031026.234253064 0.9022636184329283
63705756.20999886 0.9016515797269365
64380486.18574465 0.9010432666889994
65066461.66108621 0.9004285343418112
65741191.63683201 0.8998274421653355
66415921.6125778 0.8992297909151071
67090651.5883236 0.8986354914553907
68305165.54466604 0.8975739239288909
69261033.01030591 0.8967455533697943
69677116.49534915 0.8963868640671403
70351846.47109494 0.8958075863284931
71701306.42258653 0.8946575954883567
72376036.39833233 0.894086737590418
73050766.37407812 0.8935185448749459
73725496.34982392 0.8929529499070192
74411471.82516548 0.8923805238460507
75086201.80091128 0.8918199701708789
75760931.77665707 0.8912618220263955
76435661.75240287 0.8907060192384184
77110391.72814865 0.8901525033151721
79134581.65538605 0.8885051160712844
79809311.63113184 0.8879601947146848
80484041.60687764 0.8874172913953763
80888879.59232512 0.8870924974774183
81282472.07817683 0.886777395163557
81957202.05392262 0.8862387283081313
83306662.00541422 0.8851669466195493
83981391.98116001 0.8846337428742902
84656121.95690581 0.8841022733176634
86016827.40799317 0.8830355839841301
86691557.38373896 0.8825090996801722
87085149.86959067 0.882202713448099
87478742.35544239 0.8818968556616418
88839447.80652975 0.8808434323001179
89514177.78227553 0.8803232944727389
90188907.75802132 0.8798045834925312
90863637.73376712 0.879287266528556
91538367.70951292 0.878771311666048
92213097.68525872 0.8782566878807424
92887827.66100451 0.8777433650139205
94248533.11209187 0.8767120024872878
94788317.0926885 0.8763042484017493
95339346.57288091 0.875888787100491
96688806.52437249 0.8748746027838386
98049511.97545984 0.8738565076185315
98724241.95120564 0.8733532971961429
100073701.90269724 0.8723500034495109
100748431.87844303 0.8718498761117701
102109137.32953039 0.8708442601119826
102783867.30527619 0.8703470415030017
103458597.28102198 0.8698507474581268
104133327.25676776 0.869355359146408
104706847.7361517 0.8689349775255438
105066703.72321612 0.8686715311139742
105539014.70623818 0.86832612977338
106899720.15732554 0.8673333556184624
107574450.13307133 0.8668423123716693
108249180.10881713 0.866352070808588
108923910.08456291 0.8658626155146112
109598640.06030871 0.8653739315032793
110273370.0360545 0.864886004204284
111634075.48714186 0.8639042619710912
112983535.43863346 0.8629335065543652
113658265.41437925 0.8624491694194095
114332995.39012505 0.8619655094813012
115007725.36587085 0.861482514779576
115682455.34161663 0.861000173685136
116357185.31736243 0.8605184748909656
117043160.79270399 0.8600293948989101
117717890.76844978 0.859548958282431
119067350.71994138 0.8585899051036247
119742080.69568717 0.8581112686171586
120416810.67143297 0.8576332127075471
121766270.62292457 0.856678805726937
123126976.0740119 0.8557186870697934
123801706.0497577 0.8552434086355102
124476436.0255035 0.8547686586290473
127850085.90423249 0.8524025677565188
128536061.37957405 0.8519229726406156
129885521.33106562 0.850980941558519
130560251.30681142 0.8505106266290245
131234981.28255722 0.8500407705771347
131909711.25830302 0.849571367465615
132584441.23404881 0.8491024115198521
133259171.20979461 0.848633897123297
133945146.68513617 0.84815802117202
134619876.66088197 0.8476903807698407
135294606.63662776 0.8472231658870204
135969336.61237356 0.8467563714985359
136644066.58811936 0.8462899927164323
140028961.9664441 0.84395643475756
140703691.94218987 0.8434924606201344
141378421.91793567 0.8430288713357798
142053151.89368147 0.8425656629853399
142727881.86942726 0.8421028317557544
143402611.84517306 0.8416403739370871
144088587.32051462 0.8411705875655825
144763317.29626042 0.8407088719126853
145438047.2720062 0.8402475190749958
145831639.75785792 0.8399785628108434
148260667.6705428 0.8383213872348232
148935397.6462886 0.8378618636760176
149610127.6220344 0.837402683757362
150284857.59778017 0.8369438446692238
150959587.57352597 0.8364853436769967
152309047.52501756 0.8355693454044388
153669752.97610492 0.8346470516736282
155693942.9033423 0.8332774878108578
157043402.8548339 0.8323660422256715
161103028.20890445 0.8296316289178236
161777758.18465024 0.8291782293454901
162452488.16039604 0.8287251309774544
163127218.13614184 0.8282723321230246
163801948.1118876 0.8278198311352166
164476678.0876334 0.82736762640953
165151408.0633792 0.8269157163827611
165826138.039125 0.8264640995318459
166512113.51446655 0.8260052547497426
167186843.49021235 0.8255542246617106
167861573.46595815 0.8251034833869307
168536303.44170395 0.8246530295525714
169211033.41744974 0.8242028618206159
169885763.39319554 0.8237529788868901
170560493.36894134 0.823303379480115
171235223.34468713 0.8228540623609865
171921198.8200287 0.8223975447619043
172595928.7957745 0.8219487932788268
173259413.27192453 0.8215077927974765
173934143.24767032 0.8210595930446362
174608873.22341612 0.8206116698321252
175283603.19916192 0.8201640220945695
175969578.67450348 0.8197091948903907
176644308.65024927 0.8192620995593554
177319038.62599507 0.8188152766452805
177993768.60174084 0.8183687251837479
178668498.57748663 0.8179224442337376
179343228.55323243 0.8174764328769737
180017958.52897823 0.8170306902172886
180692688.50472403 0.8165852153800057
181367418.48046982 0.816140007511339
182053393.95581138 0.8156876523323452
182728123.93155718 0.8152429803354538
183402853.90730298 0.8147985728523285
184077583.88304877 0.8143544291073784
184752313.85879457 0.8139105483431374
185427043.83454037 0.813466929819756
186101773.81028616 0.8130235728145115
186776503.78603196 0.812580476621329
187462479.26137352 0.8121302621490852
188137209.23711932 0.8116876898445936
188710729.71650323 0.8113117068756791
189295495.69548294 0.8109285437833638
189970225.6712287 0.8104866730001752
190656201.14657027 0.8100377012256184
191330931.12231606 0.8095963482319739
192005661.09806186 0.8091552510939318
192680391.07380766 0.8087144092326382
193355121.04955345 0.808273822081875
194029851.02529925 0.8078334890877071
194704581.00104505 0.8073934097081403
195390556.4763866 0.8069462551157461
196065286.4521324 0.8065066855905909
196740016.4278782 0.8060673681140408
197414746.403624 0.8056283021888049
198089476.3793698 0.8051894873279554
198764206.3551156 0.8047509230546398
199438936.3308614 0.8043126089017996
200113666.3066072 0.8038745444118977
200799641.78194875 0.8034294343242883
201474371.75769454 0.8029918719670078
202149101.73344034 0.8025545579474712
202823831.70918614 0.802117491843793
203498561.68493193 0.8016806732423523
204173291.6606777 0.8012441017375653
204848021.6364235 0.8008077769316599
205533997.11176506 0.8003644325440985
206208727.08751085 0.7999286040683757
206883457.06325665 0.7994930211367545
207479468.54183212 0.7991084601639973
208064234.5208118 0.7987313407423126
208750209.99615335 0.7982891847542002
209424939.97189915 0.7978545234525782
210065933.44885767 0.7974418210844332
210718172.42541194 0.7970221039216819
211392902.40115774 0.7965881529008676
212067632.37690353 0.7961544447580247
212742362.35264933 0.7957209791721728
213428337.8279909 0.7952805374892744
214103067.8037367 0.7948475601057666
214777797.77948245 0.7944148243434634
215452527.75522825 0.7939823299024412
216127257.73097405 0.7935500764876593
216801987.70671985 0.7931180638088261
217476717.68246564 0.7926862915802675
218151447.65821144 0.7922547595207993
218668740.63961655 0.7919240807500102
218927387.13031912 0.79175879420233
219354716.1149581 0.7914857892039433
220029446.0907039 0.7910549241708431
220704176.0664497 0.7906242982815295
221378906.0421955 0.7901939112746416
222053636.0179413 0.7897637628926383
222728365.9936871 0.789333852881693
223403095.9694329 0.7889041809915917
224077825.9451787 0.7884747469756336
224763801.42052025 0.7880383993293394
225438531.39626604 0.7876094442896378
226113261.37201184 0.7871807264001845
226787991.34775764 0.7867522454274444
227462721.32350343 0.7863240011409368
228137451.29924923 0.7858959933131531
228812181.27499503 0.7854682217194747
229486911.2507408 0.7850406861380941
230172886.72608235 0.7846062666832584
230847616.70182815 0.7841792063963743
231522346.67757395 0.7837523814689314
232197076.65331975 0.7833257916896603
232871806.62906554 0.7828994368497378
233546536.60481134 0.7824733167427208
234221266.58055714 0.782047431164481
234895996.55630293 0.7816217799131422
235570726.53204873 0.7811963627890188
236256702.0073903 0.7807640951887704
236931431.9831361 0.7803391496224141
237325024.4689878 0.7800913725699501
237718616.95483953 0.7798436749469893
238393346.93058532 0.7794192351367095
238966867.40996924 0.779058644599945
239551633.38894892 0.7786911569602668
240226363.3646947 0.7782673500371181
240901093.3404405 0.7778437757341059
241575823.3161863 0.777420433868605
242250553.2919321 0.776997324259661
242925283.2676779 0.7765744467279433
243611258.74301946 0.7761447589655313
244285988.71876526 0.7757223489171299
244960718.69451106 0.7753001704143853
245635448.67025685 0.7748782232840664
246310178.64600265 0.774456507354361
246984908.62174845 0.774035022454836
251561826.95722407 0.7711820358039138
252236556.93296987 0.7707623434067791
252911286.90871567 0.7703428805967656
253597262.38405722 0.7699166619349932
254215764.8618242 0.769532569581921
254834267.3395912 0.7691486697570157
255508997.315337 0.7687300893846047
256194972.79067856 0.7683047672509548
256869702.76642436 0.7678866481879597
257544432.74217013 0.767468757642146
258219162.71791592 0.7670510954613651
258893892.69366172 0.7666336614943302
259568622.66940752 0.7662164555905948
260243352.6451533 0.7657994776005289
260929328.12049487 0.7653757834670434
261604058.09624067 0.7649592646509591
262278788.07198647 0.7645429733019072
262953518.04773226 0.7641269092733369
263628248.02347806 0.7637110724194159
264302977.99922386 0.7632954625950104
264977707.97496966 0.7628800796556693
265652437.95071545 0.7624649234576059
266158485.4325248 0.7621537050218911
266383395.42444006 0.7620154266149375
266776987.91029176 0.7617734999418534
267451717.88603756 0.7613589476891148
268126447.86178336 0.7609446216558556
268801177.8375292 0.7605305217011761
269475907.813275 0.7601166476847518
270150637.7890208 0.75970299946682
270836613.26436234 0.759282688443232
271511343.24010813 0.7588694951626758
272186073.2158539 0.7584565272622545
272860803.19159967 0.7580437846043232
273288132.1762387 0.7577824973591005
273726706.66047347 0.757514427984976
274401436.63621926 0.7571021991174014
275076166.61196506 0.7566901950438012
275750896.58771086 0.7562784156285688
276425626.56345665 0.7558668607365439
277100356.53920245 0.7554555302330012
277775086.51494825 0.7550444239836406
278449816.49069405 0.7546335418545772
279135791.9660356 0.7542160413068671
279810521.9417814 0.7538056107481226
280485251.9175272 0.7533954039082033
281159981.893273 0.7529854206547941
281834711.8690188 0.7525756608559486
282509441.8447646 0.7521661243800802
283184171.8205104 0.7517568110959537
283858901.7962562 0.7513477208726774
284466158.77442735 0.7509797302808446
285343307.7428969 0.7504485069127682
286018037.7186427 0.750040129608484
286704013.19398427 0.7496251741235154
287378743.16973007 0.7492172454247058
288053473.14547586 0.748809538980281
288728203.12122166 0.7484020546616096
289402933.09696746 0.7479947923403463
290077663.07271326 0.7475877518884249
290752393.04845905 0.7471809331780522
291438368.5238006 0.7467675613402681
292787828.4752922 0.7459550388594623
293462558.451038 0.7455491095287615
294137288.4267838 0.7451434013024372
294812018.4025296 0.7447379140542221
296161478.3540212 0.7439276019882246
297522183.80510855 0.7431114307825631
298196913.78085434 0.7427070502104101
298871643.75660014 0.7423028898614654
299546373.7323459 0.7418989496110171
300221103.7080917 0.7414952293345582
300895833.6838375 0.7410917289077819
301570563.6595833 0.7406884482065781
302256539.1349248 0.7402786712818468
302931269.1106706 0.739875833317145
303605999.0864164 0.7394732147047719
304280729.0621622 0.739070815321371
304955459.037908 0.7386686350437648
305630189.0136538 0.7382666737489517
306304918.9893996 0.7378649313141029
306979648.9651454 0.7374634076165588
307665624.44048697 0.7370554159672378
308340354.41623276 0.7366543330174946
309015084.39197856 0.7362534684360318
309689814.36772436 0.7358528221008415
310364544.34347016 0.7354523938900721
311039274.31921595 0.7350521836820247
311714004.29496175 0.734652191355151
312388734.27070755 0.73425241678805
313074709.7460491 0.7338462024205159
313749439.7217949 0.7334468666336038
314424169.6975407 0.7330477482411122
315098899.6732865 0.7326488471222116
315773629.6490323 0.7322501631562088
316448359.6247781 0.7318516962225463
317123089.6005239 0.7314534462007978
317809065.07586545 0.731048780919522
319158525.02735704 0.7302533715719313
319833255.00310284 0.7298559916023456
320507984.97884864 0.7294588279424734
321857444.93034023 0.7286651490733222
322532174.906086 0.7282686336250677
323218150.3814276 0.72786573084286
323892880.3571734 0.7274696505331283
324567610.3329192 0.7270737858148933
325242340.308665 0.7266781365691871
325917070.2844108 0.7262827026771524
326558063.7613692 0.7259072398429
327210302.7379235 0.7255253892275977
327885032.7136693 0.7251305827725696
328559762.6894151 0.7247359912067326
329234492.6651609 0.7243416144117564
329920468.14050245 0.7239408847182868
330595198.11624825 0.7235469406850282
331269928.09199405 0.7231532110662894
331944658.06773984 0.7227596957441486
332619388.04348564 0.722366394600783
336004283.4218104 0.7203965620573054
336679013.3975562 0.7200045470746456
337353743.373302 0.7196127454467419
338028473.3490478 0.7192211570565314
338703203.3247936 0.718829781787041
339377933.3005394 0.7184386195213881
340052663.2762852 0.7180476701427788
340727393.25203097 0.7176569335345081
341413368.7273725 0.7172599026483678
342088098.7031183 0.716869594772307
342762828.6788641 0.7164794993150512
343437558.6546099 0.7160896161602424
344112288.6303557 0.7156999451916082
344787018.6061015 0.7153104862929592
345461748.5818473 0.7149212393481906
346147724.05718887 0.7145257221169082
346822454.03293467 0.7141369022596321
347497184.00868046 0.7137482940064852
348171913.98442626 0.713359897241692
348846643.96017206 0.712971711849557
349521373.93591785 0.7125837377144654
350196103.91166365 0.7121959747208817
350870833.8874094 0.7118084227533492
351556809.362751 0.7114146277984347
352231539.33849674 0.7110275010492291
352906269.31424254 0.710640584978255
353580999.28998834 0.7102538794703687
354255729.26573414 0.7098673844105029
354930459.24147993 0.7094810996836668
355605189.21722573 0.7090950251749453
356291164.6925673 0.7087027314754623
356965894.6683131 0.7083170805573623
357640624.6440589 0.7079316395111713
358315354.6198047 0.7075464082222751
358990084.5955505 0.7071613865761327
359664814.5712963 0.7067765744582768
360339544.5470421 0.7063919717543133
361014274.52278787 0.7060075783499211
361700249.9981294 0.7056169928321474
362374979.9738752 0.7052330211677753
363049709.949621 0.7048492584585425
363724439.9253668 0.704465704590417
364399169.9011126 0.704082359449438
365073899.8768584 0.7036992229217152
365748629.8526042 0.703316294893429
366423359.82835 0.7029335752508303
367109335.30369157 0.70254469045461
367784065.27943736 0.7021623907107635
368458795.25518316 0.7017802990098849
369133525.23092896 0.7013984152385044
369808255.20667475 0.7010167392832222
370482985.18242055 0.7006352710307062
371157715.15816635 0.7002540103676941
371809954.1347206 0.699885655612402
372192301.12097657 0.6996698136104429
372619630.10561556 0.6994286572059195
373294360.08136135 0.6990480531632225
373969090.05710715 0.6986676562388331
374643820.03285295 0.6982874663198387
375318550.00859874 0.6979074832933944
375993279.98434454 0.6975277070467218
376668009.96009034 0.69714813746711
377342739.93583614 0.6967687744419141
378028715.4111777 0.6963833003305472
378703445.3869235 0.6960043535143843
379378175.3626693 0.6956256129132281
380052905.3384151 0.6952470784146996
380727635.3141609 0.6948687499064858
381402365.2899067 0.6944906272763394
382077095.2656525 0.694112710412078
382751825.2413983 0.6937349992015852
383437800.71673983 0.69335120351242
384112530.69248563 0.6929739066962545
384787260.6682314 0.6925968151960323
385461990.6439772 0.6922199288998975
386136720.619723 0.6918432476960581
386811450.5954688 0.6914667714727872
387486180.5712146 0.6910905001184218
388160910.54696035 0.6907144335213632
388835640.52270615 0.6903385715700763
389521615.9980477 0.6899566549283659
390196345.9737935 0.6895812053403781
390871075.9495393 0.6892059600620852
391545805.9252851 0.688830918982208
392220535.9010309 0.688456081989531
392895265.8767767 0.6880814489729019
393569995.8525225 0.6877070198212312
394255971.32786405 0.6873265590591473
394930701.30360985 0.6869525406974878
395605431.27935565 0.6865787258660495
396280161.25510144 0.6862051144539955
396954891.23084724 0.6858317063505518
397629621.20659304 0.6854585014450073
398304351.18233883 0.6850854996267127
398990326.6576804 0.6847064891900883
399665056.6334262 0.6843338965947622
400339786.609172 0.6839615067532723
401014516.5849178 0.6835893195552196
401689246.5606636 0.6832173348902667
402363976.5364094 0.6828455526481386
405748871.9147341 0.6809834961045689
408841384.303569 0.6792867207401204
409516114.2793148 0.6789170774161173
410190844.2550606 0.6785476352402414
410865574.2308064 0.6781783941029903
411540304.2065522 0.6778093538949227
412215034.182298 0.6774405145066578
412889764.1580438 0.6770718758288754
413497021.13621503 0.6767402725360299
414093032.61479044 0.6764149679692947
414767762.59053624 0.676046887360613
415453738.0658778 0.6756728774071905
416128468.0416236 0.6753052006199018
416803198.0173694 0.6749377239102337
417477927.9931152 0.6745704471692768
418152657.968861 0.6742033702881829
418827387.9446068 0.6738364931581633
419243471.42965 0.6736103517844043
419670800.41428906 0.6733781774799515
420345530.39003485 0.6730117493924019
421020260.36578065 0.6726455207027788
421694990.3415264 0.6722794913025483
422369720.3172722 0.6719136610832369
423044450.293018 0.6715480299364306
423719180.2687638 0.6711825977537753
424405155.74410534 0.6708112788889979
425079885.71985114 0.670446247621365
425754615.69559693 0.6700814149913762
426429345.67134273 0.6697167808909169
427104075.6470885 0.669352345211932
427778805.6228343 0.6689881078464257
428453535.5985801 0.6686240686864616
429128265.5743259 0.6682602276241627
429802995.5500717 0.6678965845517112
430488971.0254133 0.6675270836173968
431163701.0011591 0.6671638394967515
431838430.97690487 0.666800793041062
432513160.95265067 0.6664379441427483
433187890.92839646 0.6660752926942892
433862620.90414226 0.6657128385882229
434537350.87988806 0.6653505817171459
435212080.85563385 0.6649885219737143
435886810.83137965 0.6646266592506426
436572786.3067212 0.6642589673448867
437247516.282467 0.6638975016201057
437922246.2582128 0.6635362325923969
438596976.2339586 0.6631751601547106
439271706.2097044 0.6628142842000562
439946436.1854502 0.6624536046215015
440621166.161196 0.6620931213121731
441295896.1369418 0.6617328341652557
441981871.61228335 0.6613667432162248
442656601.58802915 0.6610068513388309
443331331.56377494 0.6606471553019768
444006061.53952074 0.6602876549990822
444692037.0148623 0.65992236356916
445366766.9906081 0.6595632576724574
446041496.9663539 0.6592043471885497
446716226.9420997 0.6588456320110905
447390956.9178455 0.6584871120337913
448065686.8935913 0.6581287871504221
448740416.8693371 0.6577706572548105
449415146.8450829 0.6574127222408427
450101122.32042444 0.6570490213147344
453474772.19915336 0.6552632542490706
454149502.17489916 0.6549066836750586
454824232.15064496 0.6545503071341013
455498962.12639076 0.6541941245206064
456184937.6017323 0.6538322042240141
456859667.5774781 0.6534764123766105
457534397.5532239 0.6531208141384804
458209127.5289697 0.6527654094042629
460233317.4562071 0.651700355172334
460908047.4319529 0.6513457234013029
461594022.90729445 0.6509853789293761
462268752.88304025 0.6506311362229239
462943482.85878605 0.6502770862827145
463618212.83453184 0.6499232290038466
464292942.81027764 0.6495695642814763
464967672.78602344 0.6492160920108165
465642402.76176924 0.6488628120871378
466328378.2371108 0.6485038412392016
467003108.2128566 0.6481509488969328
467677838.1886024 0.6477982485860562
468352568.1643482 0.6474457402020712
469027298.140094 0.6470934236405345
469702028.1158398 0.6467412987970592
470376758.0915856 0.6463893655673157
471051488.0673314 0.6460376238470312
471737463.54267293 0.6456802159811069
472412193.5184187 0.6453288601546187
473086923.4941645 0.6449776955233775
473739162.4707188 0.6446384180237466
474132754.9565705 0.6444337679512633
474560083.9412095 0.6442116500044308
475234813.9169553 0.6438610933188882
475909543.8927011 0.6435107273937163
476584273.8684469 0.6431605521251073
477259003.8441927 0.6428105674093101
477933733.8199385 0.6424607731426302
478608463.7956843 0.6421111692214293
479283193.7714301 0.641761755542126
479969169.24677163 0.6414067132191513
480643899.22251743 0.6410576828794957
481318629.1982632 0.6407088424696084
481993359.174009 0.6403601918861338
482668089.1497548 0.640011731025773
483342819.1255006 0.6396634597852839
484017549.1012464 0.6393153780614798
484692279.0769922 0.6389674857512306
485378254.5523338 0.6386139893047602
486052984.52807957 0.6382664786650405
486727714.50382537 0.637919157128107
487402444.47957116 0.6375720245910544
488077174.45531696 0.6372250809510348
488751904.4310627 0.6368783261052553
489426634.4068085 0.6365317599509791
490101364.3825543 0.6361853823855255
490787339.85789585 0.6358334250845953
491462069.83364165 0.6354874275278273
492136799.80938745 0.6351416182504673
492811529.78513324 0.6347959971500591
493486259.76087904 0.6344505641242021
494160989.73662484 0.6341053190705518
494835719.71237063 0.6337602618868189
495510449.68811643 0.6334153924707704
496196425.163458 0.6330649676137484
496871155.1392038 0.6327204765517828
497545885.1149496 0.6323761729494347
498220615.0906954 0.6320320567046946
498895345.0664412 0.631688127715608
499570075.042187 0.6313443858802761
500244805.0179328 0.6310008310968553
500919534.99367857 0.6306574632635582
501605510.4690201 0.630308564178012
502280240.4447659 0.6299655730514038
502954970.4205117 0.6296227685681942
503629700.3962575 0.6292801506268183
504304430.3720033 0.6289377191257656
504979160.3477491 0.6285954739635811
505653890.3234949 0.6282534150388651
506328620.2992407 0.6279115422502732
507003350.2749865 0.6275698554965161
507520643.2563916 0.6273080215756656
508037936.2377967 0.6270462968968552
508712666.2135425 0.626705080978393
509387396.1892883 0.626364050737318
510062126.1650341 0.6260232060725907
510736856.1407799 0.6256825468832262
511422831.6161215 0.6253364000746718
512097561.59186727 0.6249961146203379
512772291.56761307 0.6246560143370629
513447021.54335886 0.6243160991240829
514121751.51910466 0.6239763688806889
514796481.49485046 0.6236368235062264
515471211.47059625 0.6232974629000959
516145941.44634205 0.6229582869617527
516831916.9216836 0.6226136472976458
517506646.8974294 0.6222748434670589
517933975.8820684 0.6220603630716064
518372550.36630315 0.6218403153239725
519047280.34204894 0.6215019323127159
519722010.31779474 0.6211637334372723
520396740.29354054 0.620825718597441
521082715.7688821 0.6204822587357754
521757445.7446279 0.6201446147298608
522432175.7203737 0.6198071544576175
523106905.6961195 0.6194698778190636
523781635.6718653 0.6191327847142724
524456365.6476111 0.6187958750433705
525131095.6233569 0.61845914870654
525817071.09869844 0.6181169981041416
526491801.07444423 0.617780641187614
527166531.05019003 0.6174444673043676
527841261.0259358 0.6171084763548021
534262441.2951166 0.6139200977152759
534937171.2708624 0.6135860246002823
535398236.75428873 0.6133578458658385
535870547.73731077 0.6131241897803175
536545277.71305656 0.6127905497696572
537231253.1883981 0.6124515352105117
537905983.1641439 0.6121182612341566
538580713.1398897 0.6117851686134537
539255443.1156355 0.6114522572497156
539930173.0913813 0.6111195270443087
540436220.5731907 0.6108700982161044
540661130.5651059 0.6107592736395956
540773585.5610635 0.6107038688912779
541178423.546511 0.6105044534094805
541853153.5222569 0.6101722389646642
542527883.4980026 0.6098402052989403
543202613.4737484 0.6095083523139352
543877343.4494942 0.6091766799113288
544552073.42524 0.6088451879928545
545226803.4009858 0.6085138764602992
545901533.3767316 0.6081827452155033
546587508.8520732 0.6078462798354896
547262238.827819 0.6075155118726434
547768286.3096282 0.6072675540255951
548274333.7914376 0.607019697382704
548949063.7671834 0.6066893792161469
549623793.7429292 0.6063592407967946
550298523.718675 0.606029282026835
550939517.1956335 0.6057159875065828
551321864.1818895 0.6055291871962525
551749193.1665285 0.6053204785513165
552423923.1422743 0.6049910850382172
553098653.11802 0.6046618707691587
553773383.0937659 0.6043328356466031
554448113.0695117 0.6040039795730655
555122843.0452574 0.6036753024511134
555797573.0210032 0.603346804183368
556472302.996749 0.6030184846725031
556877140.9821966 0.602821578728819
557281978.967644 0.6026247370815907
557956708.9433898 0.602296810493536
558631438.9191356 0.6019690623512742
559306168.8948814 0.6016414925577013
559992144.3702229 0.6013086459997024
560666874.3459687 0.6009814355808298
561341604.3217145 0.6006544032180363
562016334.2974603 0.6003275488144301
562691064.2732061 0.6000008722731723
563365794.2489519 0.5996743734974764
564040524.2246977 0.5993480523906088
564715254.2004435 0.5990219088558888
565389984.1761893 0.5986959427966874
565884786.1584029 0.5984570137595664
566368342.6410208 0.5982236070544737
567043072.6167666 0.5978980754022475
567717802.5925124 0.5975727208925756
568392532.5682582 0.5972475434290635
569078508.0435997 0.5969171277387503
569753238.0193455 0.5965923070253267
570427967.9950913 0.5962676630675903
571102697.9708371 0.5959431957693566
571777427.9465829 0.5956189050344939
572452157.9223287 0.5952947907669229
573126887.8980745 0.5949708528706165
573801617.8738203 0.5946470912495995
574487593.3491619 0.5943181142093398
575162323.3249077 0.5939947077850991
575837053.3006535 0.5936714773469398
576511783.2763991 0.5933484227990969
577186513.2521449 0.5930255440458572
577861243.2278907 0.5927028409915591
578535973.2036365 0.5923803135405941
579221948.6789781 0.5920525905514152
579896678.6547239 0.5917304169432259
580571408.6304697 0.591408418650264
581246138.6062155 0.5910865955771292
581920868.5819613 0.5907649476284731
582595598.5577071 0.5904434747089995
583270328.5334529 0.5901221767234635
583945058.5091987 0.5898010535766726
584631033.9845402 0.5894747575133577
585305763.960286 0.5891539866686889
585980493.9360318 0.5888333903759141
586655223.9117776 0.5885129685400485
587329953.8875234 0.5881927210661587
587970947.3644819 0.5878886473823237
588611940.8414404 0.5875847308932353
589286670.8171862 0.5872649885327056
589961400.792932 0.5869454201644059
590636130.7686778 0.5866260256936557
591310860.7444236 0.5863068050258264
591985590.7201694 0.5859877580663407
592660320.6959152 0.5856688847206727
593346296.1712568 0.5853448747001325
594021026.1470026 0.585026351188344
594695756.1227484 0.5847080010055316
595370486.0984942 0.5843898240573763
596045216.07424 0.5840718202496099
596719946.0499858 0.5837539894880156
597394676.0257316 0.5834363316784281
598080651.5010731 0.5831135567748261
598755381.4768189 0.582796247465561
599430111.4525647 0.5824791108245468
600104841.4283105 0.5821621467578243
600779571.4040563 0.5818453551714842
601454301.3798021 0.581528735971669
602129031.3555479 0.5812122890645725
602803761.3312937 0.5808960143564387
603478491.3070395 0.5805799117535636
606863386.6853642 0.5789967244375904
607538116.66111 0.5786816553596037
608212846.6368558 0.578366757730815
608887576.6126016 0.578052031457928
611035467.0353924 0.5770512927186691
611710197.0111382 0.5767372822742693
612384926.986884 0.5764234427029975
613059656.9626298 0.5761097739118706
613903069.432312 0.575717927940969
614577799.4080578 0.5754046430654611
615252529.3838036 0.575091528668253
615938504.8591452 0.5747733703660642
616613234.834891 0.5744605994846296
617287964.8106368 0.5741479988017975
617962694.7863826 0.5738355682249521
618637424.7621284 0.5735233076615277
619312154.7378742 0.5732112170190092
619986884.71362 0.5728992962049317
620661614.6893657 0.572587545126881
621336344.6651115 0.5722759636924926
622022320.1404531 0.5719593630473533
622697050.1161989 0.5716481234469346
623371780.0919447 0.5713370532118508
624046510.0676905 0.5710261522499394
624721240.0434363 0.5707154204690877
626070699.9949279 0.5700944640823653
626756675.4702694 0.5697790703098338
627431405.4460152 0.5694690171458737
628106135.421761 0.5691591327016327
628780865.3975068 0.5688494168852994
629455595.3732526 0.5685398696051126
630130325.3489984 0.568230490769361
630805055.3247442 0.5679212802863832
631479785.30049 0.5676122380645677
632165760.7758316 0.5672982175357318
632840490.7515774 0.5669895143621324
633515220.7273232 0.566680979173636
634189950.703069 0.5663726118788311
634864680.6788148 0.5660644123863561
635539410.6545606 0.5657563806048989
636214140.6303064 0.5654485164431974
636888870.6060522 0.5651408198100386
637574846.0813937 0.5648281665457113
638249576.0571395 0.5645208074845321
638924306.0328853 0.5642136156770384
639599036.0086311 0.563906591032217
640273765.9843769 0.5635997334591035
640948495.9601227 0.5632930428667843
641623225.9358685 0.5629865191643936
642297955.9116143 0.5626801622611166
642972685.8873601 0.5623739720661869
643658661.3627017 0.5620628495070382
644333391.3384475 0.5617569952313844
645008121.3141932 0.5614513073905661
645682851.289939 0.5611457858940159
646357581.2656848 0.5608404306512148
647032311.2414306 0.5605352415716935
647707041.2171764 0.5602302185650325
648381771.1929222 0.5599253615408606
649067746.6682638 0.5596155936282836
649742476.6440096 0.5593110710607743
650417206.6197553 0.5590067142034334
651091936.5955011 0.558702522966087
651766666.5712469 0.558398497258611
652441396.5469927 0.55809463699093
653284809.016675 0.5577150441688954
653959538.9924208 0.5574115558116689
654634268.9681666 0.5571082326018305
655308998.9439124 0.5568050744495135
655994974.419254 0.5564970327756207
656669704.3949997 0.5561942072161449
657344434.3707455 0.5558915464433871
658019164.3464913 0.555589050367676
658693894.3222371 0.5552867188993896
659368624.2979829 0.5549845519489545
660043354.2737287 0.5546825494268459
660616874.7531126 0.5544259764979911
661179149.7329007 0.554174549623353
661853879.7086465 0.5538729878752162
662528609.6843923 0.5535715902260769
663203339.6601381 0.5532703565866383
663889315.1354797 0.5529642704272647
664564045.1112255 0.5526633672692968
665238775.0869713 0.5523626278519453
665913505.0627171 0.5520620520861085
666588235.0384629 0.5517616398827333
667262965.0142087 0.5514613911528147
667937694.9899545 0.5511613058073963
668623670.465296 0.5508563864397104
669298400.4410418 0.5505566303159769
669973130.4167876 0.5502570373086854
670647860.3925334 0.5499576073290735
671322590.3682792 0.5496583402884279
671997320.344025 0.5493592360980825
672672050.3197708 0.5490602946694205
673346780.2955166 0.548761515913873
674032755.7708582 0.548457924183685
674707485.746604 0.5481594732163709
675382215.7223498 0.5478611846552798
675865772.2049676 0.5476475110396504
676349328.6875854 0.5474339207597553
677024058.6633312 0.5471360270180713
677698788.639077 0.5468382953793883
678384764.1144185 0.5465357676338872
679059494.0901643 0.5462383626346529
679734224.0659101 0.5459411194724633
680408954.0416559 0.5456440380592528
681083684.0174017 0.5453471183070032
681758413.9931475 0.545050360127745
682433143.9688933 0.5447537634335554
683119119.4442348 0.5444523889151699
683793849.4199806 0.5441561176152886
684468579.3957264 0.5438600075355341
685143309.3714722 0.5435640585881764
685818039.347218 0.5432682706855325
686492769.3229638 0.5429726437399681
687167499.2987096 0.5426771776638961
687842229.2744554 0.5423818723697774
688516959.2502012 0.5420867277701198
689202934.7255428 0.5417868287378027
689877664.7012886 0.5414920079393699
690552394.6770344 0.5411973475717534
691227124.6527802 0.5409028475476525
691901854.628526 0.5406085077798143
692576584.6042718 0.5403143281810328
693251314.5800176 0.54002030866415
693926044.5557634 0.5397264491420549
694612020.0311049 0.5394278558883898
695286750.0068507 0.5391343187576692
695961479.9825965 0.5388409413592393
696636209.9583423 0.5385477236061799
697310939.9340881 0.5382546654116174
697985669.9098339 0.5379617666887259
698660399.8855797 0.5376690273507265
699335129.8613255 0.5373764473108881
700021105.3366671 0.537079154150435
700695835.3124129 0.5367868950982594
701370565.2881587 0.5364947950828903
704744215.1668876 0.5350366775308197
705430190.6422292 0.5347406788028936
706104920.617975 0.5344496922644311
706779650.5937208 0.534158864070319
707454380.5694666 0.5338681941343925
708129110.5452124 0.533577682370533
708803840.5209582 0.533287328692669
709478570.496704 0.5329971330147759
710153300.4724498 0.5327070952508757
710828030.4481956 0.5324172153150375
712188735.8992829 0.5318331038436448
713538195.8507745 0.5312544526443762
714887655.8022661 0.530676431035872
715562385.7780119 0.5303876561140605
716237115.7537577 0.5300990383331177
716923091.2290993 0.5298057712588948
717597821.2048451 0.5295174701186464
718272551.1805909 0.5292293258614521
718947281.1563367 0.5289413384019418
719622011.1320825 0.5286535076547918
720296741.1078283 0.5283658335347249
720971471.083574 0.5280783159565106
721657446.5589156 0.527786166807989
722332176.5346614 0.5274989646634437
723006906.5104072 0.5272119188039186
723681636.486153 0.5269250291443693
724356366.4618988 0.5266382955997974
725031096.4376446 0.5263517180852506
725705826.4133904 0.5260652965158232
726391801.888732 0.5257742610315023
727066531.8644778 0.5254881536933197
727741261.8402234 0.5252022020444035
728415991.8159692 0.5249164060000332
729090721.791715 0.5246307654755343
729765451.7674608 0.5243452803862787
730440181.7432066 0.5240599506476842
731114911.7189524 0.5237747761752143
731800887.194294 0.5234850078771173
732475617.1700398 0.5232001462677104
733150347.1457856 0.5229154396696892
733825077.1215314 0.5226308879987023
734499807.0972772 0.5223464911704438
735174537.073023 0.5220622491006541
735849267.0487688 0.521778161705119
736523997.0245146 0.5214942288996707
737198727.0002604 0.5212104506001866
737884702.4756019 0.5209221009657815
738559432.4513477 0.5206386339976279
739234162.4270935 0.520355321281947
739908892.4028393 0.5200721627347996
740583622.3785851 0.5197891582722933
740999705.8636284 0.5196147156242042
741427034.8482673 0.5194356192479549
742101764.8240131 0.5191529611693935
742776494.7997589 0.5188704569031362
743451224.7755047 0.5185881063654835
744125954.7512505 0.5183059094727824
744811930.2265921 0.5180191667197651
745486660.2023379 0.5177372794234434
746161390.1780837 0.5174555455199938
746836120.1538295 0.5171739649259457
747510850.1295753 0.5168925375578733
748185580.105321 0.5166112633323969
748860310.0810668 0.5163301421661816
749535040.0568126 0.5160491739759383
750209770.0325584 0.5157683586784229
750895745.5079 0.515483019776466
751570475.4836458 0.5152025125595909
752245205.4593916 0.5149221579845987
752919935.4351374 0.514641955968427
753594665.4108832 0.5143619064280591
754269395.386629 0.5140820092805231
754944125.3623748 0.5138022644428922
755618855.3381206 0.5135226718322848
756304830.8134621 0.5132385753132856
756979560.7892079 0.5129592894419169
757654290.7649537 0.512680155547819
758329020.7406995 0.5124011735482912
759003750.7164453 0.5121223433606782
759678480.6921911 0.5118436649023694
760353210.6679369 0.5115651380907992
761027940.6436827 0.5112867628434469
761713916.1190243 0.511003903297994
762388646.0947701 0.5107258334543188
763063376.0705159 0.5104479149261962
763738106.0462617 0.5101701476312857
764412836.0220075 0.5098925314872914
765087565.9977533 0.5096150664119629
765661086.4771372 0.5093793398142678
765987205.9654143 0.5092453478318151
766414534.9500533 0.509069825480973
767089264.9257991 0.5087928080924998
767763994.9015449 0.5085159414468711
768438724.8772907 0.5082392254620579
769124700.3526323 0.5079580519079139
769799430.3283781 0.5076816395064117
770474160.3041239 0.5074053775185421
771148890.2798697 0.507129265862455
771823620.2556155 0.5068533044563457
772498350.2313613 0.5065774932184534
773173080.2071071 0.506301832067062
773847810.1828529 0.5060263209204999
774533785.6581944 0.5057463716131353
775208515.6339402 0.505471162728064
775883245.609686 0.5051961036017149
776557975.5854318 0.504921194152595
777232705.5611776 0.5046464342992549
777907435.5369234 0.5043718239602905
778582165.5126692 0.5040973630543412
779256895.488415 0.5038230515000911
779931625.4641608 0.5035488892162682
780617600.9395024 0.5032703105002364
781292330.9152482 0.5029964489980757
781967060.890994 0.5027227365214403
782641790.8667397 0.502449172989236
783316520.8424855 0.5021757583204123
783991250.8182313 0.5019024924339633
784665980.7939771 0.5016293752489269
785340710.7697229 0.5013564066843855
786026686.2450645 0.5010790409170499
786701416.2208103 0.5008063718245489
787376146.1965561 0.500533851108707
788050876.1723019 0.500261478688783
788725606.1480477 0.49998925448407944
789400336.1237935 0.49971717841394314
790075066.0995393 0.4994452503977645
790749796.0752851 0.4991734703549781
791435771.5506266 0.4988973122550861
792110501.5263724 0.49862583038042063
792785231.5021182 0.49835449623637323
793459961.477864 0.49808330974255405
794134691.4536098 0.49781227081861745
794809421.4293556 0.497541379384261
795484151.4051013 0.4972706353592265
796170126.8804429 0.49699552996611496
796844856.8561887 0.49672508297259305
800218506.7349176 0.4953750539160696
800893236.7106634 0.4951054887270094
801579212.186005 0.4948315811595345
802253942.1617508 0.49456231170869375
802928672.1374966 0.49429318878454986
803603402.1132424 0.4940242123073685
804278132.0889882 0.4937553821974585
804952862.064734 0.4934866983751722
805627592.0404798 0.49321816076090474
806313567.5158213 0.492945297321245
806988297.4915671 0.49267705431785147
807663027.4673129 0.4924089572825992
808337757.4430587 0.4921410061360579
809012487.4188045 0.49187320079884
809687217.3945503 0.4916055411916014
810361947.3702961 0.4913380272350411
811036677.3460419 0.49107065884990136
811711407.3217877 0.4908034359569674
812397382.7971293 0.4905319084172568
813072112.7728751 0.4902649786928243
813746842.7486209 0.4899981942218943
814421572.7243667 0.48973155492542514
815096302.7001125 0.489465060724418
815771032.6758583 0.4891987115399174
816445762.651604 0.4889325072930104
817131738.1269456 0.4886620148085172
817806468.1026914 0.4883961026125616
818481198.0784372 0.4881303351164065
819155928.054183 0.4878647122413113
819830658.0299288 0.48759923390857834
820505388.0056746 0.487333900039553
821180117.9814204 0.48706871055562345
821854847.9571662 0.4868036653782204
822540823.4325078 0.4865343506344788
823215553.4082536 0.48626959623641974
823890283.3839993 0.4860049859081292
824565013.3597451 0.4857405195712096
825239743.335491 0.4854761971473061
825914473.3112367 0.4852120185581066
826589203.2869825 0.48494798372534115
827263933.2627283 0.48468409257078293
827938663.2384741 0.4844203450162473
829974098.6653073 0.4836255757653658
830648828.6410531 0.48336240421739435
831323558.6167989 0.4830993758778618
831998288.5925447 0.48283649066883905
832673018.5682905 0.4825737485124398
833347748.5440363 0.48231114933082
834033724.0193778 0.48204431998497926
834708453.9951236 0.4817820088992173
835383183.9708694 0.4815198405536617
836057913.9466152 0.4812578148706383
836732643.922361 0.48099593177251554
837407373.8981068 0.48073419118170363
838082103.8738526 0.4804725930206556
838756833.8495984 0.4802111372118659
839442809.32494 0.4799454696572478
840117539.3006858 0.4796843006899292
840792269.2764316 0.4794232738413172
841466999.2521774 0.47916238903407626
842141729.2279232 0.47890164619091247
842816459.203669 0.4786410452345741
843491189.1794147 0.4783805860878516
844165919.1551605 0.47812026867357715
844851894.6305021 0.4778557578516723
845526624.6062479 0.47759572602994355
846201354.5819937 0.4773358357081281
846876084.5577395 0.4770760868092269
847550814.5334853 0.4768164792562825
848225544.5092311 0.4765570129723798
848900274.4849769 0.47629768788064514
849575004.4607227 0.47603850390424685
850260979.9360642 0.47577514477857036
850935709.91181 0.4755162451512305
851610439.8875558 0.47525748640770465
852285169.8633015 0.474998868471329
852959899.8390473 0.47474039126548145
853634629.8147931 0.4744820547135813
854309359.7905389 0.47422385873909007
854984089.7662847 0.4739658032655104
855670065.2416263 0.4737035908215068
856344795.2173721 0.47344581845891237
857019525.1931179 0.4731881863667154
857694255.1688637 0.4729306944685856
858368985.1446095 0.47267334268823463
859043715.1203552 0.4724161309494153
859718445.096101 0.4721590591759222
860393175.0718468 0.4719021272915912
861067905.0475926 0.47164533522029967
861731389.5237427 0.47139295928021724
862406119.4994885 0.4711364442797435
863080849.4752343 0.47088006886545597
863755579.4509801 0.47062383296139715
864441554.9263216 0.470363469398041
865116284.9020674 0.47010751460872946
865791014.8778132 0.4698516991007577
866465744.853559 0.4695960227983337
867140474.8293048 0.46934048562570696
867815204.8050506 0.46908508750716804
868489934.7807964 0.46882982836704873
869164664.7565422 0.46857470812972196
869850640.2318838 0.468315478205178
870525370.2076296 0.4680606378586078
871200100.1833754 0.4678059361869379
871874830.1591212 0.4675513731147065
872549560.134867 0.4672969485664926
873224290.1106128 0.4670426624669166
873899020.0863585 0.46678851474063976
874584995.5617001 0.4665302729931557
875259725.5374459 0.4662764040906998
875934455.5131917 0.46602267333451947
876609185.4889375 0.46576908064944045
881343540.8187538 0.46399358223208964
882018270.7944996 0.46374109370500627
882693000.7702454 0.4634887425730481
883367730.7459912 0.46323652876144966
884042460.721737 0.4629844521954861
884717190.6974828 0.46273251280047345
885403166.1728244 0.4624765149578752
886077896.1485702 0.4622248519639376
886752626.124316 0.46197332591589985
887427356.1000618 0.46172193673924106
887843439.585105 0.46156698160783105
888045858.5778288 0.4614916168347293
888484433.0620635 0.46132836870530125
888979235.0442771 0.4611442606547439
889249127.0345755 0.4610438690520877
889698947.0184059 0.460876598279445
890384922.4937475 0.4606216271857789
891059652.4694933 0.4603709735546847
891734382.4452391 0.4601204563202317
892409112.4209849 0.4598700754081977
893083842.3967307 0.4596198307444009
893758572.3724765 0.4593697222547
894320847.3522646 0.4591614024817001
894871876.8324571 0.45895734076022426
895546606.8082029 0.4587075927736138
896221336.7839487 0.4584579806908255
896907312.2592902 0.45820434765071655
897582042.235036 0.4579550094157242
897986880.2204834 0.4578054716062631
898133071.7152283 0.45775148384263653
898560400.6998674 0.45759370995842225
899235130.6756132 0.4573447040103783
899909860.651359 0.457095833562366
900584590.6271048 0.456847098540651
901259320.6028506 0.4565984988715394
901934050.5785964 0.45635003448137706
902620026.0539379 0.45609756762187353
903294756.0296837 0.4558493758203811
903969486.0054295 0.455601319075891
904644215.9811753 0.4553533973149104
905318945.9569211 0.45510561046398595
905993675.9326669 0.4548579584497046
906679651.4080085 0.4546063170525028
907354381.3837543 0.454358936735639
908029111.3595 0.454111691034197
908703841.3352458 0.4538645798749241
909378571.3109916 0.45361760318460737
910053301.2867374 0.45337076089007344
910728031.2624832 0.45312405291818925
911402761.238229 0.4528774791958611
912088736.7135706 0.4526269334606287
912763466.6893164 0.452380630252731
913438196.6650622 0.4521344610741314
914112926.640808 0.45188842585189615
914787656.6165538 0.4516425245131309
915462386.5922996 0.45139675698498116
916137116.5680454 0.4511511231946321
916823092.0433869 0.45090153253257836
917497822.0191327 0.45065616822546645
918172551.9948785 0.45041093743673677
918847281.9706243 0.45016584009373356
919522011.9463701 0.4499208761238405
920196741.9221159 0.44967604545448064
920871471.8978617 0.4494313480131167
921546201.8736075 0.4491867837272509
922232177.3489491 0.44893827979814094
922906907.3246949 0.44869398382216585
923581637.3004407 0.4484498207832259
924256367.2761865 0.44820579060898164
924762414.7579957 0.44802285512726037
925268462.2398051 0.4478399943107736
925943192.2155509 0.4475962959820411
926617922.1912967 0.4473527302651258
927292652.1670425 0.4471092970878651
927967382.1427883 0.4468659963781356
928653357.6181298 0.4466187763798886
929328087.5938756 0.44637574259378876
930002817.5696214 0.4461328410578859
930677547.5453672 0.44589007170021433
931352277.521113 0.44564743444884747
932027007.4968588 0.44540492923189784
932701737.4726046 0.44516255597751697
933376467.4483504 0.44492031461389564
934062442.923692 0.4446741710265778
934737172.8994378 0.4444321954243844
935411902.8751836 0.44419035149656255
936086632.8509294 0.44394863917146
936761362.8266752 0.44370705837746316
937436092.802421 0.44346560904299764
938110822.7781668 0.4432242910965279
938785552.7539126 0.4429831044665574
939471528.2292541 0.4427380326034099
940146258.2049999 0.44249711057772567
940820988.1807457 0.442256319653095
941495718.1564915 0.4420156597581772
942170448.1322373 0.4417751308216707
942845178.1079831 0.4415347327723127
943519908.0837289 0.4412944655388792
944205883.5590705 0.44105032788266646
944880613.5348163 0.44081032424485533
945555343.5105621 0.4405704512083442
946230073.4863079 0.4403307087020644
946904803.4620537 0.44009109665498625
947579533.4377995 0.4398516149961186
948254263.4135453 0.4396122636545088
948928993.389291 0.4393730425592429
949603723.3650368 0.4391339516394456
950289698.8403784 0.43889100924589947
950964428.8161242 0.4386521806311985
951639158.79187 0.43841348197839247
952313888.7676158 0.43817491321676066
952988618.7433616 0.43793647427562116
953663348.7191074 0.4376981650843302
954338078.6948532 0.43745998557228266
955012808.670599 0.43722193566891177
955687538.6463448 0.4369840153036893
956373514.1216863 0.43674226232097646
957048244.0974321 0.43650460297664245
957722974.0731779 0.4362670729579287
958397704.0489237 0.4360296721944608
959072434.0246695 0.43579240061590274
959747164.0004153 0.4355552581519568
961096623.9519069 0.4350813602869015
961782599.4272485 0.43484065991139914
962457329.4029942 0.43460403535032494
963806789.3544858 0.4341311724456941
964481519.3302315 0.43389493396203993
965156249.3059773 0.43365882403082495
965830979.2817231 0.4334228425820957
966516954.7570647 0.43318305974954224
967191684.7328105 0.43294733719452877
967866414.7085563 0.4327117429112048
968541144.6843021 0.43247627682976947
969215874.6600479 0.43224093888046006
973275500.0141184 0.4308276896286131
973950229.9898642 0.4305932487808372
974624959.96561 0.4303589355072922
975299689.9413558 0.43012474973855663
975974419.9171016 0.4298906914052471
976649149.8928474 0.42965676043801776
977323879.8685932 0.4294229567675607
978009855.3439348 0.42918538679472823
978684585.3196806 0.42895183962876055
979359315.2954264 0.42871841955071444
980034045.2711722 0.428485126491433
980708775.246918 0.42825196038179736
981383505.2226638 0.4280189211527262
982058235.1984096 0.4277860087351756
982744210.6737511 0.4275493443722866
983418940.6494969 0.4273166874814376
984093670.6252427 0.4270841571940545
984768400.6009885 0.4268517534412444
985443130.5767343 0.42661947615415163
986117860.5524801 0.42638732526395823
986792590.5282259 0.42615530070188345
987478566.0035675 0.42591953849677866
988153295.9793133 0.4256877684873451
988828025.955059 0.4254561245987686
989502755.9308048 0.4252246067624189
990177485.9065506 0.4249932149097028
990852215.8822964 0.42476194897206476
991526945.8580422 0.42453080888098615
992201675.833788 0.42429979456798594
992887651.3091296 0.42406505888588114
993562381.2848754 0.4238342980171843
994237111.2606212 0.4236036627202068
994911841.236367 0.423373152926617
995586571.2121128 0.4231427685681204
996261301.1878586 0.4229125095764598
996936031.1636044 0.4226823758834152
997352114.6486475 0.42254052253427116
997768198.1336908 0.42239871679149493
999826124.5597155 0.4216980527209739
1001884050.9857402 0.42099855089389765
1002570026.4610817 0.42076564156121726
1002963618.9469335 0.42063206323929075
1003638348.9226793 0.4204031704826703
1004324324.3980209 0.42017059053272526
1004999054.3737667 0.4199419488928625
1005673784.3495125 0.4197134316715113
1006348514.3252583 0.4194850388009676
1006989507.8022168 0.419268180692254
1007630501.2791753 0.4190514346910889
1008305231.254921 0.41882340205536084
1008979961.2306668 0.41859549350674624
1009654691.2064126 0.4183677089777215
1010340666.6817541 0.41813625510761654
1011015396.6574999 0.41790872047952016
1011690126.6332457 0.4176813096675396
1012364856.6089915 0.41745402260429865
1013714316.5604831 0.4169998194547136
1014400292.0358247 0.4167691223431183
1015075022.0115705 0.41654233165923
1015749751.9873163 0.41631566438662987
1016424481.963062 0.41608912045816204
1017099211.9388078 0.41586269980670715
1017773941.9145536 0.4156364023651823
1018448671.8902994 0.415410228066541
1019123401.8660452 0.4151841768437734
1019798131.841791 0.4149582486299061
1020484107.3171326 0.4147286809780142
1021158837.2928784 0.41450300062852397
1021833567.2686242 0.4142774430861182
1022508297.24437 0.41405200828396976
1023183027.2201158 0.41382669615528767
1023857757.1958616 0.4136015066333177
1024532487.1716074 0.41337643965134147
1025207217.1473532 0.4131514951426773
1025893192.6226947 0.4129229270423234
1026567922.5984405 0.4126982293188198
1027242652.5741863 0.412473653867691
1027917382.5499321 0.41224920062240095
1028592112.5256779 0.4120248695164497
1029941572.4771695 0.41157657345674414
1033686323.8425587 0.41033510504353504
1034361053.8183045 0.4101118155191743
1035035783.7940503 0.40988864750089743
1035710513.7697961 0.40966560092258525
1036385243.7455419 0.4094426757181545
1037059973.7212877 0.40921987182155783
1037745949.1966293 0.4089934788160164
1038420679.1723751 0.40877091935612864
1039095409.1481208 0.40854848100505015
1039770139.1238666 0.40832616369687774
1041119599.0753582 0.4078818919458186
1041794329.051104 0.407659937371305
1042480304.5264455 0.4074344073694272
1042907633.5110846 0.4072939763467386
1043087561.5046167 0.4072348619765907
1043514890.4892558 0.4070944997315092
1044200865.9645973 0.40686928254710564
1044875595.9403431 0.40664787899800575
1045550325.9160889 0.4064265959287101
1046225055.8918347 0.40620543327365816
1046899785.8675805 0.4059843909673247
1047574515.8433263 0.4057634689442203
1048249245.8190721 0.40554266713889126
1048923975.7948179 0.40532198548591925
1049609951.2701595 0.40509774891085326
1050284681.2459053 0.4048773093662905
1050959411.2216511 0.40465698977695574
1051634141.1973969 0.40443679007757355
1052308871.1731427 0.40421671020290423
1052747445.6573774 0.4040737225094836
1053186020.1416122 0.40393078539655586
1053860750.117358 0.4037109808713342
1054535480.0931038 0.4034912959557861
1055210210.0688496 0.4032717305848239
1055884940.0445954 0.4030522846933961
1056559670.0203412 0.4028329582164861
1057234399.996087 0.40261375108911296
1057909129.9718328 0.4023946632463307
1058583859.9475785 0.40217569462322933
1059269835.4229201 0.401953198672932
1059944565.3986659 0.40173447027888576
1060619295.3744117 0.4015158609089213
1061294025.3501575 0.40129737049826997
1061968755.3259033 0.4010789989821983
1062643485.3016491 0.4008607462960083
1063318215.2773949 0.40064261237503696
1063992945.2531407 0.40042459715465667
1065353650.704228 0.3999852939279808
1066028380.6799738 0.39976763639652735
1066703110.6557196 0.399550097306431
1067377840.6314654 0.39933267659324007
1068052570.6072112 0.39911537419253823
1068727300.582957 0.39889819003994414
1069402030.5587028 0.39868112407111134
1070088006.0340444 0.39846056142460695
1070762736.0097902 0.39824373359743986
1071437465.985536 0.3980270237601346
1072112195.9612818 0.3978104318484855
1072786925.9370276 0.39759395779832163
1073461655.9127734 0.3973776015455071
1074822361.3638606 0.39694164115793823
1075497091.3396065 0.39672563987224835
1076171821.3153522 0.39650975612664635
1076846551.291098 0.39629398985717124
