1.0 0.9692271607150056
1911735.9312797538 0.9666100357130699
3148740.8868137123 0.964922977725998
3823470.8625595076 0.9640048675839558
5858906.289392658 0.961244194338684
7129647.743713906 0.9595274758708866
11807775.57555142 0.9532521742301019
13831965.502788808 0.950558492616967
18566320.83260514 0.9443086122940014
20590510.759842526 0.9416577878841847
23300676.162421472 0.9381284463285959
25673476.57712752 0.9350569371334814
26977954.530236058 0.9333756436747256
27517738.510832693 0.932681446372396
29451964.441303972 0.9302011384703336
34861049.7468661 0.9233244870422603
36210509.698357694 0.9216224544493797
38920675.10093664 0.9182204035725033
39539177.57870361 0.9174470186993848
41315966.51483421 0.9152314991981594
42665426.466325805 0.9135549531533449
43340156.442071594 0.9127186561195575
44014886.41781739 0.9118836728407411
46725051.82039634 0.9085430057233619
49423971.72337952 0.9052370506349344
50098701.69912531 0.9044137931379214
50773431.67487111 0.9035918229048379
52134137.125958465 0.9019380879052217
52808867.10170426 0.9011199851103797
53483597.07745006 0.9003031591181392
54158327.05319585 0.8994876073382375
54563165.03864333 0.8989988868167831
54979248.52368657 0.8984970671760728
55653978.49943236 0.8976843306938013
60388333.8292487 0.892017089468955
61063063.80499449 0.8912144295634306
61749039.28033605 0.8903996687888036
62423769.25608185 0.8895995180559144
65122689.15906503 0.8864112942346132
65797419.13481082 0.8856173205427145
66472149.11055662 0.8848245747695922
67146879.08630241 0.8840330544314458
69182314.51313557 0.8816527005938007
70531774.46462716 0.8800806674699834
73241939.8672061 0.8769381094208183
73916669.8429519 0.8761587479950887
74591399.81869769 0.8753805849560587
75266129.79444349 0.8746036178842089
76413170.75321133 0.8732855117757983
77099146.2285529 0.8724988760012848
78122486.69176735 0.8713276498054203
80101694.62062168 0.86907013736608
82080902.54947603 0.8668227472561785
83374135.0029888 0.8653597214142733
83981391.98116001 0.8646742129499523
85330851.93265161 0.8631542305431724
86005581.90839739 0.8623959777447281
86680311.88414319 0.8616388807718853
88029771.83563478 0.8601281450003475
89390477.28672214 0.8586094727596285
93157719.65130283 0.8544291025816999
93832449.62704863 0.853684115291456
94507179.60279442 0.8529402571433532
95193155.07813598 0.8521851565481174
95867885.05388178 0.8514435686068262
96542615.02962758 0.8507031029781146
97217345.00537337 0.8499637574079155
97892074.98111916 0.8492255296470609
98566804.95686495 0.8484884174512712
99241534.93261075 0.8477524185811443
99916264.90835655 0.8470175308021446
100602240.3836981 0.8462715316178101
101276970.3594439 0.8455388777619942
101951700.3351897 0.8448073282858338
102626430.3109355 0.8440768809742334
103301160.2866813 0.8433475336169107
103975890.26242709 0.8426192840083855
104650620.23817287 0.8418921299479696
105336595.71351443 0.8411539774785897
106011325.68926023 0.8404290260989227
106686055.66500603 0.8397051636575457
107360785.64075182 0.8389823879729105
108035515.61649762 0.838260696868208
108710245.59224342 0.8375400881713571
109396221.06758498 0.83680857671377
110070951.04333077 0.8360901442849096
110745681.01907657 0.8353727877399977
111420410.99482237 0.8346565049258406
112095140.97056815 0.8339412936939207
112769870.94631395 0.8332271519003858
113444600.92205974 0.8325140774060394
114119330.89780554 0.8318020680763304
114805306.3731471 0.8310792816705814
115198898.85899882 0.8306650633767015
115435054.35050985 0.8304167055012183
115952347.33191496 0.8298731366279566
116627077.30766074 0.8291650675278079
117301807.28340654 0.8284580535866446
117976537.25915234 0.827752092696274
118651267.23489814 0.8270471827530794
119337242.7102397 0.8263315995138991
120011972.68598549 0.8256288026006375
120686702.66173129 0.8249270503162669
121361432.63747708 0.8242263405754517
122036162.61322288 0.8235266712973823
122710892.58896868 0.8228280404057654
123385622.56471446 0.8221304458288134
124071598.04005603 0.8214222849110278
124746328.01580182 0.8207267739516428
125421057.99154761 0.8200322930842296
126095787.96729341 0.8193388402549999
126770517.94303921 0.8186464134146217
127445247.918785 0.8179550105182096
128119977.8945308 0.8172646295253145
128794707.8702766 0.8165752683999146
129469437.8460224 0.8158869251104043
130155413.32136396 0.815188150766203
130830143.29710975 0.8145018539505953
131504873.27285554 0.8138165688688636
132179603.24860133 0.8131322935070463
132854333.22434713 0.81244902585555
133529063.20009293 0.81176676390914
134203793.17583872 0.8110855056669303
134878523.1515845 0.8104052491323745
135564498.62692606 0.8097146798247543
136239228.60267186 0.8090364373451513
136756521.58407697 0.8085171258660123
137026413.5743753 0.8082464127812281
137453742.5590143 0.8078181087432368
138128472.5347601 0.8071426492695079
138803202.51050588 0.806468179975721
139477932.48625168 0.8057946988946547
140152662.46199748 0.8051222040633532
140624973.44501954 0.8046520434509971
141097284.4280416 0.8041823644705777
141772014.4037874 0.8035122286552943
142446744.3795332 0.8028430724474989
143121474.355279 0.8021748939028888
143796204.3310248 0.8015076910813759
144392215.80960023 0.800919138653178
144729580.79747313 0.8005863320324326
145156909.78211215 0.8001651254714508
145831639.75785792 0.7995008543698641
146506369.73360372 0.798837551240958
147169854.20975375 0.7981862452110084
147822093.18630803 0.7975468870070532
148508068.66164958 0.7968754287281201
149182798.63739538 0.7962159463605739
149857528.61314118 0.7955574224751177
150532258.58888698 0.7948998551732285
151206988.56463277 0.7942432425604955
151881718.54037857 0.7935875827466128
152556448.51612437 0.7929328738453689
153231178.49187016 0.792279113974638
153624770.97772187 0.7918981915706038
154029608.96316934 0.7915067215164174
154704338.93891513 0.7908550271747353
155097931.42476687 0.7904753077750101
155491523.91061857 0.7900959089092868
156166253.88636437 0.7894462555206306
156840983.86211017 0.788797541162144
157515713.83785596 0.7881497639774362
158201689.31319752 0.7874921493301338
158876419.28894332 0.7868462564821308
159551149.26468912 0.7862012952321145
160225879.2404349 0.785557263739787
160450789.23235017 0.7853427928709955
160945591.21456376 0.784871319545295
161620321.19030955 0.7842292037375984
162295051.16605535 0.7835880120688189
162969781.14180115 0.7829477427148072
163644511.11754695 0.782308393855363
164319241.09329274 0.7816699636742255
164993971.0690385 0.7810324503590657
165668701.0447843 0.7803958521014764
166354676.52012587 0.7797495800739127
167029406.49587166 0.7791148216975337
167704136.47161746 0.7784809729470419
168378866.44736326 0.7778480320296992
171763761.825688 0.774686416262826
172438491.8014338 0.7740588998511737
173113221.7771796 0.7734322788022459
173787951.7529254 0.7728065513541632
174462681.7286712 0.7721817157488571
175137411.704417 0.7715577702320615
175531004.1902687 0.7711942123654902
175643459.18622634 0.7710903941618895
175778405.1813755 0.7709658448411943
176194488.66641873 0.7705820409785645
176869218.64216453 0.7699603720190288
177555194.1175061 0.769329247982061
178139960.09648576 0.7687919605658527
178735971.57506123 0.7682450213177987
179410701.55080703 0.7676266725343195
180096677.0261486 0.7669989173225904
180771407.00189438 0.7663823360738216
181446136.97764018 0.7657666286936431
182120866.95338598 0.7651517934666563
182795596.92913178 0.7645378286811713
183470326.90487754 0.763924732629198
184145056.88062334 0.7633125036064387
184819786.85636914 0.762701139912279
185505762.3317107 0.7620804721559699
186180492.3074565 0.7614708483831774
186855222.2832023 0.760862084831035
187529952.2589481 0.760254179813644
188204682.23469388 0.7596471316487482
188879412.21043968 0.7590409386577269
189554142.18618548 0.7584355991655868
190228872.16193128 0.7578311115009533
190914847.63727283 0.757217420564241
191589577.61301863 0.7566146456824483
192264307.58876443 0.7560127176080279
192939037.56451023 0.7554116346840618
193613767.54025602 0.7548113952572112
194288497.51600182 0.7542119976777086
194963227.49174762 0.7536134402993497
195649202.96708918 0.7530057665942687
196323932.94283497 0.7524088986285888
196998662.91858077 0.7518128659195125
197673392.89432654 0.7512176668350691
198348122.87007234 0.7506232997468126
199022852.84581813 0.750029763029813
199596373.32520208 0.7495259084885654
200169893.804586 0.749022651725249
200844623.7803318 0.7484313489215477
201519353.7560776 0.7478408705073085
202194083.73182338 0.7472512148740241
202868813.70756918 0.7466623804166597
203554789.18291074 0.746064572220104
204229519.15865654 0.7454773889327428
204904249.13440233 0.7448910220004052
205578979.11014813 0.7443054698319261
206253709.08589393 0.7437207308395746
206928439.06163973 0.7431368034390455
207603169.03738552 0.7425536860494532
208277899.0131313 0.741971377093323
208963874.48847285 0.7413801901219133
209638604.46421865 0.7407995067220808
210313334.43996444 0.7402196270175859
210988064.41571024 0.7396405494445797
211662794.39145604 0.7390622724425874
212337524.36720183 0.7384847944545001
213012254.34294763 0.737908113926568
213675738.81909767 0.7373418208717091
214091822.3041409 0.7369870799304559
214665342.78352484 0.7364986071873592
215351318.2588664 0.7359151070327753
216026048.2346122 0.7353419696120023
216700778.210358 0.7347696212165932
217375508.1861038 0.7341980603143393
218050238.1618496 0.7336272853763361
218724968.1375954 0.7330572948769752
219399698.11334115 0.7324880872939377
220074428.08908695 0.7319196611081862
220760403.5644285 0.7313425606309323
221435133.5401743 0.7307757056557546
222109863.5159201 0.7302096275152444
222784593.4916659 0.7296443247034742
223459323.4674117 0.729079795717762
224134053.4431575 0.7285160390586646
224808783.4189033 0.7279530532299701
225483513.3946491 0.7273908367386905
226169488.86999065 0.7268200371145673
227518948.82148224 0.7256994629227156
228193678.79722804 0.7251403216262288
228868408.77297384 0.7245819422257455
229543138.74871963 0.7240243232475279
230217868.72446543 0.7234674632210127
230892598.70021123 0.7229113606788043
231578574.1755528 0.7223467647781436
232253304.15129858 0.7217921853786207
232928034.12704438 0.7212383590558819
233602764.10279018 0.7206852843551843
234266248.57894018 0.720142159094378
234940978.55468598 0.7195905708192138
235334571.04053771 0.7192691561922046
235728163.52638942 0.7189479955685213
236402893.50213522 0.7183980246220637
237077623.477881 0.7178487978551833
237752353.4536268 0.7173003138322951
238438328.92896837 0.7167434483481248
239113058.90471417 0.7161964578380948
239787788.88045996 0.7156502057600702
240462518.85620576 0.7151046906908373
241137248.83195156 0.714559911210246
241811978.80769733 0.7140158659012027
242486708.78344312 0.7134725533496629
243172684.25878468 0.7129209353126486
243847414.23453048 0.7123790961998792
244522144.21027628 0.7118379855973214
245196874.18602207 0.7112976021031128
245871604.16176787 0.7107579443184066
246546334.13751367 0.7102190108473656
247221064.11325946 0.7096808002971557
247895794.08900526 0.7091433112779384
248581769.56434682 0.7085976023482823
249256499.54009262 0.7080615642011167
249931229.5158384 0.7075262434103491
250605959.4915842 0.7069916385981093
251280689.46733 0.7064577483894896
251955419.4430758 0.7059245714125391
252630149.4188216 0.7053921062982567
253304879.3945674 0.7048603516805849
253979609.3703132 0.7043293061964031
254665584.84565476 0.7037901355123521
255137895.8286768 0.7034193277487679
255610206.81169885 0.7030488656532328
256296182.2870404 0.7025114282101085
256970912.2627862 0.7019835102093387
257645642.238532 0.7014562939868213
261705267.59260255 0.6982989475536279
262379997.56834835 0.6977766178268187
263054727.54409415 0.697254979181713
263729457.51983994 0.6967340302969138
264404187.49558574 0.6962137698538621
265078917.47133154 0.6956941965368313
265753647.4470773 0.6951753090329206
266439622.92241886 0.6946484751071805
267114352.89816466 0.6941309666776171
267789082.87391046 0.6936141401176477
268463812.8496563 0.6930979941256595
269138542.8254021 0.6925825274028351
269813272.8011479 0.6920677386531452
270488002.7768937 0.6915536265833429
271173978.25223523 0.6910316383396634
271848708.22798103 0.6905188869851308
272523438.2037268 0.6900068084259872
273198168.17947257 0.6894954013801009
273872898.15521836 0.6889846645680912
274547628.13096416 0.6884745967133238
275222358.10670996 0.687965196541904
275897088.08245575 0.6874564627826705
276583063.5577973 0.6869399319849652
277257793.5335431 0.6864325383014515
277932523.5092889 0.6859258072119554
278607253.4850347 0.6854197374562353
279281983.4607805 0.6849143277767531
279956713.4365263 0.6844095769186684
280631443.4122721 0.6839054836298324
281306173.3880179 0.6834020466607816
281980903.3637637 0.682899264764733
282655633.3395095 0.6823971366975766
283341608.81485105 0.6818873088150165
284016338.79059684 0.6813864955293134
284691068.76634264 0.6808863323355787
285365798.74208844 0.6803868180003835
286040528.71783423 0.6798879512929433
286715258.69358003 0.6793897309851121
287389988.6693258 0.678892155851377
288064718.6450716 0.6783952246688516
288750694.1204132 0.6778906701814988
289425424.096159 0.6773950339248
290100154.0719048 0.6769000379461276
290774884.0476506 0.6764056810330885
291449614.0233964 0.675911961975888
292124343.99914217 0.6754188795673234
292799073.97488797 0.6749264326027787
293485049.4502295 0.6744264283681135
294159779.4259753 0.6739352592286394
294834509.4017211 0.673444721914873
295509239.3774669 0.6729548152325303
296183969.3532127 0.6724655379898855
296858699.3289585 0.6719768889977648
297533429.3047043 0.6714888670695417
298208159.2804501 0.6710014710211306
298894134.75579166 0.67050659210101
299568864.73153746 0.6700204546521163
300243594.70728326 0.6695349395263824
300918324.683029 0.6690500455498737
301593054.6587748 0.6685657715511686
302267784.6345206 0.6680821163613534
302942514.6102664 0.6675990788140164
303628490.08560795 0.6671086226104217
304303220.06135374 0.666626827104247
304977950.03709954 0.6661456457369787
305697662.0112284 0.6656330612265356
306147481.99505895 0.6653130494528227
306822211.97080475 0.6648335408388945
307508187.4461463 0.6643466655729785
308182917.4218921 0.6638683856153754
308857647.3976379 0.6633907131809823
309532377.3733837 0.6629136471275371
310207107.3491295 0.6624371863152205
310881837.3248753 0.661961329606652
311556567.3006211 0.6614860758668835
312231297.2763669 0.6610114239633935
312917272.75170845 0.6605294769956853
313592002.72745425 0.660056035360307
314266732.70320004 0.6595831921594207
314941462.6789458 0.6591109462702011
315616192.6546916 0.6586392965722232
316290922.6304374 0.6581682419474577
316965652.6061832 0.6576977812802655
317640382.58192897 0.6572279134573914
318326358.0572705 0.6567508211067838
319001088.0330163 0.6562821454766655
319675818.0087621 0.6558140593469414
320350547.9845079 0.6553465616138824
321025277.9602537 0.654879651176118
321700007.9359995 0.6544133269346307
322217300.91740465 0.6540562079829599
322745839.3984055 0.6536916802668425
323420569.3741513 0.6532268458675405
324095299.3498971 0.6527625937819324
324770029.3256429 0.6522989229216429
325444759.3013887 0.6518358322006214
326119489.2771345 0.6513733205351364
326805464.75247604 0.6509036928394917
327480194.72822183 0.6504423456489269
328154924.70396763 0.649981574258644
328829654.6797134 0.6495213775941772
329504384.6554592 0.6490617545833545
330179114.631205 0.6486027041562927
330853844.6069508 0.648144225245393
331472347.0847178 0.6477244540615755
332102095.06208056 0.6472975423171667
332495687.54793227 0.6470309740076822
332889280.033784 0.6467645989310334
333564010.00952977 0.6463084048998116
334913469.96102136 0.6453977143673945
335588199.93676716 0.6449432157605208
336262929.91251296 0.644489280193161
336937659.88825876 0.644035906618083
337623635.3636003 0.6435755518596867
338298365.3393461 0.6431233084593267
338973095.3150919 0.642671623905613
339647825.2908377 0.6422204971602562
340322555.2665835 0.6417699271871822
340997285.2423293 0.6413199129525257
341672015.2180751 0.6408704534246261
342357990.69341666 0.6404140704948692
343032720.66916245 0.6399657264964387
343707450.64490825 0.6395179341058959
344382180.62065405 0.6390706923003859
345056910.59639984 0.6386240000592349
345731640.5721456 0.6381778563639436
346406370.5478914 0.6377322601981843
347092346.02323294 0.6372797976780543
349791265.9262161 0.6355050802543959
350465995.9019619 0.6350627570600178
351140725.8777077 0.6346209743245829
351815455.8534535 0.6341797310489932
352501431.3287951 0.633731685712374
353176161.3045409 0.6332915273170696
353850891.28028667 0.6328519053805358
354525621.25603247 0.6324128189121934
355200351.23177826 0.6319742669235715
355875081.20752406 0.6315362484283048
356561056.6828656 0.6310914755149626
357235786.6586114 0.6306545299061757
357910516.6343572 0.63021811482791
358585246.610103 0.6297822293022064
359259976.5858488 0.629346872353187
359934706.5615946 0.6289120430070507
360609436.5373404 0.6284777402920688
361295412.01268196 0.6280367380690295
361970141.98842776 0.6276034944461487
362644871.96417356 0.6271707745355488
363319601.93991935 0.626738577373779
363994331.91566515 0.6263069019994373
364669061.89141095 0.6258757474531669
365343791.86715674 0.6254451127776518
366018521.84290254 0.6250149970176114
366693251.81864834 0.6245853992197968
367379227.2939899 0.6241491714613627
368053957.2697357 0.6237206153293564
368728687.2454815 0.623292574296204
369403417.2212273 0.6228650474167714
370078147.1969731 0.6224380337479334
370752877.1727189 0.6220115323485699
371427607.1484647 0.6215855422795606
372102337.1242105 0.6211600626037818
372788312.59955204 0.6207280138600638
373463042.57529783 0.6203035606348556
374137772.55104357 0.619879614987934
374812502.52678937 0.6194561759901475
375487232.50253516 0.6190332427143183
376161962.47828096 0.6186108142352386
376836692.45402676 0.6181888896296658
377511422.42977256 0.617767467976318
378186152.40551835 0.61734654835587
378872127.8808599 0.616919127116213
379546857.8566057 0.6164992171403181
380221587.8323515 0.6160798064358362
380896317.8080973 0.6156608940912579
381571047.7838431 0.6152424791970091
382245777.7595889 0.6148245608454462
382920507.7353347 0.6144071381308528
383595237.7110805 0.613990210149434
384281213.18642205 0.6135668396088658
384955943.16216785 0.6131509065979907
385630673.13791364 0.6127354656054479
386305403.11365944 0.612320515735122
386980133.08940524 0.611906056092799
387654863.06515104 0.6114920857861615
388329593.04089683 0.6110786039247857
389015568.5162384 0.6106587305073616
389690298.4919842 0.6102462309764534
390365028.46773 0.6098342172161193
391039758.4434758 0.6094226883434964
391680751.9204343 0.6090321842393085
392321745.3973928 0.6086421161973938
392985229.87354285 0.6082388200372971
393671205.3488844 0.6078223423126344
394345935.3246302 0.6074131766901185
395020665.300376 0.6070044907843914
395695395.2761218 0.6065962837254242
396370125.25186753 0.6061885546450315
397044855.22761333 0.6057813026768674
397719585.2033591 0.6053745269564225
398225632.6851685 0.6050697571846309
398720434.66738206 0.6047720182823905
399406410.1427236 0.6043596655822525
400081140.1184694 0.6039545499472182
400755870.0942152 0.6035499066922179
401430600.069961 0.6031457349627666
402105330.0457068 0.6027420339061885
402780060.0214526 0.6023388026716139
403454789.9971984 0.6019360404099747
404129519.9729442 0.6015337462740004
404534357.95839167 0.6012925941409422
404939195.9438392 0.6010516100464036
405332788.4296909 0.6008174808832853
405737626.41513836 0.6005768276645984
406412356.39088416 0.6001761110949994
407087086.36662996 0.5997758589583079
407761816.34237576 0.5993760704168637
408436546.31812155 0.598976744634779
409111276.29386735 0.5985778807779354
409786006.26961315 0.5981794780139781
410471981.7449547 0.5977749070320083
411146711.7207005 0.5973774316140144
411821441.6964463 0.5969804147886255
412496171.6721921 0.5965838557305373
413170901.6479379 0.5961877536161909
413845631.6236837 0.5957921076237694
414520361.5994295 0.5953969169331935
415195091.5751752 0.5950021807261177
415757366.5549634 0.5946735804725843
416308396.03515583 0.594351857427596
416983126.01090163 0.593958321657031
417657855.9866474 0.5935652373976599
418332585.9623932 0.5931726038391505
418737423.9478407 0.5929372397040016
419131016.4336924 0.5927085685711507
419524608.9195441 0.5924800502017509
419918201.4053958 0.5922516844359641
420469230.8855882 0.5919322284340135
421020260.36578065 0.5916130707848724
421694990.3415264 0.5912226711974766
422369720.3172722 0.5908327174981026
423055695.79261374 0.5904367208444934
423730425.76835954 0.5900476639256349
424405155.74410534 0.5896590504912629
425079885.71985114 0.5892708797480021
425754615.69559693 0.5888831509041529
426429345.67134273 0.5884958631696869
427104075.6470885 0.5881090157562439
430848827.0124777 0.5859699800966182
431523556.9882235 0.5855859974096034
432198286.9639693 0.58520244914495
432884262.43931085 0.5848129529543611
433558992.41505665 0.5844302784213733
434233722.39080244 0.5840480359800618
434908452.36654824 0.5836662248610939
435583182.34229404 0.5832848442967598
436257912.31803983 0.5829038935209682
436932642.29378563 0.5825233717692434
437607372.2695314 0.5821432782787215
438282102.2452772 0.5817636122881464
439642807.6963646 0.5809992498200723
440317537.6721104 0.5806208688585291
440992267.6478562 0.5802429123553536
441666997.623602 0.5798653795573049
442341727.5993478 0.5794882697127288
443016457.57509357 0.579111582071555
443691187.55083936 0.5787353158852929
444377163.0261809 0.5783532098758094
445051893.0019267 0.5779777913532753
445726622.9776725 0.5776027920372452
446401352.9534183 0.5772282111855407
447076082.9291641 0.5768540480575463
447750812.9049099 0.5764803019142053
448425542.8806557 0.5761069720180175
449111518.35599726 0.5757278459094038
449786248.33174306 0.5753553532079614
450460978.30748886 0.574983274538271
451135708.28323466 0.5746116091690477
451810438.25898045 0.5742403563705448
452485168.2347262 0.5738695154145519
453159898.210472 0.5734990855743896
453834628.1862178 0.5731290661249083
454520603.66155934 0.5727532996461183
455195333.63730514 0.5723841056182868
455870063.61305094 0.5720153198028276
456544793.58879673 0.5716469414806978
457219523.56454253 0.5712789699343654
457894253.5402883 0.570911404447808
458568983.5160341 0.5705442443065079
459243713.4917799 0.5701774887974494
459929688.9671215 0.5698050347673708
460604418.9428673 0.5694390931039124
461279148.9186131 0.5690735539308323
461953878.8943589 0.5687084165411146
462628608.8701047 0.5683436802292298
463303338.84585047 0.5679793442911296
463978068.82159626 0.5676154080242457
464652798.79734206 0.567251870727485
465338774.2726836 0.5668826827543809
466013504.2484294 0.5665199479207741
466688234.2241752 0.566157609951235
467362964.199921 0.5657956681505658
468037694.1756668 0.5654341218250284
468712424.1514126 0.5650729702823408
469387154.1271584 0.5647122128316745
470073129.60249996 0.5643458460452585
470747859.57824576 0.563985881251371
471422589.55399156 0.5636263084742769
472097319.52973735 0.5632671270289525
472772049.50548315 0.5629083362318117
473446779.48122895 0.5625499354007019
474121509.45697474 0.5621919238549018
474807484.9323163 0.561828343821282
475482214.9080621 0.5614711152693795
476156944.8838079 0.561114273957915
476831674.8595537 0.5607578192118832
477506404.8352995 0.5604017503576939
478181134.8110453 0.5600460667231695
478855864.7867911 0.5596907676375412
479530594.7625369 0.5593358524314465
480205324.7382827 0.5589813204369249
480880054.7140284 0.5586271709874169
481566030.18937 0.5582675105231867
482240760.1651158 0.5579141305175948
482915490.1408616 0.5575611310546762
483590220.11660737 0.5572085114734627
484264950.09235317 0.5568562711143702
484939680.06809896 0.5565044093191964
485614410.04384476 0.5561529254311173
486300385.5191863 0.5557959702098427
486975115.4949321 0.5554452464420712
487649845.4706779 0.5550948986082953
488324575.4464237 0.5547449260571969
488943077.9241907 0.5544244470056335
489561580.4019577 0.5541042822499804
490236310.3777035 0.5537553694746996
490922285.85304505 0.5534010236531273
491597015.82879084 0.553052862027323
492271745.80453664 0.552705071901205
492946475.78028244 0.5523576526327343
493621205.75602823 0.5520106035812146
494295935.73177403 0.5516639241072898
494970665.7075198 0.5513176135729408
495645395.6832656 0.5509716713414827
496320125.6590114 0.5506260967775617
497006101.134353 0.5502751388942961
497680831.1100988 0.5499303038660251
498355561.0858446 0.5495858345966761
499030291.0615904 0.5492417304562127
499705021.0373361 0.5488979908159154
501054480.9888277 0.5482116025275064
501740456.46416926 0.5478632448655233
502415186.43991506 0.5475209629929575
503089916.41566086 0.5471790424862496
503764646.39140666 0.5468374827245409
504439376.36715245 0.5464962830882691
505114106.34289825 0.5461554429591656
505788836.31864405 0.5458149617202528
506463566.29438984 0.5454748387558408
507149541.7697314 0.5451294137231352
507824271.7454772 0.5447900114113888
508499001.721223 0.5444509655245869
509173731.6969688 0.5441122754521848
509848461.6727146 0.5437739405849114
510523191.6484604 0.5434359603147668
511197921.6242062 0.5430983340350195
511872651.599952 0.5427610611402034
512547381.5756978 0.5424241410261151
513233357.05103934 0.5420819666045062
513908087.02678514 0.541745756098812
517281736.9055141 0.5400699560909251
517967712.3808557 0.5397302768003702
518642442.3566015 0.5393965163004465
519317172.3323473 0.5390631025883588
519991902.3080931 0.5387300350736535
520666632.28383887 0.5383973131671069
521341362.25958467 0.5380649362807226
522016092.23533046 0.5377329038277282
522690822.21107626 0.5374012152225733
523376797.6864178 0.5370643503634481
524051527.6621636 0.5367333534086017
525400987.6136552 0.5360723851846515
526075717.589401 0.5357424127554163
527425177.5408926 0.5350834883711448
528099907.51663834 0.5347545352632036
528785882.9919799 0.534420446735656
529460612.9677257 0.5340921759292764
530135342.9434715 0.5337642425905014
530810072.9192173 0.5334366461482741
531484802.8949631 0.5331093860327253
532159532.8707089 0.5327824616751701
532834262.8464547 0.532455872508106
533520238.32179624 0.5321241832212852
534194968.29754204 0.5317982683002803
534869698.27328783 0.5314726868649362
535544428.24903363 0.5311474383524725
536219158.2247794 0.530822522201278
536905133.700121 0.5304925309196389
537579863.6758668 0.5301682833267742
538254593.6516126 0.5298443664080426
538929323.6273584 0.5295207796065038
539604053.6031042 0.5291975223663732
540278783.57885 0.5288745941330207
540953513.5545958 0.5285519943529674
541628243.5303416 0.528229722473883
542314219.0056832 0.5279024149726748
542988948.981429 0.5275808026851293
543663678.9571747 0.5272595166392917
544338408.9329205 0.5269385562874207
545013138.9086663 0.5266179210829116
545687868.884412 0.5262976104802937
546362598.8601578 0.525977623935227
547048574.3354994 0.5256526359251187
547723304.3112452 0.5253333012449334
548206860.793863 0.525104643090005
548690417.2764809 0.5248761503359637
549084009.7623326 0.5246902898293423
549488847.7477801 0.5244992330953022
550163577.7235259 0.5241810619575886
550838307.6992717 0.5238632112951013
551513037.6750175 0.5235456805720551
552862497.6265091 0.5229115768066928
553537227.6022549 0.5225950026983466
554211957.5780007 0.5222787463973768
554897933.0533422 0.521957544408154
555572663.029088 0.5216419274069134
556247393.0048338 0.5213266266167718
556922122.9805796 0.5210116415107747
557596852.9563254 0.5206969715630592
558271582.9320712 0.5203826162488498
558946312.907817 0.5200685750444578
559621042.8835628 0.5197548474272776
560307018.3589044 0.5194362119493235
560981748.3346502 0.5191231151477579
561656478.310396 0.5188103303634188
562331208.2861418 0.5184978570780298
563005938.2618876 0.5181856947743857
563680668.2376333 0.5178738429363511
564355398.2133791 0.5175623010488576
565041373.6887207 0.5172458840090779
565716103.6644665 0.5169349656261049
566109696.1503181 0.5167537390244652
566480797.6369784 0.5165829642564711
567144282.1131284 0.5162778716810644
567819012.0888742 0.5159679128044588
568493742.06462 0.5156582607425129
569179717.5399616 0.5153437618173387
569854447.5157074 0.5150347269555812
570529177.4914532 0.5147259973806391
571203907.467199 0.5144175725881435
571878637.4429448 0.5141094520747672
572553367.4186906 0.5138016353382219
573228097.3944364 0.5134941218772558
573902827.3701822 0.5131869111916523
574588802.8455237 0.5128748902001817
575263532.8212695 0.512568288594198
575938262.7970153 0.5122619882608336
576612992.7727611 0.511955988704004
577287722.7485069 0.5116502894286482
577962452.7242527 0.511344889940726
578637182.6999985 0.5110397897472161
579323158.17534 0.510729910861651
579997888.1510859 0.5104254127496681
580672618.1268317 0.5101212124509658
581347348.1025774 0.5098173094765921
582022078.0783232 0.509513703338603
582696808.054069 0.50921039355006
583371538.0298148 0.5089073796250272
584046268.0055606 0.5086046610785704
584732243.4809022 0.5082971995282182
585406973.4566479 0.5079950751908789
586081703.4323937 0.5076932447752727
586756433.4081395 0.5073917078004636
587431163.3838853 0.5070904637865065
588105893.3596311 0.5067895122544435
588780623.3353769 0.506488852726303
589230443.3192074 0.5062885750296872
589612790.3054634 0.5061184407546265
589972646.2925278 0.5059583997220315
590399975.2771668 0.5057684583825274
591074705.2529126 0.5054687881057204
591749435.2286584 0.5051694077414166
592424165.2044042 0.5048703168169304
593098895.18015 0.5045715148605481
593784870.6554916 0.504268028618746
594459600.6312374 0.5039698079837936
595134330.6069832 0.5036718748998105
595809060.582729 0.5033742288989659
596483790.5584748 0.5030768695143909
597158520.5342206 0.5027797962801761
601218145.8882911 0.5009984196923503
601892875.8640369 0.5007033412567106
602567605.8397827 0.5004085452708101
603242335.8155285 0.5001140312772956
603917065.7912743 0.4998197988197523
604603041.2666159 0.4995209506318705
605277771.2423617 0.4992272845540223
605952501.2181075 0.49893389864095933
606627231.1938533 0.4986407924400162
607301961.1695989 0.4983479654994556
607976691.1453447 0.49805541736846676
608651421.1210905 0.4977631475971632
609326151.0968363 0.49747115573658046
610012126.5721779 0.49717458178022067
610686856.5479237 0.49688314901100905
611361586.5236695 0.49659199280370986
612036316.4994153 0.49630111271304306
612711046.4751611 0.496010508294641
613385776.4509069 0.4957201791050458
614060506.4266527 0.4954301247017081
614735236.4023985 0.4951403446429848
615421211.87774 0.49484601570362446
616095941.8534858 0.4945567875668283
616770671.8292316 0.49426783244782674
617445401.8049774 0.49397914990859687
618120131.7807232 0.4936907395120121
618794861.756469 0.4934026008218404
619469591.7322148 0.4931147334027418
620144321.7079606 0.4928271368202673
620830297.1833022 0.49253502415964884
621505027.159048 0.49224797244647306
622179757.1347938 0.4919611902647083
622854487.1105396 0.4916746771834628
623529217.0862854 0.49138843277272565
624203947.0620311 0.4911024566033645
624878677.037777 0.4908167482471242
625564652.5131185 0.4905265521900374
626239382.4888643 0.4902413826244835
626914112.4646101 0.48995647958544103
627588842.4403559 0.48967184264815794
628263572.4161017 0.4893874713887497
628938302.3918475 0.4891033653841973
629613032.3675933 0.4888195242123452
630287762.3433391 0.4885359474518999
630973737.8186806 0.48824791503713555
631648467.7944264 0.48796487022836693
632323197.7701722 0.4876820885653041
632997927.745918 0.48739956963009595
633672657.7216638 0.48711731300574357
634347387.6974096 0.4868353182760985
635022117.6731554 0.4865535850258609
635696847.6489012 0.486272112840578
636382823.1242428 0.48598621665368674
637057553.0999886 0.48570526969214933
637732283.0757344 0.48542458255041143
638407013.0514802 0.485144154817403
639081743.027226 0.48486398608289094
639756473.0029718 0.4845840759374786
640431202.9787176 0.4843044239726026
641105932.9544634 0.48402502978053225
641780662.9302092 0.4837458929543665
642466638.4055507 0.4834623672649729
643546206.3667439 0.4830166997768444
643951044.3521914 0.48284974345239134
644625774.3279372 0.48257168739602013
645300504.303683 0.4822938865962809
645975234.2794288 0.4820163406513943
646649964.2551746 0.4817390491603978
647324694.2309204 0.4814620117231447
647999424.2066662 0.48118522794030205
648415507.6917095 0.4810146708739245
648606681.1848375 0.4809363390808701
649056501.168668 0.4807521090478113
649742476.6440096 0.4804713743845656
650417206.6197553 0.48019549626317376
651091936.5955011 0.47991986997627833
651766666.5712469 0.4796444951290572
652441396.5469927 0.47936937132749036
653116126.5227385 0.4790944981783584
653790856.4984843 0.4788198752892402
654465586.47423 0.47854550226851184
655151561.9495716 0.47826681211103206
655826291.9253174 0.47799294180354923
656501021.9010632 0.4777193201878676
657175751.876809 0.47744594687554676
657850481.8525548 0.47717282147893436
658525211.8283006 0.4768999436111645
659199941.8040464 0.4766273128861563
659874671.7797922 0.4763549289186118
660560647.2551337 0.4760782577825777
661235377.2308795 0.4758063702737643
661910107.2066253 0.47553472836482646
662584837.1823711 0.4752633316735945
663259567.1581169 0.4749921798186734
663934297.1338627 0.47472127241944095
664609027.1096085 0.4744506090960463
665295002.5849501 0.47417568453812803
665969732.5606959 0.473905512282039
666644462.5364417 0.4736355829605593
667319192.5121875 0.47336589619691893
667993922.4879333 0.47309645161511027
668668652.4636791 0.4728272488398873
669343382.4394249 0.4725582874967633
670018112.4151707 0.47228956721200943
670704087.8905122 0.47201661498968295
671378817.866258 0.47174837970557626
672053547.8420038 0.4714803843569989
672728277.8177496 0.4712126285732495
673403007.7934954 0.4709451119843763
674077737.7692412 0.4706778342211752
674752467.744987 0.4704107949151889
675427197.7207328 0.47014399369870447
677462633.147566 0.46934058210691787
678137363.1233118 0.46907473352683227
678812093.0990576 0.46880912120273815
679486823.0748034 0.4685437447713691
680161553.0505491 0.4682786038701925
