1.0 0.9918192851380901
674730.9757457955 0.990395229732979
2631447.905408602 0.9862843222523373
3992153.3564959564 0.9834420219119068
5105457.816476519 0.9811264677307402
5532786.801115523 0.9802400410229797
6218762.276457082 0.9788198355273545
6893492.252202877 0.9774262008395699
7568222.227948673 0.9760358182512006
8242952.203694468 0.9746486783720951
8917682.179440264 0.9732647718407764
9592412.155186059 0.9718840893243537
10278387.630527617 0.9704836909045413
10953117.606273413 0.9691094818786214
11627847.58201921 0.9677384688856698
12021440.067870922 0.9669401835849961
12415032.553722637 0.9661429808602905
13089762.529468432 0.9647788610168315
13764492.505214227 0.9634179081094106
14450467.980555788 0.9620375097912948
15125197.956301583 0.9606829157948682
15799927.932047378 0.9593314612766106
16474657.907793174 0.9579831371902072
17149387.88353897 0.9566379345169547
17824117.859284766 0.9552958442656763
18262692.34351953 0.9544251503914845
18690021.328158535 0.9535780408699825
19375996.803500094 0.952220799619239
20050726.77924589 0.9508889169114244
20725456.754991684 0.9495601082751532
21400186.73073748 0.9482343648637233
22074916.706483275 0.9469116778574264
22749646.68222907 0.945592038463466
23435622.15757063 0.9442535202693858
24110352.133316424 0.9429400002568333
24785082.10906222 0.9416295014938787
25459812.084808018 0.9403220152949823
26134542.06055381 0.9390175330011008
26809272.03629961 0.9377160459796052
27484002.012045402 0.9364175456241994
28158731.9877912 0.9351220233548386
28743497.966770887 0.9340016397164814
29035880.956260733 0.9334422825796792
29260790.948175997 0.933012385919372
29665628.933623474 0.932239399291599
30340358.90936927 0.9309534477581453
31015088.885115065 0.9296704382774758
31689818.86086086 0.9283903624056101
32364548.836606655 0.9271132117243175
33039278.812352452 0.925838977841037
33714008.788098246 0.9245676523887985
34399984.263439804 0.9232781111262387
35074714.2391856 0.9220126256630565
35749444.2149314 0.9207500235447967
36424174.190677196 0.9194902965064844
36896485.17369925 0.918610193838823
37087658.666827224 0.9182543605306837
37211359.16238062 0.9180242377520538
37323814.158338256 0.9178151185640118
37717406.64418997 0.9170838258831521
38403382.11953153 0.9158116051583409
39078112.095277324 0.9145631070615883
39471704.58112904 0.9138361260942058
39584159.57708667 0.9136285941877045
39977752.062938385 0.9129028510208639
40652482.03868418 0.9116609545403436
41327212.01442997 0.9104218738328705
42001941.99017577 0.9091856008394353
42676671.965921566 0.9079521275255886
43362647.441263124 0.9067009581267591
44037377.41700892 0.9054731064938178
44644634.395180136 0.9043704133803097
44981999.383053035 0.9037587754208998
45375591.86890475 0.903046071232442
46039076.345054775 0.9018467806575345
46961207.311907366 0.9001843878524076
47635937.28765316 0.8989712479665666
48310667.26339896 0.8977608416212179
48985397.23914475 0.8965531610079052
49660127.21489055 0.8953481983419571
50334857.190636344 0.8941459458624146
50885886.670828745 0.8931661113791993
51448161.65061691 0.8921681338455976
52122891.626362704 0.8909730260030653
52797621.6021085 0.8897806002194948
53472351.57785429 0.8885908488432287
54147081.55360009 0.8874037642459107
54821811.529345885 0.8862193388224133
55507787.00468744 0.8850178911820328
56182516.98043324 0.8838388053866587
56857246.95617903 0.8826623559629772
57936814.91737231 0.8807855017954587
58352898.402415544 0.8800639211612139
59027628.37816134 0.8788959012323545
59702358.35390714 0.8777304861520417
60377088.329652935 0.8765676685036925
61051818.305398725 0.8754074408932976
61726548.28114452 0.8742497959493529
62401278.25689032 0.8730947263227901
63087253.73223188 0.8719230380412644
63761983.707977675 0.8707731397080003
64436713.68372347 0.8696257946576498
65111443.65946926 0.8684809956305634
65786173.63521506 0.8673387353891812
66460903.610960856 0.8661990067179648
67135633.58670665 0.8650618024233295
67821609.06204821 0.8639082251676484
68361393.04264484 0.8630023165064488
68710003.5301135 0.8624181025112574
68889931.52364571 0.862116833938166
69283524.00949743 0.861458428207843
69958253.98524323 0.8603317067183157
70632983.96098903 0.8592074726678347
71307713.93673483 0.8580857189970622
71993689.41207638 0.8569478049106949
72668419.38782218 0.8558310319532447
73264430.86639763 0.8548465949876785
73871687.84456885 0.8538455522832994
74546417.82031465 0.8527356068446182
75232393.2956562 0.8516096634680449
75907123.27140199 0.8505046313190452
76581853.24714778 0.8494020251039521
77256583.22289358 0.8483018379504609
81316208.57696413 0.841733056277057
81990938.55270992 0.840649651345894
82665668.5284557 0.8395686111330416
83340398.5042015 0.8384899289522659
84015128.4799473 0.8374135981376518
84689858.4556931 0.8363396120435391
85364588.4314389 0.8352679640444616
86050563.90678045 0.8341808453086268
86725293.88252625 0.8331138923964101
87400023.85827205 0.832049257714113
88074753.83401784 0.8309869347167513
88749483.80976364 0.8299269168792238
89300513.28995603 0.8290629410942304
89851542.77014843 0.8282004948502938
90526272.74589422 0.8271465161978939
91212248.22123578 0.8260773101736503
91886978.19698158 0.8250279261895139
92561708.17272738 0.8239808108689674
93236438.14847317 0.8229359578175729
93911168.12421897 0.8218933606603096
94597143.59956053 0.8208356929370101
95271873.57530633 0.8197976258534448
98668014.45322683 0.8146065229526566
99342744.42897262 0.8135818558743755
100017474.40471841 0.812559387869331
100692204.38046421 0.8115391127543476
101366934.35621001 0.8105210243650145
102052909.83155157 0.8094882031982414
102727639.80729736 0.8084745060308237
103357387.7846601 0.8075303450335768
103998381.26161861 0.8065712585769836
104673111.23736441 0.8055637966568494
105212895.21796104 0.8047593759395926
105752679.19855767 0.8039563286004306
106393672.67551619 0.8030044894116528
107023420.65287893 0.8020712259447798
107540713.63428403 0.801306004795557
108046761.11609338 0.8005586276178469
108732736.59143494 0.799547420394378
109407466.56718074 0.7985549226842935
110082196.54292654 0.7975645337371239
110756926.51867233 0.796576247643669
111431656.49441813 0.7955900585126469
112106386.47016393 0.7946059604706404
112792361.94550548 0.7936075984151849
113467091.92125128 0.7926276996093689
113860684.40710299 0.7920570498891049
114265522.39255047 0.7914708307619194
114951497.86789203 0.7904792127127519
115626227.84363782 0.7895059286392165
116300957.81938362 0.7885346995389567
116975687.79512942 0.7875655196658466
117650417.7708752 0.7865983832911757
118325147.746621 0.7856332847035954
119011123.22196256 0.7846541842848125
119685853.19770835 0.7836931779321549
120360583.17345415 0.7827341922419973
121035313.14919995 0.7817772215721891
121721288.6245415 0.7808063612685143
122396018.6002873 0.7798534371303203
123070748.5760331 0.7789025110953427
123756724.05137466 0.7779377788808298
124431454.02712046 0.7769908654169758
125106184.00286625 0.7760459332933276
125522267.48790948 0.7754642103914733
125780913.97861204 0.7751029769868536
126298206.96001716 0.7743813784462871
126972936.93576294 0.7734418993037742
127647666.91150874 0.7725043807850467
128322396.88725454 0.7715688174298098
128997126.86300033 0.7706352037943017
129671856.83874613 0.7697035344512433
130346586.81449193 0.7687738039897865
131021316.79023772 0.7678460070154642
131707292.26557928 0.7669047233071925
132382022.24132508 0.7659808091894599
133056752.21707088 0.7650588123842836
133731482.19281666 0.7641387275624854
134406212.16856247 0.7632205494110145
134799804.65441418 0.7626858238931838
134912259.65037182 0.7625331638627517
135024714.64632943 0.7623805565381487
135418307.13218117 0.7618468456079328
135834390.6172244 0.7612833374677543
135969336.61237356 0.761100732497967
136081791.60833117 0.7609486194159962
136475384.0941829 0.7604166365324988
137150114.0699287 0.7595061577716592
137824844.0456745 0.7585975590077779
138499574.0214203 0.7576908350245917
139174303.9971661 0.7567859806216166
139849033.97291186 0.7558829906141011
140535009.44825342 0.7549668567090317
141209739.42399922 0.7540676108585076
141884469.39974502 0.7531702138575932
142559199.3754908 0.7522746605842382
143233929.3512366 0.7513809459318814
143908659.3269824 0.7504890648094034
144560898.30353668 0.7496286511584167
144920754.2906011 0.749154669895258
145134418.7829206 0.7488734886278245
145348083.27524012 0.748592489792878
145741675.76109183 0.7480753373825986
146146513.7465393 0.7475440534125288
146551351.7319868 0.747013421664702
147226081.7077326 0.7461304818611052
147619674.1935843 0.7456162669307573
148024512.17903176 0.7450879994229423
148699242.15477756 0.744208991303904
149373972.13052335 0.7433317760399072
150048702.10626915 0.7424563486781818
150723432.08201495 0.7415827042809251
151398162.05776075 0.7407108379252557
152084137.5331023 0.7398262581439591
152758867.5088481 0.738957962591576
153433597.4845939 0.7380914303200218
154108327.4603397 0.7372266564658858
154501919.9461914 0.7367230151691286
154895512.4320431 0.7362199696124127
155570242.4077889 0.7353589890484216
156244972.3835347 0.7344997515977578
156919702.3592805 0.7336422524579282
157605677.83462206 0.7327722387402443
158280407.81036785 0.7319182306447019
158955137.78611365 0.7310659464601604
159629867.76185945 0.7302153814421136
160304597.73760524 0.7293665308603793
160979327.71335104 0.7285193899990563
161654057.68909684 0.7276739541564803
162328787.66484264 0.7268302186451793
163014763.1401842 0.725974159133711
163689493.11593 0.7251338384230163
164364223.0916758 0.724295203988601
164870270.57348514 0.7236673319952942
165387563.55489025 0.72302648295184
165781156.04074195 0.7225395399221388
166174748.52659366 0.7220531658250238
166849478.50233945 0.7212207026737214
167524208.47808525 0.7203899042308342
168198938.45383105 0.719560765930535
168873668.42957684 0.7187332832207716
169368470.41179043 0.7181275121582104
169863272.39400402 0.7175226272094576
170256864.87985572 0.7170421003171312
170436792.87338793 0.7168226170041113
170729175.8628778 0.7164662054053528
171089031.8499422 0.7160279673428426
171437642.33741087 0.7156038680584396
171797498.3244753 0.7151665456454639
172314791.3058804 0.7145387075558172
172989521.2816262 0.713721226173323
173664251.257372 0.7129053684541703
174338981.2331178 0.7120911299563203
175013711.2088636 0.7112785062511271
175620968.18703482 0.710548521914658
176239470.66480178 0.7098063568928182
176914200.64054757 0.7089982578307447
177397757.1231654 0.7084201034229561
177892559.105379 0.7078293514967762
178567289.08112478 0.7070251598156494
179253264.55646634 0.7062091921613143
179927994.53221214 0.7054081971787914
183211680.414175 0.7015324781861141
183627763.89921823 0.7010440207569931
183942637.8878996 0.7006747704615355
184212529.87819794 0.7003585394433838
184392457.87173015 0.7001478566917135
184504912.8676878 0.7000162359623727
184707331.86041152 0.6997794271125809
185179642.84343356 0.6992274148702077
185865618.31877512 0.6984270310280208
186540348.2945209 0.6976413222641417
187215078.2702667 0.6968571504719179
187687389.25328878 0.6963091424761476
187912299.24520403 0.6960484498531633
188125963.73752356 0.6958009491700717
188598274.7205456 0.6952543856244434
189273004.6962914 0.6944748758268998
189947734.67203718 0.6936968861461631
190622464.64778298 0.6929204124521255
191308440.12312454 0.6921325473821857
191791996.60574237 0.691578103787831
192286798.58795595 0.6910115661753495
192961528.56370175 0.6902403161006956
193355121.04955345 0.68979111212628
193748713.5354052 0.68934241697538
194423443.51115096 0.6885744067621203
194951981.99215186 0.6879738389230606
195188137.48366287 0.6877057948886416
195300592.47962052 0.687578218791455
195694184.96547222 0.6871320268791149
196368914.94121802 0.686368298721016
197043644.91696382 0.685606047861395
197729620.39230537 0.6848326031322959
198404350.36805117 0.68407331933256
199079080.34379697 0.683315500797339
199753810.31954277 0.6825591435615415
200428540.29528856 0.6818042436719978
201103270.27103436 0.6810507971874233
201778000.24678013 0.6802988001783828
202463975.7221217 0.679535751761227
203138705.69786748 0.6787866659566693
203813435.67361328 0.6780390178452629
204488165.64935908 0.6772928035447979
205162895.62510487 0.6765480191847303
205837625.60085067 0.6758046609061473
206512355.57659647 0.6750627248617308
207175840.0527465 0.6743345375742348
207828079.02930078 0.673620025760245
208502809.00504658 0.6728822630021363
209188784.48038813 0.6721336467005639
209863514.45613393 0.6713987178091285
210538244.43187973 0.6706651884352162
211224219.9072213 0.6699208643879315
211898949.88296708 0.6691901459259376
212573679.85871288 0.6684608156504734
213259655.33405444 0.6677207491058401
213934385.30980024 0.6669942069948394
214609115.285546 0.6662690418416912
215283845.2612918 0.6655452499465992
215969820.73663336 0.6648107988311123
216644550.71237916 0.6640897651308963
217319280.68812495 0.6633700935948228
217994010.66387075 0.6626517805674923
218668740.63961655 0.6619348224044734
219343470.61536235 0.6612192154722691
220018200.59110814 0.6605049561482822
220704176.0664497 0.6597801702647718
221378906.0421955 0.6590686176423438
222053636.0179413 0.6583584017656665
222660892.99611253 0.6577203474358838
223268149.97428373 0.6570833703691431
223954125.44962528 0.6563651147274373
224628855.42537108 0.6556599679573495
225303585.40111688 0.6549561407918081
225978315.37686267 0.6542536297030571
226653045.35260847 0.6535524311739153
230037940.73093322 0.6500544373747417
230712670.70667902 0.6493610624292847
231387400.6824248 0.6486689756592258
232062130.6581706 0.6479781736309895
232736860.63391638 0.6472886529212858
233422836.10925794 0.6465889502109791
234097566.08500373 0.6459020031223899
234772296.06074953 0.6452163270873966
235447026.03649533 0.6445319187237016
236121756.01224113 0.6438487746591337
236796485.98798692 0.6431668915316175
237471215.96373272 0.6424862659891426
237876053.9491802 0.6420784929137985
237999754.4447336 0.6419539855363795
238123454.940287 0.6418295202276814
238517047.4261387 0.6414337738885393
239191777.4018845 0.6407563400846781
239866507.3776303 0.6400801520470429
240541237.3533761 0.6394052064690273
241215967.3291219 0.6387315000539189
241890697.30486768 0.6380590295148688
242565427.28061348 0.637387791574861
243251402.75595504 0.6367066265531534
243926132.73170084 0.6360378644263945
244600862.70744663 0.6353703250722809
245084419.19006446 0.6348926722395181
245275592.68319243 0.6347040052529885
245399293.1787458 0.6345819786501067
245511748.17470345 0.6344710808336392
245905340.66055515 0.6340832041984781
246580070.63630095 0.6334192330014479
247254800.61204675 0.6327564718973673
247929530.58779255 0.6320949176863244
248604260.56353834 0.6314345671779729
249278990.53928414 0.630775417191502
249964966.0146257 0.6301065088045426
250639695.9903715 0.6294497702338111
251314425.9661173 0.6287942226469924
251989155.9418631 0.6281398629012842
252663885.9176089 0.6274866878632744
253338615.89335468 0.6268346944089113
254024591.36869624 0.6261730424736033
254699321.34444204 0.6255234224148135
255374051.32018784 0.6248749745718696
256048781.29593363 0.6242276958580302
256723511.27167943 0.6235815831957708
257398241.24742523 0.6229366335167565
258072971.22317103 0.6222928437618124
258747701.1989168 0.6216502108808962
259422431.1746626 0.6210087318330701
260108406.65000415 0.6203577411816448
260783136.62574995 0.6197185798175441
261457866.60149574 0.6190805631679124
262132596.57724154 0.6184436882280994
262807326.55298734 0.6178079520024196
263482056.52873313 0.6171733515041248
264168032.0040747 0.6165293355395479
264842761.9798205 0.6158970163759617
265517491.9555663 0.6152658239836029
266192221.93131208 0.6146357554113444
266732005.91190872 0.614132507726471
267013143.4018028 0.6138706831684401
267148089.39695197 0.6137450762943524
267541681.88280368 0.6133789779665926
268216411.85854948 0.612752263235737
268891141.8342953 0.6121266606082029
269565871.81004107 0.6115021671765934
270240601.78578687 0.6108787800421775
270915331.76153266 0.6102564963148627
271601307.2368742 0.6096249693673309
272276037.21262 0.6090049020882846
272950767.1883658 0.6083859295499634
273625497.1641116 0.6077680488967075
274300227.1398574 0.6071512572813638
274974957.1156032 0.6065355518652588
275660932.59094477 0.6059106952798496
276335662.56669056 0.6052971717652554
277010392.54243636 0.6046847259376831
277685122.51818216 0.6040733549922602
278359852.49392796 0.6034630561324643
279034582.46967375 0.6028538265700975
279709312.44541955 0.6022456635252609
280136641.43005854 0.6018610439647529
280518988.4163145 0.6015172717727294
280968808.400145 0.6011132698166995
283352854.3144468 0.598979894754219
284027584.2901926 0.5983784921398644
284713559.76553416 0.5977681386352395
285388289.74127996 0.5971688430817599
286063019.71702576 0.5965705882707225
286726504.1931758 0.5959833166282446
287401234.1689216 0.5953871179912087
288075964.1446674 0.5947919520803501
288750694.1204132 0.5941978162245456
289425424.096159 0.593604707760611
290111399.57150054 0.5930027646378628
290786129.54724634 0.5924117200121866
291460859.52299213 0.5918216947922936
292135589.49873793 0.5912326863466433
292810319.4744837 0.5906446920515123
293485049.4502295 0.5900577092909709
294159779.4259753 0.5894717354568588
294834509.4017211 0.588886767948761
295520484.8770627 0.5882930799335241
297544674.80430007 0.586547235060823
298219404.78004587 0.5859672769816665
298894134.75579166 0.5853883097448546
299568864.73153746 0.5848103308036552
300254840.206879 0.5842237294029324
300929570.1826248 0.5836477358086397
301604300.1583706 0.5830727228730059
302279030.13411635 0.5824986880795111
302953760.10986215 0.5819256289191002
303628490.08560795 0.5813535428901587
304303220.06135374 0.5807824274984902
304696812.5472055 0.5804497241098139
305101650.532653 0.5801078580846543
305776380.5083988 0.5795388532858253
306451110.48414457 0.5789708112335434
307125840.45989037 0.5784037294643989
307800570.43563616 0.5778376055222827
308475300.41138196 0.5772724369583643
309161275.8867235 0.5766988257968974
309836005.8624693 0.576135576493006
310510735.8382151 0.5755732752238765
311185465.8139609 0.5750119195696886
311860195.78970665 0.5744515071177888
312377488.7711118 0.5740224948262634
312602398.7630271 0.5738361399485803
313007236.74847454 0.573500963793548
313681966.72422034 0.5729430859924624
314356696.69996613 0.572386142528801
315031426.6757119 0.5718301310233015
315706156.6514577 0.5712750491037436
316380886.6272035 0.5707208944049278
317055616.6029493 0.5701676645686539
317741592.0782909 0.569606159923977
318416322.0540367 0.5690547880823715
319091052.0297825 0.568504334031591
319484644.5156342 0.5681836587492364
319878237.0014859 0.5678632945161545
320552966.9772317 0.5673148210271215
321227696.9529775 0.5667672579732368
321913672.42831904 0.5662114998112271
322588402.40406483 0.5656657657864319
323263132.37981063 0.5651209352533971
324612592.3313022 0.564033975517273
325287322.307048 0.5634918417584001
325962052.2827938 0.5629506023796795
326648027.7581354 0.5624012568777325
327322757.7338812 0.5618618142947116
327997487.709627 0.561323259291155
328672217.68537277 0.5607855896260505
329346947.66111857 0.5602488030650039
330021677.63686436 0.5597128973802183
330696407.61261016 0.5591778703504746
331371137.58835596 0.5586437197611107
332057113.0636975 0.5581015628588583
332731843.03944325 0.5575691730476241
333406573.01518905 0.557037653035395
334081302.99093485 0.5565070006336449
334756032.96668065 0.5559772136603041
335430762.94242644 0.5554482899397406
336105492.91817224 0.554920227302739
336499085.40402395 0.5546125875573176
336622785.8995774 0.5545159610749423
337016378.3854291 0.5542087048065503
337511180.36764264 0.5538228529944794
337724844.85996217 0.5536563772659229
337837299.8559198 0.5535687928531113
337949754.85187745 0.5534812321458039
338343347.33772916 0.5531749562078918
339018077.31347495 0.5526505858437378
339692807.28922075 0.5521270651371062
340367537.26496655 0.551604391958865
341053512.7403081 0.5510738742070123
341728242.7160539 0.5505529037601545
342402972.6917997 0.5500327744567425
343077702.6675455 0.5495134841927308
343752432.6432913 0.5489950308702721
344427162.6190371 0.5484774123976974
344820755.1048888 0.5481758529974194
345214347.5907405 0.5478745765552391
345900323.06608206 0.5473501698545318
346991136.5268711 0.5465180393368645
347407220.0119143 0.546201197232109
348081949.9876601 0.5456880647768088
348756679.9634059 0.5451757538956118
349431409.9391517 0.5446642625420864
350106139.9148975 0.5441535886758218
350780869.8906433 0.5436437302624096
351466845.36598486 0.5431262080702619
352141575.34173065 0.5426179879895131
352816305.31747645 0.5421105772606649
353491035.29322225 0.5416039738732338
354165765.26896805 0.5410981758226474
354840495.24471384 0.5405931811102258
355526470.7200554 0.5400805912982307
356201200.6958012 0.5395772105954183
356875930.671547 0.5390746272369367
357550660.6472928 0.5385728392475929
358225390.6230386 0.5380718446579966
358900120.5987844 0.5375716415045421
359574850.5745302 0.5370722278293907
360249580.550276 0.536573601680453
360935556.02561754 0.5360674704130998
361610286.00136334 0.5355704265274748
362285015.97710913 0.535074164313914
362959745.95285493 0.5345786818432441
363634475.9286007 0.534083977191953
364309205.9043465 0.533590048442173
364983935.8800923 0.5330968936816629
365669911.3554339 0.5325963111562478
366344641.3311797 0.532104711480261
367019371.3069255 0.5316138800588652
367694101.2826713 0.5311238150022474
368368831.25841707 0.5306345144261346
369043561.23416287 0.5301459764517782
369718291.20990866 0.5296581992059365
370393021.18565446 0.5291711808208575
371078996.660996 0.528676821480696
371753726.6367418 0.528191327805757
372428456.6124876 0.5277065873902869
373103186.58823335 0.5272225983884167
373777916.56397915 0.5267393589596834
374452646.53972495 0.5262568672690136
375127376.51547074 0.5257751214867067
375813351.9908123 0.5252861093871258
376488081.9665581 0.5248058623095573
377162811.9423039 0.5243263556531421
377837541.9180497 0.5238475876095965
378512271.8937955 0.5233695563759277
379187001.8695413 0.5228922601544179
379861731.8452871 0.5224156971526078
380547707.32062864 0.5219319412438278
381222437.29637444 0.5214568514707676
381897167.27212024 0.5209824895418514
382571897.24786603 0.520508853685581
383246627.22361183 0.5200359421356358
383921357.1993576 0.519563753130858
384607332.6746992 0.51908443320835
385282062.650445 0.5186136960001712
385956792.6261908 0.5181436760554506
386631522.6019366 0.517674371633608
387306252.5776824 0.5172057809991463
387980982.5534282 0.5167379024216369
388655712.529174 0.5162707341757037
389341688.0045155 0.5157965062074985
390016417.9802613 0.5153307652358172
390691147.9560071 0.5148657294212823
392715337.8832445 0.51347483589305
393390067.8589903 0.5130126037044113
394076043.33433187 0.5125433818307249
394750773.31007767 0.5120825528918302
395425503.28582346 0.511622417249493
396100233.26156926 0.5111629732330679
396684999.2405489 0.5107653465796815
397281010.7191244 0.5103606054215728
397955740.6948702 0.5099030548018444
398630470.670616 0.5094461895863572
399305200.64636177 0.5089900081274644
399979930.62210757 0.508534508782318
400654660.59785336 0.5080796899128553
401340636.0731949 0.5076179866273538
402015366.0489407 0.5071645350872613
402690096.0246865 0.5067117591102012
403364826.0004323 0.5062596570771812
404039555.9761781 0.505808227373921
404714285.9519239 0.5053574683908368
405389015.9276697 0.5049073785230285
406063745.9034155 0.5044579561702635
406749721.37875706 0.5040017260958262
407424451.35450286 0.5035536450497441
410123371.25748605 0.5017679322303075
410798101.23323184 0.501323148992968
411472831.20897764 0.5008790206091575
412158806.6843192 0.5004281597946135
412833536.660065 0.499985347295254
413508266.6358108 0.4995431849608676
414182996.6115566 0.49910167124629223
414857726.5873024 0.4986608046108516
415532456.5630481 0.49822058351834136
416207186.5387939 0.4977810064370156
416893162.0141355 0.49733476169753627
417567891.9898813 0.496896478730914
418242621.9656271 0.49645883518158257
418917351.9413729 0.49602182953556706
419592081.91711867 0.4955854602832829
420266811.89286447 0.49514972591952267
420941541.86861026 0.4947146249434423
421627517.3439518 0.4942729200521519
422302247.3196976 0.49383909186032104
422976977.2954434 0.49340589255492634
423651707.2711892 0.4929733206525173
424326437.246935 0.49254137467394044
425001167.2226808 0.4921100531443263
425675897.1984266 0.4916793545930762
426350627.1741724 0.4912492775538496
427036602.64951396 0.4908126681929542
427711332.62525976 0.49038384009325925
428386062.60100555 0.489955629107791
429060792.57675135 0.4895280337871806
429735522.55249715 0.4891010526862522
430410252.52824295 0.4886746843640098
431084982.50398874 0.48824892738362513
431770957.9793303 0.487816699687049
432445687.9550761 0.4873921712257656
433120417.9308219 0.486968249797027
433795147.9065677 0.48654493398061616
434469877.8823135 0.4861222223604199
435110871.359272 0.4857212046718436
435470727.3463364 0.485496309917128
435583182.34229404 0.4854260653569438
435695637.33825165 0.4853558374762858
436089229.8241034 0.4851101711515067
436763959.7998492 0.4846895032608991
437449935.2751908 0.4842624372779918
438124665.25093657 0.483842973952597
438799395.2266823 0.4834241058335113
439474125.2024281 0.48300583153467036
440148855.1781739 0.48258814967400954
440823585.1539197 0.4821710588734519
441498315.1296655 0.48175455775889536
442173045.1054113 0.4813386449602012
442859020.58075285 0.48091640197870245
443533750.55649865 0.4805016714653805
443927343.04235035 0.4802600152093719
444275953.529819 0.4800461426070563
444905701.50718176 0.4796601862776369
445591676.9825233 0.4792403458935449
446266406.9582691 0.47882797306824776
446941136.9340149 0.4784161789884198
447615866.9097607 0.4780049623154522
448290596.8855065 0.477594321714591
448965326.8612523 0.4771842558549253
449640056.8369981 0.47677476340937525
450326032.31233966 0.47635903255479695
451000762.28808546 0.47595069247320587
451394354.77393717 0.47571275714421896
451506809.76989484 0.47564481117478213
451911647.7553423 0.47540033638462603
452586377.7310881 0.4749933323924308
453261107.7068339 0.47458689475732174
453935837.6825797 0.474181022176339
454610567.6583255 0.4737757133502689
455285297.6340713 0.47337096698363224
455960027.6098171 0.47296678178467316
456646003.08515865 0.4725564341127968
457320733.06090444 0.472153376687822
457995463.03665024 0.4717508765561694
458670193.01239604 0.4713489324409239
459344922.98814183 0.47094754306883674
460019652.96388763 0.47054670717031466
460694382.93963337 0.47014642347940866
461369112.91537917 0.46974669073380265
462043842.89112496 0.469347507674803
462639854.36970043 0.46899535220158994
463235865.8482759 0.4686436237945327
463910595.8240217 0.46824595500650446
464585325.7997675 0.4678488311963279
465271301.27510905 0.4674456460541234
465946031.25085485 0.46704961750963797
466620761.22660065 0.4666541302083853
467126808.70840997 0.46635786918273503
467632856.19021934 0.4660619113959883
468318831.6655609 0.4656612073851512
468914843.14413637 0.4653135053394382
469454627.124733 0.46499896620436704
470073129.60249996 0.4646389775889323
470747859.57824576 0.4642467742323952
471422589.55399156 0.4638551034356985
472108565.0293331 0.4634574494970064
472783295.0050789 0.4630668490310811
473458024.9808247 0.46267677749733505
474132754.9565705 0.4622872337001301
474807484.9323163 0.46189821644724666
475482214.9080621 0.4615097245498737
476156944.8838079 0.46112175682259793
476831674.8595537 0.4607343120833938
477517650.33489525 0.4603409448523042
478192380.31064105 0.4599545512239638
478867110.28638685 0.4595686770383378
479541840.26213264 0.459183321126904
480216570.23787844 0.45879848232447673
480891300.21362424 0.458414159469196
481566030.18937 0.4580303514025179
482252005.66471153 0.4576406730736999
482926735.64045733 0.4572578996534245
483601465.6162031 0.4568756375467979
484276195.5919489 0.45649388560849374
484950925.5676947 0.4561126426964509
485625655.5434405 0.4557319076718641
486311631.0187821 0.45534534654815695
486986360.9945279 0.4549656323124571
487661090.9702737 0.45458642254844106
488335820.9460195 0.4542077161302807
489010550.92176527 0.45382951193535387
489685280.89751107 0.45345180884423525
490360010.87325686 0.45307460574068575
491045986.3485984 0.4526916273280766
494419636.2273274 0.4508155918142809
495094366.2030732 0.4504418658298024
495769096.178819 0.45006863099838773
496455071.65416056 0.44968967796508347
496961119.1359699 0.4494104464499461
497275993.12465125 0.44923684100556754
497467166.61777925 0.4491314895194834
497624603.6121199 0.44904475884900963
498074423.5959505 0.44879710301336934
498749153.5716963 0.44842602446962654
499423883.5474421 0.44805543122278524
500098613.5231879 0.44768532220153606
500773343.4989337 0.44731569633760987
501448073.47467947 0.4469465525657683
502122803.45042527 0.4465778898237952
502808778.9257668 0.4462035747333638
503483508.9015126 0.4458358788494966
504158238.8772584 0.44546866080936004
504832968.85300416 0.4451019195627834
505507698.82874995 0.4447356540625716
506182428.80449575 0.444369863264497
506857158.78024155 0.44400454612728946
507543134.2555831 0.44363362486897945
508217864.2313289 0.44326925979251414
508892594.2070747 0.4429053652535814
509567324.1828205 0.44254194022270205
510242054.1585663 0.4421789836733101
510916784.1343121 0.4418164945817438
511591514.1100579 0.4414544719272369
512277489.58539945 0.44108689267533757
512952219.56114525 0.4407258075756748
513626949.53689104 0.4403651858512126
514301679.51263684 0.4400050264927263
514976409.48838264 0.43964532849384275
515662384.9637242 0.4392801074515205
516337114.93947 0.43892133681154705
517011844.9152158 0.4385630245124725
517686574.8909616 0.4382051695592906
518372550.36630315 0.4378418181771698
518946070.8456871 0.43753839388153176
519238453.83517694 0.4373838334025227
519350908.83113456 0.43732440977291986
519463363.8270922 0.4372649987521505
519643291.8206244 0.4371699673339265
520093111.8044549 0.4369325298339931
520779087.2797965 0.43657082503925093
521453817.2555423 0.43621550544395443
522128547.2312881 0.43586063671379927
522803277.2070339 0.4355062178748642
523478007.18277967 0.43515224795597224
524152737.15852547 0.4347987259886825
524827467.13427126 0.43444565100728183
525513442.6096128 0.4340871486728003
526188172.5853586 0.4337349721864973
526862902.5611044 0.43338323978929044
527537632.5368502 0.43303195052633947
528212362.512596 0.4326811034454905
528887092.4883418 0.4323306975972683
529561822.4640876 0.4319807320348673
530236552.4398334 0.43163120581414416
530922527.91517496 0.4312763035721406
531597257.89092076 0.43092766049603426
532271987.86666656 0.4305794539294861
532946717.84241235 0.43023168293896413
533621447.81815815 0.42988434659355784
534296177.79390395 0.42953744396497084
534970907.76964974 0.4291909741275125
535656883.2449913 0.4288391725122356
536331613.2207371 0.4284935726650213
537006343.1964829 0.42814840283214295
537681073.1722287 0.42780366209829734
538355803.1479745 0.42745934955074777
539030533.1237203 0.42711546427931607
539705263.0994661 0.42677200537637516
540391238.5748076 0.42642325831232536
541065968.5505534 0.42608065650203136
541740698.5262992 0.4257384783375957
542415428.502045 0.42539672292155944
543022685.4802163 0.4250895037572835
543348804.9684933 0.4249246564883453
543461259.964451 0.42486783539114553
543573714.9604086 0.42481102597369647
543686169.9563663 0.4247542282318797
544079762.442218 0.42455552802170893
544765737.9175595 0.42420956315753017
545440467.8933053 0.4238696920986582
546115197.8690511 0.4235302389115755
546789927.8447969 0.42319120271497684
547464657.8205427 0.42285258263002035
548139387.7962885 0.42251437778031997
548814117.7720343 0.4221765872919384
549488847.7477801 0.42183921029337906
550174823.2231216 0.4214966333334916
550849553.1988674 0.4211600875650547
551524283.1746132 0.42082395267214
552199013.150359 0.4204882277929815
552873743.1261048 0.4201529120682176
553548473.1018506 0.4198180046408834
554223203.0775964 0.41948350465640355
554909178.552938 0.4191438464792383
555583908.5286838 0.41881016558142514
556258638.5044296 0.4184768895629021
556933368.4801754 0.4181440175786197
557608098.4559212 0.41781154878588167
558282828.431667 0.41747948234433857
558957558.4074128 0.41714781741598
559632288.3831586 0.41681655316512795
560307018.3589044 0.4164856887584293
560992993.8342459 0.41614971898409436
561667723.8099917 0.41581965840430807
562342453.7857375 0.4154899951687428
563017183.7614833 0.4151607284533144
563691913.7372291 0.41483185743622886
564366643.7129749 0.41450338129797515
565052619.1883165 0.4141698345206402
565727349.1640623 0.41384215223783394
566402079.139808 0.4135148623754302
567076809.1155539 0.41318796412301934
567751539.0912997 0.4128614566724401
568426269.0670455 0.41253533921777347
569100999.0427912 0.4122096109553353
569786974.5181328 0.41187885203845337
570461704.4938786 0.4115539062114266
571136434.4696244 0.4112293471656543
571811164.4453702 0.4109051741063619
572485894.421116 0.41058138624097656
573160624.3968618 0.4102579827791201
573722899.3766499 0.40998877296711855
574217701.3588635 0.4097520883369025
574836203.8366305 0.40945652169144775
575510933.8123763 0.4091344510947413
575983244.7953984 0.40890922835105387
576455555.7784203 0.40868419197473144
577130285.7541661 0.4083630341990165
577816261.2295077 0.408036912339603
578490991.2052535 0.4077165181324064
579165721.1809993 0.40739650139000655
579840451.1567451 0.4070768613433984
580515181.1324909 0.4067575972257004
581189911.1082367 0.4064387082721481
581864641.0839825 0.40612019372008784
582550616.559324 0.40579675362169815
583225346.5350698 0.405478991801366
583900076.5108156 0.4051616020945766
584574806.4865614 0.40484458374709026
585249536.4623072 0.4045279360067459
585924266.438053 0.40421165812345544
586598996.4137988 0.4038957493491966
587273726.3895446 0.40358020893800767
587959701.8648862 0.4032597863764366
588634431.840632 0.40294498657005917
589309161.8163778 0.40263055288885125
589983891.7921236 0.4023164845950636
590658621.7678694 0.4020027809529756
591333351.7436152 0.4016894412288897
592008081.719361 0.4013764646911254
592694057.1947025 0.40105864344199377
593368787.1704483 0.4007463971125305
594043517.1461941 0.4004345117743098
594718247.1219399 0.40012298670369084
595392977.0976857 0.3998118211790196
596067707.0734315 0.39950101448062214
596585000.0548366 0.39926297190200055
597113538.5358375 0.39901997155077923
597653322.5164341 0.39877202707678816
598204351.9966265 0.39851915238339297
598879081.9723723 0.3982098330915674
599553811.9481181 0.39790086893902604
600228541.9238639 0.3975922592181771
600903271.8996097 0.397284003223367
602252731.8511013 0.3966685495989035
602938707.3264428 0.39635623355875604
603613437.3021886 0.396049391292931
604288167.2779344 0.39574289924215905
604962897.2536802 0.3954367567123247
605637627.229426 0.3951309630112101
606312357.2051718 0.3948255174484888
606987087.1809176 0.3945204193357207
607661817.1566634 0.3942156679863458
608347792.632005 0.3939061922226654
609022522.6077508 0.39360213809871414
609697252.5834966 0.3932984286783687
610371982.5592424 0.3929950632825648
611046712.5349882 0.3926920412340908
611721442.510734 0.3923893618575811
612396172.4864798 0.3920870244795115
613082147.9618213 0.3917799980486495
613756877.9375671 0.3914783483261729
614431607.9133129 0.3911770385814351
615106337.8890587 0.39087606814825054
615781067.8648045 0.3905754363622469
616455797.8405503 0.39027514256085993
617130527.8162961 0.3899751860833276
617816503.2916377 0.38967057545569556
618491233.2673835 0.3893712972453404
619165963.2431293 0.38907235437640647
619840693.218875 0.38877374619531696
620515423.1946208 0.38847547205027044
621190153.1703666 0.3881775312912356
621864883.1461124 0.3878799232699458
622550858.621454 0.3875776955509359
623225588.5971998 0.387280756586024
623900318.5729456 0.3869841484138903
624575048.5486914 0.386687870393303
625249778.5244372 0.38639192188476845
625924508.500183 0.38609630225052616
626419310.4823965 0.3858797231682632
626869130.466227 0.3856829860607194
627240231.9528873 0.38552078748128993
627498878.4435898 0.38540779848998935
627926207.4282289 0.38522122620798366
628612182.9035704 0.3849220022655318
629286912.8793162 0.3846280120732568
629961642.855062 0.38433434697525615
630636372.8308078 0.38404100634572713
631311102.8065536 0.38374798956055833
632469389.2649171 0.3832457307575449
632941700.2479392 0.38304119886601884
633616430.223685 0.3827492838630128
634291160.1994308 0.3824576899679836
634977135.6747724 0.3821615647209865
635651865.6505182 0.38187061652460386
636326595.626264 0.38157998758588496
639700245.504993 0.38013161046314764
640386220.9803345 0.37983807488502525
641060950.9560803 0.37954966900574344
641578243.9374855 0.3793287707906479
641949345.4241456 0.37917041402553875
642466638.4055507 0.3789498325653255
643152613.8808923 0.3786576062215319
643827343.8566381 0.37837048564922937
644502073.8323839 0.3780836770525259
645176803.8081297 0.3777971798409735
645851533.7838755 0.37751099342570976
646526263.7596213 0.37722511721945323
647200993.7353671 0.37693955063649837
647875723.7111129 0.37665429309271103
648561699.1864544 0.3763645974640728
649236429.1622002 0.3760799613788272
649911159.137946 0.37579563258008414
650585889.1136918 0.375511610489974
651260619.0894376 0.3752278945321751
651935349.0651834 0.37494448413190884
652610079.0409292 0.3746613787159354
653059899.0247597 0.3744728109252846
653509719.0085902 0.37428437826006883
653937047.9932293 0.37410549223437695
654364376.9778682 0.3739267278627223
655039106.953614 0.37364471566744056
655725082.4289556 0.37335831323393454
656399812.4047014 0.373076910233361
657074542.3804471 0.3727958084625815
657749272.356193 0.37251500735992493
658424002.3319387 0.37223450636521965
659098732.3076845 0.37195430491978865
659773462.2834303 0.37167440246644523
660448192.2591761 0.37139479844948886
661134167.7345177 0.3711108397330276
661808897.7102635 0.3708318358784804
662483627.6860093 0.3705531287929135
663158357.6617551 0.37027471792655003
663833087.6375009 0.36999660273107665
664507817.6132467 0.36971878265963903
665182547.5889925 0.36944125716683823
665868523.064334 0.36915940767245936
666543253.0400798 0.3688824745934813
667217983.0158256 0.36860583445662326
667892712.9915714 0.3683294867222866
668567442.9673172 0.3680534308523056
669242172.943063 0.36777766630994346
669928148.4184046 0.3674976037913352
670602878.3941504 0.36722242513282055
671277608.3698962 0.36694753619138304
671952338.345642 0.36667293643598275
672627068.3213878 0.3663986253369872
673301798.2971336 0.3661246023661673
