1.0 1.0
674730.9757457955 0.998789974112629
2631447.905408602 0.996820632034721
3992153.3564959564 0.9960824164947207
5105457.816476519 0.9941080102726269
5532786.801115523 0.992550936375557
6218762.276457082 0.9919240554872375
6893492.252202877 0.9909732222075518
7568222.227948673 0.9888082963723503
8242952.203694468 0.9881278582208869
8917682.179440264 0.9860984368721497
9592412.155186059 0.9846721869486926
10278387.630527617 0.9832275986601641
10953117.606273413 0.9817479449308113
11627847.58201921 0.9801336307495013
12021440.067870922 0.9793855170873582
12415032.553722637 0.9786392449357634
13089762.529468432 0.976991783564587
13764492.505214227 0.9751030843037481
14450467.980555788 0.973082640317951
15125197.956301583 0.9716290746586252
15799927.932047378 0.9699078761329709
16474657.907793174 0.967893647240363
17149387.88353897 0.9662878500423917
17824117.859284766 0.964584529517922
18262692.34351953 0.9633394381975839
18690021.328158535 0.962101789651991
19375996.803500094 0.9605022075472088
20050726.77924589 0.9584536037910358
20725456.754991684 0.9568739713877871
21400186.73073748 0.9548483097848416
22074916.706483275 0.9533117994261544
22749646.68222907 0.9519432501665389
23435622.15757063 0.9508049664579925
24110352.133316424 0.9491460723764786
24785082.10906222 0.9474787380363215
25459812.084808018 0.9469873616344663
26134542.06055381 0.9452119920088188
26809272.03629961 0.9434050865140523
27484002.012045402 0.9418651233162124
28158731.9877912 0.9401898090970134
28743497.966770887 0.9389714196756948
29035880.956260733 0.9383447689850329
29260790.948175997 0.9382747915842039
29665628.933623474 0.9370279354858704
30340358.90936927 0.9354020351291177
31015088.885115065 0.9334240993431756
31689818.86086086 0.9319173600677547
32364548.836606655 0.9306623706252739
33039278.812352452 0.9282930371192297
33714008.788098246 0.9265271052282663
34399984.263439804 0.9262121301998403
35074714.2391856 0.923854306128829
35749444.2149314 0.9216270758494871
36424174.190677196 0.9195711060511215
36896485.17369925 0.9179653088531502
37087658.666827224 0.9173113424266197
37211359.16238062 0.9169105069561191
37323814.158338256 0.9161062272261866
37717406.64418997 0.9151399713005711
38403382.11953153 0.9129097485616777
39078112.095277324 0.9116420987430179
39471704.58112904 0.9109025020642136
39584159.57708667 0.9106914189205804
39977752.062938385 0.909538556584897
40652482.03868418 0.9073684898650998
41327212.01442997 0.9065077371450246
42001941.99017577 0.9034192170334535
42676671.965921566 0.9018823230277178
43362647.441263124 0.9006420656696221
44037377.41700892 0.8980336427068167
44644634.395180136 0.8973405441791742
44981999.383053035 0.8972991101879126
45375591.86890475 0.8958773105875065
46039076.345054775 0.8928995112986241
46961207.311907366 0.892152778775285
47635937.28765316 0.8895998313187243
48310667.26339896 0.887198808478456
48985397.23914475 0.8871319769944265
49660127.21489055 0.8838951385551068
50334857.190636344 0.8825506056651695
50885886.670828745 0.8809854751643624
51448161.65061691 0.8809064436680407
52122891.626362704 0.8792397998894285
52797621.6021085 0.8774504654734933
53472351.57785429 0.8762527163231099
54147081.55360009 0.8753569749026202
54821811.529345885 0.8724469278569699
55507787.00468744 0.8709559948823848
56182516.98043324 0.8693155158984951
56857246.95617903 0.8674976380729924
57936814.91737231 0.8671396944572528
58352898.402415544 0.8647317659543933
59027628.37816134 0.8630700328784331
59702358.35390714 0.8616383351558844
60377088.329652935 0.85993424732946
61051818.305398725 0.8578334674410898
61726548.28114452 0.8555670283359403
62401278.25689032 0.8539339921267958
63087253.73223188 0.8522809294914224
63761983.707977675 0.8517154322958977
64436713.68372347 0.8493556132570903
65111443.65946926 0.8481241798046866
65786173.63521506 0.8470877162884414
66460903.610960856 0.8458649532844816
67135633.58670665 0.8443889058515296
67821609.06204821 0.8430080798549265
68361393.04264484 0.8414235367568828
68710003.5301135 0.8407233791015437
68889931.52364571 0.8403430304447305
69283524.00949743 0.8395276249189566
69958253.98524323 0.8380383799976715
70632983.96098903 0.8368140056729643
71307713.93673483 0.8355135923036295
71993689.41207638 0.8346623540507911
72668419.38782218 0.8337509597945709
73264430.86639763 0.8324706495840177
73871687.84456885 0.8303637313271537
74546417.82031465 0.8302091978983587
75232393.2956562 0.8292941973457376
75907123.27140199 0.8278295826231231
76581853.24714778 0.8248188663341749
77256583.22289358 0.8231677986665977
81316208.57696413 0.8462002616614898
81990938.55270992 0.844530318516687
82665668.5284557 0.8421030541491435
83340398.5042015 0.8411161579604499
84015128.4799473 0.8396011318836338
84689858.4556931 0.8382107146872413
85364588.4314389 0.8368658748828081
86050563.90678045 0.8353770903332671
86725293.88252625 0.8344940860293664
87400023.85827205 0.8329354008036919
88074753.83401784 0.831762818964133
88749483.80976364 0.8305240962020893
89300513.28995603 0.8294545622206732
89851542.77014843 0.8283135162502332
90526272.74589422 0.8273444213223142
91212248.22123578 0.8262596948847689
91886978.19698158 0.8250500526365896
92561708.17272738 0.8236040064845616
93236438.14847317 0.823055926902763
93911168.12421897 0.8213766227401145
94597143.59956053 0.8205449505417607
95271873.57530633 0.8196763713998916
98668014.45322683 0.8173358882257681
99342744.42897262 0.8161486510265196
100017474.40471841 0.8149390855187499
100692204.38046421 0.8140592271237915
101366934.35621001 0.8129718918737434
102052909.83155157 0.8119682686250114
102727639.80729736 0.8109099371641321
103357387.7846601 0.8098423214258167
103998381.26161861 0.8084875067666881
104673111.23736441 0.8074040080028415
105212895.21796104 0.8063926350648682
105752679.19855767 0.806086637391525
106393672.67551619 0.8052215110809515
107023420.65287893 0.8045607924412208
107540713.63428403 0.8037375605015102
108046761.11609338 0.8027707674637409
108732736.59143494 0.8017975291351244
109407466.56718074 0.800758380081681
110082196.54292654 0.7998124574967904
110756926.51867233 0.7988102153790051
111431656.49441813 0.7980174450919628
112106386.47016393 0.7968146317816791
112792361.94550548 0.7956091329420545
113467091.92125128 0.7944654781591117
113860684.40710299 0.7940678653379633
114265522.39255047 0.7931049087863953
114951497.86789203 0.7922420843659713
115626227.84363782 0.7914697241443494
116300957.81938362 0.790685087193597
116975687.79512942 0.7895510236183008
117650417.7708752 0.7883726103247441
118325147.746621 0.787910391177163
119011123.22196256 0.7867897552800005
119685853.19770835 0.7856334401122357
120360583.17345415 0.7847738383340924
121035313.14919995 0.7839334956872948
121721288.6245415 0.7829946322261719
122396018.6002873 0.7821476141034409
123070748.5760331 0.7813855356549388
123756724.05137466 0.7799529171779017
124431454.02712046 0.77909753552908
125106184.00286625 0.7780169524851608
125522267.48790948 0.7774255974101953
125780913.97861204 0.7771827482068568
126298206.96001716 0.7764883452706058
126972936.93576294 0.7758491109221747
127647666.91150874 0.7750355469077346
128322396.88725454 0.7740146594970245
128997126.86300033 0.772876759437884
129671856.83874613 0.7719978985291809
130346586.81449193 0.7709730211789498
131021316.79023772 0.7700079161929089
131707292.26557928 0.7691312804425883
132382022.24132508 0.7681798333260533
133056752.21707088 0.7674340215540597
133731482.19281666 0.7663024133214467
134406212.16856247 0.7652984064248802
134799804.65441418 0.7647127293411644
134912259.65037182 0.7645453053408896
135024714.64632943 0.7644058109164757
135418307.13218117 0.7639415200693315
135834390.6172244 0.7634019574787287
135969336.61237356 0.7632302366205082
136081791.60833117 0.7630813811845342
136475384.0941829 0.7625350663885883
137150114.0699287 0.7616751576920203
137824844.0456745 0.7605968765366791
138499574.0214203 0.7597816244705105
139174303.9971661 0.7589249384177946
139849033.97291186 0.7579548460067632
140535009.44825342 0.7572038933517454
141209739.42399922 0.7562369468543709
141884469.39974502 0.7551268229122718
142559199.3754908 0.7542710576148299
143233929.3512366 0.7532675878249173
143908659.3269824 0.7523424589634958
144560898.30353668 0.7515394069056907
144920754.2906011 0.7510870091476994
145134418.7829206 0.7508199901182203
145348083.27524012 0.7505766038074422
145741675.76109183 0.7500249946688669
146146513.7465393 0.7494907264208934
146551351.7319868 0.7490042607177618
147226081.7077326 0.7479885909202715
147619674.1935843 0.7473970056570769
148024512.17903176 0.7468028115868796
148699242.15477756 0.7459893243018493
149373972.13052335 0.7451545829168914
150048702.10626915 0.7439684199348794
150723432.08201495 0.7431489477409605
151398162.05776075 0.7424364366176528
152084137.5331023 0.7416484235626574
152758867.5088481 0.7408125312334106
153433597.4845939 0.7397393909610936
154108327.4603397 0.7387881740335736
154501919.9461914 0.7382332655217364
154895512.4320431 0.7376786639283239
155570242.4077889 0.737165803240669
156244972.3835347 0.7363699637654513
156919702.3592805 0.7353493832739516
157605677.83462206 0.7345386582547435
158280407.81036785 0.7337265521030172
158955137.78611365 0.7328374861561038
159629867.76185945 0.7322082266560821
160304597.73760524 0.7315312413406286
160979327.71335104 0.7305425803652965
161654057.68909684 0.7297495798853108
162328787.66484264 0.7286089175603478
163014763.1401842 0.7280146467607409
163689493.11593 0.7273691973128348
164364223.0916758 0.7263734772137349
164870270.57348514 0.7258299246836112
165387563.55489025 0.7251764186280392
165781156.04074195 0.7246721516562756
166174748.52659366 0.7241679614139219
166849478.50233945 0.7233401256931267
167524208.47808525 0.722520806958813
168198938.45383105 0.7217262718867036
168873668.42957684 0.7211557105352073
169368470.41179043 0.7207008574298186
169863272.39400402 0.7200593211928096
170256864.87985572 0.7195433913201221
170436792.87338793 0.7193112842616478
170729175.8628778 0.7187635883331835
171089031.8499422 0.7185136032758818
171437642.33741087 0.7179355991527832
171797498.3244753 0.7172561584899322
172314791.3058804 0.7168492613882046
172989521.2816262 0.7158464054359271
173664251.257372 0.7148381784108248
174338981.2331178 0.7141192220013843
175013711.2088636 0.7133518492094671
175620968.18703482 0.7126283657530661
176239470.66480178 0.7121514912505096
176914200.64054757 0.71110136986083
177397757.1231654 0.7107501017233809
177892559.105379 0.7102074699485313
178567289.08112478 0.7094502254654145
179253264.55646634 0.7085419003879412
179927994.53221214 0.7077984672331497
183211680.414175 0.7043932840406381
183627763.89921823 0.704055750503676
183942637.8878996 0.7037677075617128
184212529.87819794 0.7033913488436347
184392457.87173015 0.7031301612642246
184504912.8676878 0.7029695661987027
184707331.86041152 0.7027369220327886
185179642.84343356 0.7022091758011436
185865618.31877512 0.7011871374469302
186540348.2945209 0.7006313081798189
187215078.2702667 0.699671650995227
187687389.25328878 0.6992316834338287
187912299.24520403 0.6991132896513086
188125963.73752356 0.6983543571164631
188598274.7205456 0.6977548687036363
189273004.6962914 0.6972116230919374
189947734.67203718 0.6964848402622745
190622464.64778298 0.6958690084435294
191308440.12312454 0.6949152594384165
191791996.60574237 0.6945504868910667
192286798.58795595 0.6940281117322464
192961528.56370175 0.6930544897589385
193355121.04955345 0.6924873812403092
193748713.5354052 0.691918507939756
194423443.51115096 0.6913980510216793
194951981.99215186 0.6908456745866492
195188137.48366287 0.690591546131007
195300592.47962052 0.6904710039195142
195694184.96547222 0.689946940709751
196368914.94121802 0.6894649253233845
197043644.91696382 0.6885618945885406
197729620.39230537 0.6876308575468547
198404350.36805117 0.6873867806698173
199079080.34379697 0.6864516769592006
199753810.31954277 0.6856178563287311
200428540.29528856 0.6850655566238967
201103270.27103436 0.6841292252395812
201778000.24678013 0.6832459140133271
202463975.7221217 0.682744332577976
203138705.69786748 0.6820173962894936
203813435.67361328 0.6812979027718279
204488165.64935908 0.6805237777753531
205162895.62510487 0.6796971697282567
205837625.60085067 0.6791681958229129
206512355.57659647 0.6782964707673872
207175840.0527465 0.6774806048651548
207828079.02930078 0.6769144938304238
208502809.00504658 0.6762724972161704
209188784.48038813 0.6754117444937381
209863514.45613393 0.6746864962561986
210538244.43187973 0.6739036240842275
211224219.9072213 0.6732768966610132
211898949.88296708 0.6727754686852673
212573679.85871288 0.6719136417487414
213259655.33405444 0.67102733806765
213934385.30980024 0.6703805074872259
214609115.285546 0.6696384554657382
215283845.2612918 0.6691419381847873
215969820.73663336 0.6681828948370448
216644550.71237916 0.6673982578847211
217319280.68812495 0.6667986927416988
217994010.66387075 0.6659954872242885
218668740.63961655 0.6653571736303457
219343470.61536235 0.6641928785866819
220018200.59110814 0.6633902101759255
220704176.0664497 0.662451500174408
221378906.0421955 0.6617927765056162
222053636.0179413 0.6608928916844289
222660892.99611253 0.6605651028068614
223268149.97428373 0.6596339123063558
223954125.44962528 0.6587357155361115
224628855.42537108 0.6580746899795276
225303585.40111688 0.6574006203887157
225978315.37686267 0.6566317130054607
226653045.35260847 0.6559742170103677
230037940.73093322 0.653739620689619
230712670.70667902 0.6532658153713095
231387400.6824248 0.6524730450803385
232062130.6581706 0.6514176293480295
232736860.63391638 0.6508269648393231
233422836.10925794 0.6504628061280371
234097566.08500373 0.6499231668080248
234772296.06074953 0.6490510581046645
235447026.03649533 0.648362870266317
236121756.01224113 0.6475660333064155
236796485.98798692 0.6471355802161822
237471215.96373272 0.6464536074765239
237876053.9491802 0.6460556877385223
237999754.4447336 0.6459306952102642
238123454.940287 0.6457977228029642
238517047.4261387 0.6451630922301178
239191777.4018845 0.6447402353703066
239866507.3776303 0.6441234060668777
240541237.3533761 0.6435159377742232
241215967.3291219 0.6424678113539113
241890697.30486768 0.6422537741177886
242565427.28061348 0.6414794956617088
243251402.75595504 0.6407326864050313
243926132.73170084 0.6402273452183885
244600862.70744663 0.6395079667964089
245084419.19006446 0.6390382665117348
245275592.68319243 0.6388440255136116
245399293.1787458 0.6387311562627359
245511748.17470345 0.6385473504918381
245905340.66055515 0.6384382793561733
246580070.63630095 0.6378224859021331
247254800.61204675 0.6370042030172081
247929530.58779255 0.6362120465630866
248604260.56353834 0.635772385919327
249278990.53928414 0.63494619988477
249964966.0146257 0.6343807794170837
250639695.9903715 0.6339304149939508
251314425.9661173 0.6330222433752968
251989155.9418631 0.6323363574255273
252663885.9176089 0.6317345287594176
253338615.89335468 0.6309285226114801
254024591.36869624 0.6306110155015326
254699321.34444204 0.6299665251743911
255374051.32018784 0.6293854135015551
256048781.29593363 0.6287240810265464
256723511.27167943 0.6280416095441533
257398241.24742523 0.627177288895525
258072971.22317103 0.6266640829247406
258747701.1989168 0.6258984749139619
259422431.1746626 0.6254407060839314
260108406.65000415 0.6246292521337594
260783136.62574995 0.6240176404427645
261457866.60149574 0.623707422644814
262132596.57724154 0.6228976183816657
262807326.55298734 0.6221926651248606
263482056.52873313 0.6217959346958527
264168032.0040747 0.6213447646115603
264842761.9798205 0.620523259083569
265517491.9555663 0.619722777467276
266192221.93131208 0.6189907770236076
266732005.91190872 0.6186548931728837
267013143.4018028 0.6184653710460312
267148089.39695197 0.6183728735052996
267541681.88280368 0.6181037827762573
268216411.85854948 0.6172875332261906
268891141.8342953 0.616715168728851
269565871.81004107 0.6161232765472316
270240601.78578687 0.6156131781253991
270915331.76153266 0.614965119871276
271601307.2368742 0.6142434011960133
272276037.21262 0.6135639605331623
272950767.1883658 0.6127644380368482
273625497.1641116 0.612236423252269
274300227.1398574 0.6116184046390606
274974957.1156032 0.6112049855210049
275660932.59094477 0.610499034779516
276335662.56669056 0.6099371822380256
277010392.54243636 0.6093638586207071
277685122.51818216 0.6083444290734964
278359852.49392796 0.6079913961549089
279034582.46967375 0.6075626311156188
279709312.44541955 0.606838341998844
280136641.43005854 0.6064301021285174
280518988.4163145 0.6058329923336784
280968808.400145 0.6054072581139304
283352854.3144468 0.6039003270134136
284027584.2901926 0.6034593236018408
284713559.76553416 0.602743091092732
285388289.74127996 0.6022575845095793
286063019.71702576 0.6017921810836366
286726504.1931758 0.6013888135441859
287401234.1689216 0.6007090275982053
288075964.1446674 0.6000908938908823
288750694.1204132 0.5994675809350444
289425424.096159 0.5989390674077305
290111399.57150054 0.5984985243741875
290786129.54724634 0.5977699000339766
291460859.52299213 0.5971145524678564
292135589.49873793 0.5967116453056499
292810319.4744837 0.5959743888848427
293485049.4502295 0.5956617157394947
294159779.4259753 0.5950453851780149
294834509.4017211 0.5945221659933304
295520484.8770627 0.5940046247998955
297544674.80430007 0.5830914112783387
298219404.78004587 0.582517205270451
298894134.75579166 0.5818799275266827
299568864.73153746 0.5813745479761208
300254840.206879 0.5807745608205591
300929570.1826248 0.5800899025444883
301604300.1583706 0.5796392312029308
302279030.13411635 0.5789719521821669
302953760.10986215 0.578000094990783
303628490.08560795 0.5773905549993512
304303220.06135374 0.576730335103141
304696812.5472055 0.5763451141154518
305101650.532653 0.5759581283466242
305776380.5083988 0.5752817185033151
306451110.48414457 0.5746679967480522
307125840.45989037 0.574229448683877
307800570.43563616 0.573807857863255
308475300.41138196 0.5731332511657893
309161275.8867235 0.5725990980119307
309836005.8624693 0.5719784705925052
310510735.8382151 0.5715515086990584
311185465.8139609 0.5708619780936831
311860195.78970665 0.5705992559221496
312377488.7711118 0.5701806191908741
312602398.7630271 0.5699919794538052
313007236.74847454 0.5696702522153216
313681966.72422034 0.5693751885142955
314356696.69996613 0.5685599748136175
315031426.6757119 0.5677411931859577
315706156.6514577 0.5673245130601308
316380886.6272035 0.5670924443663612
317055616.6029493 0.5664679421015294
317741592.0782909 0.5660109405671679
318416322.0540367 0.5653606187899575
319091052.0297825 0.5645877981965913
319484644.5156342 0.5641370501248383
319878237.0014859 0.5636863020538708
320552966.9772317 0.5635094403118405
321227696.9529775 0.5628258562498631
321913672.42831904 0.5626116271894305
322588402.40406483 0.5620754790662041
323263132.37981063 0.5612884251311877
324612592.3313022 0.5604556403508926
325287322.307048 0.5600044702666003
325962052.2827938 0.5594703938429371
326648027.7581354 0.5591662760487753
327322757.7338812 0.558627097106007
327997487.709627 0.5581672565764136
328672217.68537277 0.5575808121962432
329346947.66111857 0.5567410833862949
330021677.63686436 0.5564879524153366
330696407.61261016 0.5559692602776126
331371137.58835596 0.5554987543325648
332057113.0636975 0.5551618729971569
332731843.03944325 0.5546729903113327
333406573.01518905 0.554321607079769
334081302.99093485 0.5538993640568071
334756032.96668065 0.5534526059245749
335430762.94242644 0.5528561483312902
336105492.91817224 0.552276878169788
336499085.40402395 0.5519387691598956
336622785.8995774 0.5518407470883053
337016378.3854291 0.5518204521067852
337511180.36764264 0.5513937587670582
337724844.85996217 0.5512099146306697
337837299.8559198 0.5511108183442001
337949754.85187745 0.5510122208004653
338343347.33772916 0.5506710042416212
339018077.31347495 0.5502459222234273
339692807.28922075 0.5495922243435452
340367537.26496655 0.5494959670530933
341053512.7403081 0.5488763371183517
341728242.7160539 0.5482940361373074
342402972.6917997 0.5477050980450346
343077702.6675455 0.5475277375602695
343752432.6432913 0.5470959417014374
344427162.6190371 0.5465136023556882
344820755.1048888 0.5461738052948529
345214347.5907405 0.5458337780450028
345900323.06608206 0.5455251715685854
346991136.5268711 0.5446125496331664
347407220.0119143 0.5442546443852745
348081949.9876601 0.5435768150439567
348756679.9634059 0.5431023958887976
349431409.9391517 0.5426743597812572
350106139.9148975 0.5422548022947078
350780869.8906433 0.5415255257529425
351466845.36598486 0.5413042759334469
352141575.34173065 0.5406152440700207
352816305.31747645 0.54022150609585
353491035.29322225 0.5399182323275526
354165765.26896805 0.5393316344885628
354840495.24471384 0.5389755323857284
355526470.7200554 0.5384486685454382
356201200.6958012 0.5379808865007221
356875930.671547 0.5377617083807894
357550660.6472928 0.536920329884603
358225390.6230386 0.5368060795012092
358900120.5987844 0.5362975156715
359574850.5745302 0.5358826003260256
360249580.550276 0.5355102315474686
360935556.02561754 0.5350567979393029
361610286.00136334 0.5342358295179656
362285015.97710913 0.533735514121018
362959745.95285493 0.5335858530246703
363634475.9286007 0.5331122778953756
364309205.9043465 0.5326065914256033
364983935.8800923 0.5320127810032403
365669911.3554339 0.5316592877081945
366344641.3311797 0.531166299987949
367019371.3069255 0.530515364373889
367694101.2826713 0.5298549910188592
368368831.25841707 0.5296122952743403
369043561.23416287 0.529119883027025
369718291.20990866 0.5286602343209559
370393021.18565446 0.5282857938428357
371078996.660996 0.5278096099065382
371753726.6367418 0.5273666498903027
372428456.6124876 0.5269452125285002
373103186.58823335 0.5264674556361603
373777916.56397915 0.5260634358943697
374452646.53972495 0.5256304123618387
375127376.51547074 0.5254764160420546
375813351.9908123 0.5249325182288015
376488081.9665581 0.5243140392383489
377162811.9423039 0.523880248410149
377837541.9180497 0.52359826710727
378512271.8937955 0.5230560189802547
379187001.8695413 0.5224952406536435
379861731.8452871 0.5221656486302327
380547707.32062864 0.5217516540400325
381222437.29637444 0.5212916216869148
381897167.27212024 0.521157037957296
382571897.24786603 0.5205852872968058
383246627.22361183 0.5202513984154493
383921357.1993576 0.5198074792792348
384607332.6746992 0.5193321777335066
385282062.650445 0.518857643484233
385956792.6261908 0.5186567270109622
386631522.6019366 0.5181908248422847
387306252.5776824 0.5177803214488708
387980982.5534282 0.5171450770391749
388655712.529174 0.5166011024965119
389341688.0045155 0.5163503885082461
390016417.9802613 0.516050797761045
390691147.9560071 0.5135311509531701
392715337.8832445 0.5078784808668588
393390067.8589903 0.5075976888729735
394076043.33433187 0.5072773811317131
394750773.31007767 0.5068152770790322
395425503.28582346 0.5065264284766953
396100233.26156926 0.5062670440431285
396684999.2405489 0.5057013933864272
397281010.7191244 0.5052616176485532
397955740.6948702 0.5049000293795649
398630470.670616 0.504478707111877
399305200.64636177 0.5040230099806241
399979930.62210757 0.5036083631888697
400654660.59785336 0.5032493069966888
401340636.0731949 0.5026950123217009
402015366.0489407 0.502334536632297
402690096.0246865 0.5019103370046722
403364826.0004323 0.5009989043774614
404039555.9761781 0.500196427791015
404714285.9519239 0.4996944627078295
405389015.9276697 0.4991237095320231
406063745.9034155 0.49866877969722473
406749721.37875706 0.4979852340007381
407424451.35450286 0.4972995782399835
410123371.25748605 0.4975493331082704
410798101.23323184 0.49723113543127795
411472831.20897764 0.4968624113083265
412158806.6843192 0.49636976887199624
412833536.660065 0.4959003371418277
413508266.6358108 0.4953422059861385
414182996.6115566 0.49498368690139716
414857726.5873024 0.494592826287949
415532456.5630481 0.4942805367904353
416207186.5387939 0.49397925799229137
416893162.0141355 0.49359729801237345
417567891.9898813 0.4930445379295091
418242621.9656271 0.4924978394857287
418917351.9413729 0.49213935876569226
419592081.91711867 0.49188994918053497
420266811.89286447 0.4915057640430202
420941541.86861026 0.49111850972047283
421627517.3439518 0.49075910824516233
422302247.3196976 0.4904020086576441
422976977.2954434 0.48978042211823974
423651707.2711892 0.48940302754998727
424326437.246935 0.489170882126808
425001167.2226808 0.4887035988256123
425675897.1984266 0.4882838111500479
426350627.1741724 0.48783214232302075
427036602.64951396 0.4874507194505424
427711332.62525976 0.48709542300965325
428386062.60100555 0.48662564599556946
429060792.57675135 0.48615441111955765
429735522.55249715 0.4858862027810845
430410252.52824295 0.4854598163597822
431084982.50398874 0.4850669991408856
431770957.9793303 0.4846614064422665
432445687.9550761 0.4843972264080193
433120417.9308219 0.4838862839611081
433795147.9065677 0.4832569860955959
434469877.8823135 0.48299714128478494
435110871.359272 0.4825793869440787
435470727.3463364 0.48234482453742106
435583182.34229404 0.4822706270088418
435695637.33825165 0.48219712004573606
436089229.8241034 0.48193961548742226
436763959.7998492 0.4815449951226823
437449935.2751908 0.48132324656123754
438124665.25093657 0.4809941149150709
438799395.2266823 0.4803202755140597
439474125.2024281 0.4799753759341194
440148855.1781739 0.47949796432490893
440823585.1539197 0.4792065452802741
441498315.1296655 0.47883218153156365
442173045.1054113 0.4783286434915498
442859020.58075285 0.4782974529063462
443533750.55649865 0.47775723811418924
443927343.04235035 0.4774419177979193
444275953.529819 0.4771608188856093
444905701.50718176 0.4767272582456388
445591676.9825233 0.4763809391684753
446266406.9582691 0.4759715867193503
446941136.9340149 0.47551627323671747
447615866.9097607 0.4752573875450997
448290596.8855065 0.4749228848268938
448965326.8612523 0.4746501494422459
449640056.8369981 0.4741757302870869
450326032.31233966 0.47372440674318933
451000762.28808546 0.47337145055479735
451394354.77393717 0.4731656233867315
451506809.76989484 0.47310473844374284
451911647.7553423 0.4730256302203686
452586377.7310881 0.4727705810094523
453261107.7068339 0.47226220900326743
453935837.6825797 0.4720544635944581
454610567.6583255 0.47150772678597286
455285297.6340713 0.47102057051658214
455960027.6098171 0.47081224963562823
456646003.08515865 0.4702367008599272
457320733.06090444 0.46984231068420224
457995463.03665024 0.46953454823364915
458670193.01239604 0.4690502693241953
459344922.98814183 0.4687798358273396
460019652.96388763 0.46835997142236546
460694382.93963337 0.467985607673655
461369112.91537917 0.46770481567976974
462043842.89112496 0.4668864944301399
462639854.36970043 0.4664673973216203
463235865.8482759 0.466254280839986
463910595.8240217 0.46612449271104756
464585325.7997675 0.46558500685064025
465271301.27510905 0.465263011058437
465946031.25085485 0.46507199270338023
466620761.22660065 0.46458552700024863
467126808.70840997 0.46422815885979635
467632856.19021934 0.4638653429171094
468318831.6655609 0.4635348685031294
468914843.14413637 0.4631787664010808
469454627.124733 0.46297850212857855
470073129.60249996 0.4627275195865929
470747859.57824576 0.4620433984179618
471422589.55399156 0.46149516538205804
472108565.0293331 0.4609953870925502
472783295.0050789 0.46060111201093984
473458024.9808247 0.4602123614617596
474132754.9565705 0.45988940654879157
474807484.9323163 0.45946865975324824
475482214.9080621 0.4591556796902612
476156944.8838079 0.45861377684637555
476831674.8595537 0.458165714311035
477517650.33489525 0.45778003294531583
478192380.31064105 0.45750069881414424
478867110.28638685 0.4570782256029531
479541840.26213264 0.45675131911595473
480216570.23787844 0.4563431559758236
480891300.21362424 0.45595969976927286
481566030.18937 0.45567541657781563
482252005.66471153 0.45524576914795634
482926735.64045733 0.45471142417057325
483601465.6162031 0.45437968371897536
484276195.5919489 0.45403823697111634
484950925.5676947 0.45345217623956613
485625655.5434405 0.4531136835818393
486311631.0187821 0.45285199725969444
486986360.9945279 0.452381184396222
487661090.9702737 0.45188881051361157
488335820.9460195 0.4514813379397396
489010550.92176527 0.4512042289669505
489685280.89751107 0.45096149485772663
490360010.87325686 0.4509025281554815
491045986.3485984 0.4502755321785474
494419636.2273274 0.45053391912743035
495094366.2030732 0.45012974592682026
495769096.178819 0.4498294262486552
496455071.65416056 0.44966019910175137
496961119.1359699 0.4494068379425637
497275993.12465125 0.4492109856229074
497467166.61777925 0.44909098051885415
497624603.6121199 0.448988738318728
498074423.5959505 0.44867560479534996
498749153.5716963 0.4480998641961246
499423883.5474421 0.44771096018733914
500098613.5231879 0.44730018824020534
500773343.4989337 0.44709631767680225
501448073.47467947 0.44675260740585576
502122803.45042527 0.44629199957980775
502808778.9257668 0.44583695465089473
503483508.9015126 0.44555750542482286
504158238.8772584 0.4452099203092557
504832968.85300416 0.4449377220312617
505507698.82874995 0.44461741429000134
506182428.80449575 0.44432921788921864
506857158.78024155 0.4438376880324725
507543134.2555831 0.44332409841306797
508217864.2313289 0.4431450882420647
508892594.2070747 0.4431334637066314
509567324.1828205 0.44282251697771685
510242054.1585663 0.44248176079690266
510916784.1343121 0.4420399133594656
511591514.1100579 0.44155091557952664
512277489.58539945 0.44138594692586364
512952219.56114525 0.4411020090183217
513626949.53689104 0.44074943647854986
514301679.51263684 0.44057276656004374
514976409.48838264 0.4401759210369212
515662384.9637242 0.44000086243994835
516337114.93947 0.43978671010971115
517011844.9152158 0.4393870255905709
517686574.8909616 0.43898373478053
518372550.36630315 0.4385309533747044
518946070.8456871 0.43833299099078016
519238453.83517694 0.43823266703061187
519350908.83113456 0.43819384185028154
519463363.8270922 0.43815513176406595
519643291.8206244 0.43809420845637237
520093111.8044549 0.4379247894859442
520779087.2797965 0.4375135571615662
521453817.2555423 0.4372113192434433
522128547.2312881 0.4368284385082513
522803277.2070339 0.43646155589663366
523478007.18277967 0.43615344816295104
524152737.15852547 0.435928553687064
524827467.13427126 0.43546050308941375
525513442.6096128 0.43508019279651955
526188172.5853586 0.43484213919307574
526862902.5611044 0.4345130459123997
527537632.5368502 0.43435264267118784
528212362.512596 0.4338870474201493
528887092.4883418 0.4336068692638991
529561822.4640876 0.43317668472660015
530236552.4398334 0.43283205370037964
530922527.91517496 0.43254028937261524
531597257.89092076 0.4322149174777404
532271987.86666656 0.4317960505582357
532946717.84241235 0.43129477604052363
533621447.81815815 0.4308515091058634
534296177.79390395 0.43054029382322906
534970907.76964974 0.4301791659322708
535656883.2449913 0.4298172323793673
536331613.2207371 0.4295844347546338
537006343.1964829 0.42925342323321414
537681073.1722287 0.4290373526622333
538355803.1479745 0.428462302629267
539030533.1237203 0.428107466565622
539705263.0994661 0.4276781644188922
540391238.5748076 0.4274821202749259
541065968.5505534 0.4271882075181887
541740698.5262992 0.42679247457465036
542415428.502045 0.42641189572803634
543022685.4802163 0.42619383018690216
543348804.9684933 0.42607654898396624
543461259.964451 0.4260356521040729
543573714.9604086 0.425995138872014
543686169.9563663 0.42595462563995506
544079762.442218 0.4256716468523921
544765737.9175595 0.42537508692473297
545440467.8933053 0.4252165635579885
546115197.8690511 0.4249050413569294
546789927.8447969 0.4245437983710708
547464657.8205427 0.4243115762184818
548139387.7962885 0.4239363300792021
548814117.7720343 0.42363355505363953
549488847.7477801 0.423284013332624
550174823.2231216 0.42303717418976455
550849553.1988674 0.4227289513611816
551524283.1746132 0.4223660970537898
552199013.150359 0.4221194497344547
552873743.1261048 0.42183451434222896
553548473.1018506 0.4216612205263945
554223203.0775964 0.4212975221931384
554909178.552938 0.421048764810321
555583908.5286838 0.4206830331422067
556258638.5044296 0.42042618078544713
556933368.4801754 0.4201464246417362
557608098.4559212 0.4198296848274574
558282828.431667 0.4195501205072709
558957558.4074128 0.41916938820183747
559632288.3831586 0.4188965377215034
560307018.3589044 0.4185393997700661
560992993.8342459 0.41826348010627096
561667723.8099917 0.4179721377918316
562342453.7857375 0.41762378537980993
563017183.7614833 0.41727021535456854
563691913.7372291 0.4171204007986156
564366643.7129749 0.4168126383480626
565052619.1883165 0.4164413821483039
565727349.1640623 0.41604752908001846
566402079.139808 0.4158021094343821
567076809.1155539 0.41559006716762714
567751539.0912997 0.4152538763984784
568426269.0670455 0.41496345483931313
569100999.0427912 0.41466244459410323
569786974.5181328 0.41441510670850906
570461704.4938786 0.41405862095862594
571136434.4696244 0.41365433266311546
571811164.4453702 0.4133727350088564
572485894.421116 0.413048897706105
573160624.3968618 0.4126904553507734
573722899.3766499 0.4125467791633142
574217701.3588635 0.4121472864684842
574836203.8366305 0.412013431670615
575510933.8123763 0.41164543647941326
575983244.7953984 0.41153268232343787
576455555.7784203 0.41130989791181877
577130285.7541661 0.411016598991931
577816261.2295077 0.4105848798632943
578490991.2052535 0.41031007277829756
579165721.1809993 0.4099223197138011
579840451.1567451 0.40952397796326
580515181.1324909 0.40929421115728276
581189911.1082367 0.4089894027968621
581864641.0839825 0.40866195920242404
582550616.559324 0.40831648415112487
583225346.5350698 0.40795416695038705
583900076.5108156 0.40781705114396094
584574806.4865614 0.40751949373161805
585249536.4623072 0.40724123381454
585924266.438053 0.4068727015158986
586598996.4137988 0.4065311780394156
587273726.3895446 0.40616322121291865
587959701.8648862 0.4059775739306869
588634431.840632 0.405613376854696
589309161.8163778 0.40536404399973414
589983891.7921236 0.40501534630458286
590658621.7678694 0.40478895560127726
591333351.7436152 0.4044043100857326
592008081.719361 0.40419836782276647
592694057.1947025 0.40395624755039194
593368787.1704483 0.40352276364061684
594043517.1461941 0.4032913087836967
594718247.1219399 0.4031865728706824
595392977.0976857 0.40275899714038615
596067707.0734315 0.4025142296970898
596585000.0548366 0.4023394012891318
597113538.5358375 0.4019724419473187
597653322.5164341 0.4016842455473218
598204351.9966265 0.4013840793279762
598879081.9723723 0.4009531658597133
599553811.9481181 0.40062944365107644
600228541.9238639 0.40035996927419976
600903271.8996097 0.4000523986479568
602252731.8511013 0.4001126313886055
602938707.3264428 0.4001072603157806
603613437.3021886 0.3993633667845306
604288167.2779344 0.3989264300418885
604962897.2536802 0.39889577656412456
605637627.229426 0.3986029380222666
606312357.2051718 0.3982194434502252
606987087.1809176 0.397818531258172
607661817.1566634 0.39763737265819593
608347792.632005 0.3973458001547417
609022522.6077508 0.3970297125420172
609697252.5834966 0.3966891865502179
610371982.5592424 0.39652678833885274
611046712.5349882 0.39615388245207017
611721442.510734 0.3958078702933315
612396172.4864798 0.39546899398777025
613082147.9618213 0.39515981203999406
613756877.9375671 0.39487188419293123
614431607.9133129 0.39453596197671653
615106337.8890587 0.3942606561497708
615781067.8648045 0.39415534476539765
616455797.8405503 0.3937659036491726
617130527.8162961 0.3933774216529264
617816503.2916377 0.39307522209950835
618491233.2673835 0.3925904060826148
619165963.2431293 0.39229534238237435
619840693.218875 0.39180423453738183
620515423.1946208 0.3914068135429005
621190153.1703666 0.3911654989308998
621864883.1461124 0.39094106483304264
622550858.621454 0.390617265894996
623225588.5971998 0.39025230152333623
623900318.5729456 0.39006607876895993
624575048.5486914 0.38972240686350407
625249778.5244372 0.3893926997451929
625924508.500183 0.38912460650162023
626419310.4823965 0.3883263884084146
626869130.466227 0.3848589391403962
627240231.9528873 0.3820933355802311
627498878.4435898 0.38233806465960835
627926207.4282289 0.3822384312656991
628612182.9035704 0.38202681101226915
629286912.8793162 0.3817821202975967
629961642.855062 0.38124808223863843
630636372.8308078 0.3809909996936496
631311102.8065536 0.3807967203308216
632469389.2649171 0.38038614020799794
632941700.2479392 0.38011685765543135
633616430.223685 0.37999650726824846
634291160.1994308 0.3794436704551887
634977135.6747724 0.37934595530202303
635651865.6505182 0.3790950111247423
636326595.626264 0.3788416116008497
639700245.504993 0.3786103102027491
640386220.9803345 0.37846279753537415
641060950.9560803 0.3781854200088653
641578243.9374855 0.37807270421680905
641949345.4241456 0.3778032682054229
642466638.4055507 0.37770846877689906
643152613.8808923 0.3774218069682398
643827343.8566381 0.3771038011155574
644502073.8323839 0.37685036322617427
645176803.8081297 0.3765134818899807
645851533.7838755 0.37623560562152275
646526263.7596213 0.3759854287406966
647200993.7353671 0.3758395273940692
647875723.7111129 0.37554929765921397
648561699.1864544 0.37531082204323085
649236429.1622002 0.37494374760730315
649911159.137946 0.3745744096475023
650585889.1136918 0.3745027441957303
651260619.0894376 0.3742616597727445
651935349.0651834 0.3740767414222624
652610079.0409292 0.37377703558016107
653059899.0247597 0.3735267052405154
653509719.0085902 0.37334405041312074
653937047.9932293 0.373215720146896
654364376.9778682 0.3731449754496124
655039106.953614 0.372818068962614
655725082.4289556 0.3725097694046214
656399812.4047014 0.37223776295093747
657074542.3804471 0.37191910489670077
657749272.356193 0.3718189343953519
658424002.3319387 0.37157892418724536
659098732.3076845 0.3711650830566504
659773462.2834303 0.37079256081848805
660448192.2591761 0.3705106946105092
661134167.7345177 0.3702806976163027
661808897.7102635 0.37002326978739863
662483627.6860093 0.36976146837113916
663158357.6617551 0.36952916948835474
663833087.6375009 0.36929583475618155
664507817.6132467 0.36893946410041306
665182547.5889925 0.3687022928875384
665868523.064334 0.3684245700779
666543253.0400798 0.3680583396678367
667217983.0158256 0.3678587275968887
667892712.9915714 0.36763985639538077
668567442.9673172 0.3674842487540636
669242172.943063 0.367203993867618
669928148.4184046 0.3669657484406497
670602878.3941504 0.3666435608241364
671277608.3698962 0.3664087682292495
671952338.345642 0.36621502597386113
672627068.3213878 0.3659625088397521
673301798.2971336 0.365796312513176
