1.0 0.9930691276453469
6533636.265138453 0.9773614418354901
15856155.430026194 0.9558068465456706
16542130.905367753 0.9542591997060006
17216860.881113548 0.9527419374156038
21265240.73558832 0.9437415259965036
22423527.19395194 0.9411985234814427
22907083.676569756 0.9401410562378593
23975406.138167266 0.9378134566627782
24144088.632103715 0.9374470273781977
25279884.091275804 0.9349874107367526
27304074.01851319 0.9306368216649564
29339509.44534634 0.9263040601765118
30014239.421092138 0.9248769827562016
31161280.379859988 0.9224613716941088
35681971.217356816 0.9130670187299836
36356701.19310261 0.9116818750758984
37717406.64418997 0.9089017391407884
38808220.104979 0.906685728192081
39224303.59002224 0.9058434030024201
41248493.51725963 0.9017687229499619
45904130.34990562 0.8925402598212984
46578860.325651415 0.8912191083503566
47928320.27714301 0.8885890099808472
49277780.228634596 0.885975064586372
50638485.67972195 0.8833555470364639
51313215.65546775 0.8820626052721259
52662675.606959336 0.8794885527569589
54686865.53419673 0.8756567912557607
56047570.985284075 0.8731005661259142
57397030.93677567 0.8705808467131528
58038024.413734175 0.8693893063447128
58690263.39028844 0.8681803628779465
60714453.317525834 0.8644507946389047
63424618.72010478 0.8595095766249704
64099348.69585057 0.8582885912610048
64774078.67159637 0.8570712388467676
65448808.64734216 0.8558575034662104
66809514.098429516 0.8534207416641634
67326807.07983463 0.852498184817909
68518830.03698553 0.8503802422492192
69081105.0167737 0.8493850422043584
69654625.49615762 0.8483724543727156
71015330.94724497 0.8459801518619642
71690060.92299077 0.8447991329492319
73039520.87448236 0.8424474547264594
73714250.85022816 0.8412767653307904
75063710.80171975 0.8389456112962939
75738440.77746554 0.8377851170019511
76424416.2528071 0.8366087345709883
77099146.2285529 0.8354550190647154
77773876.20429869 0.8343046429142222
78448606.18004449 0.8331575916096946
79100845.15659876 0.8320519222250521
79516928.641642 0.8313481915655921
79685611.13557845 0.8310632517068002
79865539.12911066 0.830759542090335
80315359.11294119 0.830001287995854
81462400.07170904 0.8280743100037073
81934711.0547311 0.8272835796964282
82620686.53007266 0.8261379614007607
83295416.50581846 0.8250143733044428
83970146.48156425 0.8238939938945401
84644876.45731005 0.8227768092863916
85319606.43305583 0.8216628056617353
85994336.40880163 0.8205519692683853
86669066.38454743 0.8194442864199102
87355041.85988899 0.8183213609714082
88704501.81138058 0.8161217444941304
92764127.16545111 0.8095788793970669
93438857.1411969 0.8085020939331292
94113587.1169427 0.8074283152809906
94788317.0926885 0.8063575305208203
95463047.0684343 0.8052897267944915
96137777.0441801 0.8042248913052826
96812507.01992589 0.803163011317577
97498482.49526745 0.8020864500642391
98173212.47101325 0.8010304918459739
100197402.39825062 0.7978800719757613
100872132.37399642 0.796835708835171
101310706.85823119 0.7961584114375753
101558107.84933798 0.7957768795000896
101827999.8396363 0.7953611006434745
102019173.33276428 0.7950668666086088
102412765.81861599 0.7944618100120827
103087495.79436179 0.7934268170761565
103762225.77010758 0.7923946519507945
104436955.74585338 0.7913653025705574
105111685.72159918 0.7903387569275532
105786415.69734497 0.7893150030711586
106472391.17268653 0.7882770363593947
107147121.14843233 0.7872588764863357
107821851.12417813 0.7862434726929828
108496581.09992391 0.7852308132559476
108923910.08456291 0.7845908764217953
109351239.06920192 0.7839520327459462
110025969.04494771 0.7829455507411092
112050158.9721851 0.7799422975216314
112724888.9479309 0.7789465726062145
113399618.9236767 0.7779535085187389
114074348.8994225 0.7769630939897137
114749078.8751683 0.7759753178033255
115153916.86061576 0.7753839138501866
115547509.34646748 0.7748098422442697
116222239.32221328 0.7738277877212714
116896969.29795907 0.7728483361916489
117571699.27370487 0.7718714766613224
118246429.24945065 0.7708971981885495
118921159.22519645 0.7699254898836714
120045709.18477277 0.7683116581136955
120225637.178305 0.7680541014340674
120349337.67385839 0.7678771359430043
120754175.65930587 0.7672985718955649
121428905.63505167 0.7663363214614909
122103635.61079745 0.7653765905269874
122778365.58654325 0.7644193684953131
123453095.56228904 0.7634646448201328
124139071.0376306 0.7624965594264997
124813801.0133764 0.7615468422277152
125488530.9891222 0.7605995918735519
126163260.964868 0.7596547980176808
126556853.45071971 0.759104798596129
126950445.93657142 0.7585556295253184
127636421.41191298 0.7576004849431427
128985881.36340457 0.7557288140311624
129660611.33915037 0.7547965891012677
130335341.31489617 0.7538667577781333
131010071.29064196 0.7529393100635002
131684801.26638776 0.7520142360066061
132359531.24213354 0.7510915257039539
133045506.7174751 0.7501558499124792
134394966.6689667 0.7483222374122974
137779862.04729143 0.7437636663217595
138454592.02303723 0.7428618675633922
139129321.99878302 0.7419623357598973
139804051.97452882 0.7410650615142679
140478781.95027462 0.7401700354740706
141153511.9260204 0.7392772483312297
141828241.9017662 0.7383866908218113
142514217.37710777 0.7374835668670566
143188947.35285357 0.7365974777846346
143863677.32859936 0.7357135906546992
144538407.30434516 0.7348318963884691
145213137.28009096 0.7339523859402389
145887867.25583676 0.7330750503071707
146562597.23158255 0.7321998805290848
147237327.20732835 0.731326867688253
147923302.6826699 0.7304415066446975
148598032.6584157 0.7295728166731698
149272762.6341615 0.7287062569921886
149947492.6099073 0.7278418188524711
150622222.58565307 0.7269794935461609
151296952.56139886 0.7261192724066269
151971682.53714466 0.7252611468082633
152657658.01248622 0.7243908584880318
153332387.98823202 0.7235369328263439
154007117.9639778 0.722685076931785
154681847.9397236 0.7218352823415355
155356577.9154694 0.7209875406328113
155851379.897683 0.720367163244231
156357427.37949234 0.7197338201897843
157032157.35523814 0.7188911402975227
157706887.33098394 0.7180504842572667
158224180.31238905 0.7174073467393732
158730227.7941984 0.716779333292652
159404957.7699442 0.7159437342121905
160079687.74569 0.7151101301585304
160686944.7238612 0.714361585554919
161282956.20243666 0.713628462173784
161957686.17818245 0.7128003683672876
162632416.15392825 0.7119742391081043
163149709.13533336 0.7113421988016512
163498319.62280202 0.7109169054584247
164015612.60420713 0.7102867822168923
164690342.57995293 0.7094665957890949
165365072.55569872 0.708648341880195
165871120.03750807 0.7080359149619309
166388413.01891318 0.7074109941394384
166826987.50314793 0.7068820508436103
166995669.99708438 0.706678825868734
167299298.48617 0.7063133210232677
167850327.9663624 0.7056509809471897
168525057.94210818 0.7048416742741795
169211033.41744974 0.7040208151866353
169885763.39319554 0.7032153093846267
170560493.36894134 0.702411676874923
171235223.34468713 0.7016099101227642
171909953.32043293 0.7008100016289189
172584683.29617873 0.7000119439295113
173068239.77879655 0.6994411369344232
173551796.26141435 0.698871273988393
174226526.23716015 0.6980776889273292
174901256.21290594 0.697285929301447
175575986.18865174 0.6964959878015582
176250716.16439754 0.695707857152908
176925446.14014333 0.6949215301150075
177611421.6154849 0.6941239391495492
178286151.5912307 0.6933412275078721
178960881.5669765 0.6925602978407217
179635611.54272228 0.6917811430435766
180310341.51846808 0.6910037560453549
180985071.49421388 0.6902281298082524
184628613.36324117 0.686069877052262
185303343.33898696 0.6853053552125091
185978073.31473276 0.6845425430727798
186652803.29047856 0.6837814338684998
187327533.26622435 0.6830220208668849
187901053.74560827 0.6823778484486358
188463328.72539645 0.6817474879073921
189149304.200738 0.6809800259596338
189824034.1764838 0.6802268308872512
190498764.1522296 0.6794753007946817
191173494.12797537 0.678725429127421
191848224.10372117 0.6779772093617357
192522954.07946697 0.6772306350045141
193208929.55480853 0.6764732978517647
193883659.53055432 0.6757300221081134
194558389.50630012 0.6749883723693898
195233119.48204592 0.674248342263989
195907849.45779172 0.67350992545019
196582579.4335375 0.6727731156160098
197257309.4092833 0.6720379064790604
197932039.3850291 0.6713042917864038
198618014.86037067 0.6705600782936498
199292744.83611646 0.6698296601626444
199967474.81186226 0.6691008177898872
200642204.78760806 0.6683735450393024
201316934.76335385 0.6676478358035557
201991664.73909965 0.6669236840039146
202666394.71484545 0.6662010835901097
203127460.19827172 0.6657081958039857
203307388.19180393 0.6655160446829426
203700980.67765567 0.665096095658355
204386956.15299723 0.6643654332304728
204780548.63884893 0.663946915152897
204893003.63480657 0.6638274340279037
205005458.6307642 0.6637079952831457
205399051.11661592 0.6632902930257989
206073781.09236172 0.6625754356969098
206748511.06810752 0.661862093748889
207423241.04385328 0.6611502613282537
208097971.01959908 0.6604399326088924
208783946.49494064 0.6597193006026352
209458676.47068644 0.6590119867364058
210133406.44643223 0.6583061591604988
210808136.42217803 0.657601812157412
211482866.39792383 0.6568989400363553
212157596.37366962 0.6561975371331207
212832326.34941542 0.6554975978099533
213518301.82475698 0.6547874874199041
214193031.80050278 0.6540904826080007
214867761.77624857 0.6533949245279103
215542491.75199437 0.6527008076468469
216217221.72774017 0.6520081264578419
216891951.70348597 0.6513168754796175
217566681.67923176 0.6506270492564625
218252657.15457332 0.6499271809038208
218927387.13031912 0.6492402114450039
219602117.10606492 0.6485546504368391
220276847.0818107 0.6478704925250671
220951577.0575565 0.6471877323803795
221626307.0333023 0.6465063646982988
222301037.00904807 0.6458263841990568
222975766.98479387 0.6451477856274765
223650496.96053967 0.6444705637528518
224336472.43588123 0.6437834607857887
225011202.41162702 0.6431089994382918
225685932.38737282 0.6424358991555145
226360662.36311862 0.6417641548038552
227035392.33886442 0.6410937612735946
227710122.3146102 0.6404247134787799
228396097.78995177 0.6397458892348332
229070827.76569757 0.6390795399655611
229745557.74144337 0.638414521231937
230420287.71718916 0.6377508280423168
231095017.69293496 0.6370884554282512
231769747.66868076 0.6364273984443731
232444477.64442655 0.6357676521682862
233119207.62017235 0.6351092117004536
233805183.0955139 0.6344411308325844
234479913.0712597 0.6337853089338256
235154643.0470055 0.6331307782004256
235829373.0227513 0.6324775338235563
236504102.99849707 0.631825571016699
237178832.97424287 0.6311748850155365
237853562.94998866 0.6305254710778456
238539538.42533022 0.6298665327505742
239214268.40107602 0.6292196698053988
239888998.37682182 0.6285740647507634
240563728.3525676 0.6279297129321164
241013548.33639815 0.6275008390064546
241182230.8303346 0.6273401540740808
241294685.82629222 0.6272330739976756
241654541.81335667 0.6268906497881804
242284289.7907194 0.6262922565064126
242959019.7664652 0.625652316405381
246737507.63064164 0.6220912972664163
247412237.60638744 0.6214594072967652
248086967.58213323 0.6208287201017721
248761697.55787903 0.6201992312819173
249155290.04373074 0.6198325811443377
249548882.52958247 0.6194663364305999
250234858.00492403 0.6188289906865385
250909587.98066983 0.6182032876333751
251584317.95641562 0.6175787647699602
252259047.93216142 0.6169554178010822
252933777.90790722 0.6163332424513531
253619753.38324878 0.6157018941980195
254294483.35899454 0.6150820686889212
254778039.84161237 0.6146385734996569
255272841.82382596 0.6141853789729346
255947571.79957175 0.6135683851746749
256622301.77531755 0.6129525399696443
257308277.2506591 0.6123276038680975
257769342.7340854 0.6119082274068982
258230408.21751168 0.6114893820635305
258747701.1989168 0.6110200886218734
259264994.18032193 0.6105514602488544
259939724.1560677 0.6099412023007589
260614454.1318135 0.6093320686710895
261289184.1075593 0.6087240553221417
261963914.0833051 0.6081171582347895
262649889.55864665 0.6075012863952389
263324619.53439245 0.6068966282852429
263999349.51013824 0.6062930744241285
264674079.48588404 0.6056906208664921
265348809.46162984 0.6050892636850628
265944820.9402053 0.6045589736876072
266540832.41878074 0.6040295334348456
267215562.39452654 0.6034311892467316
267890292.37027234 0.602833926803374
268565022.34601814 0.6022377422627343
269239752.32176393 0.6016426318004077
269914482.29750973 0.6010485916095358
270589212.2732555 0.6004556179007234
271275187.7485971 0.5998538507007483
271949917.7243429 0.5992630162748404
272624647.7000887 0.5986732370045934
273299377.6758345 0.5980845091699074
273974107.6515803 0.5974968290677257
274648837.6273261 0.5969101930119531
275323567.60307187 0.5963245973333734
275998297.57881767 0.5957400383795679
276684273.0541592 0.5951467958156809
277359003.029905 0.594564316548219
278033733.0056508 0.593982863088349
278708462.9813966 0.5934024318503094
279383192.9571424 0.5928230192647328
280057922.9328882 0.5922446217785671
280732652.908634 0.5916672358549968
281418628.38397557 0.5910812601957108
282093358.3597213 0.5905059035641281
282768088.3354671 0.5899315479233235
283442818.3112129 0.5893581898009121
284117548.2869587 0.588785825740356
284792278.2627045 0.5882144523008876
285467008.2384503 0.5876440660574344
286141738.2141961 0.5870746636005415
286827713.68953764 0.586496776122069
287502443.66528344 0.5859293473270667
288177173.64102924 0.5853628921273005
288750694.1204132 0.5848821681959709
289200514.1042437 0.5845056190027087
289470406.094542 0.5842798954587655
289863998.58039373 0.5839509916767304
290257591.06624544 0.5836224152231257
290651183.55209714 0.5832941654433997
291325913.52784294 0.5827322096725625
292000643.50358874 0.5821712087283082
292686618.9789303 0.5816018332356004
293147684.4623566 0.5812196892241734
293417576.45265496 0.5809962002127728
293608749.9457829 0.5808379869666447
294002342.4316346 0.5805124923154481
294677072.4073804 0.5799552468610109
295363047.88272196 0.5793896763342227
296037777.85846776 0.5788343207976299
296712507.83421355 0.5782798976149639
297387237.80995935 0.5777264036262583
298061967.78570515 0.5771738356858855
298736697.76145095 0.5766221906624888
299411427.73719674 0.5760714654389121
300086157.71294254 0.5755216569121326
300772133.1882841 0.5749636214673001
301446863.1640299 0.5744156522308135
302121593.1397757 0.5738685904152736
302796323.1155215 0.5733224329737414
303471053.0912673 0.572777176873072
304145783.0670131 0.5722328190938486
304820513.0427589 0.5716893566303156
305506488.51810044 0.5711377511976273
306181218.49384624 0.5705960851997833
306855948.46959203 0.5700553055323709
307361995.95140135 0.5696503006601188
307868043.43321073 0.5692457914479624
308554018.9085523 0.5686982458742794
309228748.8842981 0.5681605597836588
309903478.8600439 0.5676237467978128
310578208.8357897 0.5670878040249194
311252938.8115355 0.5665527285862024
311927668.7872813 0.56601851761587
313265883.2391771 0.5649615455028683
313378338.2351347 0.5648728779892986
313771930.7209864 0.5645627287521517
314457906.196328 0.5640228770999322
315132636.1720738 0.5634927336136898
315807366.1478196 0.5629634383663761
316482096.1235654 0.5624349885782188
317156826.0993112 0.5619073814819523
317730346.5786951 0.5614595759586
318033975.06778073 0.5612227475524113
318247639.5601002 0.5610561920670212
318719950.5431223 0.5606883139614044
319394680.5188681 0.5601634821413115
320069410.4946138 0.5596394812098152
320744140.4703596 0.5591163084651402
321430115.9457012 0.5585852624087136
322104845.921447 0.5580637516718664
322779575.8971928 0.5575430610447457
323454305.8729386 0.5570231878739508
324129035.8486844 0.5565041295179802
324803765.82443017 0.555985883347173
325489741.2997717 0.5554598296442358
326164471.2755175 0.5549432134291925
326839201.2512633 0.5544274015376666
327513931.2270091 0.5539123913869878
328053715.2076058 0.5535009587916807
328604744.68779814 0.5530814808850354
329279474.66354394 0.5525685564862136
329954204.63928974 0.5520564245836705
330628934.61503553 0.5515450826476334
331314910.0903771 0.5510260255753064
331989640.0661229 0.5505162690892925
332664370.0418687 0.5500072950065652
333339100.0176145 0.5494991008424263
334013829.9933603 0.5489916841232642
334407422.479212 0.5486960490857569
334834751.46385103 0.5483753719182186
335374535.44444764 0.5479707485582432
336060510.9197892 0.5474572506617837
336735240.895535 0.5469529447532473
337409970.8712808 0.5464494040056282
338084700.8470266 0.5459466260110839
338759430.8227724 0.5454446083724879
339434160.7985182 0.5449433487033802
340120136.27385974 0.5444345092813958
340794866.24960554 0.5439347709681178
341469596.22535133 0.5434357834892732
342144326.20109713 0.5429375445007288
342537918.68694884 0.5426472498192518
342661619.18250227 0.5425560667125395
343066457.16794974 0.54225782412449
343741187.14369553 0.5417613472844942
344415917.11944133 0.5412656111191203
345090647.0951871 0.5407706133293301
345765377.0709329 0.5402763516262802
346440107.0466787 0.5397828237312725
347114837.0224245 0.5392900273757054
347800812.4977661 0.5387897653489245
348340596.4783627 0.5383966449416104
348891625.9585551 0.5379958132523904
349566355.9343009 0.5375056558864538
350241085.9100467 0.5370162196791459
350915815.8857925 0.5365275024178447
351601791.36113405 0.5360313746176415
355650171.2156088 0.5331183717788822
356099991.19943935 0.5327962722869678
356549811.18326986 0.5324744839678379
357224541.15901566 0.5319923835636168
357910516.6343572 0.5315029622639579
358585246.610103 0.5310222645352617
359259976.5858488 0.530542259183565
359934706.5615946 0.5300629441231541
360609436.5373404 0.5295843172774858
361284166.5130862 0.5291063765791433
361958896.488832 0.5286291199697926
362644871.96417356 0.5281446082574038
363319601.93991935 0.5276687250032359
363994331.91566515 0.5271935196833392
364669061.89141095 0.5267189902754247
365343791.86715674 0.5262451347660703
366018521.84290254 0.5257719511506773
366693251.81864834 0.5252994374334291
367379227.2939899 0.5248197331778894
368053957.2697357 0.5243485643865611
368728687.2454815 0.5238780595254398
369403417.2212273 0.5234082166335589
370078147.1969731 0.5229390337585242
370752877.1727189 0.5224705089564731
371157715.15816635 0.5221897091448076
371562553.1436138 0.521909145125941
372237283.1193596 0.5214420612838372
372912013.0951054 0.5209756293512117
373586743.0708512 0.5205098474195892
374261473.046597 0.5200447135888155
374936203.0223428 0.5195802259670176
375610932.9980886 0.5191163826705637
376285662.9738344 0.5186531818240243
376971638.44917595 0.5181829176389601
377646368.42492175 0.5177210067282594
378321098.40066755 0.5172597326592221
378995828.37641335 0.5167990935889695
379670558.35215914 0.5163390876826298
380345288.32790494 0.5158797131133002
380772617.3125439 0.5155891016014356
381177455.2979914 0.5153140179365311
381840939.77414143 0.5148636745192331
382515669.7498872 0.5144063184541924
383190399.725633 0.5139495861094975
383865129.7013788 0.5134934756992002
384539859.6771246 0.5130379854450883
385214589.6528704 0.5125831135766457
385889319.6286162 0.5121288583310176
386575295.1039578 0.5116676624793371
387250025.07970357 0.5112146454251364
387924755.05544937 0.5107622397218471
388599485.03119516 0.5103104436370177
389274215.00694096 0.5098592554456757
389948944.98268676 0.5094086734302911
390623674.95843256 0.5089586958807417
391309650.4337741 0.5085018366115797
391984380.4095199 0.5080530728962586
392659110.3852657 0.5076049085324233
393333840.3610115 0.5071573418393498
394008570.3367573 0.5067103711435454
394683300.3125031 0.5062639947787144
395358030.2882489 0.5058182110857238
396032760.26399463 0.5053730184125689
396707490.23974043 0.5049284151143394
397281010.7191244 0.5045509644833109
397843285.69891256 0.5041813261109498
398518015.67465836 0.5037382962276369
399192745.65040416 0.5032958497211347
399878721.1257457 0.502846625486634
400553451.1014915 0.5024053505600207
401228181.0772373 0.5019646541679161
401902911.0529831 0.501524534718914
402577641.0287289 0.5010849906284132
403173652.5073043 0.5006972040066375
403511017.4951772 0.5004779001669051
403927100.9802205 0.5002076222183414
404613076.45556206 0.4997625024648034
405287806.43130785 0.4993252535688967
405962536.40705365 0.4988885721836355
406637266.3827994 0.49845245676468297
407311996.3585452 0.4980169057742821
407986726.334291 0.4975819176812258
408661456.3100368 0.4971474909608241
409347431.78537834 0.4967063977150347
410022161.76112413 0.49627309848473117
410696891.73686993 0.49584035606677684
411349130.7134242 0.4954225662682277
412001369.6899785 0.49500529403106147
412676099.6657243 0.4945741763064334
413350829.6414701 0.4941436095353912
414025559.6172159 0.4937135922439698
414700289.59296167 0.493284122964449
415386265.0683032 0.49284805614537175
416038504.0448575 0.49243395776961923
416488324.028688 0.4921486687596772
416679497.521816 0.49202749399455636
417073090.0076677 0.4917781535815579
417747819.9834135 0.4913511413710752
418422549.9591593 0.4909246691864958
419097279.9349051 0.49049873560007523
419772009.9106509 0.4900733391900938
420446739.8863967 0.4896484785408283
421121469.8621425 0.4892241522425234
421807445.33748406 0.4887933001761205
422482175.31322986 0.48837004722154376
423156905.28897566 0.4879473244010342
423831635.26472145 0.48752513032852235
424506365.24046725 0.48710346362376555
425181095.21621305 0.4866823229123201
425855825.19195884 0.48626170682551384
426541800.6673004 0.48583461687878543
427216530.6430462 0.48541505464513174
427891260.618792 0.4849960129419779
428352326.1022183 0.48470996646295816
428543499.5953463 0.4845914328236994
428655954.5913039 0.48452172657632575
428768409.5872615 0.48445203470856
429162002.0731132 0.48420822632152727
429836732.048859 0.4837906779668694
430511462.0246048 0.4833736449481099
431186192.0003506 0.4829571259412168
431860921.9760964 0.4825411196276899
432265759.96154386 0.4822917613859556
432411951.4562888 0.48220176054245667
432839280.4409278 0.4819388184638901
433514010.4166736 0.48152406271125403
434188740.3924194 0.48110981514525714
438248365.74648994 0.47862808004524693
438923095.72223574 0.4782173621581719
439597825.69798154 0.4778071422327265
440272555.67372733 0.47739741901720856
440958531.1490689 0.47698137499316856
441633261.1248147 0.47657264968967494
442307991.1005605 0.47616441735147447
442982721.0763063 0.47575667674755645
443657451.0520521 0.47534942665200075
444332181.0277979 0.4749426658439532
445006911.0035437 0.474536393107602
445692886.47888523 0.47412384825214865
446367616.45463103 0.4737185561158677
447042346.4303768 0.47331374841389
447717076.4061226 0.47290942395041674
448391806.3818684 0.47250558153457245
449066536.35761416 0.4721022199803818
449741266.33335996 0.4716993381067466
450427241.8087015 0.47129023206191656
451101971.7844473 0.47088831397114
451776701.7601931 0.47048687202725165
453126161.7116847 0.46968541193793734
453800891.6874305 0.46928539148329307
454475621.6631763 0.46888584255705523
455161597.13851786 0.4684801166861086
455836327.11426365 0.4680815152040491
456511057.09000945 0.4676833818170578
456972122.5734358 0.46741159264141563
457331978.5605002 0.46719961577768926
457916744.53947985 0.4668554357619363
458591474.51522565 0.4664587385822388
459266204.49097145 0.4660625049172506
459940934.46671724 0.4656667336568455
460615664.44246304 0.4652714236954153
461290394.41820884 0.46487657393184834
461965124.39395463 0.4644821832695084
462651099.8692962 0.4640816889461453
463325829.845042 0.46368822082031147
464000559.8207878 0.4632952085144195
464675289.7965336 0.46290265094959715
465350019.7722794 0.4625105470513431
466024749.7480252 0.4621188957495051
466699479.723771 0.4617276959782607
467385455.19911253 0.4613304379981735
468060185.17485833 0.4609401455891275
468734915.1506041 0.4605503015214647
469409645.1263499 0.4601609047465464
470084375.1020957 0.4597719542199616
470759105.0778415 0.45938344890150684
471445080.5531831 0.4589889238266364
472119810.5289289 0.4586013131975158
472794540.5046747 0.45821414466386984
473469270.4804205 0.4578274172021972
474144000.45616627 0.45744112979310547
474537592.942018 0.4572159982859418
474942430.92746544 0.45698459009657966
475617160.90321124 0.4565992599462171
476291890.87895703 0.4562143666305079
476966620.85470283 0.4558299091470407
477641350.8304486 0.45544588649741363
478316080.8061944 0.45506229768721573
478990810.7819402 0.4546791417260083
479676786.2572818 0.4542900425455611
480351516.2330276 0.4539077564998431
481026246.2087734 0.4535259003391669
481700976.1845192 0.45314447308886063
482375706.16026497 0.4527634737781316
483050436.13601077 0.4523829014400476
483725166.11175656 0.45200275511151944
484411141.5870981 0.45161670874098553
485085871.5628439 0.45123741861775574
485760601.5385897 0.45085855162186084
486435331.5143355 0.45048010680546524
487110061.4900813 0.4501020832244862
487784791.4658271 0.44972447993857634
488459521.4415729 0.4493472960111062
489134251.4173187 0.4489705305091461
489820226.89266026 0.4485879135685328
490719866.8603213 0.4480867733102807
491405842.33566284 0.44770515012202095
492080572.31140864 0.44733020090466674
492755302.28715444 0.4469556651685911
493148894.77300614 0.4467373765752302
493542487.25885785 0.4465192281906929
494217217.23460364 0.4461455852144536
494610809.7204554 0.4459278164925202
494723264.716413 0.44586562249596584
495128102.7018605 0.4456418183643201
495802832.6776063 0.44526913890298614
496477562.6533521 0.4448968679482883
497152292.6290979 0.444525004609961
497827022.6048437 0.44415354800122125
498501752.5805895 0.4437824972387526
499176482.5563353 0.4434118514426883
499851212.53208107 0.4430416097365959
500537188.0074226 0.44266561068382754
501211917.9831684 0.4422961812404766
501886647.9589142 0.4419271532638336
502561377.93466 0.44155852589109745
503236107.9104058 0.4411902982628209
503910837.8861516 0.44082246952289494
504585567.8618974 0.44045503881853315
505260297.8376432 0.44008800530025605
505946273.31298476 0.439715260855311
506621003.28873056 0.4393490257584103
507970463.24022216 0.4386177386583619
508645193.21596795 0.4382526849857422
509319923.19171375 0.43788802345711264
509994653.16745955 0.4375237532457673
510680628.6428011 0.43715381216989924
511355358.6185469 0.43679032861335493
512030088.5942927 0.43642723389943494
512704818.57003844 0.4360645272141372
513379548.54578424 0.43570220774658475
514054278.52153003 0.43534027468901226
514729008.4972758 0.43497872723675085
515403738.4730216 0.4346175645882138
516078468.4487674 0.43425678594488204
516764443.924109 0.43389038716285105
517439173.8998548 0.4335303805134981
518113903.8756006 0.43317075547892625
518788633.8513464 0.432811511272795
519463363.8270922 0.43245264711176074
520138093.80283797 0.4320941622154623
520812823.77858377 0.4317360558065075
521498799.2539253 0.4313723681611945
522173529.2296711 0.4310150226823932
522848259.2054169 0.4306580533636484
523522989.1811627 0.43030145943935344
524197719.1569085 0.4299452401468019
524872449.1326543 0.429589394726174
525547179.1084001 0.4292339224205225
526233154.58374166 0.42887290729378946
526907884.55948746 0.42851818514582135
527582614.53523326 0.42816383384664464
528257344.51097906 0.4278098526507183
528932074.48672485 0.4274562408153082
529606804.46247065 0.42710299760047377
530281534.43821645 0.42675012226905495
530956264.41396224 0.42639761408665944
531642239.8893038 0.4260396063924472
532316969.8650496 0.42568783640457586
532991699.8407954 0.4253364313669487
533666429.8165412 0.4249853905561613
534341159.792287 0.4246347132515127
535015889.7680328 0.42428439873499346
535690619.7437786 0.4239344462912728
536376595.21912014 0.4235790317471022
537051325.194866 0.4232298073184739
537726055.1706117 0.42288094282083283
538119647.6564634 0.4226776044683296
538513240.1423151 0.4224743882130343
539187970.118061 0.42212630115185734
539873945.5934025 0.4217727793364941
540548675.5691483 0.4214254129400031
541223405.5448941 0.42107840285005843
541898135.5206399 0.42073174837539806
542572865.4963857 0.4203854488273142
543922325.4478773 0.4196939117687486
544597055.4236231 0.41934867289351885
545957760.8747104 0.4186535117798248
546632490.8504562 0.41830933331168335
547307220.826202 0.4179655050085453
547981950.8019478 0.41762202620176053
548656680.7776936 0.41727889622512876
549331410.7534394 0.4169361144148887
550017386.228781 0.4165879758116708
551366846.1802726 0.41590415862269253
552041576.1560184 0.41556276864218344
553391036.10751 0.414881022650634
557450661.4615805 0.4128383687058374
558800121.4130721 0.4121621005168018
559474851.3888179 0.411824474447756
560160826.8641595 0.4114815676151363
560835556.8399053 0.4111446222333299
561510286.815651 0.41080801344361767
562859746.7671427 0.41013580316512055
563534476.7428885 0.4098002004442051
564209206.7186342 0.4094649318511024
564883936.6943799 0.40912999677524836
565569912.1697216 0.40878982072250025
566244642.1454673 0.4084555563914243
566919372.1212131 0.40812162374890903
567594102.0969589 0.4077880221930951
568077658.5795767 0.40754914440824896
568437514.5666412 0.4073714849255738
569685765.021771 0.40675595495910133
570360494.9975168 0.4064237046117055
591726944.2294669 0.39606908427696297
592401674.2052127 0.39574725627475893
593076404.1809585 0.3954257381127177
593751134.1567043 0.39510452926523676
594144726.642556 0.3949173000723469
594549564.6280035 0.3947248309854198
595224294.6037493 0.394404295656867
595899024.5794951 0.39408406798161
596573754.5552409 0.393764147441496
597248484.5309867 0.3934445335201321
597923214.5067325 0.393125225702877
598609189.982074 0.3928009093591894
599283919.9578198 0.39248221729354343
599958649.9335656 0.3921638297900393
600633379.9093114 0.391845746340993
601308109.8850572 0.3915279664404329
601982839.860803 0.39121048958409216
602657569.8365488 0.39089331526940074
603343545.3118904 0.3905711643470235
604018275.2876362 0.390254598636143
604693005.263382 0.38993833396102856
605367735.2391278 0.38962236982584925
605828800.722554 0.3894066335980633
605997483.2164905 0.3893277406841867
606109938.2124481 0.38927515581103145
606503530.6982998 0.3890911742565497
607178260.6740456 0.3887760141326672
607864236.1493871 0.38845590757483067
608538966.1251329 0.3881413493851027
609213696.1008787 0.38782708894052226
609888426.0766245 0.38751312575622965
610563156.0523703 0.3871994593489741
611237886.0281161 0.38688608923710693
611912616.0038619 0.386573014940574
612587345.9796077 0.3862602359809086
613273321.4549493 0.38594254630830627
613948051.430695 0.3856303614956831
614622781.4064409 0.3853184705860982
615297511.3821867 0.3850068731073895
615972241.3579324 0.38469556858894677
616646971.3336782 0.38438455656170456
617321701.309424 0.38407383655813554
617861485.2900207 0.38382547049912424
618165113.7791063 0.3836858465021937
618322550.773447 0.3836134720741736
618716143.2592987 0.3834326052746758
619402118.7346402 0.38311761658116594
620076848.710386 0.38280808418748524
620751578.6861318 0.38249884146440827
621426308.6618776 0.3821898879536156
622101038.6376234 0.3818812231982775
622775768.6133692 0.38157284674304703
623450498.589115 0.3812647581340539
624125228.5648608 0.3809569569188972
624811204.0402024 0.3806443198372502
625485934.0159482 0.3803370968295
626160663.991694 0.3800301598596811
626835393.9674398 0.37972350848122977
627510123.9431856 0.3794171422490191
628184853.9189314 0.3791110607193529
628735883.3991238 0.37886130502264537
629039511.8882093 0.3787237654635671
629466840.8728484 0.37853028858564164
630141570.8485942 0.37822503019737735
630816300.82434 0.3779200547947904
631491030.8000858 0.37761536194110173
632165760.7758316 0.3773109512009258
632840490.7515774 0.3770068221402637
633526466.2269189 0.37669791257659635
634201196.2026647 0.3763943502550975
634875926.1784105 0.37609106831222294
635550656.1541563 0.3757880663194827
636225386.1299021 0.3754853438497427
636900116.1056479 0.37518290047721925
637574846.0813937 0.3748807357774728
638260821.5567353 0.37457382024155605
638935551.5324811 0.37427221624629003
639329144.0183327 0.37409640871437233
639441599.0142903 0.37404619531683875
639700245.504993 0.3739307337087972
640037610.4928658 0.3737801927621406
640228783.9859939 0.37369491693689666
640622376.4718455 0.37351941896874197
641297106.4475913 0.37321878404441555
641983081.9229329 0.3729134214118137
642657811.8986787 0.3726133425402383
643332541.8744245 0.3723135387733789
644434600.8348093 0.3718244498431352
644738229.3238949 0.37168982937602474
645311749.8032788 0.3714356975372547
645986479.7790246 0.371136971864521
646672455.2543662 0.37083354737826896
647347185.230112 0.3705353720110173
648021915.2058578 0.3702374689119431
672323439.8323022 0.35968617245073964
672964433.3092606 0.35941247305602436
673639163.2850064 0.3591246197703669
674325138.760348 0.35883223283086874
674999868.7360938 0.35854489833106185
675674598.7118396 0.35825782054074956
676349328.6875854 0.3579709991035261
677024058.6633312 0.3576844336640235
677698788.639077 0.35739812386790787
678373518.6148227 0.35711206936187423
679059494.0901643 0.35682150862539297
679734224.0659101 0.35653596788384206
680408954.0416559 0.3562506813727602
681083684.0174017 0.35596564874293185
684468579.3957264 0.35453955432081974
685143309.3714722 0.35425604189494586
685818039.347218 0.3539727809280706
686492769.3229638 0.3536897710789291
687167499.2987096 0.3534070120072289
687842229.2744554 0.3531245033736457
688528204.749797 0.3528375426479
689202934.7255428 0.3525555380362834
689877664.7012886 0.35227378284498
690552394.6770344 0.351992276738513
691227124.6527802 0.3517110193823531
691901854.628526 0.35143001044291444
692576584.6042718 0.3511492495875506
693251314.5800176 0.3508687364845503
693926044.5557634 0.3505884708031337
694477074.0359558 0.3503597704722525
695028103.5161482 0.3501312347586072
695702833.491894 0.349851619045119
696377563.4676398 0.3495722495591565
697052293.4433856 0.3492931259742027
697738268.9187272 0.34900960207654264
698412998.894473 0.348730973402453
698806591.3803246 0.34856855313607704
699200183.8661764 0.34840621614690126
699593776.352028 0.3482439623709002
699987368.8378798 0.348081791744152
700662098.8136256 0.34780397822094705
701348074.2889671 0.3475217844492927
701741666.7748188 0.34735998365593895
702135259.2606705 0.34719826566481604
702809989.2364163 0.3469212272826476
703484719.2121621 0.3466444317337779
704159449.1879079 0.3463678787010709
704845424.6632495 0.34608696473788664
705520154.6389953 0.3458108998183098
706194884.6147411 0.34553507646345066
706869614.5904869 0.34525949435964043
707544344.5662327 0.34498415319406434
708219074.5419785 0.3447090526547579
708893804.5177243 0.3444341924306033
709568534.4934701 0.34415957221132604
710254509.9688116 0.3438806207077547
710929239.9445574 0.34360648355793355
711603969.9203032 0.34333258548206635
712278699.896049 0.3430589261732288
712953429.8717948 0.3427855053253223
713628159.8475406 0.34251232263306974
714302889.8232864 0.34223937779201236
714977619.7990322 0.3419666704985063
715652349.774778 0.34169420044971904
716338325.2501196 0.3414174321309056
717013055.2258654 0.3411454396077638
717564084.7060578 0.3409234877095226
718126359.6858459 0.34069716849232656
718801089.6615916 0.34042580160508895
719487065.1369332 0.3401501533998409
720161795.112679 0.3398792612210066
720836525.0884248 0.33960860398682696
721511255.0641706 0.3393381814013723
722185985.0399164 0.33906799316949154
722860715.0156622 0.33879803899680927
723389253.4966631 0.3385867381884334
723659145.4869615 0.33847889518236657
724075228.9720047 0.3383127103784705
724749958.9477504 0.3380434100120268
725424688.9234962 0.33777434259316974
726110664.3988378 0.3375010292213034
726785394.3745836 0.3372324306966117
727460124.3503294 0.33696406424486547
728134854.3260752 0.3366959295776395
728809584.301821 0.33642802640725616
729484314.2775668 0.3361603544467817
730159044.2533126 0.3358929134100234
730845019.7286541 0.33562125145728106
731519749.7044 0.33535427524914324
732216970.6793373 0.3350786415266404
732633054.1643806 0.3349142673507411
733319029.6397221 0.3346434626864958
733993759.6154679 0.33437732866659114
734668489.5912137 0.3341114236764775
735343219.5669595 0.3338457474355533
735894249.0471518 0.3336289479979279
736152895.5378544 0.33352723750134294
736265350.533812 0.3334830260033849
736389051.0293654 0.3334344006734011
736782643.5152172 0.333279734697631
737457373.490963 0.33301477339501384
738132103.4667088 0.3327500396893128
738806833.4424546 0.33248553330356284
739481563.4182004 0.33222125396149793
740156293.3939462 0.33195720138754886
740842268.8692877 0.3316889801228334
741516998.8450335 0.33142538402917826
742191728.8207793 0.331162013876529
742866458.7965251 0.3308988693920848
743541188.7722709 0.3306359503037272
744215918.7480167 0.33037325634001724
744890648.7237625 0.33011078723019227
745565378.6995083 0.32984854270416325
746251354.1748499 0.3295821573878946
746926084.1505957 0.32932036495369277
747600814.1263415 0.32905879629257245
748275544.1020871 0.3287974511371231
749625004.0535787 0.3282754302768911
750974464.0050703 0.3277543002468607
751660439.4804119 0.3274897333188637
752335169.4561577 0.3272297273149349
753009899.4319035 0.3269699429587529
753684629.4076493 0.32671037998812175
754359359.3833951 0.3264510381414836
755034089.3591409 0.32619191715791673
755708819.3348867 0.3259330167771326
