1.0 0.9764451472484066
1821771.9345136478 0.9728405617673083
5667732.796264682 0.9653021820313862
6803528.255436772 0.9630942685034612
8838963.682269922 0.9591582227775093
12212613.560998898 0.9526924081403327
16946968.89081523 0.9437390475005292
17621698.866561025 0.9424743359109476
20298127.77035268 0.9374851101931649
20972857.746098477 0.9362342071564048
23671777.64908166 0.931258087629376
25707213.075914808 0.9275341432943249
29609401.43564466 0.9204634784342682
30149185.416241296 0.9194924402726973
32173375.343478683 0.9158661421671184
33522835.294970274 0.9134617797819553
33826463.78405588 0.9129222428262074
34265038.26829065 0.912143845807532
36289228.19552804 0.9085654956225885
36963958.17127383 0.9073778956926961
39674123.57385278 0.9026336202183927
41023583.525344364 0.9002867019294287
43047773.452581756 0.8967853315405848
50492294.18497703 0.8841013654358241
51167024.16072282 0.8829665750770499
51841754.13646862 0.8818342171437399
52516484.112214416 0.8807042848702282
54551919.53904757 0.8773102834028337
55901379.490539156 0.8750721615015632
56576109.46628495 0.8739566819420864
57936814.91737231 0.8717143603982084
58611544.8931181 0.8706060366790297
60635734.82035549 0.8672951927050496
61996440.271442845 0.8650814139876524
62671170.247188635 0.8639871845455017
64020630.19868023 0.861805678650617
65527527.144512504 0.8593805669642116
66202257.1202583 0.8582984068646105
68912422.52283725 0.8539747020374936
69587152.49858305 0.852903948376454
69980744.98443475 0.8522803837650038
70374337.47028647 0.8516575851819123
73759232.8486112 0.8463329593544122
75108692.8001028 0.8442257813750423
76469398.25119016 0.8421099714296809
77121637.22774443 0.8410989455054536
77751385.20510717 0.8401247210961316
78414869.6812572 0.8391003609521639
80450305.10809036 0.8359709287683084
81799765.05958194 0.8339069967346576
82474495.03532773 0.8328782509464513
83160470.51066929 0.8318345520733279
83835200.48641509 0.8308101137822529
85105941.94073634 0.8288865256633119
85701953.41931179 0.8279868998799598
86275473.89869572 0.8271227773485688
86837748.87848388 0.8262770755508397
87512478.85422967 0.8252641591861374
88187208.82997547 0.8242533382340889
89536668.78146707 0.8222379595606517
90222644.25680862 0.8212166651333191
90897374.23255442 0.8202142029357645
91335948.71678919 0.8195637111351513
91785768.70061971 0.8188974454805791
93146474.15170707 0.816887556688842
93821204.12745287 0.815894009373188
94495934.10319866 0.8149025043173724
95845394.05469026 0.8129255986131534
96531369.53003182 0.8119237804196191
97206099.5057776 0.8109404222174001
97880829.4815234 0.8099590783637289
98555559.45726919 0.8089797433448113
99455199.42493026 0.8076770786744776
102558957.31336091 0.803210043813427
103233687.28910671 0.8022444864170429
103908417.26485251 0.8012808946923584
104583147.2405983 0.8003192632709897
105257877.2163441 0.7993595868005845
105932607.19208989 0.7984018599447733
106618582.66743144 0.797430164116019
107293312.64317724 0.7964763528156169
107968042.61892304 0.7955244751280985
108642772.59466884 0.7945745257808021
109317502.57041463 0.7936264995168054
109992232.54616043 0.7926803910948779
110666962.52190623 0.7917361952894328
111352937.99724779 0.7907782182141969
112027667.97299358 0.7898378636869074
112702397.94873938 0.7888994061065422
113377127.92448516 0.7879628403098713
114051857.90023096 0.7870281611490705
114726587.87597676 0.7860953634916746
115401317.85172255 0.7851644422205311
116087293.32706411 0.7842199238922516
116762023.30280991 0.7832927711634541
118111483.2543015 0.7814440437751498
118786213.2300473 0.7805224590184852
119460943.2057931 0.7796027201804602
120113182.18234736 0.7787153892414774
120765421.15890163 0.7778297740151563
121440151.13464743 0.77691542101931
122789611.08613902 0.7750921889590955
123318149.5671399 0.7743800720511126
123722987.55258736 0.7738353731338575
124948747.00852557 0.7721901138088197
125623476.98427136 0.7712870043377947
126298206.96001716 0.7703856906928449
126972936.93576294 0.7694861680122711
127647666.91150874 0.7685884314488607
128322396.88725454 0.7676924761698432
129008372.3625961 0.7667834093998651
129683102.33834189 0.7658910317359529
130357832.31408769 0.7650004208646297
131032562.28983349 0.7641115720106929
131707292.26557928 0.763224480413163
132382022.24132508 0.7623391413252398
132809351.22596408 0.7617793308572226
133011770.21868782 0.7615144018210549
133236680.21060309 0.7612202202423283
133416608.2041353 0.7609850143318284
133821446.18958277 0.7604562534394499
134507421.66492432 0.759561725020983
135182151.64067012 0.758683608431371
137206341.5679075 0.7560596097532943
137881071.5436533 0.7551883784019179
138567047.01899487 0.7543043792098307
139241776.99474066 0.75343659108774
139916506.97048646 0.7525705034197522
141265966.92197806 0.7508434111488806
141805750.9025747 0.7501544654519252
142064397.39327723 0.7498247275249539
142199343.3884264 0.7496527884430937
142604181.3738739 0.7491373743699374
143278911.3496197 0.7482796926539692
143964886.82496125 0.7474094315475703
144639616.800707 0.7465551196423945
145314346.7764528 0.7457024719487385
145989076.7521986 0.7448514839967079
146663806.7279444 0.7440021513296999
147338536.7036902 0.7431544695043639
148013266.679436 0.7423084340905604
148687996.6551818 0.7414640406713209
149373972.13052335 0.7406072527613413
150048702.10626915 0.7397661573156844
150723432.08201495 0.7389266906194616
151398162.05776075 0.738088848308206
152072892.03350654 0.737252626030421
152747622.00925234 0.7364180194475418
153422351.98499814 0.7355850242338963
154108327.4603397 0.7347397931982085
154715584.4385109 0.7339929383475521
155334086.9162779 0.7332335840762207
155851379.897683 0.7325995170716862
156199990.38515165 0.7321727388359812
156469882.37545 0.7318426213061758
156706037.866961 0.731553976867111
157088384.85321695 0.7310870596797296
157661905.3326009 0.7303876372649301
158336635.3083467 0.7295662489000333
159011365.28409246 0.7287464365639155
159686095.25983825 0.7279281960487264
160360825.23558405 0.72711152315911
161046800.7109256 0.7262828417767817
161721530.6866714 0.7254693175546352
162407506.16201296 0.724643828708817
163082236.13775876 0.7238334362441675
163768211.61310032 0.7230111227945084
165117671.5645919 0.7213981061619897
165792401.5403377 0.7205939013489719
166354676.52012587 0.7199248997620378
166916951.49991405 0.719256958470279
167591681.47565985 0.7184568251997621
168277656.9510014 0.717644913935337
168952386.9267472 0.7168478406225114
169627116.902493 0.7160522785630291
170301846.87823877 0.7152582237412608
170976576.85398456 0.7144656721534856
171651306.82973036 0.7136746198078543
175036202.2080551 0.709728660075619
175710932.1838009 0.7089465445734731
176385662.1595467 0.7081659006348615
177060392.1352925 0.7073867243618132
177746367.61063406 0.706596062372386
178421097.58637986 0.7058198340816894
179095827.56212565 0.705045061767509
179770557.53787145 0.704271741578054
180445287.51361725 0.7034998696729431
181120017.48936304 0.7027294422231696
181794747.46510884 0.7019604554110671
182480722.9404504 0.7011801250821196
183155452.9161962 0.7004140319893962
183762709.8943674 0.6997257702704839
184358721.37294286 0.6990513771658451
184842277.85556066 0.6985050437119975
185348325.33737 0.6979340802552215
186023055.3131158 0.6971740352216576
186697785.2888616 0.6964154034214749
187372515.2646074 0.6956581811294402
188047245.2403532 0.6949023646313434
188733220.71569476 0.69413538850829
189407950.69144055 0.6933823957747914
190082680.66718635 0.6926307976971493
190757410.64293215 0.6918805906050975
191432140.61867794 0.6911317708392273
192106870.59442374 0.6903843347509533
192781600.57016954 0.6896382787024815
193467576.0455111 0.688881199380178
194142306.0212569 0.6881379153902908
194817035.9970027 0.6873960005312378
195491765.9727485 0.6866554512082381
196166495.9484943 0.6859162638371387
196841225.92424008 0.6851784348443809
197515955.89998588 0.6844419606669688
198876661.35107324 0.6829608443703225
199551391.326819 0.682228435739414
200226121.3025648 0.6814973677182564
200900851.2783106 0.6807676367963598
201575581.2540564 0.6800392394736049
202250311.2298022 0.6793121722602116
202925041.205548 0.6785864316767074
203599771.1812938 0.6778620142538965
204285746.65663534 0.677126876065294
204960476.63238114 0.6764051165056196
205635206.60812694 0.6756846697031725
206309936.58387274 0.6749655322297194
206984666.55961853 0.6742477006671467
207659396.53536433 0.6735311716074309
208334126.51111013 0.6728159416526076
209008856.48685592 0.6721020074147402
209694831.96219748 0.6713774990806977
210369561.93794328 0.6706661676072675
211044291.91368908 0.6699561216909667
211719021.88943487 0.6692473579838331
212393751.86518067 0.6685398731477804
213068481.84092644 0.6678336638545691
213743211.81667224 0.6671287267857756
214417941.79241803 0.6664250586327625
215092671.76816383 0.6657226560966494
215778647.2435054 0.6650098408941736
216453377.2192512 0.664309980690506
217128107.19499698 0.6636113762109253
217802837.17074278 0.6629140241954421
218477567.14648858 0.6622179213936754
219096069.62425557 0.6615809217902302
219669590.10363948 0.6609911827781612
220310583.580598 0.6603331230455299
220996559.05593956 0.6596301204843948
221401397.04138702 0.6592158324121798
221817480.52643028 0.6587904985170173
222402246.50540996 0.6581935224529479
222987012.48438963 0.657597468235412
223672987.9597312 0.6568994229795599
224347717.935477 0.6562140526205644
224786292.41971177 0.6557692153322857
225044938.9104143 0.6555071163095909
225258603.40273383 0.6552907343873268
228002505.30410007 0.6525227195370895
228441079.78833482 0.6520821377529454
228879654.2725696 0.6516420626363084
229554384.2483154 0.6509660113889022
230229114.2240612 0.6502911542554806
230903844.199807 0.6496174881574894
231589819.67514855 0.6489338121038327
232264549.65089434 0.648262538599787
232939279.62664014 0.6475924468989593
233411590.60966218 0.647124084251761
233872656.09308848 0.6466674292281369
234524895.06964275 0.646022365927806
235177134.04619703 0.6453783974660321
235851864.02194282 0.6447133724177722
236537839.49728438 0.6440384586372293
237212569.47303018 0.6433757814083293
237887299.44877598 0.6427142638787893
238562029.42452174 0.64205390307125
239236759.40026754 0.641394696017102
239911489.37601334 0.6407366397564581
240586219.35175914 0.6400797313381279
241260949.32750493 0.6394239678195907
241935679.30325073 0.6387693462669692
242621654.7785923 0.6381049820133868
243296384.7543381 0.6374526545361463
243971114.73008388 0.6368014602263931
244645844.70582968 0.6361513961847043
245320574.68157548 0.6355024595201699
245995304.65732127 0.6348546473503665
246670034.63306707 0.634207956801331
247344764.60881287 0.6335623850075367
248030740.08415443 0.6329071976181722
248705470.05990022 0.6322638732986262
249380200.03564602 0.6316216591408258
250054930.01139182 0.6309805523128675
250729659.98713762 0.6303405499911556
251404389.9628834 0.6297016493603765
252079119.9386292 0.6290638476134734
252753849.91437498 0.6284271419516219
253439825.38971654 0.6277809452915226
254114555.36546233 0.6271464415877762
254789285.34120813 0.6265130255755803
255464015.31695393 0.6258806944889244
255947571.79957175 0.6254281897201237
256431128.28218958 0.6249762397518805
256824720.76804128 0.6246087823731225
257218313.25389302 0.6242416913476225
257893043.2296388 0.6236132432154003
258567773.20538458 0.6229858673891105
259242503.18113038 0.6223595611478273
259917233.15687618 0.6217343217785947
260603208.63221774 0.6210997526568552
261277938.60796353 0.6204766565929786
261952668.58370933 0.6198546192651135
262627398.55945513 0.6192336379920753
263302128.53520092 0.6186137101005293
263976858.51094672 0.6179948329249665
264651588.48669252 0.61737700380768
268632495.3435927 0.6137530037097495
269307225.3193385 0.6131423343848931
269993200.79468006 0.6125225403831721
270386793.28053176 0.6121673992422523
270780385.76638347 0.6118126062716062
271455115.74212927 0.6112051983053114
272129845.71787506 0.6105988094566175
272804575.69362086 0.6099934371602411
273479305.66936666 0.6093890788583967
274154035.64511245 0.6087857320007737
274840011.120454 0.6081733636117627
275514741.0961998 0.6075720487727648
276189471.0719456 0.6069717377296096
276864201.0476914 0.6063724279617829
277538931.0234372 0.6057741169561334
278213660.999183 0.6051768022068489
278888390.9749288 0.6045804812154343
279574366.45027035 0.6039752377126857
280249096.42601615 0.6033809132293941
280923826.40176195 0.6027875750109534
281598556.37750775 0.6021952205880368
282273286.35325354 0.6016038474985241
282948016.32899934 0.60101345328748
283633991.8043409 0.6004142201360874
284308721.7800867 0.5998257925583347
284983451.7558325 0.5992383364966365
285658181.7315783 0.598651849524697
286332911.7073241 0.5980663292232966
287007641.6830699 0.5974817731802698
287682371.6588157 0.5968981789904848
288357101.6345615 0.5963155442558216
289043077.10990304 0.5957241800521762
289717807.08564883 0.5951434729525074
290392537.06139463 0.5945637181158964
291067267.0371404 0.5939849131721736
291741997.0128862 0.5934070557580753
292416726.988632 0.5928301435172223
293102702.4639736 0.5922445825842744
293754941.44052786 0.5916887212855793
294171024.9255711 0.5913345782613065
294418425.9166779 0.5911241756429284
294924473.3984872 0.5906941984316849
295610448.87382877 0.590112179168533
296285178.84957457 0.5895406407779044
296701262.3346178 0.5891886555728418
297072363.821278 0.5888750205922738
297690866.29904497 0.5883529184494668
298365596.27479076 0.5877842385780914
299040326.25053656 0.5872164811093629
299715056.22628236 0.5866496437600518
300401031.7016239 0.5860743000250271
301075761.6773697 0.5855093113317642
301750491.6531155 0.5849452359103353
302425221.6288613 0.5843820715040684
303099951.6046071 0.5838198158628526
303774681.5803529 0.5832584667431192
304460657.05569446 0.5826886888091525
308509036.91016924 0.5793449748518384
309183766.88591504 0.578790812708872
309858496.86166084 0.5782375371500199
310533226.83740664 0.5776851459961547
311207956.81315243 0.5771336370744761
311882686.7888982 0.5765830082184908
312557416.764644 0.5760332572679938
313198410.2416025 0.5755118050630776
313850649.21815675 0.5749820139590448
314525379.19390255 0.5744348112861526
315200109.16964835 0.5738884781181313
315874839.14539415 0.5733430123254171
316560814.6207357 0.5727893424274825
317235544.5964815 0.5722456193890532
317910274.5722273 0.5717027573390899
318585004.5479731 0.5711607541727242
319259734.5237189 0.5706196077911887
319934464.4994647 0.5700793161017996
320609194.4752105 0.5695398770179373
321295169.95055205 0.5689923191770598
321969899.92629784 0.5684545931918579
322644629.90204364 0.5679177135541037
323319359.87778944 0.5673816782013532
323994089.85353523 0.5668464850771346
324668819.82928103 0.5663121321309317
325343549.8050268 0.5657786173181645
326018279.7807726 0.5652459386001721
326704255.2561142 0.5647052369214028
327378985.23186 0.5641742381506782
328053715.2076058 0.5636440693604469
328728445.1833516 0.5631147285356425
329403175.1590974 0.5625862136670277
330077905.1348432 0.5620585227511774
330752635.11058897 0.5615316537904609
331438610.5859305 0.560996844245325
332113340.5616763 0.5604716268412319
332788070.5374221 0.5599472254010127
333462800.5131679 0.5594236379501342
334137530.4889137 0.5589008625197697
334812260.4646595 0.5583788971467821
335486990.4404053 0.5578577398737065
336161720.4161511 0.5573373887487332
336847695.89149266 0.5568091895126241
337522425.8672384 0.5562904582055753
338197155.8429842 0.5557725271927577
338871885.81873 0.5552553945449044
339546615.7944758 0.554739058338318
340221345.7702216 0.5542235166548545
340896075.7459674 0.5537087675819057
341582051.22130895 0.5531862499277349
342256781.19705474 0.5526730934906696
342931511.17280054 0.5521607239277885
343606241.14854634 0.551649139348552
344280971.12429214 0.5511383378678728
344955701.10003793 0.5506283176060998
345630431.0757837 0.5501190766890014
346316406.5511253 0.5496021454333898
346991136.5268711 0.5490944705156594
347665866.5026169 0.5485875693213407
348340596.4783627 0.5480814399978062
349015326.4541085 0.5475760806977664
349690056.4298543 0.5470714895792534
350364786.4056001 0.5465676648056051
351050761.8809416 0.5460562266745003
351725491.8566874 0.5455539417977521
352400221.8324332 0.5450524177572521
353074951.808179 0.5445516527374878
353749681.7839248 0.5440516449281724
354424411.7596706 0.5435523925242283
355099141.7354164 0.5430538937257725
355773871.7111622 0.5425561467381003
356459847.18650377 0.542050872833072
357134577.16224957 0.5415546365590123
357809307.13799536 0.5410591467129238
358484037.11374116 0.5405644015207437
359158767.08948696 0.54007039921351
359833497.06523275 0.5395771380273447
360508227.04097855 0.5390846162034401
361182957.01672435 0.5385928319880416
361868932.4920659 0.5380936057176045
362543662.4678117 0.537603303698621
363218392.4435575 0.5371137340281181
363893122.4193033 0.536624894972489
364567852.3950491 0.5361367848031051
365006426.87928385 0.53581990324157
365433755.86392283 0.5355114419086198
366108485.83966863 0.535024989576313
366794461.3150102 0.5345311711223867
367469191.290756 0.5340461755845929
368143921.2665018 0.5335618998538078
368818651.2422476 0.5330783422324195
369493381.2179934 0.5325955010276847
370168111.1937392 0.532113374551715
370842841.169485 0.5316319611214615
371517571.14523077 0.5311512590587003
372203546.6205723 0.5306632728203832
372878276.5963181 0.5301840002634779
373553006.5720639 0.5297054340405088
374227736.5478097 0.5292275724924865
376926656.4507929 0.5273231400361135
380277815.3303303 0.5249739662201431
380952545.3060761 0.5245030382967599
381627275.2818219 0.5240327971634732
382313250.75716347 0.5235554210807412
382987980.73290926 0.5230865601027036
383662710.70865506 0.5226183810928189
384337440.68440086 0.5221508824618206
385012170.66014665 0.5216840626249841
385686900.63589245 0.5212179200021129
386361630.61163825 0.5207524530175246
387047606.0869798 0.5202799192533307
387722336.0627256 0.5198158100313441
388397066.0384714 0.5193523717215458
389071796.0142172 0.5188896027662495
389746525.989963 0.5184275016122158
390421255.9657088 0.5179660667106384
391095985.9414546 0.5175052965171305
391781961.41679615 0.5170375266510439
392456691.39254194 0.5165780922723503
393131421.36828774 0.5161193179694678
393806151.34403354 0.5156612022156281
394480881.31977934 0.515203743488416
395155611.29552513 0.5147469402697564
395830341.27127093 0.5142907910459011
396516316.7466125 0.5138277082145309
397191046.7223583 0.5133728732932255
397865776.6981041 0.5129186878263333
398540506.6738499 0.512465150317355
399215236.6495957 0.5120122592740528
399889966.6253415 0.5115600132084381
400575942.10068303 0.5111008893706219
401250672.07642883 0.5106499395010773
401925402.0521746 0.5101996301460673
402600132.0279204 0.5097499598345412
403274862.0036662 0.5093009270996331
403949591.979412 0.5088525304786502
404624321.9551578 0.5084047685130592
405299051.9309036 0.5079576397484739
405985027.4062452 0.5075037064618372
406659757.38199097 0.5070578502454811
407143313.86460876 0.5067387068637856
407626870.34722656 0.5064198859310316
408301600.32297236 0.5059755573821949
411000520.22595555 0.5042044823972899
411675250.20170134 0.5037632663443586
412361225.6770429 0.5033153304722902
413035955.6527887 0.502875359775754
413710685.6285345 0.5024360044919949
414385415.6042803 0.5019972632212737
415060145.5800261 0.5015591345678224
415734875.5557719 0.5011216171398305
416409605.5315177 0.5006847095494338
417095581.00685924 0.5002411439075133
417770310.98260504 0.49980546195066444
418445040.95835084 0.4993703856684744
419119770.93409663 0.49893591368880996
419794500.90984243 0.49850204464342474
420469230.8855882 0.49806877716794734
421143960.861334 0.4976361099018699
421829936.3366756 0.49719684541421805
422504666.3124214 0.49676538444770557
423179396.2881672 0.49633451960968356
423854126.263913 0.49590424955504553
424528856.2396588 0.4954745729424903
425203586.21540457 0.495045488434511
425878316.19115037 0.49461699469738296
426553046.16689616 0.4941890904011529
427239021.6422377 0.49375465725837
427913751.6179835 0.49332793763779154
428588481.5937293 0.4929018034688174
429263211.5694751 0.49247625343652773
429937941.5452209 0.4920512862297169
430612671.5209667 0.49162690054088254
431287401.4967125 0.49120309506621485
431973376.97205406 0.490772819626874
432648106.94779986 0.4903501802998194
433322836.9235456 0.4899281172760278
433997566.8992914 0.4895066292664078
434672296.8750372 0.48908571498550485
435347026.850783 0.48866537315148983
436021756.8265288 0.4882456024861491
436696486.8022746 0.48782640171487257
437371216.7780204 0.48740776956664356
438057192.25336194 0.48698274182704393
438731922.22910774 0.48656525255035327
439406652.20485353 0.486148328084136
440081382.18059933 0.48573196717169903
440756112.1563451 0.4853161685598889
441430842.1320909 0.4849009309990808
442105572.1078367 0.48448625324316746
442791547.5831783 0.48406523678819113
443466277.5589241 0.48365168419600724
444141007.5346699 0.48323868767083533
444815737.5104157 0.48282624598059254
445490467.4861615 0.48241435789666126
446165197.46190727 0.4820030221938787
446839927.43765306 0.48159223765052667
447514657.41339886 0.4811820030483206
448200632.8887404 0.4807654937164947
448875362.8644862 0.4803563644704152
449550092.840232 0.4799477815110244
450224822.8159778 0.4795397436337278
450899552.7917236 0.479132249637313
451574282.7674694 0.4787252983239402
452249012.7432152 0.47831888849913184
452923742.718961 0.4779130189717625
453609718.19430256 0.4775009376077932
454284448.17004836 0.4770961540706877
454959178.14579415 0.47669190725799926
455633908.12153995 0.47628819599196587
456308638.09728575 0.4758850190981269
456983368.07303154 0.47548237540531385
457658098.04877734 0.4750802637456404
458332828.02452314 0.47467868295449206
459018803.4998647 0.47427095216698073
459693533.4756105 0.4738704384314376
460368263.4513563 0.47347045207089167
461042993.427102 0.4730709919337731
461717723.4028478 0.47267205687173536
462392453.3785936 0.47227364573964525
463067183.3543394 0.47187575739557364
463741913.3300852 0.4714783907007853
464427888.8054268 0.4710749348201667
465102618.7811726 0.470678616667249
465777348.7569184 0.47028281674768524
466305887.2379193 0.46997313471917296
466665743.2249837 0.4697624686666084
467183036.2063888 0.46945989312796327
467857766.18213457 0.4690656840199827
468543741.6574761 0.46866543132186167
469218471.6332219 0.4682722569441829
469893201.6089677 0.46787959397999074
470567931.5847135 0.46748744132233006
471242661.5604593 0.46709579786733507
471917391.5362051 0.46670466251421977
472592121.5119509 0.46631403416526884
473266851.4876967 0.46592391172582837
473952826.96303827 0.46552780474799693
474627556.93878406 0.4651386992420995
475302286.91452986 0.46475009636196124
475977016.89027566 0.4643619950251326
476651746.86602145 0.4639743941521798
477326476.84176725 0.46358729266667537
478001206.81751305 0.4632006894951897
478675936.79325885 0.46281458356728156
482735562.1473294 0.4605019489511148
483331573.62590486 0.4601639190804511
483927585.10448027 0.4598262706806216
484613560.5798218 0.459438127736097
485288290.5555676 0.4590568387636263
485963020.5313134 0.4586760356619773
486637750.5070592 0.4582957173953039
487874755.4625932 0.45759972303779994
488414539.4431898 0.4572965243996449
489078023.91933984 0.4569242645125844
489752753.89508563 0.4565461712195019
490427483.87083143 0.4561685569965832
491102213.8465772 0.4557914208268508
491776943.822323 0.4554147616961463
492462919.2976646 0.4550323129020028
493812379.2491562 0.4542813865477835
494487109.224902 0.453906633362722
495161839.2006478 0.4535323521712442
495836569.17639357 0.45315854197597655
496511299.15213937 0.45278520178230613
497197274.6274809 0.45240612004655756
497872004.6032267 0.45203372467522257
498546734.5789725 0.45166179632170994
499221464.5547183 0.4512903340024113
499896194.5304641 0.4509193367364382
500570924.5062099 0.4505488035456126
501245654.4819557 0.45017873345445986
501931629.95729727 0.4498029692671757
502606359.93304306 0.44943383013745913
503123652.91444814 0.44915113516177435
503472263.40191686 0.4489607756718758
503989556.38332194 0.4486785324827465
504664286.35906774 0.4483107938685713
505339016.33481354 0.44794351249366393
506013746.31055933 0.44757668740142137
506688476.2863051 0.44721031763787894
507363206.2620509 0.44684440225170263
508049181.7373925 0.44647285309771184
508723911.7131383 0.44610785115612284
509398641.6888841 0.44574330073789886
510073371.6646299 0.44537920090219235
510748101.6403757 0.44501555071074694
511422831.6161215 0.44465234922788993
512097561.59186727 0.44428959552052416
512783537.0672088 0.4439212539908951
513334566.5474012 0.44362570694312553
513829368.5296148 0.4433605707630252
514459116.50697756 0.44302347036530626
515133846.48272336 0.4426627201692497
515808576.45846915 0.44230241266234815
516483306.43421495 0.44194254692806006
517158036.40996075 0.4415831220523623
517844011.8853023 0.44121815776374795
518518741.86104804 0.4408596191828117
519193471.83679384 0.4405015187183446
519868201.81253964 0.4401438554663637
520542931.78828543 0.4397866285253672
521892391.739777 0.4390734799826797
522578367.2151186 0.438711628202438
523253097.1908644 0.4383561447443395
523927827.1666102 0.4380010931118716
524602557.142356 0.43764647241830335
525277287.1181018 0.43729228177933366
525952017.0938476 0.43693852031308306
526626747.06959337 0.43658518714008726
527301477.04533917 0.4362322813832897
527987452.5206807 0.4358739311232299
528662182.4964265 0.4355218846643645
530011642.4479181 0.434819065233948
530686372.4236639 0.43446829052985214
531361102.3994097 0.43411793801541404
532035832.3751555 0.4337680068302695
532710562.3509013 0.43341849611640487
533385292.3266471 0.4330694050181502
534071267.80198866 0.4327149250195697
534745997.77773446 0.4323666775528556
535420727.75348026 0.43201884713460803
536095457.72922605 0.4316714329185
536770187.70497185 0.4313244340605134
537444917.6807176 0.43097784971893144
538119647.6564634 0.43063167905433286
538794377.6322092 0.4302859212295838
539480353.1075507 0.42993482313202275
540155083.0832965 0.4295898953305235
540829813.0590423 0.4292453778573143
541504543.0347881 0.4289012698843833
542179273.0105339 0.4285575705859727
542854002.9862797 0.42821427913857224
543528732.9620255 0.42787139472091185
544203462.9377713 0.42752891651395575
544889438.4131129 0.4271811459172888
545564168.3888587 0.4268394844196349
546238898.3646045 0.4264982266753933
547588358.3160961 0.4258169192088266
548263088.2918419 0.4254768678728367
548937818.2675877 0.42513721706291624
550298523.718675 0.42445346965723924
550973253.6944208 0.4241150222547526
551647983.6701666 0.42377697217266
552322713.6459124 0.42343931861829015
553672173.597404 0.4227651979327682
554346903.5731498 0.4224287292269904
555021633.5488956 0.422092653899671
555707609.0242372 0.4217513797783566
556382338.999983 0.4214160953877745
557731798.9514745 0.42074669890862537
558406528.9272203 0.42041258527090414
559081258.9029661 0.4200788603384725
559767234.3783077 0.41973997100767785
560441964.3540535 0.4194070276261734
561116694.3297993 0.41907447063540015
561791424.3055451 0.4187422992722603
562466154.2812909 0.4184105127757162
563140884.2570367 0.41807911038678486
563815614.2327825 0.41774809134853125
564254188.7170173 0.4175331341877995
565367493.1769978 0.4169881982737295
566042223.1527436 0.4166584389478128
566716953.1284894 0.4163290597409479
567211755.110703 0.41608775614385995
567560365.5981716 0.4159178691382155
568100149.5787683 0.4156550175670793
568774879.554514 0.415326793123202
570135585.0056014 0.41466602016072335
570810314.9813472 0.41433893108719666
572159774.9328388 0.41368587687478536
572834504.9085846 0.4133599102736626
573509234.8843304 0.4130343163710444
574183964.8600762 0.4127090944407146
574869940.3354177 0.41237883272154907
576219400.2869093 0.4117302545403138
576894130.2626551 0.4114065194212786
577568860.2384009 0.4110831526606718
578243590.2141467 0.41076015354392725
578918320.1898925 0.41043752135839484
