3536 39764087 4.199999999999824e-10 162.74999999997559 0.8861793464987363 0.9794613033224241
5192 58386634 4.409999999880345e-10 170.88706966752014 0.9001312384270179 0.9837446184957315
7096 79798066 4.630499978601752e-10 179.43142315014703 0.9137680225404549 0.9890107658511827
8946 100602240 4.60434708734105e-10 188.40299430765435 0.9259615307464969 0.9790631250857671
10750 120889121 4.374130057528542e-10 178.98501730673777 0.9131387514527818 0.980537363910165
12555 141187248 4.155427636639707e-10 170.03582396952285 0.9020875034951501 0.9877611883278761
14365 161552848 3.947656275747913e-10 178.5376151636344 0.9184273436796887 0.9922032038476769
16192 182098375 3.9204001933639535e-10 187.4644959159213 0.9322596668095006 0.9944092409759276
17997 202385257 3.9731927099417285e-10 196.8377183375011 0.9448139403762045 0.995698123341749
19717 221727516 4.032077227841176e-10 206.67960043551096 0.9572307168632744 0.9965458291283399
21542 242250553 4.0755958989425227e-10 217.01357816104291 0.9698785789014883 0.9970279023473093
23352 262604907 4.096288563235211e-10 215.33818894974794 0.9673732647200156 0.9976035431741384
25165 282992998 4.1452832449165646e-10 204.57170007907757 0.9524074950616199 0.998077459116782
26992 303538526 4.1971268059626595e-10 194.3431186822076 0.9374129268097046 0.9983779112821953
28791 323769179 4.2240727239201394e-10 184.62596554294598 0.9229653856506751 0.9985335960266529
30597 344078552 4.237217726955137e-10 175.39588436539134 0.9088632543095736 0.9987783927101579
32344 363724439 4.253640824635641e-10 166.62609069766896 0.8947472200977125 0.9989512150641637
34148 384011321 4.2637782444922113e-10 160.05579645652702 0.8837770321028743 0.9990974635558054
35992 404748022 4.2532302659385624e-10 163.27327239343478 0.8893261522971868 0.9992183491322841
37791 424978676 4.237572349635051e-10 168.49031351300184 0.8980888797540739 0.9992976940021571
39574 445029402 4.2126341802112257e-10 176.91482800773414 0.9117395176559716 0.9993794725081566
41378 465316283 4.196863775590171e-10 182.49542311544533 0.9204537812434562 0.9994397501605256
43188 485670637 4.177710960229919e-10 188.80623040602543 0.9300615194652254 0.9994978491883906
44992 505957518 4.165839965175848e-10 192.55283450753134 0.9356456974610907 0.9995467002133036
46764 525884544 4.157237452652728e-10 194.98500230233114 0.9392424673445804 0.9995887184048498
48542 545879042 4.157239217440318e-10 195.36831879382027 0.9397728241640235 0.9996281824408703
50400 566773180 4.1588372008155266e-10 196.38352878019415 0.9411335085032143 0.9996567615222077
52034 585148326 4.1600218151592366e-10 197.13663999466354 0.942137112153509 0.9996832267779074
53958 606784668 4.1598017223099403e-10 197.12712926405538 0.9421293569293757 0.9997072878573392
55793 627420159 4.1532467446285673e-10 204.34063469238313 0.9520101068162067 0.9997274122420658
57549 647167257 4.145859921724198e-10 214.55766506699507 0.9654269229781699 0.9997374382057743
59352 667454138 4.141158624914503e-10 225.28550355096218 0.9788219150401448 0.9997400731794125
61150 687662301 4.142048687431374e-10 236.5497786983567 0.992109636044829 0.9997292355229741
62986 708309038 4.142448064470102e-10 248.3772676115723 1.0054601005896224 0.9997143081575774
64765 728314782 4.1350840768345366e-10 260.79587770069236 1.0190775630755418 0.9997091543662292
66595 748894046 4.1258603852461683e-10 273.8356554926655 1.0327821536664172 0.9997190070571278
68376 768922281 4.1148609739733937e-10 287.5272476897257 1.0465809503254393 0.9997313799248765
70180 789209162 4.102159361746846e-10 301.90361007421194 1.0604736112102457 0.9997438191154778
71984 809496043 4.0879988094775455e-10 316.9987905779136 1.0744534208299983 0.999755975908486
73777 829659224 4.0714678398750806e-10 332.84873010615064 1.0885449684286204 0.9997701356193115
75583 849968596 4.052023908796739e-10 349.4911666109498 1.102762728605291 0.9997835898865708
77400 870401669 4.029254268400229e-10 366.9657248959703 1.1171175447357788 0.9997939335432562
79143 890002575 4.004425997175575e-10 385.3140095341173 1.1315749851714647 0.9998016784358362
80947 910289456 3.999785890080165e-10 385.2918569988461 1.1316750929930897 0.999805953072518
82778 930879966 4.0160968908412136e-10 366.0272671601088 1.1167363128181944 0.999808230079881
84582 951166847 4.0322118620094154e-10 347.7259041448636 1.1018618556630586 0.9998113270525673
86386 971453729 4.0488055641183677e-10 330.339731187527 1.0870275616664995 0.999813846191041
88200 991853065 4.063148205122182e-10 313.8227536479281 1.0723076505254798 0.9998121457121408
89975 1011813827 4.0771839604303836e-10 298.13161599204614 1.0576475755649735 0.9998076052327575
90877 1021957267 4.0959823343313976e-10 283.22503522138265 1.0429111257232309 0.9998045205789431
