3562 40056470 4.2e-10 162.74999999999997 0.9042515923087827 0.9827805424715716
5395 60669471 3.990022088297721e-10 154.61329397664844 0.8844834051867995 0.9430215604501899
7195 80911370 3.820029150720636e-10 146.8840502007482 0.8713374752296237 0.9715250467743363
8958 100737186 3.629027693200003e-10 139.5398520320931 0.8598746158276643 0.9832861420937936
10776 121181504 3.8104790778600026e-10 146.51683263791588 0.8717406271965695 0.9884876899605503
12409 139545405 4.001003031752797e-10 141.67374527841062 0.8608338308160794 0.99080099597395
14396 161890213 4.201053183340432e-10 148.72329023792952 0.8718181664117226 0.9928960012934889
16150 181614819 4.4111058425053e-10 141.28712577078812 0.8553208600182541 0.9940887896653338
17957 201935437 4.5666606808473893e-10 134.2228507831976 0.8393510235191552 0.9955837728894639
19749 222087372 4.565094251325365e-10 127.51170824403773 0.8257942457597487 0.9967998317639698
21544 242273044 4.5904927333438034e-10 121.13612667874612 0.8118944599765351 0.9975629188133875
23387 262998500 4.629138581470831e-10 115.07932800349165 0.7978403030430159 0.9980838096650296
25198 283364099 4.6297761634583884e-10 109.32538680712712 0.7844673198658461 0.9983934969373274
26994 303561017 4.6313836306461034e-10 103.85913368883033 0.7711439310290032 0.9986689724665195
28788 323735443 4.63522383030451e-10 98.6661771190966 0.7578498237197133 0.9988760820296517
30563 343696205 4.6423238124960403e-10 93.73287032743048 0.7445642245265351 0.9990385234171365
32371 364028068 4.6472679629686617e-10 89.04623209486805 0.7313820913251393 0.9991624828182706
34164 384191249 4.656044440045642e-10 84.59392049119373 0.7181903374350797 0.999252614617236
35981 404624321 4.658544979770198e-10 80.36422506842939 0.705184638996515 0.9993403116847454
37795 425023658 4.661859912344029e-10 76.3460320465368 0.692230284976865 0.999403587942081
39599 445310539 4.668584985280335e-10 72.52873044583471 0.6792672948856613 0.9994583562313722
41390 465451229 4.677524537929626e-10 68.9022941445928 0.6663249735104617 0.9995064257304375
43192 485715619 4.680546287658713e-10 66.9490509837035 0.6591377543896558 0.99955141639189
44952 505507698 4.677856793422869e-10 66.67840998104661 0.6581868515688273 0.9995868781076742
46749 525715861 4.672109610115193e-10 66.66128503271365 0.6582452677081585 0.999616252150337
48576 546261389 4.662677531758816e-10 66.63160330263658 0.6583366785296861 0.9996409594113895
50148 563939314 4.654883414011807e-10 66.60783177434122 0.658416676278518 0.9996586806635915
52151 586464050 4.645593958229237e-10 66.578753901042 0.6585106362258942 0.9996743457958804
53974 606964596 4.636269247244088e-10 66.54024800453676 0.6585717706293753 0.999689285058443
55778 627251477 4.6285187304500395e-10 66.48758269515906 0.6585470015381859 0.9997028239630483
57569 647392167 4.621140848502149e-10 66.41477839074884 0.6584399355348362 0.9997146774962364
59388 667847730 4.616927810123439e-10 66.01945574364751 0.6570609747860909 0.999729692762533
61176 687965929 4.6131545800573993e-10 66.01305339447879 0.6571314016816174 0.9997440989213203
62959 708005410 4.613092358255481e-10 65.81447545793118 0.6563849721274183 0.9997590360300986
64798 728685883 4.6147732901669596e-10 63.40215853258754 0.6471734024197164 0.9997597414826405
66412 746836120 4.6150216237186096e-10 62.82603464555996 0.6449275667931251 0.9997570428468576
68366 768809826 4.6166759885263093e-10 61.704906864935765 0.6404777931255983 0.9997586818474203
70180 789209162 4.6240919690504223e-10 58.61966155647263 0.6277807513430327 0.9997643843370042
71994 809608498 4.633041056255128e-10 55.68867848573264 0.6151097162198853 0.9997711630474935
73798 829895380 4.640231940337251e-10 52.904244569057724 0.6025407783346814 0.999770613962735
75550 849597495 4.647112024644088e-10 50.259032342401376 0.5900410012857132 0.9997701318780006
77390 870289214 4.655275899452817e-10 47.74608072847664 0.5775739660560214 0.9997697935753987
79184 890463640 4.661693990979615e-10 45.35877669859577 0.5652094546527267 0.9997671366195376
80988 910750522 4.669116680298852e-10 43.09083786366967 0.5528848347465385 0.9997665727119143
82756 930632565 4.676541334944343e-10 40.93629597048866 0.5406232555988523 0.9997661237108427
84560 950919446 4.684203556420309e-10 38.88948117345493 0.5284197848119487 0.9997650592391133
86364 971206328 4.691960376489439e-10 36.94500711478476 0.5162780264985205 0.9997627829232568
88188 991718119 4.698697258915378e-10 35.09775675904834 0.5042235358567276 0.9997583520865747
89966 1011712617 4.706530566640717e-10 33.3428689211049 0.49220915248837266 0.9997557123947971
91409 1027939873 4.715793436613297e-10 31.67572547764073 0.48022804005302794 0.9997549987638704
