3581 40270135 4.1999999999998945e-10 162.74999998350162 0.9058644654021023 0.9830118261679661
5352 60185914 4.409999999999889e-10 170.88749998267667 0.920786062073969 0.9819093578009599
7148 80382832 4.630499999999756e-10 179.431874981809 0.9355651710674818 0.9813478808268428
8984 101029569 4.862024999999275e-10 188.40346873089086 0.9496740835854812 0.983142436120132
10786 121293959 5.105126249999009e-10 197.8236421674354 0.9625835831114556 0.9863657359625337
12566 141310948 5.360382562498868e-10 207.71482427580713 0.9753794000971606 0.9891005691815036
14354 161417902 5.628401690623811e-10 218.1005654895972 0.9863575537931883 0.993679141731283
16142 181524855 5.909821775155e-10 229.00559376407224 0.9963793512083395 0.9966146836890525
17963 202002910 6.205312863912749e-10 240.45587345227585 1.0058096308705462 0.9978561800947227
19776 222391001 6.220478458662927e-10 252.4786671172315 1.0190977465455218 0.998307841471326
21567 242531690 6.091330722105082e-10 265.102600473093 1.0343947531856017 0.9984013830356415
23361 262706117 5.91985698577496e-10 278.35773017765797 1.0502749421570177 0.9984694687494242
25154 282869297 5.794529412723878e-10 292.27561668430656 1.0656337171632375 0.9985870182293675
26955 303122442 5.689459685318513e-10 306.88939751852183 1.0807969967006081 0.9987137969132723
28709 322847048 5.598524190917158e-10 322.2338594178173 1.0958401334833063 0.9988121145778408
30573 343808660 5.489836627525348e-10 338.34529538217225 1.1111777351653909 0.9988189642690352
32382 364151768 5.387835069691807e-10 355.26254879314945 1.126486639973323 0.9988429836762889
34146 383988830 5.301202835822303e-10 373.0256728317376 1.1416495833146199 0.9988546670603524
35950 404275711 5.206651286406425e-10 391.6769461550415 1.1569795064742756 0.9988522138569381
37778 424832484 5.117145176503742e-10 411.2607886963228 1.1723000977600713 0.9988607309523536
39590 445209329 5.032778939418347e-10 431.82382813113867 1.187608726045997 0.998878717076351
41366 465181337 4.95520732527091e-10 453.4150195376949 1.202880291804131 0.9988872742788829
43154 485288290 4.874057001535642e-10 476.08577051457866 1.2182612025005979 0.9988835217167287
44958 505575171 4.800281305701571e-10 499.8900590403063 1.2335948100162546 0.9988875937020248
46460 522465912 4.732352139020605e-10 524.8845568483158 1.2489003085306567 0.9988888629039979
48564 546126443 4.654918802055442e-10 551.1287805085337 1.2644045009363167 0.9988319555180455
50391 566671971 4.575562620832118e-10 578.6852195339593 1.279996913100124 0.9987747446915352
52195 586958852 4.5019100752111695e-10 607.6194805106566 1.295562704182815 0.9987344455982635
53959 606795913 4.4359689426097856e-10 638.0004545361884 1.311068899456174 0.9987054740842303
55762 627082794 4.3716598982894605e-10 669.9004772629972 1.326606981430508 0.9986700316926734
57567 647369676 4.300664707870604e-10 703.395501126147 1.3423074650519997 0.9986136998393511
59385 667813994 4.232607755223595e-10 738.5652761824542 1.3580210453913393 0.9985746246753081
61199 688213330 4.1686684645740103e-10 775.4935399915755 1.3737272314044633 0.9985522688031653
62979 708230320 4.1157562119261714e-10 814.268216967273 1.3893115377721945 0.9985469739914372
64764 728303536 4.0495078096473847e-10 854.9816278156366 1.4051710449734183 0.9984783197872341
66568 748590418 3.986506706022272e-10 897.7307092064166 1.4210370498522735 0.9984189976037954
68362 768764844 3.9255674268515575e-10 942.6172446667372 1.436927055141901 0.9983648229843313
70159 788973007 3.863782322106585e-10 989.748106900073 1.4528901951905562 0.9983098328022704
71967 809304870 3.805110516057804e-10 1039.2355122450765 1.4688591637150201 0.998262221788427
73771 829591751 3.7517919720300823e-10 1091.1972877674962 1.4847923663614293 0.9982254255306318
75081 844323356 3.7057489117872654e-10 1145.7571521558707 1.5006536398332375 0.9982010614391538
75081 844323356 3.679472231464862e-10 1203.045009763664 1.5162130946040042 0.9982255129683216
75081 844323356 3.653735337238616e-10 1263.1972602518438 1.5318096977146554 0.998250195042149
75081 844323356 3.628150534679619e-10 1326.3571232644326 1.547452582429609 0.9982751155683686
75081 844323356 3.6027105735801656e-10 1392.674979427651 1.5631418811598077 0.9983002573154659
75081 844323356 3.577415652036298e-10 1462.3087283990305 1.5788775500839813 0.9983256021936407
86394 971543693 3.5491547512831655e-10 1535.4241648189818 1.594718786894567 0.9983447467835878
88148 991268299 3.489527208092506e-10 1612.1953409611385 1.6112123771242195 0.9982591260597071
89992 1012005000 3.4291555400471146e-10 1692.8051080091952 1.6277844439036073 0.998178890512302
91796 1032291881 3.3740194519372133e-10 1777.4453633573662 1.6443152314047957 0.9981196216952665
93420 1050554573 3.323301668901826e-10 1866.3175544780106 1.660817299293485 0.998065742233008
95376 1072550770 3.272100805663469e-10 1959.633344750718 1.677387323592733 0.9980049927495491
97180 1092837651 3.221639896464006e-10 2057.6148817365834 1.6940014771945962 0.9979431707614292
98984 1113124532 3.174506778734156e-10 2160.4954366939637 1.7106061335686331 0.997889713935835
100783 1133355186 3.127282133659093e-10 2268.519988542335 1.7272704480084449 0.9978331574798383
102586 1153642068 3.0845882665518704e-10 2381.9457873994497 1.743897584185813 0.9977900397426643
104380 1173805248 3.0407196191839713e-10 2501.0428347937736 1.7606061269330295 0.9977290457651149
106197 1194238321 2.99564750766264e-10 2626.0946842066755 1.7773987986015922 0.997657425583703
107997 1214480220 2.9527283896723884e-10 2757.3991281801905 1.7942032480121843 0.9975932408632112
109320 1229358016 2.91719759997494e-10 2895.269084304848 1.810901141225873 0.9975587245166837
