3515 39539177 4.1999999999999855e-10 162.7499999999635 0.9183729643869284 0.9475537265315623
5370 60388333 4.409999999999984e-10 170.88749999996165 0.9352284744670392 0.9701259933521764
7122 80101694 4.630499999999752e-10 179.43187499995923 0.9496858939114309 0.9796379331393104
8946 100602240 4.3989749999997894e-10 188.40346874995603 0.962960173091482 0.9485083168224437
10792 121361432 4.1790293342287756e-10 178.9834534050906 0.9478394366101244 0.9465171727377559
12547 141097284 3.9700778675173446e-10 170.03428073484903 0.9352188913197518 0.9634789202820118
14372 161620321 3.7715739741414946e-10 178.53599476784623 0.950818252963887 0.9744231111819286
16195 182120866 3.9526760355159445e-10 187.46279426265502 0.9628088985431754 0.9794646913043512
17980 202194083 4.133244830196668e-10 196.8359110608281 0.9746421612145764 0.9833457413778709
19751 222109863 4.3399070712422427e-10 187.16225871515815 0.9587980303033483 0.9862698823139969
21563 242486708 4.5082097408110243e-10 177.80415295546985 0.9430324348087084 0.9886804171645309
23392 263054727 4.63142830307499e-10 168.91395093707607 0.9277512575833796 0.9903491706458863
25196 283341608 4.728023131911303e-10 160.46826242669974 0.9127824244463372 0.9920416572067798
26999 303628490 4.800764730246769e-10 152.4448563777886 0.8981227134015688 0.9933692898287325
28760 323420569 4.852579421424423e-10 144.8232846283255 0.8837581924401173 0.9944212925690613
30564 343707450 4.900475431526622e-10 137.58212901010435 0.8694894246373007 0.9952479356148557
32368 363994331 4.925838469363524e-10 130.70303353331846 0.8555591038147458 0.9958627210624101
34172 384281213 4.944210659019498e-10 124.16788522054556 0.841777048978401 0.996415207643995
35973 404534357 4.955038319863476e-10 117.959505155344 0.8281541882651975 0.9968657052215149
37800 425079885 4.960856253472494e-10 112.06153471831146 0.8146587842181258 0.9972508498685166
39576 445051893 4.966946968823985e-10 106.45846182647117 0.801222080937873 0.9974672673520262
41380 465338774 4.966384793632773e-10 101.18939283685714 0.7880750455034129 0.9976895151346341
43183 485614410 4.922441235208073e-10 106.24886177578516 0.8013249381232874 0.997879152159962
44977 505788836 4.879710501315433e-10 111.56130465884246 0.81461579183737 0.9980343962696901
46781 526075717 4.842670073720544e-10 116.18427523544034 0.8257419561971321 0.9981468557221295
48584 546362598 4.795432353652317e-10 121.84970511234225 0.8388946742265174 0.9982402520881891
50374 566480797 4.747315709223507e-10 127.79653707244691 0.8521260181255856 0.9983240714491716
52176 586756433 4.703710933387786e-10 133.2671581360319 0.8638300682142401 0.9983932134807919
53944 606627231 4.666687193551629e-10 137.6659588529252 0.8729761693949838 0.9984330027195187
55748 626914112 4.622232129360331e-10 141.75064488121782 0.8814011960209991 0.9984315529213993
57563 647324694 4.5798674576596285e-10 145.3681359664255 0.888743526515795 0.9984207537478359
59341 667319192 4.541770061296057e-10 147.74368388086802 0.8936427085018871 0.9984068782459921
60483 680161553 4.517031160209966e-10 150.30261511929453 0.8986025365940123 0.9983954689791404
