3374 37942316 4.1999999999981605e-10 162.74999999482435 0.906518524016452 0.9611860836148093
5285 59432466 4.409999999998068e-10 170.88749999430087 0.9240507455981204 0.9564880516403529
7053 79314509 4.630499999997306e-10 179.43187497123233 0.9415621584583785 0.956432422341867
8891 99983737 4.862024999997127e-10 188.40346871978971 0.9535789402538556 0.9804497102956192
10795 121395169 5.105126249996049e-10 197.82364215577778 0.9657261630470911 0.9890677565818687
12598 141670804 5.360382562495836e-10 207.71482426356584 0.9770669958696666 0.9927099129749385
14282 160608226 5.628401690620338e-10 218.10056542087978 0.9879215296379547 0.9957674904531679
16084 180883861 5.909821775151351e-10 229.0055936571334 0.9980454479301005 0.9972226022640766
17949 201845473 6.037478026603157e-10 240.45587225937777 1.0098733862544231 0.9979582286581886
19739 221974917 5.909260747387344e-10 252.47866587233918 1.0251143050379368 0.9982414026427076
21543 242261798 5.769724445105142e-10 265.102599165926 1.0405582802436093 0.9985041904684725
23344 262514943 5.653101195496445e-10 278.35772673050695 1.0557769291082935 0.9987265993610439
25148 282801824 5.540256469223001e-10 292.27560980898016 1.071015277652581 0.9988965352456688
26951 303077460 5.662239778528844e-10 306.8893902107749 1.083045164157701 0.9970325242982035
28795 323825407 5.945351767455127e-10 322.23089907365403 1.0930578428065025 0.9946710141388863
30600 344112288 6.242619355827882e-10 338.3424415644708 1.1018112831947628 0.9950874536524422
32396 364309205 6.320819846455271e-10 338.76225167584624 1.1007113962093484 0.9957233716040553
32456 364983935 6.317260670378022e-10 338.76223597747895 1.1007750302042905 0.9957438904448134
