3563 40067716 4.2e-10 162.74999999999997 0.9264814667962142 0.9139214818968174
5315 59769831 4.4099999909257587e-10 170.88749999885647 0.9405744337178816 0.9529012701957716
7149 80394077 4.6304999904707353e-10 179.43187499879926 0.9547633425686604 0.9718933352214114
8991 101108287 4.862024989994261e-10 188.40346874872807 0.9695059461527573 0.9754072214756484
10766 121069049 5.105126239493973e-10 197.82364218616442 0.9833270989517586 0.9770535901229933
12570 141355930 5.360382551468519e-10 207.71482429547262 0.996710311757877 0.9811773318049559
14375 161654057 5.62840167904172e-10 218.10056551024624 1.0097759783715945 0.9841622202773239
16184 181997166 5.909821762993478e-10 229.00559378575852 1.0225499403600102 0.986531048287708
17958 201946682 6.205312851142541e-10 240.45587347504642 1.0348968708391943 0.9871559171786604
19652 220996559 6.515578493699667e-10 252.47866714879325 1.046526730684824 0.9875811199631679
21558 242430481 6.841357418384647e-10 265.10260050623185 1.0573142756402225 0.9899915401647917
23374 262852308 7.183425289303811e-10 278.35773053151905 1.0671249004850858 0.9936451703380572
25097 282228304 7.542596553769001e-10 292.2756170580946 1.0767797504488508 0.995352024891188
26948 303043724 7.878297928653591e-10 277.66183644501984 1.0577718542775487 0.9954226785825853
28707 322824557 7.71706704615121e-10 263.7790219377644 1.0450697389779402 0.9954346387352936
30571 343786169 7.567974885701979e-10 250.60167168115677 1.0323078746606948 0.9953940626321061
32380 364129277 7.353870772938325e-10 248.17364663203927 1.0318645042023764 0.9952694017017691
34157 384112530 7.137032002442725e-10 260.5823289326916 1.0478401401381316 0.9953220265159415
35962 404410657 6.960689821106023e-10 273.61141695549816 1.063446765670094 0.9954610997305298
37785 424911203 6.79826619536469e-10 287.29189429594845 1.078966554825645 0.9955433689915381
39564 444916947 6.64256733798125e-10 301.6564890107458 1.0944782057333673 0.9956033168406583
41361 465125109 6.510643513789155e-10 316.7393134167248 1.1097969318518848 0.9956353492209125
43176 485535691 6.369404684914725e-10 332.57627908756103 1.125282690502359 0.99563846634978
44979 505811327 6.238078243369159e-10 349.20509304193905 1.1407261159701572 0.9956367326067149
46798 526266891 6.108992340281342e-10 366.6653476938014 1.1562106806733796 0.9956383481593749
48543 545890287 5.989708173474088e-10 384.9986150747743 1.1716505215208377 0.9956228710975996
50392 566683216 5.876261087658125e-10 404.24854582851003 1.187088859079341 0.9955727284954223
52141 586351595 5.760513157304729e-10 424.4609731199355 1.2026200190007414 0.9955001836917668
53945 606638476 5.64867522254346e-10 445.6838698623922 1.2181723159308513 0.9954232704027157
55746 626891621 5.545825141415941e-10 467.9680633555118 1.2336832078657567 0.995336919716109
57558 647268466 5.424880219260299e-10 491.36646652328733 1.2494815354121052 0.9951903383229237
59302 666880618 5.323363295240048e-10 515.9347898494035 1.2651123035178489 0.9950798699415654
