3488 39224303 4.199999999998465e-10 162.74999999999972 0.92180924909126 0.9370285955557597
5399 60714453 4.409999999996203e-10 170.88749999999797 0.9391213577936883 0.9401138688280143
7142 80315359 4.6304999999960096e-10 179.43187496232693 0.9565056873516303 0.9434358656676979
8970 100872132 4.86202499999557e-10 188.40346871044326 0.9715338827993848 0.9492705528082404
10798 121428905 5.105126249995347e-10 197.82364214596527 0.9867321041248147 0.9553081358996547
12552 141153511 5.360382562495073e-10 207.71482425326352 1.0000788639766116 0.9635323307293452
14342 161282956 5.628401690619714e-10 218.10056546592668 1.0130711130986603 0.9732857530607583
16094 180985071 5.909821775150142e-10 229.005593739223 1.0253708536836386 0.9816852214651154
17962 201991664 6.205312863907649e-10 240.4558734257414 1.0369068089245612 0.9882685054423723
19768 222301037 6.515578507103031e-10 252.47866709702765 1.0479672535989546 0.9934826631078626
21545 242284289 6.841357432458182e-10 265.10260045175465 1.0583426723489238 0.9969235098981472
23356 262649889 7.183425304081086e-10 278.3577304743419 1.0680746639719036 0.9986693030742259
25144 282768088 7.412230842289412e-10 292.2756150508538 1.078769486017665 0.9989939316311545
26986 303471053 7.247121876321357e-10 306.8893609747706 1.094319192182279 0.9989514005070055
28762 323454305 7.085108383577366e-10 322.2338290235091 1.1099271473820957 0.9988742218132323
30567 343741187 6.921621287487612e-10 338.3455204746845 1.1256190098651861 0.9987660858972651
32368 363994331 6.785430566612955e-10 355.2627964984187 1.1410829180226552 0.9986648418375904
34195 384539859 6.629551818582535e-10 373.0259363233396 1.1568295005529148 0.9985220153794204
35980 404613076 6.482826849864356e-10 391.6771514305923 1.1725440976928831 0.9983825501626483
37749 424506365 6.34148401376852e-10 411.26100843557225 1.1882660307415147 0.9982388313755419
39572 445006911 6.209760587079397e-10 431.8240588573506 1.2039460857862572 0.9981073473972959
41381 465350019 6.080606805221653e-10 453.41465533512724 1.2196647367403763 0.9979652373348834
43196 485760601 5.952744497501726e-10 476.0853603773891 1.2354374788497795 0.9978150879452119
44991 505946273 5.826537139882391e-10 499.8896283962504 1.251260532240082 0.997656042749712
46795 526233154 5.71426090706598e-10 524.8841098160625 1.2669840707160291 0.9975323035104511
48549 545957760 5.609795336167243e-10 551.1283150785841 1.2826777042753676 0.9974286261985227
50352 566244642 5.551862467743419e-10 578.6847308322334 1.297853504723508 0.9974900902619729
50719 570360494 5.515369917960422e-10 607.6189673738446 1.312809728507048 0.9975519459892328
53993 607178260 5.448448573109168e-10 637.9999157425357 1.3282069351443462 0.9976811836620578
55741 626835393 5.369644829126087e-10 669.8999052298963 1.3438181702092487 0.997753937074666
57565 647347185 5.280741237656012e-10 703.3948911435341 1.3596242450926492 0.9977644077900452
57625 648021915 5.243727019706623e-10 738.5646357007107 1.374800370850605 0.9977821210909893
61166 687842229 5.164234813018888e-10 775.4928565479156 1.3905984928150192 0.9976519264051307
62978 708219074 5.053694532493449e-10 814.2671885898814 1.4068874615354117 0.9973798816465369
64749 728134854 4.948672214239447e-10 854.9805377307904 1.4231747608256948 0.9970984921565814
66540 748275544 4.843378059397641e-10 897.7288464725902 1.4395362806658378 0.9968033826887356
67201 755708819 4.790211388897361e-10 942.615288441365 1.455221761411057 0.9967316738318712
