3528 39674123 4.199999999999951e-10 162.74999999999983 0.9292303900265045 0.9132589743298856
5392 60635734 4.409999999999947e-10 170.88749999310363 0.94227711340002 0.9471161164371704
7154 80450305 4.6304999999983717e-10 179.43187499275578 0.9565696940951676 0.9670656125444579
8844 99455199 4.86202499999829e-10 188.40346874239356 0.9710630201449495 0.9759632520378461
10799 121440151 5.105126249994954e-10 197.8236421794808 0.9845545311652675 0.982771281268469
12562 141265966 5.360382562493482e-10 207.7148242884445 0.9974648539895512 0.9865973467835799
14381 161721530 5.628401690615541e-10 218.10056550282593 1.01001055189292 0.9898694972782253
16166 181794747 5.909821775146318e-10 229.00559377796722 1.0216651914323374 0.9930106645949558
17985 202250311 6.205312863903633e-10 240.45587346686557 1.0328604688896688 0.9958149870792964
19777 222402246 6.515578507098813e-10 252.47866714020884 1.0434697366484762 0.9977673489757763
21575 242621654 6.841357432453753e-10 265.1025995284687 1.053392822195252 0.9986832808981471
23354 262627398 6.872001416703152e-10 251.84746968979712 1.0386030010122227 0.998892254427822
25161 282948016 6.777239574293675e-10 264.4398430117208 1.0532674194661042 0.9989997457210569
26953 303099951 6.665504449506963e-10 277.66183516218194 1.0681743879850174 0.9990777436398293
28751 323319359 6.559870145783879e-10 291.54492690284263 1.0830851621817692 0.999086333137001
30555 343606241 6.441400377450294e-10 306.1221732472401 1.0982004297120633 0.9990727340069011
32359 363893122 6.330515233295612e-10 321.4282161945973 1.1132987867647677 0.999062689557147
34177 384337440 6.287432571761087e-10 337.49962542533007 1.1276934265590275 0.9990261814872375
35981 404624321 6.32314552666039e-10 354.37460669610823 1.1412371755291604 0.9990071713358567
37751 424528856 6.304312602874613e-10 372.0933370304865 1.155447652108917 0.9991018853907886
39555 444815737 6.252046510260832e-10 390.69800387839604 1.1701097825800306 0.9991901292006503
41359 465102618 6.172047411812178e-10 410.23290395654567 1.1851621588811294 0.9992034825259879
43154 485288290 6.087884855552717e-10 430.7445488014872 1.2003241058842804 0.999166400853834
44997 506013746 5.981463463874768e-10 452.28177622957895 1.2158228244290852 0.9990365428201373
46770 525952017 5.877383349973443e-10 474.89586504103687 1.2313559685016484 0.9988978968453915
48574 546238898 5.771128630268259e-10 498.53414594002317 1.2469202141045568 0.9987262789354464
50395 566716953 5.665106125955212e-10 523.33607954289 1.2625365987032586 0.9984982925439473
51480 578918320 5.585458894275209e-10 549.5028793784994 1.2779423283197437 0.9983451773859305
