3600 40483799 1.0000000000000002e-10 434.7939914650622 1.2227844933641892 0.7946673614729143
7200 80967598 1.3496966989957074e-10 435.2874763591071 1.2171152931598876 0.8368329494239715
10800 121451396 1.3252382328966833e-10 427.2569885517174 1.2111748624788887 0.8945270202100064
14400 161935195 3.1740741940825275e-10 413.2677912202015 1.1889738938779453 0.9337513087056409
18000 202418993 3.588614483998561e-10 413.51733230689445 1.1855359124741716 0.9598435643840624
21600 242902792 4.189160943577198e-10 415.2888229571601 1.1809857243129034 0.9724702644353853
25200 283386590 4.672311534617749e-10 417.20912247605855 1.1771101217636735 0.9788210576082123
28800 323870389 5.053334291167188e-10 419.4815596195058 1.1742973920188882 0.9825541549973053
32400 364354187 5.172545388999383e-10 422.37330343590804 1.1751287220838118 0.9854794149832158
36000 404837986 5.537203647720626e-10 426.1044881360965 1.1731293569080583 0.9854899449297775
39600 411472831 5.545349707625175e-10 426.1044791598735 1.1731965900451913 0.9853709092594622
