3600 40483799 1.0930489861317206e-09 499.9999999900066 1.2214701717646006 0.9991448026799348
7200 80967598 2.6212669327547537e-10 499.9903299710812 1.2566745608255971 0.951067769361726
10800 121451396 3.8553441264339483e-10 497.0452325451812 1.2486885463959092 0.9601533254148639
14400 161935195 4.207143210937319e-10 493.163577221371 1.243698320887438 0.9785264199866947
18000 202418993 4.3771662836469525e-10 493.3615937956859 1.2425009993267186 0.9842627438552386
21600 242902792 4.736662682065684e-10 494.484203498834 1.239968912887935 0.9889521690251186
25200 283386590 5.297725381612632e-10 497.2868492640474 1.235683623447688 0.9883276162591234
28800 323870389 5.894542326810568e-10 499.9996811123776 1.2311415457611443 0.9852813028155882
32400 364354187 6.060770287151427e-10 499.9996811123546 1.2311415458378776 0.9855907947108884
36000 404837986 6.336555070281576e-10 499.99968742894777 1.2270348571411283 0.9891018433444989
39600 445321784 6.369637394213197e-10 499.9996874289434 1.227034857156569 0.9905069993098651
43200 485805583 6.435028861549411e-10 499.99968742893424 1.2270348571881746 0.9916062131971998
46800 526289382 6.433086638955994e-10 499.2496409958308 1.2275791625419368 0.991133623984567
50400 566773180 6.41148761200694e-10 499.1548804577917 1.229079144241575 0.9909346245958537
54000 588780623 6.406151523670123e-10 499.5980886995832 1.2299381713393092 0.9910275824991666
