3600 40483799 1.1217682752605574e-09 207.8063074275138 0.9207493797706252 0.9784272309387261
7200 80967598 9.769943499130107e-10 201.41246243023735 0.9407354621389359 0.9966598264230244
10800 121451396 5.440339075213503e-10 499.992070616597 1.2397576423627357 0.989729053360798
14400 161935195 7.304627261853497e-10 499.9743316066656 1.2216684094604544 0.9891843785901254
18000 202418993 7.177537961823765e-10 499.9738459538317 1.2233647135385421 0.9910606156649933
21600 242902792 7.374271182111914e-10 499.72324233900605 1.2207706583835272 0.9947751762073475
25200 283386590 7.822612030273464e-10 499.29342219688016 1.2146426108364636 0.9954260572974202
28800 323870389 7.892091613638338e-10 499.2934221968701 1.214642610870879 0.9963312836164286
32400 364354187 7.872544216031728e-10 499.29622061542824 1.2121338102208765 0.992581157065776
36000 404837986 8.072659941635448e-10 499.2962518086414 1.2065647169091174 0.9918210703800749
39600 445321784 8.168344239050704e-10 499.29625506034984 1.2033260935991121 0.9919287566814381
43200 485805583 8.184975646821727e-10 499.2962565367337 1.2018965372585193 0.992503675455248
46800 526289382 8.244230134485182e-10 499.2962589119444 1.199653485310508 0.9930570727765241
50400 544360899 8.234660276308832e-10 499.29625914009665 1.1994385437187352 0.9932646824468453
