3600 40483799 2.1640410365968413e-10 499.9999999417811 1.2431648032368368 0.9541486908500674
7200 80967598 8.163087817347579e-10 499.998843741223 1.211818437845439 0.9984345490773657
10800 121451396 4.5422966491137313e-10 499.99407827966667 1.240678905277693 0.9806168546448044
14400 161935195 6.296292645165213e-10 498.5307109057021 1.2244335374343702 0.9887853456927291
18000 202418993 5.542501934979929e-10 495.17960472709626 1.2304450181663125 0.9886730906739902
21600 242902792 5.612561348559933e-10 495.1796560225044 1.229688544426449 0.9932120727462491
25200 283386590 5.901973349787309e-10 495.1834695831948 1.2263210690050814 0.9948620510769587
28800 323870389 6.137659971773614e-10 495.26364807483134 1.2234547945777356 0.9958543685684227
32400 364354187 5.989313074479575e-10 495.19083775265653 1.2251913218563122 0.9961135818037753
36000 404837986 5.975884189535862e-10 495.1908093754614 1.225326591671701 0.9970115015533886
39600 442802793 6.000576378608707e-10 496.8624571693726 1.226142105799512 0.997555079249573
