3600 40483799 1.0000000000000002e-10 268.7868146780724 1.0710729557627703 0.914823398186736
7200 80967598 6.456539988127276e-10 132.64958653406035 0.8500050685110974 0.9795252572920656
10800 121451396 4.2212413131110617e-10 249.25839304242191 1.0386035947673264 0.9752387682902207
14400 161935195 5.457364414971532e-10 227.77102895752657 1.0037028816438216 0.9835009999449719
18000 202418993 4.755373797573602e-10 225.36460595361322 1.0067840121828988 0.9845142688639931
21600 242902792 4.990530331947848e-10 225.353575762103 1.0045502032029847 0.9896680840964865
25200 283386590 5.298871281688714e-10 225.41603036997424 1.0013645284394974 0.9920515086970789
28800 323870389 5.541704645209574e-10 225.46057754889043 0.9986553851482796 0.9935148234781773
32400 364354187 5.523957316950191e-10 225.46050836605815 0.9987035719821277 0.9947946538125766
36000 404837986 5.523957316950191e-10 225.46050836605815 0.9987035719821277 0.9959568046520362
39600 445321784 5.524349452248375e-10 225.46050098101762 0.9987571962458031 0.9968250475274179
43200 485805583 5.528443144463683e-10 227.0287719055154 1.0009038343222776 0.997363901018296
46800 492327973 5.528443144463683e-10 227.0287719055154 1.0009038343222776 0.9974443474343596
