3600 40483799 1.0000000000000002e-10 116.1352408305313 0.8500000000002423 0.5482649193845077
7200 80967598 3.2984946580666307e-10 119.16948361978642 0.8500000000937956 0.8242502999214603
10800 121451396 3.551774156085633e-10 119.1694836197775 0.8500000003404293 0.9120572269893364
14400 161935195 4.314336176245386e-10 119.16948361975436 0.8500000009680724 0.9346428863961455
18000 202418993 5.609767798173007e-10 124.82637622620675 0.850000000102762 0.9699017717585401
21600 242902792 5.811189247545706e-10 124.8263762261996 0.8500000002600634 0.9786162953818255
25200 283386590 5.964960897140421e-10 124.82637622619536 0.8500000003544169 0.9817617403223912
28800 323870389 6.089552507287038e-10 124.82637622619275 0.8500000004141068 0.9847763114770295
32400 364354187 6.755224245197357e-10 129.63396728640672 0.850548009550605 0.9905063120650462
36000 404837986 6.84238170554545e-10 129.86831339071244 0.8501965062421801 0.992076765425475
39600 445321784 7.029597080507431e-10 130.54422915335115 0.8502578529180034 0.9913292560079766
43200 485805583 7.140630208247962e-10 131.01156421925563 0.8511313334823408 0.9915881114261607
46800 522432175 7.156103549518503e-10 131.01156830496964 0.8512435144959384 0.9920104468549361
