[   0  221 1600 2886 3600] [1.00000000e+00 2.48525641e+06 1.79928004e+07 3.24545128e+07
 4.04837995e+07] [1.         0.99333606 0.9556784  0.94213888 0.94195138] [1.         0.9898227  0.95972041 0.94442121 0.93768596]
[   0  221 1600 2886 2946 3985 5258 5881 6002 6182 6350 6382 6428 6766
 6850 7063 7123 7200] [1.00000000e+00 2.48525641e+06 1.79928004e+07 3.24545128e+07
 3.31292428e+07 4.48133169e+07 5.91288379e+07 6.61347841e+07
 6.74954896e+07 6.95196795e+07 7.14089234e+07 7.17687794e+07
 7.22860724e+07 7.60870513e+07 7.70316732e+07 7.94269646e+07
 8.01016946e+07 8.09675981e+07] [1.         0.99333606 0.9556784  0.94213888 0.94195138 0.9049226
 0.86935981 0.85338149 0.85173948 0.84587654 0.84292926 0.842117
 0.84137778 0.83547704 0.83357183 0.82718073 0.82652447 0.82605598] [1.         0.99394968 0.95728144 0.92485102 0.92337805 0.89841576
 0.86917933 0.85538534 0.8527441  0.84883741 0.84521517 0.84452783
 0.84354123 0.83634427 0.83456987 0.83009553 0.8288416  0.82723652]
[    0   221  1600  2886  2946  3985  5258  5881  6002  6182  6350  6382
  6428  6766  6850  7063  7123  7183  7349  7394  7454  7500  7545  7726
  8026  8235  8535  8595  8631  8726  9508 10800] [1.00000000e+00 2.48525641e+06 1.79928004e+07 3.24545128e+07
 3.31292428e+07 4.48133169e+07 5.91288379e+07 6.61347841e+07
 6.74954896e+07 6.95196795e+07 7.14089234e+07 7.17687794e+07
 7.22860724e+07 7.60870513e+07 7.70316732e+07 7.94269646e+07
 8.01016946e+07 8.07764246e+07 8.26431775e+07 8.31492250e+07
 8.38239550e+07 8.43412480e+07 8.48472955e+07 8.68827309e+07
 9.02563808e+07 9.26066902e+07 9.59803400e+07 9.66550700e+07
 9.70599080e+07 9.81282305e+07 1.06922211e+08 1.21451397e+08] [1.         0.99333606 0.9556784  0.94213888 0.94195138 0.9049226
 0.86935981 0.85338149 0.85173948 0.84587654 0.84292926 0.842117
 0.84137778 0.83547704 0.83357183 0.82718073 0.82652447 0.82605598
 0.8197229  0.81915859 0.81863171 0.81827004 0.81788365 0.81622
 0.80894098 0.8041083  0.7991112  0.79844377 0.79842476 0.79647662
 0.80315649 0.80265666] [1.         0.99404717 0.95793304 0.92596461 0.92451204 0.89988742
 0.87102708 0.85740311 0.85479387 0.85093419 0.84735518 0.846676
 0.84570111 0.83858874 0.83683498 0.83241235 0.83117282 0.82993603
 0.82652849 0.82560835 0.82438386 0.82344691 0.82253186 0.81886659
 0.81284483 0.80868852 0.80277756 0.80160308 0.80089962 0.79904767
 0.78404216 0.7601525 ]
[    0   221  1600  2886  2946  3985  5258  5881  6002  6182  6350  6382
  6428  6766  6850  7063  7123  7183  7349  7394  7454  7500  7545  7726
  8026  8235  8535  8595  8631  8726  9508  9568 11232 11352 12193 13617
 13797 13917 14400] [1.00000000e+00 2.48525641e+06 1.79928004e+07 3.24545128e+07
 3.31292428e+07 4.48133169e+07 5.91288379e+07 6.61347841e+07
 6.74954896e+07 6.95196795e+07 7.14089234e+07 7.17687794e+07
 7.22860724e+07 7.60870513e+07 7.70316732e+07 7.94269646e+07
 8.01016946e+07 8.07764246e+07 8.26431775e+07 8.31492250e+07
 8.38239550e+07 8.43412480e+07 8.48472955e+07 8.68827309e+07
 9.02563808e+07 9.26066902e+07 9.59803400e+07 9.66550700e+07
 9.70599080e+07 9.81282305e+07 1.06922211e+08 1.07596941e+08
 1.26309452e+08 1.27658912e+08 1.37116378e+08 1.53129969e+08
 1.55154159e+08 1.56503619e+08 1.61935195e+08] [1.         0.99333606 0.9556784  0.94213888 0.94195138 0.9049226
 0.86935981 0.85338149 0.85173948 0.84587654 0.84292926 0.842117
 0.84137778 0.83547704 0.83357183 0.82718073 0.82652447 0.82605598
 0.8197229  0.81915859 0.81863171 0.81827004 0.81788365 0.81622
 0.80894098 0.8041083  0.7991112  0.79844377 0.79842476 0.79647662
 0.80315649 0.80265666 0.76752584 0.76604604 0.75182342 0.72470638
 0.72069163 0.71876133 0.70871815] [1.         0.99415733 0.95861975 0.92713344 0.92570223 0.90143246
 0.87296863 0.85952408 0.85694861 0.85313853 0.84960514 0.84893458
 0.84797203 0.84094888 0.8392169  0.83484877 0.83362441 0.83240272
 0.82903653 0.82812749 0.82691774 0.82599205 0.82508796 0.82146633
 0.81551541 0.81140734 0.80556408 0.80440292 0.80370741 0.80187634
 0.787036   0.78591422 0.7557238  0.75361334 0.73906432 0.71536019
 0.71244414 0.71050985 0.70280229]
[    0   221  1600  2886  2946  3985  5258  5881  6002  6182  6350  6382
  6428  6766  6850  7063  7123  7183  7349  7394  7454  7500  7545  7726
  8026  8235  8535  8595  8631  8726  9508  9568 11232 11352 12193 13617
 13797 13917 14398 14578 14776 15076 15497 15617 15798 15858 16159 16399
 16459 16519 16579 16880 16940 17241 17301 17422 18000] [1.00000000e+00 2.48525641e+06 1.79928004e+07 3.24545128e+07
 3.31292428e+07 4.48133169e+07 5.91288379e+07 6.61347841e+07
 6.74954896e+07 6.95196795e+07 7.14089234e+07 7.17687794e+07
 7.22860724e+07 7.60870513e+07 7.70316732e+07 7.94269646e+07
 8.01016946e+07 8.07764246e+07 8.26431775e+07 8.31492250e+07
 8.38239550e+07 8.43412480e+07 8.48472955e+07 8.68827309e+07
 9.02563808e+07 9.26066902e+07 9.59803400e+07 9.66550700e+07
 9.70599080e+07 9.81282305e+07 1.06922211e+08 1.07596941e+08
 1.26309452e+08 1.27658912e+08 1.37116378e+08 1.53129969e+08
 1.55154159e+08 1.56503619e+08 1.61912704e+08 1.63936894e+08
 1.66163503e+08 1.69537153e+08 1.74271508e+08 1.75620968e+08
 1.77656404e+08 1.78331134e+08 1.81716029e+08 1.84414949e+08
 1.85089679e+08 1.85764409e+08 1.86439139e+08 1.89824034e+08
 1.90498764e+08 1.93883660e+08 1.94558390e+08 1.95919095e+08
 2.02418994e+08] [1.         0.99333606 0.9556784  0.94213888 0.94195138 0.9049226
 0.86935981 0.85338149 0.85173948 0.84587654 0.84292926 0.842117
 0.84137778 0.83547704 0.83357183 0.82718073 0.82652447 0.82605598
 0.8197229  0.81915859 0.81863171 0.81827004 0.81788365 0.81622
 0.80894098 0.8041083  0.7991112  0.79844377 0.79842476 0.79647662
 0.80315649 0.80265666 0.76752584 0.76604604 0.75182342 0.72470638
 0.72069163 0.71876133 0.70871815 0.70505268 0.69996135 0.69675521
 0.68691759 0.68521243 0.68181138 0.68108328 0.67746291 0.67181124
 0.67180886 0.67110844 0.67045044 0.66342833 0.66263348 0.65919696
 0.65872211 0.65662337 0.65591025] [1.         0.99417393 0.95871091 0.92728827 0.92585993 0.90163792
 0.87322793 0.8598078  0.85723693 0.8534336  0.84990643 0.84923704
 0.84827617 0.84126516 0.83953614 0.83517542 0.83395313 0.83273348
 0.82937291 0.82846538 0.82725763 0.82633346 0.82543086 0.82181515
 0.81587382 0.81177227 0.80593814 0.80477878 0.80408435 0.80225608
 0.78743792 0.78631776 0.75616871 0.75406095 0.73952991 0.71585246
 0.71293946 0.71100717 0.70333897 0.70050073 0.69739814 0.69273572
 0.68626992 0.68444323 0.6817015  0.68079621 0.67628131 0.67271293
 0.67182517 0.67093913 0.67005482 0.6656443  0.66477024 0.66041078
 0.65954682 0.65780955 0.64960308]
[    0   221  1600  2886  2946  3985  5258  5881  6002  6182  6350  6382
  6428  6766  6850  7063  7123  7183  7349  7394  7454  7500  7545  7726
  8026  8235  8535  8595  8631  8726  9508  9568 11232 11352 12193 13617
 13797 13917 14398 14578 14776 15076 15497 15617 15798 15858 16159 16399
 16459 16519 16579 16880 16940 17241 17301 17422 17482 18083 18143 18238
 18321 18381 18548 18608 18728 18857 19034 19094 19155 19215 19455 19756
 19816 19936 19996 20109 20222 20342 20643 20703 20763 21244 21304 21600] [1.00000000e+00 2.48525641e+06 1.79928004e+07 3.24545128e+07
 3.31292428e+07 4.48133169e+07 5.91288379e+07 6.61347841e+07
 6.74954896e+07 6.95196795e+07 7.14089234e+07 7.17687794e+07
 7.22860724e+07 7.60870513e+07 7.70316732e+07 7.94269646e+07
 8.01016946e+07 8.07764246e+07 8.26431775e+07 8.31492250e+07
 8.38239550e+07 8.43412480e+07 8.48472955e+07 8.68827309e+07
 9.02563808e+07 9.26066902e+07 9.59803400e+07 9.66550700e+07
 9.70599080e+07 9.81282305e+07 1.06922211e+08 1.07596941e+08
 1.26309452e+08 1.27658912e+08 1.37116378e+08 1.53129969e+08
 1.55154159e+08 1.56503619e+08 1.61912704e+08 1.63936894e+08
 1.66163503e+08 1.69537153e+08 1.74271508e+08 1.75620968e+08
 1.77656404e+08 1.78331134e+08 1.81716029e+08 1.84414949e+08
 1.85089679e+08 1.85764409e+08 1.86439139e+08 1.89824034e+08
 1.90498764e+08 1.93883660e+08 1.94558390e+08 1.95919095e+08
 1.96593825e+08 2.03352370e+08 2.04027100e+08 2.05095423e+08
 2.06028799e+08 2.06703529e+08 2.08581528e+08 2.09256257e+08
 2.10605717e+08 2.12056387e+08 2.14046840e+08 2.14721570e+08
 2.15407546e+08 2.16082276e+08 2.18781196e+08 2.22166091e+08
 2.22840821e+08 2.24190281e+08 2.24865011e+08 2.26135752e+08
 2.27406494e+08 2.28755954e+08 2.32140849e+08 2.32815579e+08
 2.33490309e+08 2.38899394e+08 2.39574124e+08 2.42902792e+08] [1.         0.99333606 0.9556784  0.94213888 0.94195138 0.9049226
 0.86935981 0.85338149 0.85173948 0.84587654 0.84292926 0.842117
 0.84137778 0.83547704 0.83357183 0.82718073 0.82652447 0.82605598
 0.8197229  0.81915859 0.81863171 0.81827004 0.81788365 0.81622
 0.80894098 0.8041083  0.7991112  0.79844377 0.79842476 0.79647662
 0.80315649 0.80265666 0.76752584 0.76604604 0.75182342 0.72470638
 0.72069163 0.71876133 0.70871815 0.70505268 0.69996135 0.69675521
 0.68691759 0.68521243 0.68181138 0.68108328 0.67746291 0.67181124
 0.67180886 0.67110844 0.67045044 0.66342833 0.66263348 0.65919696
 0.65872211 0.65662337 0.65591025 0.64631413 0.64563028 0.64437414
 0.64392216 0.64385933 0.63966565 0.63899859 0.63715315 0.6355573
 0.63192502 0.63153874 0.63084526 0.63025676 0.62806209 0.62291788
 0.62283503 0.62123543 0.62057483 0.61897179 0.61743163 0.61502252
 0.61229011 0.61150368 0.61109569 0.60181418 0.60115294 0.59974947] [1.         0.99391402 0.95648631 0.92457868 0.92314292 0.89891852
 0.87070799 0.85742708 0.85488508 0.85112552 0.84763993 0.84697854
 0.8460292  0.83910397 0.83739649 0.8330907  0.83188392 0.83067981
 0.82736226 0.8264664  0.8252742  0.82436195 0.82347101 0.81990212
 0.81403795 0.80998968 0.80423109 0.80308668 0.8024012  0.80059644
 0.78596538 0.78485905 0.75505657 0.75297078 0.73858134 0.71509223
 0.71219834 0.71027819 0.70265396 0.69983022 0.69674236 0.69209984
 0.68565705 0.68383588 0.68110159 0.68019854 0.67569313 0.67213027
 0.67124361 0.67035856 0.66947511 0.66506729 0.66419343 0.6598333
 0.65896888 0.65723034 0.65637059 0.64784312 0.64700013 0.64566846
 0.64450806 0.64367099 0.64134894 0.64051747 0.63885891 0.63708248
 0.63465598 0.63383629 0.63300442 0.63218763 0.62893474 0.62488712
 0.62408451 0.62248348 0.62168504 0.62018509 0.61869003 0.61710769
 0.61316264 0.61238033 0.61159936 0.60538686 0.60461788 0.60084344]
[    0   221  1600  2886  2946  3985  5258  5881  6002  6182  6350  6382
  6428  6766  6850  7063  7123  7183  7349  7394  7454  7500  7545  7726
  8026  8235  8535  8595  8631  8726  9508  9568 11232 11352 12193 13617
 13797 13917 14398 14578 14776 15076 15497 15617 15798 15858 16159 16399
 16459 16519 16579 16880 16940 17241 17301 17422 17482 18083 18143 18238
 18321 18381 18548 18608 18728 18857 19034 19094 19155 19215 19455 19756
 19816 19936 19996 20109 20222 20342 20643 20703 20763 21244 21304 21424
 21785 21845 22013 22060 22121 22241 22482 22662 22842 22963 23685 23865
 23925 24166 24226 24296 24537 24597 24657 24717 24777 24850 24910 25091
 25200] [1.00000000e+00 2.48525641e+06 1.79928004e+07 3.24545128e+07
 3.31292428e+07 4.48133169e+07 5.91288379e+07 6.61347841e+07
 6.74954896e+07 6.95196795e+07 7.14089234e+07 7.17687794e+07
 7.22860724e+07 7.60870513e+07 7.70316732e+07 7.94269646e+07
 8.01016946e+07 8.07764246e+07 8.26431775e+07 8.31492250e+07
 8.38239550e+07 8.43412480e+07 8.48472955e+07 8.68827309e+07
 9.02563808e+07 9.26066902e+07 9.59803400e+07 9.66550700e+07
 9.70599080e+07 9.81282305e+07 1.06922211e+08 1.07596941e+08
 1.26309452e+08 1.27658912e+08 1.37116378e+08 1.53129969e+08
 1.55154159e+08 1.56503619e+08 1.61912704e+08 1.63936894e+08
 1.66163503e+08 1.69537153e+08 1.74271508e+08 1.75620968e+08
 1.77656404e+08 1.78331134e+08 1.81716029e+08 1.84414949e+08
 1.85089679e+08 1.85764409e+08 1.86439139e+08 1.89824034e+08
 1.90498764e+08 1.93883660e+08 1.94558390e+08 1.95919095e+08
 1.96593825e+08 2.03352370e+08 2.04027100e+08 2.05095423e+08
 2.06028799e+08 2.06703529e+08 2.08581528e+08 2.09256257e+08
 2.10605717e+08 2.12056387e+08 2.14046840e+08 2.14721570e+08
 2.15407546e+08 2.16082276e+08 2.18781196e+08 2.22166091e+08
 2.22840821e+08 2.24190281e+08 2.24865011e+08 2.26135752e+08
 2.27406494e+08 2.28755954e+08 2.32140849e+08 2.32815579e+08
 2.33490309e+08 2.38899394e+08 2.39574124e+08 2.40923584e+08
 2.44983210e+08 2.45657940e+08 2.47547184e+08 2.48075722e+08
 2.48761698e+08 2.50111158e+08 2.52821323e+08 2.54845513e+08
 2.56869703e+08 2.58230408e+08 2.66349659e+08 2.68373849e+08
 2.69048579e+08 2.71758744e+08 2.72433474e+08 2.73220659e+08
 2.75930825e+08 2.76605555e+08 2.77280285e+08 2.77955015e+08
 2.78629744e+08 2.79450666e+08 2.80125396e+08 2.82160831e+08
 2.83386591e+08] [1.         0.99333606 0.9556784  0.94213888 0.94195138 0.9049226
 0.86935981 0.85338149 0.85173948 0.84587654 0.84292926 0.842117
 0.84137778 0.83547704 0.83357183 0.82718073 0.82652447 0.82605598
 0.8197229  0.81915859 0.81863171 0.81827004 0.81788365 0.81622
 0.80894098 0.8041083  0.7991112  0.79844377 0.79842476 0.79647662
 0.80315649 0.80265666 0.76752584 0.76604604 0.75182342 0.72470638
 0.72069163 0.71876133 0.70871815 0.70505268 0.69996135 0.69675521
 0.68691759 0.68521243 0.68181138 0.68108328 0.67746291 0.67181124
 0.67180886 0.67110844 0.67045044 0.66342833 0.66263348 0.65919696
 0.65872211 0.65662337 0.65591025 0.64631413 0.64563028 0.64437414
 0.64392216 0.64385933 0.63966565 0.63899859 0.63715315 0.6355573
 0.63192502 0.63153874 0.63084526 0.63025676 0.62806209 0.62291788
 0.62283503 0.62123543 0.62057483 0.61897179 0.61743163 0.61502252
 0.61229011 0.61150368 0.61109569 0.60181418 0.60115294 0.59974947
 0.59572969 0.59500673 0.59180901 0.59122792 0.59115767 0.58953779
 0.5855105  0.58278937 0.57998783 0.58055892 0.57864259 0.57615667
 0.57545985 0.57356756 0.57321823 0.57210655 0.56799413 0.56717493
 0.56640237 0.56560005 0.56545744 0.56398748 0.56336266 0.56094624
 0.56042995] [1.         0.99390256 0.95643535 0.92452907 0.92309373 0.89887919
 0.87068482 0.85741257 0.85487227 0.85111526 0.84763206 0.84697113
 0.84602244 0.83910204 0.83739576 0.83309301 0.83188708 0.83068383
 0.82736864 0.82647342 0.82528208 0.82437048 0.82348018 0.81991384
 0.81405389 0.81000853 0.80425409 0.80311051 0.80242551 0.80062205
 0.78600148 0.78489594 0.75511427 0.7530299  0.73865006 0.71517587
 0.71228374 0.71036476 0.70274506 0.69992297 0.69683689 0.692197
 0.68575778 0.6839376  0.68120479 0.68030222 0.67579919 0.67223817
 0.67135196 0.67046736 0.66958437 0.66517875 0.66430532 0.65994731
 0.6590833  0.65734559 0.65648624 0.6479627  0.64712008 0.645789
 0.64462911 0.64379241 0.64147136 0.64064024 0.63898238 0.6372067
 0.6347812  0.63396184 0.63313031 0.63231385 0.62906225 0.62501619
 0.62421389 0.62261345 0.62181531 0.62031591 0.6188214  0.61723962
 0.61329595 0.6125139  0.6117332  0.60552274 0.60475401 0.60322048
 0.59863848 0.59788146 0.59576863 0.59517933 0.59441567 0.59291719
 0.589923   0.58769986 0.5854879  0.58400721 0.57527506 0.57312517
 0.57241092 0.5695539  0.56884555 0.56802062 0.56519263 0.56449147
 0.56379146 0.5630926  0.56239489 0.56154755 0.56085237 0.55876214
 0.55750835]
[    0   221  1600  2886  2946  3985  5258  5881  6002  6182  6350  6382
  6428  6766  6850  7063  7123  7183  7349  7394  7454  7500  7545  7726
  8026  8235  8535  8595  8631  8726  9508  9568 11232 11352 12193 13617
 13797 13917 14398 14578 14776 15076 15497 15617 15798 15858 16159 16399
 16459 16519 16579 16880 16940 17241 17301 17422 17482 18083 18143 18238
 18321 18381 18548 18608 18728 18857 19034 19094 19155 19215 19455 19756
 19816 19936 19996 20109 20222 20342 20643 20703 20763 21244 21304 21424
 21785 21845 22013 22060 22121 22241 22482 22662 22842 22963 23685 23865
 23925 24166 24226 24296 24537 24597 24657 24717 24777 24850 24910 25091
 25151 25391 25572 25632 25692 25872 25969 26006 26247 26307 26427 26547
 26848 27148 27208 27329 27389 27569 27664 27700 27760 27880 28061 28121
 28241 28301 28481 28542 28602 28662 28722 28800] [1.00000000e+00 2.48525641e+06 1.79928004e+07 3.24545128e+07
 3.31292428e+07 4.48133169e+07 5.91288379e+07 6.61347841e+07
 6.74954896e+07 6.95196795e+07 7.14089234e+07 7.17687794e+07
 7.22860724e+07 7.60870513e+07 7.70316732e+07 7.94269646e+07
 8.01016946e+07 8.07764246e+07 8.26431775e+07 8.31492250e+07
 8.38239550e+07 8.43412480e+07 8.48472955e+07 8.68827309e+07
 9.02563808e+07 9.26066902e+07 9.59803400e+07 9.66550700e+07
 9.70599080e+07 9.81282305e+07 1.06922211e+08 1.07596941e+08
 1.26309452e+08 1.27658912e+08 1.37116378e+08 1.53129969e+08
 1.55154159e+08 1.56503619e+08 1.61912704e+08 1.63936894e+08
 1.66163503e+08 1.69537153e+08 1.74271508e+08 1.75620968e+08
 1.77656404e+08 1.78331134e+08 1.81716029e+08 1.84414949e+08
 1.85089679e+08 1.85764409e+08 1.86439139e+08 1.89824034e+08
 1.90498764e+08 1.93883660e+08 1.94558390e+08 1.95919095e+08
 1.96593825e+08 2.03352370e+08 2.04027100e+08 2.05095423e+08
 2.06028799e+08 2.06703529e+08 2.08581528e+08 2.09256257e+08
 2.10605717e+08 2.12056387e+08 2.14046840e+08 2.14721570e+08
 2.15407546e+08 2.16082276e+08 2.18781196e+08 2.22166091e+08
 2.22840821e+08 2.24190281e+08 2.24865011e+08 2.26135752e+08
 2.27406494e+08 2.28755954e+08 2.32140849e+08 2.32815579e+08
 2.33490309e+08 2.38899394e+08 2.39574124e+08 2.40923584e+08
 2.44983210e+08 2.45657940e+08 2.47547184e+08 2.48075722e+08
 2.48761698e+08 2.50111158e+08 2.52821323e+08 2.54845513e+08
 2.56869703e+08 2.58230408e+08 2.66349659e+08 2.68373849e+08
 2.69048579e+08 2.71758744e+08 2.72433474e+08 2.73220659e+08
 2.75930825e+08 2.76605555e+08 2.77280285e+08 2.77955015e+08
 2.78629744e+08 2.79450666e+08 2.80125396e+08 2.82160831e+08
 2.82835561e+08 2.85534481e+08 2.87569917e+08 2.88244647e+08
 2.88919377e+08 2.90943567e+08 2.92034380e+08 2.92450463e+08
 2.95160629e+08 2.95835359e+08 2.97184819e+08 2.98534279e+08
 3.01919174e+08 3.05292824e+08 3.05967554e+08 3.07328259e+08
 3.08002989e+08 3.10027179e+08 3.11095502e+08 3.11500340e+08
 3.12175070e+08 3.13524530e+08 3.15559965e+08 3.16234695e+08
 3.17584155e+08 3.18258885e+08 3.20283075e+08 3.20969050e+08
 3.21643780e+08 3.22318510e+08 3.22993240e+08 3.23870389e+08] [1.         0.99333606 0.9556784  0.94213888 0.94195138 0.9049226
 0.86935981 0.85338149 0.85173948 0.84587654 0.84292926 0.842117
 0.84137778 0.83547704 0.83357183 0.82718073 0.82652447 0.82605598
 0.8197229  0.81915859 0.81863171 0.81827004 0.81788365 0.81622
 0.80894098 0.8041083  0.7991112  0.79844377 0.79842476 0.79647662
 0.80315649 0.80265666 0.76752584 0.76604604 0.75182342 0.72470638
 0.72069163 0.71876133 0.70871815 0.70505268 0.69996135 0.69675521
 0.68691759 0.68521243 0.68181138 0.68108328 0.67746291 0.67181124
 0.67180886 0.67110844 0.67045044 0.66342833 0.66263348 0.65919696
 0.65872211 0.65662337 0.65591025 0.64631413 0.64563028 0.64437414
 0.64392216 0.64385933 0.63966565 0.63899859 0.63715315 0.6355573
 0.63192502 0.63153874 0.63084526 0.63025676 0.62806209 0.62291788
 0.62283503 0.62123543 0.62057483 0.61897179 0.61743163 0.61502252
 0.61229011 0.61150368 0.61109569 0.60181418 0.60115294 0.59974947
 0.59572969 0.59500673 0.59180901 0.59122792 0.59115767 0.58953779
 0.5855105  0.58278937 0.57998783 0.58055892 0.57864259 0.57615667
 0.57545985 0.57356756 0.57321823 0.57210655 0.56799413 0.56717493
 0.56640237 0.56560005 0.56545744 0.56398748 0.56336266 0.56094624
 0.56042995 0.55838117 0.55590414 0.55514354 0.55435854 0.55183862
 0.55048963 0.54993098 0.54606763 0.54547759 0.54406735 0.5443495
 0.53948156 0.53500531 0.53434994 0.53267104 0.53185841 0.52988925
 0.52819701 0.52780782 0.52712472 0.52523375 0.52247467 0.52173249
 0.52021134 0.51940601 0.51698472 0.51631363 0.51552688 0.51499142
 0.51436751 0.51371537] [1.         0.99387414 0.9562847  0.92432848 0.92289146 0.8986535
 0.87044038 0.85716148 0.85462004 0.85086139 0.84737675 0.84671555
 0.84576648 0.83884343 0.83713654 0.83283228 0.83162595 0.83042229
 0.82710602 0.82621051 0.8250188  0.82410692 0.82321634 0.81964893
 0.8137873  0.80974085 0.80398493 0.80284106 0.8021559  0.80035199
 0.7857281  0.78462233 0.75483494 0.75275021 0.73836792 0.71488985
 0.71199724 0.71007794 0.70245697 0.69963441 0.6965478  0.69190712
 0.68546678 0.68364627 0.68091297 0.68001024 0.6755064  0.67194472
 0.67105835 0.67017358 0.66929042 0.66488396 0.66401036 0.65965151
 0.65878733 0.65704927 0.65618975 0.64766445 0.64682166 0.6454903
 0.64433016 0.64349328 0.64117173 0.64034043 0.63868221 0.63690613
 0.63448009 0.63366055 0.63282882 0.63201217 0.62875983 0.62471281
 0.62391031 0.62230949 0.62151116 0.6200114  0.61851651 0.61693434
 0.61298967 0.61220742 0.61142652 0.60521443 0.60444549 0.60291154
 0.59832829 0.59757106 0.59545763 0.59486816 0.59410428 0.59260537
 0.58961031 0.5873865  0.58517388 0.58369275 0.57495786 0.57280729
 0.5720928  0.56923484 0.56852626 0.56770106 0.56487211 0.56417071
 0.56347046 0.56277136 0.56207341 0.56122578 0.56053036 0.5584394
 0.55774853 0.55499633 0.55293255 0.55225066 0.55156987 0.54953413
 0.54844119 0.54802505 0.54532465 0.54465507 0.54331915 0.54198753
 0.53866617 0.53538234 0.53472872 0.53341376 0.53276329 0.53081808
 0.52979518 0.52940823 0.52876413 0.52747899 0.52554828 0.5249103
 0.52363737 0.52300241 0.52110355 0.52046208 0.51983213 0.51920318
 0.51857521 0.51776033]
[    0   221  1600  2886  2946  3985  5258  5881  6002  6182  6350  6382
  6428  6766  6850  7063  7123  7183  7349  7394  7454  7500  7545  7726
  8026  8235  8535  8595  8631  8726  9508  9568 11232 11352 12193 13617
 13797 13917 14398 14578 14776 15076 15497 15617 15798 15858 16159 16399
 16459 16519 16579 16880 16940 17241 17301 17422 17482 18083 18143 18238
 18321 18381 18548 18608 18728 18857 19034 19094 19155 19215 19455 19756
 19816 19936 19996 20109 20222 20342 20643 20703 20763 21244 21304 21424
 21785 21845 22013 22060 22121 22241 22482 22662 22842 22963 23685 23865
 23925 24166 24226 24296 24537 24597 24657 24717 24777 24850 24910 25091
 25151 25391 25572 25632 25692 25872 25969 26006 26247 26307 26427 26547
 26848 27148 27208 27329 27389 27569 27664 27700 27760 27880 28061 28121
 28241 28301 28481 28542 28602 28662 28722 28782 28902 29023 29083 29203
 29384 29504 29605 29646 29706 29826 30067 30187 30247 30307 30367 30487
 30548 30668 30788 30848 30909 30969 31029 31089 31142 31195 31256 31316
 31376 31496 31616 31716 31876 31936 31996 32056 32176 32236 32297 32400] [1.00000000e+00 2.48525641e+06 1.79928004e+07 3.24545128e+07
 3.31292428e+07 4.48133169e+07 5.91288379e+07 6.61347841e+07
 6.74954896e+07 6.95196795e+07 7.14089234e+07 7.17687794e+07
 7.22860724e+07 7.60870513e+07 7.70316732e+07 7.94269646e+07
 8.01016946e+07 8.07764246e+07 8.26431775e+07 8.31492250e+07
 8.38239550e+07 8.43412480e+07 8.48472955e+07 8.68827309e+07
 9.02563808e+07 9.26066902e+07 9.59803400e+07 9.66550700e+07
 9.70599080e+07 9.81282305e+07 1.06922211e+08 1.07596941e+08
 1.26309452e+08 1.27658912e+08 1.37116378e+08 1.53129969e+08
 1.55154159e+08 1.56503619e+08 1.61912704e+08 1.63936894e+08
 1.66163503e+08 1.69537153e+08 1.74271508e+08 1.75620968e+08
 1.77656404e+08 1.78331134e+08 1.81716029e+08 1.84414949e+08
 1.85089679e+08 1.85764409e+08 1.86439139e+08 1.89824034e+08
 1.90498764e+08 1.93883660e+08 1.94558390e+08 1.95919095e+08
 1.96593825e+08 2.03352370e+08 2.04027100e+08 2.05095423e+08
 2.06028799e+08 2.06703529e+08 2.08581528e+08 2.09256257e+08
 2.10605717e+08 2.12056387e+08 2.14046840e+08 2.14721570e+08
 2.15407546e+08 2.16082276e+08 2.18781196e+08 2.22166091e+08
 2.22840821e+08 2.24190281e+08 2.24865011e+08 2.26135752e+08
 2.27406494e+08 2.28755954e+08 2.32140849e+08 2.32815579e+08
 2.33490309e+08 2.38899394e+08 2.39574124e+08 2.40923584e+08
 2.44983210e+08 2.45657940e+08 2.47547184e+08 2.48075722e+08
 2.48761698e+08 2.50111158e+08 2.52821323e+08 2.54845513e+08
 2.56869703e+08 2.58230408e+08 2.66349659e+08 2.68373849e+08
 2.69048579e+08 2.71758744e+08 2.72433474e+08 2.73220659e+08
 2.75930825e+08 2.76605555e+08 2.77280285e+08 2.77955015e+08
 2.78629744e+08 2.79450666e+08 2.80125396e+08 2.82160831e+08
 2.82835561e+08 2.85534481e+08 2.87569917e+08 2.88244647e+08
 2.88919377e+08 2.90943567e+08 2.92034380e+08 2.92450463e+08
 2.95160629e+08 2.95835359e+08 2.97184819e+08 2.98534279e+08
 3.01919174e+08 3.05292824e+08 3.05967554e+08 3.07328259e+08
 3.08002989e+08 3.10027179e+08 3.11095502e+08 3.11500340e+08
 3.12175070e+08 3.13524530e+08 3.15559965e+08 3.16234695e+08
 3.17584155e+08 3.18258885e+08 3.20283075e+08 3.20969050e+08
 3.21643780e+08 3.22318510e+08 3.22993240e+08 3.23667970e+08
 3.25017430e+08 3.26378136e+08 3.27052866e+08 3.28402326e+08
 3.30437761e+08 3.31787221e+08 3.32923017e+08 3.33384082e+08
 3.34058812e+08 3.35408272e+08 3.38118437e+08 3.39467897e+08
 3.40142627e+08 3.40817357e+08 3.41492087e+08 3.42841547e+08
 3.43527523e+08 3.44876983e+08 3.46226443e+08 3.46901173e+08
 3.47587148e+08 3.48261878e+08 3.48936608e+08 3.49611338e+08
 3.50207349e+08 3.50803361e+08 3.51489336e+08 3.52164066e+08
 3.52838796e+08 3.54188256e+08 3.55537716e+08 3.56662266e+08
 3.58461546e+08 3.59136276e+08 3.59811006e+08 3.60485736e+08
 3.61835196e+08 3.62509926e+08 3.63195901e+08 3.64354188e+08] [1.         0.99333606 0.9556784  0.94213888 0.94195138 0.9049226
 0.86935981 0.85338149 0.85173948 0.84587654 0.84292926 0.842117
 0.84137778 0.83547704 0.83357183 0.82718073 0.82652447 0.82605598
 0.8197229  0.81915859 0.81863171 0.81827004 0.81788365 0.81622
 0.80894098 0.8041083  0.7991112  0.79844377 0.79842476 0.79647662
 0.80315649 0.80265666 0.76752584 0.76604604 0.75182342 0.72470638
 0.72069163 0.71876133 0.70871815 0.70505268 0.69996135 0.69675521
 0.68691759 0.68521243 0.68181138 0.68108328 0.67746291 0.67181124
 0.67180886 0.67110844 0.67045044 0.66342833 0.66263348 0.65919696
 0.65872211 0.65662337 0.65591025 0.64631413 0.64563028 0.64437414
 0.64392216 0.64385933 0.63966565 0.63899859 0.63715315 0.6355573
 0.63192502 0.63153874 0.63084526 0.63025676 0.62806209 0.62291788
 0.62283503 0.62123543 0.62057483 0.61897179 0.61743163 0.61502252
 0.61229011 0.61150368 0.61109569 0.60181418 0.60115294 0.59974947
 0.59572969 0.59500673 0.59180901 0.59122792 0.59115767 0.58953779
 0.5855105  0.58278937 0.57998783 0.58055892 0.57864259 0.57615667
 0.57545985 0.57356756 0.57321823 0.57210655 0.56799413 0.56717493
 0.56640237 0.56560005 0.56545744 0.56398748 0.56336266 0.56094624
 0.56042995 0.55838117 0.55590414 0.55514354 0.55435854 0.55183862
 0.55048963 0.54993098 0.54606763 0.54547759 0.54406735 0.5443495
 0.53948156 0.53500531 0.53434994 0.53267104 0.53185841 0.52988925
 0.52819701 0.52780782 0.52712472 0.52523375 0.52247467 0.52173249
 0.52021134 0.51940601 0.51698472 0.51631363 0.51552688 0.51499142
 0.51436751 0.51371537 0.5119558  0.51059896 0.5098687  0.50824019
 0.50552605 0.50398278 0.50259058 0.50212627 0.50143603 0.50014298
 0.49639842 0.49479962 0.49424812 0.49351091 0.49267927 0.49100222
 0.49042161 0.48878141 0.48664116 0.48622031 0.48591873 0.48519508
 0.48450753 0.48387408 0.48340019 0.48273964 0.48203108 0.48136423
 0.48098933 0.47918412 0.47851753 0.47735006 0.47496731 0.47420506
 0.47392677 0.47318571 0.47197631 0.47169283 0.47112227 0.47052334] [1.         0.99339484 0.95406694 0.92157119 0.92011917 0.89570605
 0.86742137 0.85414143 0.8516016  0.84784627 0.84436566 0.84370532
 0.84275755 0.83584571 0.83414205 0.82984664 0.82864298 0.82744206
 0.8241337  0.82324042 0.82205172 0.8211422  0.82025396 0.81669625
 0.81085167 0.80681772 0.80108046 0.79994042 0.79925757 0.79745981
 0.78288842 0.78178678 0.7521156  0.75003917 0.73571392 0.71232594
 0.70944399 0.70753169 0.69993796 0.69712524 0.69404923 0.68942414
 0.6830047  0.68118994 0.67846513 0.67756517 0.67307484 0.6695235
 0.66863965 0.66775739 0.6668767  0.66248229 0.66161102 0.65726347
 0.65640147 0.65466773 0.65381031 0.64530472 0.64446376 0.64313525
 0.64197755 0.6411424  0.63882554 0.63799587 0.63634086 0.63456811
 0.63214645 0.63132835 0.63049806 0.6296828  0.62643576 0.62239485
 0.62159349 0.61999488 0.61919762 0.6176998  0.61620678 0.6146265
 0.61068613 0.60990467 0.60912453 0.60291769 0.6021493  0.60061638
 0.59603566 0.59527877 0.59316617 0.5925769  0.59181325 0.59031475
 0.58732021 0.58509656 0.58288389 0.58140262 0.57266502 0.57051329
 0.56979837 0.56693846 0.56622934 0.56540349 0.56257207 0.56187001
 0.56116907 0.56046927 0.55977059 0.55892204 0.55822585 0.55613243
 0.55544071 0.55268489 0.55061817 0.54993526 0.54925344 0.54721448
 0.54611973 0.54570289 0.54299772 0.54232691 0.54098847 0.53965424
 0.53632603 0.5330349  0.53237977 0.5310617  0.53040966 0.52845963
 0.52743412 0.52704617 0.52640039 0.52511185 0.52317585 0.52253609
 0.52125953 0.52062274 0.51871826 0.51807485 0.51744298 0.51681208
 0.51618216 0.5155532  0.5142982  0.51303664 0.51241253 0.51116717
 0.50929597 0.50806015 0.50702293 0.50660264 0.50598838 0.50476265
 0.50231225 0.50109771 0.50049182 0.49988685 0.4992828  0.49807744
 0.49746612 0.49626625 0.49507001 0.49447324 0.49386745 0.49327249
 0.49267844 0.49208527 0.49156205 0.49103953 0.49043899 0.48984919
 0.48926028 0.48808511 0.48691345 0.48593975 0.48438686 0.48380613
 0.48322626 0.48264725 0.48149183 0.4809154  0.48033025 0.47934422]
[    0   221  1600  2886  2946  3985  5258  5881  6002  6182  6350  6382
  6428  6766  6850  7063  7123  7183  7349  7394  7454  7500  7545  7726
  8026  8235  8535  8595  8631  8726  9508  9568 11232 11352 12193 13617
 13797 13917 14398 14578 14776 15076 15497 15617 15798 15858 16159 16399
 16459 16519 16579 16880 16940 17241 17301 17422 17482 18083 18143 18238
 18321 18381 18548 18608 18728 18857 19034 19094 19155 19215 19455 19756
 19816 19936 19996 20109 20222 20342 20643 20703 20763 21244 21304 21424
 21785 21845 22013 22060 22121 22241 22482 22662 22842 22963 23685 23865
 23925 24166 24226 24296 24537 24597 24657 24717 24777 24850 24910 25091
 25151 25391 25572 25632 25692 25872 25969 26006 26247 26307 26427 26547
 26848 27148 27208 27329 27389 27569 27664 27700 27760 27880 28061 28121
 28241 28301 28481 28542 28602 28662 28722 28782 28902 29023 29083 29203
 29384 29504 29605 29646 29706 29826 30067 30187 30247 30307 30367 30487
 30548 30668 30788 30848 30909 30969 31029 31089 31142 31195 31256 31316
 31376 31496 31616 31716 31876 31936 31996 32056 32176 32236 32297 32357
 32417 32477 32537 32597 32717 32778 32838 32898 32958 33018 33138 33199
 33259 33319 33379 33439 33499 33560 33620 33740 33860 33921 33981 34041
 34101 34161 34221 34342 34438 34475 34535 34570 34605 34665 34726 34786
 34846 34906 34966 35026 35086 35146 35206 35267 35327 35447 35507 35567
 35748 35808 35868 35928 36000] [1.00000000e+00 2.48525641e+06 1.79928004e+07 3.24545128e+07
 3.31292428e+07 4.48133169e+07 5.91288379e+07 6.61347841e+07
 6.74954896e+07 6.95196795e+07 7.14089234e+07 7.17687794e+07
 7.22860724e+07 7.60870513e+07 7.70316732e+07 7.94269646e+07
 8.01016946e+07 8.07764246e+07 8.26431775e+07 8.31492250e+07
 8.38239550e+07 8.43412480e+07 8.48472955e+07 8.68827309e+07
 9.02563808e+07 9.26066902e+07 9.59803400e+07 9.66550700e+07
 9.70599080e+07 9.81282305e+07 1.06922211e+08 1.07596941e+08
 1.26309452e+08 1.27658912e+08 1.37116378e+08 1.53129969e+08
 1.55154159e+08 1.56503619e+08 1.61912704e+08 1.63936894e+08
 1.66163503e+08 1.69537153e+08 1.74271508e+08 1.75620968e+08
 1.77656404e+08 1.78331134e+08 1.81716029e+08 1.84414949e+08
 1.85089679e+08 1.85764409e+08 1.86439139e+08 1.89824034e+08
 1.90498764e+08 1.93883660e+08 1.94558390e+08 1.95919095e+08
 1.96593825e+08 2.03352370e+08 2.04027100e+08 2.05095423e+08
 2.06028799e+08 2.06703529e+08 2.08581528e+08 2.09256257e+08
 2.10605717e+08 2.12056387e+08 2.14046840e+08 2.14721570e+08
 2.15407546e+08 2.16082276e+08 2.18781196e+08 2.22166091e+08
 2.22840821e+08 2.24190281e+08 2.24865011e+08 2.26135752e+08
 2.27406494e+08 2.28755954e+08 2.32140849e+08 2.32815579e+08
 2.33490309e+08 2.38899394e+08 2.39574124e+08 2.40923584e+08
 2.44983210e+08 2.45657940e+08 2.47547184e+08 2.48075722e+08
 2.48761698e+08 2.50111158e+08 2.52821323e+08 2.54845513e+08
 2.56869703e+08 2.58230408e+08 2.66349659e+08 2.68373849e+08
 2.69048579e+08 2.71758744e+08 2.72433474e+08 2.73220659e+08
 2.75930825e+08 2.76605555e+08 2.77280285e+08 2.77955015e+08
 2.78629744e+08 2.79450666e+08 2.80125396e+08 2.82160831e+08
 2.82835561e+08 2.85534481e+08 2.87569917e+08 2.88244647e+08
 2.88919377e+08 2.90943567e+08 2.92034380e+08 2.92450463e+08
 2.95160629e+08 2.95835359e+08 2.97184819e+08 2.98534279e+08
 3.01919174e+08 3.05292824e+08 3.05967554e+08 3.07328259e+08
 3.08002989e+08 3.10027179e+08 3.11095502e+08 3.11500340e+08
 3.12175070e+08 3.13524530e+08 3.15559965e+08 3.16234695e+08
 3.17584155e+08 3.18258885e+08 3.20283075e+08 3.20969050e+08
 3.21643780e+08 3.22318510e+08 3.22993240e+08 3.23667970e+08
 3.25017430e+08 3.26378136e+08 3.27052866e+08 3.28402326e+08
 3.30437761e+08 3.31787221e+08 3.32923017e+08 3.33384082e+08
 3.34058812e+08 3.35408272e+08 3.38118437e+08 3.39467897e+08
 3.40142627e+08 3.40817357e+08 3.41492087e+08 3.42841547e+08
 3.43527523e+08 3.44876983e+08 3.46226443e+08 3.46901173e+08
 3.47587148e+08 3.48261878e+08 3.48936608e+08 3.49611338e+08
 3.50207349e+08 3.50803361e+08 3.51489336e+08 3.52164066e+08
 3.52838796e+08 3.54188256e+08 3.55537716e+08 3.56662266e+08
 3.58461546e+08 3.59136276e+08 3.59811006e+08 3.60485736e+08
 3.61835196e+08 3.62509926e+08 3.63195901e+08 3.63870631e+08
 3.64545361e+08 3.65220091e+08 3.65894821e+08 3.66569551e+08
 3.67919011e+08 3.68604987e+08 3.69279717e+08 3.69954447e+08
 3.70629177e+08 3.71303907e+08 3.72653367e+08 3.73339342e+08
 3.74014072e+08 3.74688802e+08 3.75363532e+08 3.76038262e+08
 3.76712992e+08 3.77398967e+08 3.78073697e+08 3.79423157e+08
 3.80772617e+08 3.81458593e+08 3.82133323e+08 3.82808053e+08
 3.83482783e+08 3.84157513e+08 3.84832243e+08 3.86192948e+08
 3.87272516e+08 3.87688600e+08 3.88363330e+08 3.88756922e+08
 3.89150515e+08 3.89825244e+08 3.90511220e+08 3.91185950e+08
 3.91860680e+08 3.92535410e+08 3.93210140e+08 3.93884870e+08
 3.94559600e+08 3.95234330e+08 3.95909060e+08 3.96595035e+08
 3.97269765e+08 3.98619225e+08 3.99293955e+08 3.99968685e+08
 4.02004121e+08 4.02678851e+08 4.03353581e+08 4.04028310e+08
 4.04837986e+08] [1.         0.99333606 0.9556784  0.94213888 0.94195138 0.9049226
 0.86935981 0.85338149 0.85173948 0.84587654 0.84292926 0.842117
 0.84137778 0.83547704 0.83357183 0.82718073 0.82652447 0.82605598
 0.8197229  0.81915859 0.81863171 0.81827004 0.81788365 0.81622
 0.80894098 0.8041083  0.7991112  0.79844377 0.79842476 0.79647662
 0.80315649 0.80265666 0.76752584 0.76604604 0.75182342 0.72470638
 0.72069163 0.71876133 0.70871815 0.70505268 0.69996135 0.69675521
 0.68691759 0.68521243 0.68181138 0.68108328 0.67746291 0.67181124
 0.67180886 0.67110844 0.67045044 0.66342833 0.66263348 0.65919696
 0.65872211 0.65662337 0.65591025 0.64631413 0.64563028 0.64437414
 0.64392216 0.64385933 0.63966565 0.63899859 0.63715315 0.6355573
 0.63192502 0.63153874 0.63084526 0.63025676 0.62806209 0.62291788
 0.62283503 0.62123543 0.62057483 0.61897179 0.61743163 0.61502252
 0.61229011 0.61150368 0.61109569 0.60181418 0.60115294 0.59974947
 0.59572969 0.59500673 0.59180901 0.59122792 0.59115767 0.58953779
 0.5855105  0.58278937 0.57998783 0.58055892 0.57864259 0.57615667
 0.57545985 0.57356756 0.57321823 0.57210655 0.56799413 0.56717493
 0.56640237 0.56560005 0.56545744 0.56398748 0.56336266 0.56094624
 0.56042995 0.55838117 0.55590414 0.55514354 0.55435854 0.55183862
 0.55048963 0.54993098 0.54606763 0.54547759 0.54406735 0.5443495
 0.53948156 0.53500531 0.53434994 0.53267104 0.53185841 0.52988925
 0.52819701 0.52780782 0.52712472 0.52523375 0.52247467 0.52173249
 0.52021134 0.51940601 0.51698472 0.51631363 0.51552688 0.51499142
 0.51436751 0.51371537 0.5119558  0.51059896 0.5098687  0.50824019
 0.50552605 0.50398278 0.50259058 0.50212627 0.50143603 0.50014298
 0.49639842 0.49479962 0.49424812 0.49351091 0.49267927 0.49100222
 0.49042161 0.48878141 0.48664116 0.48622031 0.48591873 0.48519508
 0.48450753 0.48387408 0.48340019 0.48273964 0.48203108 0.48136423
 0.48098933 0.47918412 0.47851753 0.47735006 0.47496731 0.47420506
 0.47392677 0.47318571 0.47197631 0.47169283 0.47112227 0.47052334
 0.4697954  0.46908117 0.4686437  0.46795705 0.4663376  0.46560305
 0.46506748 0.46448136 0.46380758 0.46308366 0.46144769 0.46105331
 0.46095088 0.46042251 0.45979727 0.45915515 0.45866188 0.45801038
 0.45754427 0.45648913 0.45477804 0.45434528 0.45366954 0.45295997
 0.45231308 0.45173966 0.45120145 0.44979618 0.4483573  0.4479942
 0.44761395 0.44700745 0.44668099 0.44585851 0.44522363 0.44458108
 0.44405298 0.44359425 0.44306517 0.44235391 0.44186014 0.44143828
 0.44060902 0.43999966 0.43962505 0.43845927 0.43789213 0.43728071
 0.43487382 0.43414654 0.4338715  0.43334931 0.43273153] [1.         0.99268374 0.95117952 0.91804902 0.91657962 0.89196561
 0.86360328 0.85032531 0.847788   0.84403754 0.84056256 0.83990341
 0.8389574  0.83206062 0.83036121 0.82607745 0.82487727 0.82367992
 0.82038184 0.81949145 0.81830667 0.81740019 0.81651498 0.81296981
 0.8071472  0.80312932 0.79741609 0.79628097 0.79560109 0.79381123
 0.77930757 0.77821128 0.748692   0.74662656 0.73237753 0.70911302
 0.706246   0.70434357 0.69678855 0.69398997 0.6909293  0.68632698
 0.67993855 0.67813242 0.67542045 0.67452469 0.6700551  0.66651986
 0.66563998 0.66476165 0.66388488 0.65950972 0.65864222 0.65431317
 0.65345478 0.65172825 0.65087437 0.6424028  0.64156509 0.64024168
 0.63908838 0.63825639 0.63594817 0.63512156 0.63347259 0.63170621
 0.62929311 0.62847786 0.62765044 0.62683798 0.62360189 0.61957411
 0.6187753  0.6171817  0.61638691 0.61489367 0.61340514 0.61182952
 0.60790043 0.60712114 0.60634314 0.60015261 0.59938614 0.59785699
 0.59328702 0.59253183 0.59042386 0.58983586 0.58907383 0.58757843
 0.58458984 0.58237039 0.5801617  0.57868298 0.56995867 0.56780972
 0.56709569 0.56423911 0.56353076 0.56270578 0.55987713 0.5591757
 0.55847538 0.55777616 0.55707805 0.55623016 0.55553449 0.5534425
 0.55275121 0.5499969  0.54793109 0.54724844 0.54656685 0.54452848
 0.54343397 0.5430172  0.54031234 0.53964155 0.53830309 0.53696878
 0.53363996 0.53034773 0.52969232 0.52837363 0.52772125 0.52577008
 0.52474391 0.52435569 0.52370945 0.52241992 0.52048232 0.51984198
 0.51856421 0.51792679 0.5160203  0.51537618 0.51474358 0.51411194
 0.51348125 0.51285152 0.5115949  0.51033164 0.50970665 0.50845949
 0.50658544 0.50534765 0.50430871 0.50388771 0.50327239 0.5020445
 0.49958954 0.49837263 0.49776552 0.49715933 0.49655403 0.49534613
 0.49473348 0.49353097 0.49233202 0.49173387 0.49112666 0.49053029
 0.4899348  0.48934019 0.48881568 0.48829185 0.4876898  0.48709849
 0.48650806 0.48532979 0.48415497 0.48317859 0.48162132 0.48103892
 0.48045736 0.47987665 0.47871777 0.4781396  0.47755266 0.47697618
 0.47640055 0.47582575 0.47525178 0.47467865 0.47353489 0.47295475
 0.47238495 0.47181597 0.47124782 0.4706805  0.4695483  0.46897402
 0.46840997 0.46784674 0.46728432 0.46672272 0.46616192 0.4655926
 0.46503342 0.46391748 0.46280474 0.46224033 0.46168596 0.46113239
 0.46057961 0.46002763 0.45947643 0.45836724 0.4574895  0.45715174
 0.45660464 0.45628586 0.45596735 0.45542195 0.45486825 0.4543244
 0.45378133 0.45323904 0.45269751 0.45215675 0.45161675 0.45107753
 0.45053906 0.44999241 0.44945548 0.4483839  0.44784924 0.44731534
 0.4457093  0.44517842 0.44464828 0.44411889 0.4434846 ]
[    0   221  1600  2886  2946  3985  5258  5881  6002  6182  6350  6382
  6428  6766  6850  7063  7123  7183  7349  7394  7454  7500  7545  7726
  8026  8235  8535  8595  8631  8726  9508  9568 11232 11352 12193 13617
 13797 13917 14398 14578 14776 15076 15497 15617 15798 15858 16159 16399
 16459 16519 16579 16880 16940 17241 17301 17422 17482 18083 18143 18238
 18321 18381 18548 18608 18728 18857 19034 19094 19155 19215 19455 19756
 19816 19936 19996 20109 20222 20342 20643 20703 20763 21244 21304 21424
 21785 21845 22013 22060 22121 22241 22482 22662 22842 22963 23685 23865
 23925 24166 24226 24296 24537 24597 24657 24717 24777 24850 24910 25091
 25151 25391 25572 25632 25692 25872 25969 26006 26247 26307 26427 26547
 26848 27148 27208 27329 27389 27569 27664 27700 27760 27880 28061 28121
 28241 28301 28481 28542 28602 28662 28722 28782 28902 29023 29083 29203
 29384 29504 29605 29646 29706 29826 30067 30187 30247 30307 30367 30487
 30548 30668 30788 30848 30909 30969 31029 31089 31142 31195 31256 31316
 31376 31496 31616 31716 31876 31936 31996 32056 32176 32236 32297 32357
 32417 32477 32537 32597 32717 32778 32838 32898 32958 33018 33138 33199
 33259 33319 33379 33439 33499 33560 33620 33740 33860 33921 33981 34041
 34101 34161 34221 34342 34438 34475 34535 34570 34605 34665 34726 34786
 34846 34906 34966 35026 35086 35146 35206 35267 35327 35447 35507 35567
 35748 35808 35868 35928 35989 36049 36084 36119 36179 36239 36299 36360
 36480 36540 36600 36660 36720 36757 36790 36846 36881 36916 37216 37276
 37336 37396 37456 37517 37577 37637 37697 37757 37817 37877 37938 37998
 38058 38118 38178 38238 38298 38358 38419 38479 38539 38599 38659 38719
 38779 38839 38900 38960 39020 39080 39140 39200 39260 39320 39381 39441
 39501 39600] [1.00000000e+00 2.48525641e+06 1.79928004e+07 3.24545128e+07
 3.31292428e+07 4.48133169e+07 5.91288379e+07 6.61347841e+07
 6.74954896e+07 6.95196795e+07 7.14089234e+07 7.17687794e+07
 7.22860724e+07 7.60870513e+07 7.70316732e+07 7.94269646e+07
 8.01016946e+07 8.07764246e+07 8.26431775e+07 8.31492250e+07
 8.38239550e+07 8.43412480e+07 8.48472955e+07 8.68827309e+07
 9.02563808e+07 9.26066902e+07 9.59803400e+07 9.66550700e+07
 9.70599080e+07 9.81282305e+07 1.06922211e+08 1.07596941e+08
 1.26309452e+08 1.27658912e+08 1.37116378e+08 1.53129969e+08
 1.55154159e+08 1.56503619e+08 1.61912704e+08 1.63936894e+08
 1.66163503e+08 1.69537153e+08 1.74271508e+08 1.75620968e+08
 1.77656404e+08 1.78331134e+08 1.81716029e+08 1.84414949e+08
 1.85089679e+08 1.85764409e+08 1.86439139e+08 1.89824034e+08
 1.90498764e+08 1.93883660e+08 1.94558390e+08 1.95919095e+08
 1.96593825e+08 2.03352370e+08 2.04027100e+08 2.05095423e+08
 2.06028799e+08 2.06703529e+08 2.08581528e+08 2.09256257e+08
 2.10605717e+08 2.12056387e+08 2.14046840e+08 2.14721570e+08
 2.15407546e+08 2.16082276e+08 2.18781196e+08 2.22166091e+08
 2.22840821e+08 2.24190281e+08 2.24865011e+08 2.26135752e+08
 2.27406494e+08 2.28755954e+08 2.32140849e+08 2.32815579e+08
 2.33490309e+08 2.38899394e+08 2.39574124e+08 2.40923584e+08
 2.44983210e+08 2.45657940e+08 2.47547184e+08 2.48075722e+08
 2.48761698e+08 2.50111158e+08 2.52821323e+08 2.54845513e+08
 2.56869703e+08 2.58230408e+08 2.66349659e+08 2.68373849e+08
 2.69048579e+08 2.71758744e+08 2.72433474e+08 2.73220659e+08
 2.75930825e+08 2.76605555e+08 2.77280285e+08 2.77955015e+08
 2.78629744e+08 2.79450666e+08 2.80125396e+08 2.82160831e+08
 2.82835561e+08 2.85534481e+08 2.87569917e+08 2.88244647e+08
 2.88919377e+08 2.90943567e+08 2.92034380e+08 2.92450463e+08
 2.95160629e+08 2.95835359e+08 2.97184819e+08 2.98534279e+08
 3.01919174e+08 3.05292824e+08 3.05967554e+08 3.07328259e+08
 3.08002989e+08 3.10027179e+08 3.11095502e+08 3.11500340e+08
 3.12175070e+08 3.13524530e+08 3.15559965e+08 3.16234695e+08
 3.17584155e+08 3.18258885e+08 3.20283075e+08 3.20969050e+08
 3.21643780e+08 3.22318510e+08 3.22993240e+08 3.23667970e+08
 3.25017430e+08 3.26378136e+08 3.27052866e+08 3.28402326e+08
 3.30437761e+08 3.31787221e+08 3.32923017e+08 3.33384082e+08
 3.34058812e+08 3.35408272e+08 3.38118437e+08 3.39467897e+08
 3.40142627e+08 3.40817357e+08 3.41492087e+08 3.42841547e+08
 3.43527523e+08 3.44876983e+08 3.46226443e+08 3.46901173e+08
 3.47587148e+08 3.48261878e+08 3.48936608e+08 3.49611338e+08
 3.50207349e+08 3.50803361e+08 3.51489336e+08 3.52164066e+08
 3.52838796e+08 3.54188256e+08 3.55537716e+08 3.56662266e+08
 3.58461546e+08 3.59136276e+08 3.59811006e+08 3.60485736e+08
 3.61835196e+08 3.62509926e+08 3.63195901e+08 3.63870631e+08
 3.64545361e+08 3.65220091e+08 3.65894821e+08 3.66569551e+08
 3.67919011e+08 3.68604987e+08 3.69279717e+08 3.69954447e+08
 3.70629177e+08 3.71303907e+08 3.72653367e+08 3.73339342e+08
 3.74014072e+08 3.74688802e+08 3.75363532e+08 3.76038262e+08
 3.76712992e+08 3.77398967e+08 3.78073697e+08 3.79423157e+08
 3.80772617e+08 3.81458593e+08 3.82133323e+08 3.82808053e+08
 3.83482783e+08 3.84157513e+08 3.84832243e+08 3.86192948e+08
 3.87272516e+08 3.87688600e+08 3.88363330e+08 3.88756922e+08
 3.89150515e+08 3.89825244e+08 3.90511220e+08 3.91185950e+08
 3.91860680e+08 3.92535410e+08 3.93210140e+08 3.93884870e+08
 3.94559600e+08 3.95234330e+08 3.95909060e+08 3.96595035e+08
 3.97269765e+08 3.98619225e+08 3.99293955e+08 3.99968685e+08
 4.02004121e+08 4.02678851e+08 4.03353581e+08 4.04028310e+08
 4.04714286e+08 4.05389016e+08 4.05782608e+08 4.06176201e+08
 4.06850931e+08 4.07525661e+08 4.08200391e+08 4.08886366e+08
 4.10235826e+08 4.10910556e+08 4.11585286e+08 4.12260016e+08
 4.12934746e+08 4.13350830e+08 4.13721931e+08 4.14351679e+08
 4.14745272e+08 4.15138864e+08 4.18512514e+08 4.19187244e+08
 4.19861974e+08 4.20536704e+08 4.21211434e+08 4.21897409e+08
 4.22572139e+08 4.23246869e+08 4.23921599e+08 4.24596329e+08
 4.25271059e+08 4.25945789e+08 4.26631765e+08 4.27306495e+08
 4.27981225e+08 4.28655955e+08 4.29330685e+08 4.30005415e+08
 4.30680145e+08 4.31354874e+08 4.32040850e+08 4.32715580e+08
 4.33390310e+08 4.34065040e+08 4.34739770e+08 4.35414500e+08
 4.36089230e+08 4.36763960e+08 4.37449935e+08 4.38124665e+08
 4.38799395e+08 4.39474125e+08 4.40148855e+08 4.40823585e+08
 4.41498315e+08 4.42173045e+08 4.42859021e+08 4.43533751e+08
 4.44208481e+08 4.45321785e+08] [1.         0.99333606 0.9556784  0.94213888 0.94195138 0.9049226
 0.86935981 0.85338149 0.85173948 0.84587654 0.84292926 0.842117
 0.84137778 0.83547704 0.83357183 0.82718073 0.82652447 0.82605598
 0.8197229  0.81915859 0.81863171 0.81827004 0.81788365 0.81622
 0.80894098 0.8041083  0.7991112  0.79844377 0.79842476 0.79647662
 0.80315649 0.80265666 0.76752584 0.76604604 0.75182342 0.72470638
 0.72069163 0.71876133 0.70871815 0.70505268 0.69996135 0.69675521
 0.68691759 0.68521243 0.68181138 0.68108328 0.67746291 0.67181124
 0.67180886 0.67110844 0.67045044 0.66342833 0.66263348 0.65919696
 0.65872211 0.65662337 0.65591025 0.64631413 0.64563028 0.64437414
 0.64392216 0.64385933 0.63966565 0.63899859 0.63715315 0.6355573
 0.63192502 0.63153874 0.63084526 0.63025676 0.62806209 0.62291788
 0.62283503 0.62123543 0.62057483 0.61897179 0.61743163 0.61502252
 0.61229011 0.61150368 0.61109569 0.60181418 0.60115294 0.59974947
 0.59572969 0.59500673 0.59180901 0.59122792 0.59115767 0.58953779
 0.5855105  0.58278937 0.57998783 0.58055892 0.57864259 0.57615667
 0.57545985 0.57356756 0.57321823 0.57210655 0.56799413 0.56717493
 0.56640237 0.56560005 0.56545744 0.56398748 0.56336266 0.56094624
 0.56042995 0.55838117 0.55590414 0.55514354 0.55435854 0.55183862
 0.55048963 0.54993098 0.54606763 0.54547759 0.54406735 0.5443495
 0.53948156 0.53500531 0.53434994 0.53267104 0.53185841 0.52988925
 0.52819701 0.52780782 0.52712472 0.52523375 0.52247467 0.52173249
 0.52021134 0.51940601 0.51698472 0.51631363 0.51552688 0.51499142
 0.51436751 0.51371537 0.5119558  0.51059896 0.5098687  0.50824019
 0.50552605 0.50398278 0.50259058 0.50212627 0.50143603 0.50014298
 0.49639842 0.49479962 0.49424812 0.49351091 0.49267927 0.49100222
 0.49042161 0.48878141 0.48664116 0.48622031 0.48591873 0.48519508
 0.48450753 0.48387408 0.48340019 0.48273964 0.48203108 0.48136423
 0.48098933 0.47918412 0.47851753 0.47735006 0.47496731 0.47420506
 0.47392677 0.47318571 0.47197631 0.47169283 0.47112227 0.47052334
 0.4697954  0.46908117 0.4686437  0.46795705 0.4663376  0.46560305
 0.46506748 0.46448136 0.46380758 0.46308366 0.46144769 0.46105331
 0.46095088 0.46042251 0.45979727 0.45915515 0.45866188 0.45801038
 0.45754427 0.45648913 0.45477804 0.45434528 0.45366954 0.45295997
 0.45231308 0.45173966 0.45120145 0.44979618 0.4483573  0.4479942
 0.44761395 0.44700745 0.44668099 0.44585851 0.44522363 0.44458108
 0.44405298 0.44359425 0.44306517 0.44235391 0.44186014 0.44143828
 0.44060902 0.43999966 0.43962505 0.43845927 0.43789213 0.43728071
 0.43487382 0.43414654 0.4338715  0.43334931 0.43273153 0.43213122
 0.43194391 0.43125363 0.43059679 0.43004452 0.42952817 0.42895137
 0.42785957 0.42721657 0.4264759  0.4261389  0.42583785 0.42506179
 0.42462273 0.42421744 0.42408237 0.42356811 0.42262385 0.42221229
 0.42166558 0.42109002 0.42054379 0.42019782 0.41947798 0.41879295
 0.41838695 0.4176201  0.41704878 0.41649119 0.415925   0.41511739
 0.41468172 0.4140334  0.41348796 0.41301359 0.41255989 0.41198227
 0.41134896 0.41091106 0.41030205 0.40963914 0.40907637 0.40853813
 0.40800727 0.4074017  0.40681148 0.40625895 0.40568413 0.4051565
 0.40435747 0.40384853 0.40348179 0.40304172 0.40262579 0.40189571
 0.40138341 0.40085841] [1.         0.99248473 0.95031944 0.91688996 0.9154095  0.8906292
 0.86210897 0.84876615 0.846217   0.84244932 0.83895871 0.83829662
 0.83734641 0.83041965 0.82871302 0.8244113  0.82320615 0.82200387
 0.81869238 0.8177984  0.81660887 0.81569878 0.81481004 0.81125093
 0.80540588 0.80137286 0.79563853 0.79449928 0.79381693 0.79202061
 0.77746628 0.77636628 0.74675232 0.74468061 0.73038944 0.70705993
 0.7041852  0.70227768 0.69470273 0.69189687 0.68882829 0.6842142
 0.67780965 0.67599901 0.6732803  0.67238233 0.66790176 0.66435792
 0.66347591 0.66259546 0.66171657 0.65733093 0.65646136 0.65212206
 0.65126165 0.64953107 0.64867519 0.64018398 0.63934435 0.63801791
 0.63686198 0.63602809 0.63371463 0.63288615 0.63123345 0.6294631
 0.62704459 0.62622752 0.62539826 0.62458399 0.62134071 0.61730407
 0.61650351 0.61490643 0.6141099  0.61261341 0.61112165 0.60954262
 0.60560506 0.6048241  0.60404444 0.59784073 0.59707264 0.59554027
 0.5909607  0.59020393 0.58809157 0.58750235 0.58673873 0.58524023
 0.58224547 0.58002146 0.57780824 0.5763265  0.5675845  0.56543124
 0.56471578 0.56185348 0.56114372 0.56031709 0.55748283 0.55678001
 0.5560783  0.5553777  0.55467821 0.55382865 0.5531316  0.5510355
 0.55034286 0.54758315 0.54551331 0.54482933 0.54414642 0.54210409
 0.54100746 0.54058988 0.5378798  0.53720772 0.53586668 0.5345298
 0.53119461 0.52789611 0.52723945 0.52591825 0.52526463 0.52330977
 0.52228165 0.5218927  0.52124524 0.51995329 0.51801203 0.51737049
 0.51609033 0.51545171 0.51354166 0.51289633 0.51226255 0.51162973
 0.51099787 0.51036696 0.509108   0.5078424  0.50721625 0.50596678
 0.50408927 0.50284919 0.50180833 0.50138656 0.5007701  0.49953995
 0.49708048 0.49586134 0.49525313 0.49464582 0.49403941 0.49282931
 0.49221554 0.49101084 0.4898097  0.48921047 0.48860215 0.4880047
 0.48740813 0.48681244 0.48628698 0.4857622  0.48515906 0.48456668
 0.48397518 0.48279478 0.48161784 0.4806397  0.47907963 0.47849618
 0.47791357 0.47733182 0.47617087 0.47559166 0.47500366 0.47442615
 0.47384949 0.47327366 0.47269867 0.47212451 0.47097871 0.47039753
 0.46982671 0.46925672 0.46868756 0.46811922 0.46698501 0.46640971
 0.46584466 0.46528043 0.46471702 0.46415441 0.46359262 0.46302229
 0.46246212 0.46134421 0.4602295  0.45966409 0.45910874 0.4585542
 0.45800044 0.45744748 0.45689532 0.45578418 0.45490488 0.45456653
 0.45401847 0.45369914 0.45338006 0.4528337  0.45227903 0.45173423
 0.45119021 0.45064696 0.45010448 0.44956277 0.44902184 0.44848166
 0.44794226 0.44739465 0.44685678 0.44578333 0.44524774 0.44471291
 0.44310407 0.44257226 0.4420412  0.44151089 0.4409725  0.44044369
 0.44013556 0.43982769 0.43930049 0.43877403 0.43824831 0.43771458
 0.43666684 0.43614407 0.43562203 0.43510072 0.43458014 0.43425948
 0.43397372 0.43348929 0.43318684 0.43288464 0.43030439 0.4297905
 0.42927731 0.42876484 0.42825308 0.42773352 0.42722319 0.42671357
 0.42620466 0.42569644 0.42518893 0.42468213 0.42416759 0.4236622
 0.4231575  0.4226535  0.42215019 0.42164757 0.42114565 0.42064442
 0.42013555 0.4196357  0.41913655 0.41863808 0.4181403  0.4176432
 0.41714678 0.41665104 0.41614773 0.41565336 0.41515967 0.41466665
 0.41417431 0.41368263 0.41319163 0.4127013  0.41220349 0.4117145
 0.41122618 0.41042192]
[    0   221  1600  2886  2946  3985  5258  5881  6002  6182  6350  6382
  6428  6766  6850  7063  7123  7183  7349  7394  7454  7500  7545  7726
  8026  8235  8535  8595  8631  8726  9508  9568 11232 11352 12193 13617
 13797 13917 14398 14578 14776 15076 15497 15617 15798 15858 16159 16399
 16459 16519 16579 16880 16940 17241 17301 17422 17482 18083 18143 18238
 18321 18381 18548 18608 18728 18857 19034 19094 19155 19215 19455 19756
 19816 19936 19996 20109 20222 20342 20643 20703 20763 21244 21304 21424
 21785 21845 22013 22060 22121 22241 22482 22662 22842 22963 23685 23865
 23925 24166 24226 24296 24537 24597 24657 24717 24777 24850 24910 25091
 25151 25391 25572 25632 25692 25872 25969 26006 26247 26307 26427 26547
 26848 27148 27208 27329 27389 27569 27664 27700 27760 27880 28061 28121
 28241 28301 28481 28542 28602 28662 28722 28782 28902 29023 29083 29203
 29384 29504 29605 29646 29706 29826 30067 30187 30247 30307 30367 30487
 30548 30668 30788 30848 30909 30969 31029 31089 31142 31195 31256 31316
 31376 31496 31616 31716 31876 31936 31996 32056 32176 32236 32297 32357
 32417 32477 32537 32597 32717 32778 32838 32898 32958 33018 33138 33199
 33259 33319 33379 33439 33499 33560 33620 33740 33860 33921 33981 34041
 34101 34161 34221 34342 34438 34475 34535 34570 34605 34665 34726 34786
 34846 34906 34966 35026 35086 35146 35206 35267 35327 35447 35507 35567
 35748 35808 35868 35928 35989 36049 36084 36119 36179 36239 36299 36360
 36480 36540 36600 36660 36720 36757 36790 36846 36881 36916 37216 37276
 37336 37396 37456 37517 37577 37637 37697 37757 37817 37877 37938 37998
 38058 38118 38178 38238 38298 38358 38419 38479 38539 38599 38659 38719
 38779 38839 38900 38960 39020 39080 39140 39200 39260 39320 39381 39441
 39501 39561 39621 39682 39742 39802 39862 39922 39982 40042 40077 40088
 40124 40184 40244 40305 40365 40425 40485 40545 40605 40665 40725 40785
 40846 40906 40966 41026 41086 41146 41206 41266 41326 41379 41432 41467
 41503 41563 41623 41683 41743 41803 41864 41924 41976 42028 42088 42148
 42208 42268 42303 42339 42399 42459 42519 42579 42640 42700 42760 42820
 42880 42941 43001 43061 43200] [1.00000000e+00 2.48525641e+06 1.79928004e+07 3.24545128e+07
 3.31292428e+07 4.48133169e+07 5.91288379e+07 6.61347841e+07
 6.74954896e+07 6.95196795e+07 7.14089234e+07 7.17687794e+07
 7.22860724e+07 7.60870513e+07 7.70316732e+07 7.94269646e+07
 8.01016946e+07 8.07764246e+07 8.26431775e+07 8.31492250e+07
 8.38239550e+07 8.43412480e+07 8.48472955e+07 8.68827309e+07
 9.02563808e+07 9.26066902e+07 9.59803400e+07 9.66550700e+07
 9.70599080e+07 9.81282305e+07 1.06922211e+08 1.07596941e+08
 1.26309452e+08 1.27658912e+08 1.37116378e+08 1.53129969e+08
 1.55154159e+08 1.56503619e+08 1.61912704e+08 1.63936894e+08
 1.66163503e+08 1.69537153e+08 1.74271508e+08 1.75620968e+08
 1.77656404e+08 1.78331134e+08 1.81716029e+08 1.84414949e+08
 1.85089679e+08 1.85764409e+08 1.86439139e+08 1.89824034e+08
 1.90498764e+08 1.93883660e+08 1.94558390e+08 1.95919095e+08
 1.96593825e+08 2.03352370e+08 2.04027100e+08 2.05095423e+08
 2.06028799e+08 2.06703529e+08 2.08581528e+08 2.09256257e+08
 2.10605717e+08 2.12056387e+08 2.14046840e+08 2.14721570e+08
 2.15407546e+08 2.16082276e+08 2.18781196e+08 2.22166091e+08
 2.22840821e+08 2.24190281e+08 2.24865011e+08 2.26135752e+08
 2.27406494e+08 2.28755954e+08 2.32140849e+08 2.32815579e+08
 2.33490309e+08 2.38899394e+08 2.39574124e+08 2.40923584e+08
 2.44983210e+08 2.45657940e+08 2.47547184e+08 2.48075722e+08
 2.48761698e+08 2.50111158e+08 2.52821323e+08 2.54845513e+08
 2.56869703e+08 2.58230408e+08 2.66349659e+08 2.68373849e+08
 2.69048579e+08 2.71758744e+08 2.72433474e+08 2.73220659e+08
 2.75930825e+08 2.76605555e+08 2.77280285e+08 2.77955015e+08
 2.78629744e+08 2.79450666e+08 2.80125396e+08 2.82160831e+08
 2.82835561e+08 2.85534481e+08 2.87569917e+08 2.88244647e+08
 2.88919377e+08 2.90943567e+08 2.92034380e+08 2.92450463e+08
 2.95160629e+08 2.95835359e+08 2.97184819e+08 2.98534279e+08
 3.01919174e+08 3.05292824e+08 3.05967554e+08 3.07328259e+08
 3.08002989e+08 3.10027179e+08 3.11095502e+08 3.11500340e+08
 3.12175070e+08 3.13524530e+08 3.15559965e+08 3.16234695e+08
 3.17584155e+08 3.18258885e+08 3.20283075e+08 3.20969050e+08
 3.21643780e+08 3.22318510e+08 3.22993240e+08 3.23667970e+08
 3.25017430e+08 3.26378136e+08 3.27052866e+08 3.28402326e+08
 3.30437761e+08 3.31787221e+08 3.32923017e+08 3.33384082e+08
 3.34058812e+08 3.35408272e+08 3.38118437e+08 3.39467897e+08
 3.40142627e+08 3.40817357e+08 3.41492087e+08 3.42841547e+08
 3.43527523e+08 3.44876983e+08 3.46226443e+08 3.46901173e+08
 3.47587148e+08 3.48261878e+08 3.48936608e+08 3.49611338e+08
 3.50207349e+08 3.50803361e+08 3.51489336e+08 3.52164066e+08
 3.52838796e+08 3.54188256e+08 3.55537716e+08 3.56662266e+08
 3.58461546e+08 3.59136276e+08 3.59811006e+08 3.60485736e+08
 3.61835196e+08 3.62509926e+08 3.63195901e+08 3.63870631e+08
 3.64545361e+08 3.65220091e+08 3.65894821e+08 3.66569551e+08
 3.67919011e+08 3.68604987e+08 3.69279717e+08 3.69954447e+08
 3.70629177e+08 3.71303907e+08 3.72653367e+08 3.73339342e+08
 3.74014072e+08 3.74688802e+08 3.75363532e+08 3.76038262e+08
 3.76712992e+08 3.77398967e+08 3.78073697e+08 3.79423157e+08
 3.80772617e+08 3.81458593e+08 3.82133323e+08 3.82808053e+08
 3.83482783e+08 3.84157513e+08 3.84832243e+08 3.86192948e+08
 3.87272516e+08 3.87688600e+08 3.88363330e+08 3.88756922e+08
 3.89150515e+08 3.89825244e+08 3.90511220e+08 3.91185950e+08
 3.91860680e+08 3.92535410e+08 3.93210140e+08 3.93884870e+08
 3.94559600e+08 3.95234330e+08 3.95909060e+08 3.96595035e+08
 3.97269765e+08 3.98619225e+08 3.99293955e+08 3.99968685e+08
 4.02004121e+08 4.02678851e+08 4.03353581e+08 4.04028310e+08
 4.04714286e+08 4.05389016e+08 4.05782608e+08 4.06176201e+08
 4.06850931e+08 4.07525661e+08 4.08200391e+08 4.08886366e+08
 4.10235826e+08 4.10910556e+08 4.11585286e+08 4.12260016e+08
 4.12934746e+08 4.13350830e+08 4.13721931e+08 4.14351679e+08
 4.14745272e+08 4.15138864e+08 4.18512514e+08 4.19187244e+08
 4.19861974e+08 4.20536704e+08 4.21211434e+08 4.21897409e+08
 4.22572139e+08 4.23246869e+08 4.23921599e+08 4.24596329e+08
 4.25271059e+08 4.25945789e+08 4.26631765e+08 4.27306495e+08
 4.27981225e+08 4.28655955e+08 4.29330685e+08 4.30005415e+08
 4.30680145e+08 4.31354874e+08 4.32040850e+08 4.32715580e+08
 4.33390310e+08 4.34065040e+08 4.34739770e+08 4.35414500e+08
 4.36089230e+08 4.36763960e+08 4.37449935e+08 4.38124665e+08
 4.38799395e+08 4.39474125e+08 4.40148855e+08 4.40823585e+08
 4.41498315e+08 4.42173045e+08 4.42859021e+08 4.43533751e+08
 4.44208481e+08 4.44883211e+08 4.45557940e+08 4.46243916e+08
 4.46918646e+08 4.47593376e+08 4.48268106e+08 4.48942836e+08
 4.49617566e+08 4.50292296e+08 4.50685888e+08 4.50809589e+08
 4.51214427e+08 4.51889157e+08 4.52563887e+08 4.53249862e+08
 4.53924592e+08 4.54599322e+08 4.55274052e+08 4.55948782e+08
 4.56623512e+08 4.57298242e+08 4.57972972e+08 4.58647702e+08
 4.59333677e+08 4.60008407e+08 4.60683137e+08 4.61357867e+08
 4.62032597e+08 4.62707327e+08 4.63382057e+08 4.64056787e+08
 4.64731517e+08 4.65327529e+08 4.65923540e+08 4.66317133e+08
 4.66721971e+08 4.67396701e+08 4.68071431e+08 4.68746161e+08
 4.69420891e+08 4.70095621e+08 4.70781596e+08 4.71456326e+08
 4.72041092e+08 4.72625858e+08 4.73300588e+08 4.73975318e+08
 4.74650048e+08 4.75324778e+08 4.75718370e+08 4.76123208e+08
 4.76797938e+08 4.77472668e+08 4.78147398e+08 4.78822128e+08
 4.79508104e+08 4.80182834e+08 4.80857564e+08 4.81532294e+08
 4.82207024e+08 4.82892999e+08 4.83567729e+08 4.84242459e+08
 4.85805584e+08] [1.         0.99333606 0.9556784  0.94213888 0.94195138 0.9049226
 0.86935981 0.85338149 0.85173948 0.84587654 0.84292926 0.842117
 0.84137778 0.83547704 0.83357183 0.82718073 0.82652447 0.82605598
 0.8197229  0.81915859 0.81863171 0.81827004 0.81788365 0.81622
 0.80894098 0.8041083  0.7991112  0.79844377 0.79842476 0.79647662
 0.80315649 0.80265666 0.76752584 0.76604604 0.75182342 0.72470638
 0.72069163 0.71876133 0.70871815 0.70505268 0.69996135 0.69675521
 0.68691759 0.68521243 0.68181138 0.68108328 0.67746291 0.67181124
 0.67180886 0.67110844 0.67045044 0.66342833 0.66263348 0.65919696
 0.65872211 0.65662337 0.65591025 0.64631413 0.64563028 0.64437414
 0.64392216 0.64385933 0.63966565 0.63899859 0.63715315 0.6355573
 0.63192502 0.63153874 0.63084526 0.63025676 0.62806209 0.62291788
 0.62283503 0.62123543 0.62057483 0.61897179 0.61743163 0.61502252
 0.61229011 0.61150368 0.61109569 0.60181418 0.60115294 0.59974947
 0.59572969 0.59500673 0.59180901 0.59122792 0.59115767 0.58953779
 0.5855105  0.58278937 0.57998783 0.58055892 0.57864259 0.57615667
 0.57545985 0.57356756 0.57321823 0.57210655 0.56799413 0.56717493
 0.56640237 0.56560005 0.56545744 0.56398748 0.56336266 0.56094624
 0.56042995 0.55838117 0.55590414 0.55514354 0.55435854 0.55183862
 0.55048963 0.54993098 0.54606763 0.54547759 0.54406735 0.5443495
 0.53948156 0.53500531 0.53434994 0.53267104 0.53185841 0.52988925
 0.52819701 0.52780782 0.52712472 0.52523375 0.52247467 0.52173249
 0.52021134 0.51940601 0.51698472 0.51631363 0.51552688 0.51499142
 0.51436751 0.51371537 0.5119558  0.51059896 0.5098687  0.50824019
 0.50552605 0.50398278 0.50259058 0.50212627 0.50143603 0.50014298
 0.49639842 0.49479962 0.49424812 0.49351091 0.49267927 0.49100222
 0.49042161 0.48878141 0.48664116 0.48622031 0.48591873 0.48519508
 0.48450753 0.48387408 0.48340019 0.48273964 0.48203108 0.48136423
 0.48098933 0.47918412 0.47851753 0.47735006 0.47496731 0.47420506
 0.47392677 0.47318571 0.47197631 0.47169283 0.47112227 0.47052334
 0.4697954  0.46908117 0.4686437  0.46795705 0.4663376  0.46560305
 0.46506748 0.46448136 0.46380758 0.46308366 0.46144769 0.46105331
 0.46095088 0.46042251 0.45979727 0.45915515 0.45866188 0.45801038
 0.45754427 0.45648913 0.45477804 0.45434528 0.45366954 0.45295997
 0.45231308 0.45173966 0.45120145 0.44979618 0.4483573  0.4479942
 0.44761395 0.44700745 0.44668099 0.44585851 0.44522363 0.44458108
 0.44405298 0.44359425 0.44306517 0.44235391 0.44186014 0.44143828
 0.44060902 0.43999966 0.43962505 0.43845927 0.43789213 0.43728071
 0.43487382 0.43414654 0.4338715  0.43334931 0.43273153 0.43213122
 0.43194391 0.43125363 0.43059679 0.43004452 0.42952817 0.42895137
 0.42785957 0.42721657 0.4264759  0.4261389  0.42583785 0.42506179
 0.42462273 0.42421744 0.42408237 0.42356811 0.42262385 0.42221229
 0.42166558 0.42109002 0.42054379 0.42019782 0.41947798 0.41879295
 0.41838695 0.4176201  0.41704878 0.41649119 0.415925   0.41511739
 0.41468172 0.4140334  0.41348796 0.41301359 0.41255989 0.41198227
 0.41134896 0.41091106 0.41030205 0.40963914 0.40907637 0.40853813
 0.40800727 0.4074017  0.40681148 0.40625895 0.40568413 0.4051565
 0.40435747 0.40384853 0.40348179 0.40304172 0.40262579 0.40189571
 0.40138341 0.40085841 0.40034735 0.40008396 0.39955202 0.39903507
 0.3984607  0.39821819 0.39784345 0.39720831 0.39702809 0.39687878
 0.39650181 0.39584243 0.39537859 0.39468742 0.39405083 0.39357437
 0.39339136 0.39301305 0.39252256 0.39212511 0.39150924 0.39104315
 0.39037448 0.38968587 0.3888618  0.38851395 0.38826099 0.38755912
 0.38712122 0.38651311 0.38610637 0.38566299 0.38511853 0.38490594
 0.38463651 0.38425635 0.38385768 0.38316105 0.38256217 0.38217452
 0.38171722 0.38110701 0.38062203 0.38033005 0.37979295 0.37931239
 0.37905279 0.37850486 0.37813449 0.37806866 0.37742963 0.3769357
 0.37614164 0.37579914 0.37523586 0.37489714 0.37465795 0.37430216
 0.37367223 0.37309442 0.37261764 0.37201588 0.37077051] [1.         0.99227661 0.94946731 0.91577599 0.91428629 0.88937134
 0.8607312  0.84734149 0.84478392 0.8410041  0.83750253 0.8368384
 0.83588528 0.82893782 0.82722624 0.82291232 0.82170381 0.82049821
 0.8171777  0.81628132 0.81508862 0.81417612 0.81328504 0.80971669
 0.80385692 0.79981403 0.79406609 0.79292419 0.79224026 0.79043982
 0.77585352 0.7747512  0.74507942 0.74300395 0.72868773 0.70532012
 0.7024409  0.70053042 0.6929439  0.69013381 0.68706066 0.68243975
 0.67602588 0.67421263 0.67149002 0.67059077 0.66610384 0.66255501
 0.66167176 0.66079008 0.65990997 0.65551824 0.65464747 0.6503022
 0.64944061 0.64770766 0.64685062 0.63834792 0.63750717 0.63617895
 0.63502147 0.63418646 0.63186992 0.63104034 0.62938544 0.62761274
 0.62519103 0.62437288 0.62354252 0.62272718 0.61947964 0.61543771
 0.6146361  0.61303693 0.61223936 0.61074092 0.60924721 0.60766613
 0.60372346 0.60294149 0.60216082 0.59594909 0.59518001 0.59364566
 0.58906019 0.58830245 0.58618738 0.58559739 0.58483279 0.58333237
 0.58033376 0.57810689 0.57589084 0.57440719 0.56565398 0.56349795
 0.56278157 0.5599156  0.55920493 0.55837724 0.55553934 0.55483561
 0.554133   0.5534315  0.55273111 0.55188046 0.55118251 0.54908371
 0.54839018 0.54562691 0.5435544  0.54286953 0.54218574 0.54014077
 0.53904272 0.53862461 0.53591101 0.53523806 0.53389528 0.53255667
 0.52921714 0.52591433 0.52525682 0.5239339  0.52327942 0.521322
 0.52029254 0.51990308 0.51925477 0.51796112 0.51601731 0.51537493
 0.51409308 0.51345362 0.51154104 0.51089486 0.51026025 0.50962659
 0.50899389 0.50836215 0.50710152 0.50583424 0.50520726 0.50395613
 0.50207611 0.50083438 0.49979214 0.4993698  0.49875251 0.49752072
 0.49505795 0.49383717 0.49322814 0.49262001 0.49201279 0.49080105
 0.49018646 0.48898013 0.48777737 0.48717732 0.48656818 0.48596992
 0.48537254 0.48477604 0.48424986 0.48372437 0.48312041 0.48252722
 0.48193491 0.4807529  0.47957436 0.47859487 0.47703267 0.47644841
 0.475865   0.47528245 0.4741199  0.47353989 0.47295108 0.47237278
 0.47179531 0.47121869 0.4706429  0.47006795 0.46892056 0.46833857
 0.46776696 0.46719618 0.46662623 0.4660571  0.4649213  0.4643452
 0.46377936 0.46321434 0.46265014 0.46208674 0.46152416 0.46095303
 0.46039208 0.45927259 0.45815632 0.4575901  0.45703398 0.45647865
 0.45592411 0.45537037 0.45481742 0.4537047  0.45282416 0.45248533
 0.45193649 0.4516167  0.45129717 0.45075003 0.45019457 0.44964899
 0.44910419 0.44856017 0.44801691 0.44747443 0.44693272 0.44639177
 0.44585159 0.44530319 0.44476455 0.44368955 0.44315319 0.44261759
 0.44100642 0.44047384 0.43994201 0.43941093 0.43887176 0.43834219
 0.43803361 0.43772529 0.43719732 0.43667009 0.4361436  0.4356091
 0.43455982 0.43403629 0.43351349 0.43299141 0.43247007 0.43214893
 0.43186275 0.43137761 0.43107472 0.43077207 0.42818802 0.42767336
 0.42715942 0.42664619 0.42613367 0.42561334 0.42510225 0.42459187
 0.4240822  0.42357323 0.42306496 0.4225574  0.42204209 0.42153594
 0.42103049 0.42052573 0.42002167 0.4195183  0.41901563 0.41851364
 0.418004   0.4175034  0.4170035  0.41650428 0.41600574 0.41550789
 0.41501072 0.41451423 0.41401016 0.41351504 0.4130206  0.41252683
 0.41203374 0.41154132 0.41104957 0.41055849 0.41005991 0.40957018
 0.40908112 0.40859272 0.40810498 0.4076098  0.4071234  0.40663766
 0.40615258 0.40566816 0.4051844  0.40470129 0.40441978 0.40433135
 0.4040421  0.40356053 0.40307962 0.40259136 0.40211176 0.4016328
 0.40115449 0.40067683 0.40019981 0.39972343 0.3992477  0.3987726
 0.39829024 0.39781644 0.39734327 0.39687073 0.39639883 0.39592756
 0.39545692 0.39498692 0.39451754 0.39410345 0.39368985 0.39341698
 0.39313654 0.39266964 0.39220336 0.39173771 0.39127268 0.39080827
 0.39033675 0.38987358 0.38947267 0.38907222 0.38861074 0.38814988
 0.38768962 0.38722998 0.38696214 0.38668686 0.38622854 0.38577084
 0.38531374 0.38485725 0.38439377 0.3839385  0.38348383 0.38302976
 0.38257629 0.38211587 0.38166361 0.38121194 0.38016787]
[    0   221  1600  2886  2946  3985  5258  5881  6002  6182  6350  6382
  6428  6766  6850  7063  7123  7183  7349  7394  7454  7500  7545  7726
  8026  8235  8535  8595  8631  8726  9508  9568 11232 11352 12193 13617
 13797 13917 14398 14578 14776 15076 15497 15617 15798 15858 16159 16399
 16459 16519 16579 16880 16940 17241 17301 17422 17482 18083 18143 18238
 18321 18381 18548 18608 18728 18857 19034 19094 19155 19215 19455 19756
 19816 19936 19996 20109 20222 20342 20643 20703 20763 21244 21304 21424
 21785 21845 22013 22060 22121 22241 22482 22662 22842 22963 23685 23865
 23925 24166 24226 24296 24537 24597 24657 24717 24777 24850 24910 25091
 25151 25391 25572 25632 25692 25872 25969 26006 26247 26307 26427 26547
 26848 27148 27208 27329 27389 27569 27664 27700 27760 27880 28061 28121
 28241 28301 28481 28542 28602 28662 28722 28782 28902 29023 29083 29203
 29384 29504 29605 29646 29706 29826 30067 30187 30247 30307 30367 30487
 30548 30668 30788 30848 30909 30969 31029 31089 31142 31195 31256 31316
 31376 31496 31616 31716 31876 31936 31996 32056 32176 32236 32297 32357
 32417 32477 32537 32597 32717 32778 32838 32898 32958 33018 33138 33199
 33259 33319 33379 33439 33499 33560 33620 33740 33860 33921 33981 34041
 34101 34161 34221 34342 34438 34475 34535 34570 34605 34665 34726 34786
 34846 34906 34966 35026 35086 35146 35206 35267 35327 35447 35507 35567
 35748 35808 35868 35928 35989 36049 36084 36119 36179 36239 36299 36360
 36480 36540 36600 36660 36720 36757 36790 36846 36881 36916 37216 37276
 37336 37396 37456 37517 37577 37637 37697 37757 37817 37877 37938 37998
 38058 38118 38178 38238 38298 38358 38419 38479 38539 38599 38659 38719
 38779 38839 38900 38960 39020 39080 39140 39200 39260 39320 39381 39441
 39501 39561 39621 39682 39742 39802 39862 39922 39982 40042 40077 40088
 40124 40184 40244 40305 40365 40425 40485 40545 40605 40665 40725 40785
 40846 40906 40966 41026 41086 41146 41206 41266 41326 41379 41432 41467
 41503 41563 41623 41683 41743 41803 41864 41924 41976 42028 42088 42148
 42208 42268 42303 42339 42399 42459 42519 42579 42640 42700 42760 42820
 42880 42941 43001 43061 43181 43241 43301 43361 43405 43449 43509 43569
 43629 43690 43750 43810 44566 44626 44686 44746 44867 44987 45047 45107
 45167 45228 45288 45326 45364 45424 45484 45544 45605 45665] [1.00000000e+00 2.48525641e+06 1.79928004e+07 3.24545128e+07
 3.31292428e+07 4.48133169e+07 5.91288379e+07 6.61347841e+07
 6.74954896e+07 6.95196795e+07 7.14089234e+07 7.17687794e+07
 7.22860724e+07 7.60870513e+07 7.70316732e+07 7.94269646e+07
 8.01016946e+07 8.07764246e+07 8.26431775e+07 8.31492250e+07
 8.38239550e+07 8.43412480e+07 8.48472955e+07 8.68827309e+07
 9.02563808e+07 9.26066902e+07 9.59803400e+07 9.66550700e+07
 9.70599080e+07 9.81282305e+07 1.06922211e+08 1.07596941e+08
 1.26309452e+08 1.27658912e+08 1.37116378e+08 1.53129969e+08
 1.55154159e+08 1.56503619e+08 1.61912704e+08 1.63936894e+08
 1.66163503e+08 1.69537153e+08 1.74271508e+08 1.75620968e+08
 1.77656404e+08 1.78331134e+08 1.81716029e+08 1.84414949e+08
 1.85089679e+08 1.85764409e+08 1.86439139e+08 1.89824034e+08
 1.90498764e+08 1.93883660e+08 1.94558390e+08 1.95919095e+08
 1.96593825e+08 2.03352370e+08 2.04027100e+08 2.05095423e+08
 2.06028799e+08 2.06703529e+08 2.08581528e+08 2.09256257e+08
 2.10605717e+08 2.12056387e+08 2.14046840e+08 2.14721570e+08
 2.15407546e+08 2.16082276e+08 2.18781196e+08 2.22166091e+08
 2.22840821e+08 2.24190281e+08 2.24865011e+08 2.26135752e+08
 2.27406494e+08 2.28755954e+08 2.32140849e+08 2.32815579e+08
 2.33490309e+08 2.38899394e+08 2.39574124e+08 2.40923584e+08
 2.44983210e+08 2.45657940e+08 2.47547184e+08 2.48075722e+08
 2.48761698e+08 2.50111158e+08 2.52821323e+08 2.54845513e+08
 2.56869703e+08 2.58230408e+08 2.66349659e+08 2.68373849e+08
 2.69048579e+08 2.71758744e+08 2.72433474e+08 2.73220659e+08
 2.75930825e+08 2.76605555e+08 2.77280285e+08 2.77955015e+08
 2.78629744e+08 2.79450666e+08 2.80125396e+08 2.82160831e+08
 2.82835561e+08 2.85534481e+08 2.87569917e+08 2.88244647e+08
 2.88919377e+08 2.90943567e+08 2.92034380e+08 2.92450463e+08
 2.95160629e+08 2.95835359e+08 2.97184819e+08 2.98534279e+08
 3.01919174e+08 3.05292824e+08 3.05967554e+08 3.07328259e+08
 3.08002989e+08 3.10027179e+08 3.11095502e+08 3.11500340e+08
 3.12175070e+08 3.13524530e+08 3.15559965e+08 3.16234695e+08
 3.17584155e+08 3.18258885e+08 3.20283075e+08 3.20969050e+08
 3.21643780e+08 3.22318510e+08 3.22993240e+08 3.23667970e+08
 3.25017430e+08 3.26378136e+08 3.27052866e+08 3.28402326e+08
 3.30437761e+08 3.31787221e+08 3.32923017e+08 3.33384082e+08
 3.34058812e+08 3.35408272e+08 3.38118437e+08 3.39467897e+08
 3.40142627e+08 3.40817357e+08 3.41492087e+08 3.42841547e+08
 3.43527523e+08 3.44876983e+08 3.46226443e+08 3.46901173e+08
 3.47587148e+08 3.48261878e+08 3.48936608e+08 3.49611338e+08
 3.50207349e+08 3.50803361e+08 3.51489336e+08 3.52164066e+08
 3.52838796e+08 3.54188256e+08 3.55537716e+08 3.56662266e+08
 3.58461546e+08 3.59136276e+08 3.59811006e+08 3.60485736e+08
 3.61835196e+08 3.62509926e+08 3.63195901e+08 3.63870631e+08
 3.64545361e+08 3.65220091e+08 3.65894821e+08 3.66569551e+08
 3.67919011e+08 3.68604987e+08 3.69279717e+08 3.69954447e+08
 3.70629177e+08 3.71303907e+08 3.72653367e+08 3.73339342e+08
 3.74014072e+08 3.74688802e+08 3.75363532e+08 3.76038262e+08
 3.76712992e+08 3.77398967e+08 3.78073697e+08 3.79423157e+08
 3.80772617e+08 3.81458593e+08 3.82133323e+08 3.82808053e+08
 3.83482783e+08 3.84157513e+08 3.84832243e+08 3.86192948e+08
 3.87272516e+08 3.87688600e+08 3.88363330e+08 3.88756922e+08
 3.89150515e+08 3.89825244e+08 3.90511220e+08 3.91185950e+08
 3.91860680e+08 3.92535410e+08 3.93210140e+08 3.93884870e+08
 3.94559600e+08 3.95234330e+08 3.95909060e+08 3.96595035e+08
 3.97269765e+08 3.98619225e+08 3.99293955e+08 3.99968685e+08
 4.02004121e+08 4.02678851e+08 4.03353581e+08 4.04028310e+08
 4.04714286e+08 4.05389016e+08 4.05782608e+08 4.06176201e+08
 4.06850931e+08 4.07525661e+08 4.08200391e+08 4.08886366e+08
 4.10235826e+08 4.10910556e+08 4.11585286e+08 4.12260016e+08
 4.12934746e+08 4.13350830e+08 4.13721931e+08 4.14351679e+08
 4.14745272e+08 4.15138864e+08 4.18512514e+08 4.19187244e+08
 4.19861974e+08 4.20536704e+08 4.21211434e+08 4.21897409e+08
 4.22572139e+08 4.23246869e+08 4.23921599e+08 4.24596329e+08
 4.25271059e+08 4.25945789e+08 4.26631765e+08 4.27306495e+08
 4.27981225e+08 4.28655955e+08 4.29330685e+08 4.30005415e+08
 4.30680145e+08 4.31354874e+08 4.32040850e+08 4.32715580e+08
 4.33390310e+08 4.34065040e+08 4.34739770e+08 4.35414500e+08
 4.36089230e+08 4.36763960e+08 4.37449935e+08 4.38124665e+08
 4.38799395e+08 4.39474125e+08 4.40148855e+08 4.40823585e+08
 4.41498315e+08 4.42173045e+08 4.42859021e+08 4.43533751e+08
 4.44208481e+08 4.44883211e+08 4.45557940e+08 4.46243916e+08
 4.46918646e+08 4.47593376e+08 4.48268106e+08 4.48942836e+08
 4.49617566e+08 4.50292296e+08 4.50685888e+08 4.50809589e+08
 4.51214427e+08 4.51889157e+08 4.52563887e+08 4.53249862e+08
 4.53924592e+08 4.54599322e+08 4.55274052e+08 4.55948782e+08
 4.56623512e+08 4.57298242e+08 4.57972972e+08 4.58647702e+08
 4.59333677e+08 4.60008407e+08 4.60683137e+08 4.61357867e+08
 4.62032597e+08 4.62707327e+08 4.63382057e+08 4.64056787e+08
 4.64731517e+08 4.65327529e+08 4.65923540e+08 4.66317133e+08
 4.66721971e+08 4.67396701e+08 4.68071431e+08 4.68746161e+08
 4.69420891e+08 4.70095621e+08 4.70781596e+08 4.71456326e+08
 4.72041092e+08 4.72625858e+08 4.73300588e+08 4.73975318e+08
 4.74650048e+08 4.75324778e+08 4.75718370e+08 4.76123208e+08
 4.76797938e+08 4.77472668e+08 4.78147398e+08 4.78822128e+08
 4.79508104e+08 4.80182834e+08 4.80857564e+08 4.81532294e+08
 4.82207024e+08 4.82892999e+08 4.83567729e+08 4.84242459e+08
 4.85591919e+08 4.86266649e+08 4.86941379e+08 4.87616109e+08
 4.88110911e+08 4.88605713e+08 4.89280443e+08 4.89955173e+08
 4.90629903e+08 4.91315878e+08 4.91990608e+08 4.92665338e+08
 5.01166936e+08 5.01841666e+08 5.02516396e+08 5.03191126e+08
 5.04551831e+08 5.05901291e+08 5.06576021e+08 5.07250751e+08
 5.07925481e+08 5.08611457e+08 5.09286187e+08 5.09713516e+08
 5.10140845e+08 5.10815575e+08 5.11490305e+08 5.12165035e+08
 5.12851010e+08 5.13525740e+08] [1.         0.99333606 0.9556784  0.94213888 0.94195138 0.9049226
 0.86935981 0.85338149 0.85173948 0.84587654 0.84292926 0.842117
 0.84137778 0.83547704 0.83357183 0.82718073 0.82652447 0.82605598
 0.8197229  0.81915859 0.81863171 0.81827004 0.81788365 0.81622
 0.80894098 0.8041083  0.7991112  0.79844377 0.79842476 0.79647662
 0.80315649 0.80265666 0.76752584 0.76604604 0.75182342 0.72470638
 0.72069163 0.71876133 0.70871815 0.70505268 0.69996135 0.69675521
 0.68691759 0.68521243 0.68181138 0.68108328 0.67746291 0.67181124
 0.67180886 0.67110844 0.67045044 0.66342833 0.66263348 0.65919696
 0.65872211 0.65662337 0.65591025 0.64631413 0.64563028 0.64437414
 0.64392216 0.64385933 0.63966565 0.63899859 0.63715315 0.6355573
 0.63192502 0.63153874 0.63084526 0.63025676 0.62806209 0.62291788
 0.62283503 0.62123543 0.62057483 0.61897179 0.61743163 0.61502252
 0.61229011 0.61150368 0.61109569 0.60181418 0.60115294 0.59974947
 0.59572969 0.59500673 0.59180901 0.59122792 0.59115767 0.58953779
 0.5855105  0.58278937 0.57998783 0.58055892 0.57864259 0.57615667
 0.57545985 0.57356756 0.57321823 0.57210655 0.56799413 0.56717493
 0.56640237 0.56560005 0.56545744 0.56398748 0.56336266 0.56094624
 0.56042995 0.55838117 0.55590414 0.55514354 0.55435854 0.55183862
 0.55048963 0.54993098 0.54606763 0.54547759 0.54406735 0.5443495
 0.53948156 0.53500531 0.53434994 0.53267104 0.53185841 0.52988925
 0.52819701 0.52780782 0.52712472 0.52523375 0.52247467 0.52173249
 0.52021134 0.51940601 0.51698472 0.51631363 0.51552688 0.51499142
 0.51436751 0.51371537 0.5119558  0.51059896 0.5098687  0.50824019
 0.50552605 0.50398278 0.50259058 0.50212627 0.50143603 0.50014298
 0.49639842 0.49479962 0.49424812 0.49351091 0.49267927 0.49100222
 0.49042161 0.48878141 0.48664116 0.48622031 0.48591873 0.48519508
 0.48450753 0.48387408 0.48340019 0.48273964 0.48203108 0.48136423
 0.48098933 0.47918412 0.47851753 0.47735006 0.47496731 0.47420506
 0.47392677 0.47318571 0.47197631 0.47169283 0.47112227 0.47052334
 0.4697954  0.46908117 0.4686437  0.46795705 0.4663376  0.46560305
 0.46506748 0.46448136 0.46380758 0.46308366 0.46144769 0.46105331
 0.46095088 0.46042251 0.45979727 0.45915515 0.45866188 0.45801038
 0.45754427 0.45648913 0.45477804 0.45434528 0.45366954 0.45295997
 0.45231308 0.45173966 0.45120145 0.44979618 0.4483573  0.4479942
 0.44761395 0.44700745 0.44668099 0.44585851 0.44522363 0.44458108
 0.44405298 0.44359425 0.44306517 0.44235391 0.44186014 0.44143828
 0.44060902 0.43999966 0.43962505 0.43845927 0.43789213 0.43728071
 0.43487382 0.43414654 0.4338715  0.43334931 0.43273153 0.43213122
 0.43194391 0.43125363 0.43059679 0.43004452 0.42952817 0.42895137
 0.42785957 0.42721657 0.4264759  0.4261389  0.42583785 0.42506179
 0.42462273 0.42421744 0.42408237 0.42356811 0.42262385 0.42221229
 0.42166558 0.42109002 0.42054379 0.42019782 0.41947798 0.41879295
 0.41838695 0.4176201  0.41704878 0.41649119 0.415925   0.41511739
 0.41468172 0.4140334  0.41348796 0.41301359 0.41255989 0.41198227
 0.41134896 0.41091106 0.41030205 0.40963914 0.40907637 0.40853813
 0.40800727 0.4074017  0.40681148 0.40625895 0.40568413 0.4051565
 0.40435747 0.40384853 0.40348179 0.40304172 0.40262579 0.40189571
 0.40138341 0.40085841 0.40034735 0.40008396 0.39955202 0.39903507
 0.3984607  0.39821819 0.39784345 0.39720831 0.39702809 0.39687878
 0.39650181 0.39584243 0.39537859 0.39468742 0.39405083 0.39357437
 0.39339136 0.39301305 0.39252256 0.39212511 0.39150924 0.39104315
 0.39037448 0.38968587 0.3888618  0.38851395 0.38826099 0.38755912
 0.38712122 0.38651311 0.38610637 0.38566299 0.38511853 0.38490594
 0.38463651 0.38425635 0.38385768 0.38316105 0.38256217 0.38217452
 0.38171722 0.38110701 0.38062203 0.38033005 0.37979295 0.37931239
 0.37905279 0.37850486 0.37813449 0.37806866 0.37742963 0.3769357
 0.37614164 0.37579914 0.37523586 0.37489714 0.37465795 0.37430216
 0.37367223 0.37309442 0.37261764 0.37201588 0.37077051 0.3704495
 0.37021594 0.36987571 0.36966793 0.36913716 0.368681   0.36819223
 0.36767803 0.36710128 0.36638091 0.36585686 0.36370743 0.36326993
 0.36302557 0.3629842  0.36270493 0.36158311 0.36157771 0.36084453
 0.36041881 0.35996414 0.35956047 0.35915814 0.35882615 0.35856138
 0.3584162  0.35812015 0.35758395 0.35712059] [1.         0.9922177  0.94923226 0.91547266 0.9139806  0.88903185
 0.86036263 0.84696187 0.84440234 0.8406197  0.8371156  0.83645099
 0.8354972  0.82854501 0.82683231 0.82251561 0.82130635 0.8201
 0.81677747 0.81588055 0.81468714 0.8137741  0.8128825  0.80931209
 0.80344906 0.79940401 0.79365309 0.79251062 0.79182635 0.79002501
 0.77543185 0.77432904 0.74464515 0.74256891 0.72824756 0.70487226
 0.70199214 0.70008107 0.69249224 0.68968131 0.68660724 0.68198497
 0.67556924 0.67375547 0.67103209 0.67013258 0.66564438 0.66209456
 0.66121106 0.66032913 0.65944877 0.65505583 0.65418482 0.64983836
 0.64897653 0.64724311 0.64638583 0.63788083 0.63703985 0.63571127
 0.63455348 0.63371825 0.63140108 0.63057127 0.62891593 0.62714276
 0.6247204  0.62390203 0.62307145 0.62225589 0.61900748 0.61496447
 0.61416265 0.61256305 0.61176527 0.61026643 0.60877232 0.60719082
 0.6032471  0.60246492 0.60168404 0.59547065 0.59470136 0.5931666
 0.5885799  0.58782196 0.58570631 0.58511617 0.58435136 0.58285054
 0.57985112 0.57762364 0.57540698 0.57392294 0.56516733 0.56301071
 0.56229413 0.55942737 0.5587165  0.55788858 0.55504988 0.55434596
 0.55364315 0.55294145 0.55224087 0.55138998 0.55069184 0.54859245
 0.54789872 0.54513467 0.54306157 0.54237651 0.54169252 0.53964696
 0.5385486  0.53813037 0.53541599 0.53474284 0.53339968 0.53206067
 0.52872017 0.5254164  0.52475869 0.52343538 0.52278071 0.52082271
 0.51979294 0.51940337 0.51875487 0.51746083 0.51551644 0.51487386
 0.51359163 0.51295197 0.51103882 0.51039244 0.50975764 0.50912379
 0.50849089 0.50785896 0.50659795 0.50533027 0.5047031  0.50345159
 0.50157099 0.50032887 0.4992863  0.49886383 0.49824636 0.49701418
 0.49455064 0.49332947 0.49272024 0.49211193 0.49150451 0.49029239
 0.4896776  0.48847088 0.48726774 0.4866675  0.48605816 0.4854597
 0.48486213 0.48426544 0.4837391  0.48321343 0.48260927 0.4820159
 0.4814234  0.480241   0.47906207 0.47808226 0.47651954 0.47593509
 0.4753515  0.47476875 0.47360581 0.47302561 0.47243661 0.47185811
 0.47128045 0.47070364 0.47012766 0.46955251 0.46840473 0.46782255
 0.46725075 0.46667978 0.46610963 0.46554031 0.46440413 0.46382782
 0.4632618  0.46269658 0.46213218 0.4615686  0.46100582 0.4604345
 0.45987335 0.45875348 0.45763682 0.45707041 0.45651409 0.45595857
 0.45540384 0.4548499  0.45429676 0.45318365 0.45230281 0.45196385
 0.45141482 0.45109492 0.45077528 0.45022794 0.44967228 0.44912651
 0.44858152 0.4480373  0.44749385 0.44695118 0.44640927 0.44586813
 0.44532776 0.44477916 0.44424033 0.44316494 0.44262839 0.44209259
 0.44048084 0.43994807 0.43941605 0.43888477 0.43834541 0.43781564
 0.43750695 0.43719851 0.43667035 0.43614293 0.43561625 0.43508154
 0.43403189 0.43350816 0.43298516 0.43246289 0.43194135 0.4316201
 0.43133381 0.43084849 0.43054548 0.43024273 0.4276577  0.42714285
 0.42662872 0.42611529 0.42560258 0.42508205 0.42457077 0.4240602
 0.42355033 0.42304116 0.42253271 0.42202495 0.42150945 0.4210031
 0.42049745 0.4199925  0.41948825 0.41898468 0.41848181 0.41797964
 0.4174698  0.41696901 0.41646891 0.41596949 0.41547076 0.41497272
 0.41447535 0.41397867 0.41347441 0.41297909 0.41248445 0.41199049
 0.4114972  0.41100459 0.41051264 0.41002137 0.4095226  0.40903267
 0.40854342 0.40805482 0.40756689 0.40707151 0.40658492 0.40609899
 0.40561372 0.4051291  0.40464514 0.40416184 0.40388021 0.40379175
 0.40350238 0.40302062 0.40253952 0.40205106 0.40157126 0.40109211
 0.40061361 0.40013575 0.39965854 0.39918196 0.39870603 0.39823074
 0.39774819 0.39727419 0.39680082 0.39632809 0.395856   0.39538453
 0.3949137  0.3944435  0.39397393 0.39355967 0.39314589 0.39287291
 0.39259236 0.39212526 0.39165879 0.39119294 0.39072772 0.39026311
 0.38979139 0.38932804 0.38892696 0.38852634 0.38806466 0.3876036
 0.38714315 0.38668332 0.38641536 0.38613996 0.38568146 0.38522356
 0.38476627 0.38430958 0.3838459  0.38339044 0.38293557 0.38248131
 0.38202764 0.38156703 0.38111457 0.38066271 0.37976078 0.3793107
 0.37886122 0.37841233 0.37808351 0.37775502 0.37730758 0.37686073
 0.37641446 0.37596136 0.37551628 0.37507178 0.36952061 0.36908394
 0.36864783 0.3682123  0.36733569 0.36646859 0.36603588 0.36560373
 0.36517215 0.36473394 0.36430348 0.36403115 0.36375904 0.36332984
 0.36290119 0.3624731  0.36203845 0.36161147]
