1.0 1.0
1551879.9442153296 0.9935516011559203
2811375.8989408147 0.9893260520530788
20984103.24569424 0.9424263757327739
24785082.10906222 0.9273360392072133
25201165.59410546 0.9267361214702623
26460661.548830945 0.9221011755026897
28406132.97889799 0.9161196271414587
31836010.355605785 0.9080551992274216
33185470.307097375 0.9019524778919061
37053922.16803993 0.8922389930402724
38403382.11953153 0.8890521225390146
39089357.594873086 0.8885520317933915
44498442.90043521 0.9012171565217414
46522632.8276726 0.8951709330153605
47197362.8034184 0.8935105127912214
48546822.754909985 0.8903862996595797
49221552.73065578 0.889084778707011
51043323.665169425 0.8832316779485994
52179119.12434152 0.8843861664847741
54889284.52692046 0.8763490847951049
55564014.50266626 0.8749098769371508
56913474.45415785 0.8725676065005246
57993042.41535112 0.8694454111498542
58386634.901202835 0.8684380081261384
61085554.80418602 0.8611073085970026
62446260.25527337 0.8607233463786732
63120990.23101917 0.8591454427194107
64470450.182510756 0.8555386085676674
65819910.13400235 0.8518003532377129
67855345.5608355 0.8463774643337134
68327656.54385756 0.8451149183886928
68541321.03617705 0.8449529650264616
68889931.52364571 0.8441361890779708
69485943.00222117 0.8424181028405788
69845798.9892856 0.8420987095643944
70250636.97473307 0.8414737819767495
72274826.90197046 0.8354655776889336
73624286.85346206 0.8359289236085525
75659722.28029521 0.8306105875447316
77683912.20753258 0.8252439309677916
78358642.18327838 0.8241930925843148
81743537.56160313 0.8147129798753215
82418267.53734893 0.8133426951195953
84914768.44760837 0.807923947975106
85589498.42335416 0.8072545761372144
86534120.38939828 0.8038879639555012
87883580.34088986 0.8030150087760161
89919015.76772301 0.7970470007759316
90312608.25357473 0.7961157423869133
90706200.73942643 0.7951293667534512
91380930.71517223 0.7938744140351056
92741636.16625959 0.7910735235331484
94653371.09753935 0.7844959867939041
95226891.57692327 0.7836348727981718
95901621.55266906 0.7824507016585176
97262327.00375642 0.783288345698192
98611786.95524801 0.7787436688158036
100647222.38208117 0.7733006021129659
101996682.33357275 0.769962929140884
102671412.30931854 0.7685694399203
104020872.26081014 0.7653568161799379
105179158.71917376 0.7610776366203486
105595242.204217 0.7604275398883771
106011325.68926023 0.7599629195816349
106472391.17268653 0.7585620495349485
106933456.65611282 0.7570250855681404
109632376.55909601 0.7540379752471061
111667811.98592915 0.7464818153947074
115468790.84929714 0.7601697950913231
116143520.82504293 0.7587707835265379
116829496.30038449 0.7580409314045092
117504226.27613029 0.7563962286215579
118178956.25187609 0.7549250017864504
118853686.22762188 0.7533229378733471
119528416.20336767 0.7524244418498928
120203146.17911346 0.7510325456145723
121563851.63020082 0.7508716011428267
122238581.60594662 0.7501211464262519
122913311.58169241 0.7488036425358578
123588041.55743821 0.7471762501793578
124262771.533184 0.7457864779225762
124948747.00852557 0.7443405795308654
125623476.98427136 0.743235473499798
126298206.96001716 0.7421084373855588
126972936.93576294 0.7403895546528163
127647666.91150874 0.7390234116566002
128322396.88725454 0.7379334389719429
128772216.87108506 0.7368780871347506
129222036.8549156 0.7359766175413418
129896766.8306614 0.7349617274993936
130571496.80640718 0.7336739062124789
131257472.28174876 0.7320505494124842
131932202.25749454 0.7305899955715736
132606932.23324034 0.7293334498679644
133956392.18473193 0.7302255208542996
135305852.13622352 0.7266414132702036
135980582.11196932 0.7256796757877928
136666557.58731088 0.7240218043379004
137341287.56305668 0.7231455038942556
138016017.53880247 0.721690047596401
138690747.51454827 0.7205904639095347
139365477.49029407 0.718967213312545
140040207.46603987 0.7174006729398249
140726182.94138142 0.7156858257635877
141400912.91712722 0.7151424589572738
142075642.892873 0.7138295216220976
142716636.3698315 0.712538779866731
143357629.84679002 0.7114182218856759
144032359.8225358 0.7103456658250374
144707089.7982816 0.7089665665570154
146056549.7497732 0.7081476666354232
146731279.725519 0.7076169374973376
147417255.20086056 0.7063036815640212
148091985.17660636 0.7049885671542411
148766715.15235215 0.7033339878724433
149441445.12809795 0.7031197315366529
150116175.10384372 0.7014494879151697
150790905.07958952 0.7002887336409459
151308198.06099463 0.6992672061613059
151814245.54280397 0.6982619271215664
152488975.51854977 0.6970024609440679
153163705.49429557 0.6958709644776158
153849680.96963713 0.6944606427277906
154524410.94538292 0.6928686146180414
155199140.92112872 0.6919776056182569
155873870.89687452 0.6909072266322224
156548600.8726203 0.6894746031104577
157223330.8483661 0.6881339478567083
159933496.25094506 0.6860354570602819
160551998.72871202 0.685492196446098
161181746.70607477 0.6840750248688835
161856476.68182057 0.6829457585785378
162531206.65756637 0.6813295171080077
163205936.63331217 0.68025818233299
163880666.60905796 0.679177448956336
164555396.58480376 0.6780230666177289
165241372.06014532 0.6766398255956341
166590832.0116369 0.6743236800977549
167265561.9873827 0.6730765860972844
167940291.9631285 0.671629041624245
169964481.8903659 0.6681533631432002
170650457.36570746 0.6670740634473022
171325187.34145322 0.6659853120482656
171999917.31719902 0.6648862062531722
173349377.26869062 0.6650311677925297
174024107.2444364 0.6635580293740185
174698837.2201822 0.6623192719940709
175373567.195928 0.6617763299780274
176059542.67126957 0.6605761228044826
176554344.65348315 0.6596872908847397
177060392.1352925 0.6591037808813219
177735122.1110383 0.6578978920699433
178409852.0867841 0.6575067614206468
179095827.56212565 0.6559906124380824
179770557.53787145 0.6547205263733268
180445287.51361725 0.6532448391805689
181120017.48936304 0.6521342639068028
182469477.44085464 0.6505956538532287
183144207.41660044 0.6489343309361715
183830182.891942 0.6480173032006451
184504912.8676878 0.6464977027563533
185179642.84343356 0.6456419518057519
187203832.77067095 0.6458263662389929
188564538.2217583 0.6428578938330359
189239268.1975041 0.6419511142959986
189913998.1732499 0.6407754921774399
190588728.1489957 0.6396997501462743
191263458.1247415 0.6384413990622665
191938188.1004873 0.6369392683380587
195323083.47881204 0.6384641787314164
195997813.45455784 0.6372844679494126
196672543.43030363 0.6363890516989178
197347273.40604943 0.6354891750907725
198022003.38179523 0.6346244503288053
198696733.357541 0.6330986903440321
199371463.3332868 0.6322219650992421
200574731.79003346 0.6324176897229604
201260707.26537502 0.6320902253337656
201935437.24112082 0.6309691894609378
202610167.2168666 0.6297083958002508
203284897.1926124 0.6285275168341288
203959627.1683582 0.6277403172861125
204634357.144104 0.6268762297149881
205320332.61944556 0.6257496184018941
205995062.59519136 0.6251200180614638
206669792.57093716 0.6241171815929659
207344522.54668295 0.6231225755419861
208019252.52242875 0.6214921565194667
208705227.9977703 0.6205798015367258
209379957.9735161 0.6198396481147053
210054687.9492619 0.618860547109778
210729417.9250077 0.6178330724902291
211212974.40762553 0.6170090750147061
211865213.38417977 0.6163048699287768
212539943.35992557 0.6153499822791929
213214673.33567137 0.6144424593483077
213889403.31141716 0.6133332646592325
215250108.76250452 0.6142485932064905
215924838.73825032 0.6129729847975337
216599568.7139961 0.6119416870166148
217274298.6897419 0.6107604894523525
217949028.6654877 0.6096324975491302
218623758.6412335 0.6088975478786081
219298488.6169793 0.6078502671598637
219725817.6016183 0.607717359199394
220153146.5862573 0.6071706471234829
220839122.06159887 0.6061002150413832
221513852.03734466 0.6054370558400383
222188582.01309046 0.6041765276814265
222762102.49247438 0.6039955116084103
223346868.47145408 0.6027373198234725
224021598.44719988 0.6014090367413137
224696328.42294565 0.6011069007955155
225371058.39869145 0.5998721789720731
226045788.37443724 0.5988927062675032
226720518.35018304 0.5980299461850048
227395248.32592884 0.5970653413302072
228081223.8012704 0.5960866120194852
229430683.752762 0.5962047052262476
230037940.73093322 0.5956678696546205
230476515.21516797 0.594814189575618
230836371.2022324 0.5944216783416306
231342418.68404174 0.5936146726998562
232028394.1593833 0.5928405887172785
232703124.1351291 0.5918063704679076
233377854.1108749 0.5906035614240511
234052584.0866207 0.5897478104680124
234727314.0623665 0.5887527265252597
235402044.03811228 0.5881682076313562
236076774.01385808 0.5864790605981584
236762749.48919964 0.5859071262764182
237437479.46494544 0.5854335852598126
238112209.44069123 0.5845139556539743
238786939.41643703 0.5835340050576316
239180531.90228873 0.5828047901210084
239585369.8877362 0.5822803798224744
240260099.863482 0.5815145262628519
240934829.8392278 0.5802795920388369
241609559.8149736 0.5795093312230667
244319725.21755254 0.5782194390536782
244994455.19329834 0.57674332707065
245669185.16904414 0.5761135674311494
246343915.14478993 0.5750709594651906
247018645.12053573 0.5740946196296451
247693375.09628153 0.5728020724938798
248379350.5716231 0.5723611345492056
249054080.54736888 0.5712661174121199
249728810.52311468 0.570443819119428
250403540.49886048 0.5695531818192864
251078270.47460628 0.5686006305433765
251753000.45035207 0.5676837090108551
252427730.42609787 0.5670651533588269
253102460.40184364 0.5661013980954448
253788435.87718523 0.5650453559659071
254463165.852931 0.5641812152987178
255137895.8286768 0.5628881371642396
255812625.8044226 0.561774906913222
256487355.78016838 0.5610850917852919
257162085.75591418 0.560319025825097
258511545.70740578 0.5601425763072987
259197521.18274733 0.5597629151421122
259872251.15849313 0.5588330373377848
260546981.13423893 0.5579084163810208
261221711.10998473 0.556754671238694
261727758.59179407 0.5560568380883814
262245051.57319918 0.5558042970428256
262919781.54894498 0.5552326813192257
263605757.02428654 0.5545738762725261
264280487.00003234 0.5538217223731202
264955216.97577813 0.5529443068414223
265629946.95152393 0.5524674205552195
266304676.92726973 0.5512686470678682
266979406.90301552 0.5507559717500818
267654136.87876132 0.549625006276905
268328866.8545071 0.5482744745243092
269014842.32984865 0.5477458162686974
269689572.30559444 0.5471719703635536
270364302.28134024 0.5466484627525002
271039032.25708604 0.5455561005926661
271713762.23283184 0.5447662460728355
272388492.20857763 0.5438947245795439
273063222.18432343 0.5430061581564386
274423927.6354108 0.5432815319737342
275098657.6111566 0.5425567773969364
275773387.5869024 0.5418155619861902
276448117.5626482 0.5411524027870203
277122847.538394 0.5405563082103516
277797577.5141398 0.5396775120896128
278472307.48988557 0.5386461612104538
279147037.46563137 0.5379871437697065
279833012.9409729 0.5368671167862769
280507742.9167187 0.5361834611944785
281182472.8924645 0.5355147796511074
281857202.8682103 0.5344422766876213
282531932.8439561 0.5333734375875228
283206662.8197019 0.5328584789904963
283892638.29504347 0.5320926254292427
284567368.27078927 0.531873537042684
285242098.24653506 0.5310756645048207
285916828.22228086 0.5302901641412667
286400384.70489866 0.5296119777937981
286872695.6879207 0.5291725266341012
287558671.16326225 0.5282202939557877
288233401.13900805 0.5275970124538215
288683221.1228386 0.5268653549465002
289133041.1066691 0.5265489883428603
290257591.06624544 0.5267488016240426
290819866.0460336 0.5260768810129919
291382141.0258218 0.5252668486981292
292056871.0015676 0.5244194874597661
292731600.9773134 0.5234096418637211
293406330.9530592 0.5229735890696863
294092306.42840075 0.5221381221111409
294767036.40414655 0.5213605335680521
295441766.3798923 0.5205147653138649
296116496.3556381 0.5199538225817432
296791226.3313839 0.519151702086802
297465956.3071297 0.5186739131142062
298140686.2828755 0.5176583858754338
298826661.75821704 0.5169847660820956
299501391.73396283 0.516334987947177
300176121.70970863 0.5155135392475318
300850851.6854544 0.5145657669236064
301525581.6612002 0.5138083030773097
302200311.636946 0.5129317902341798
302875041.6126918 0.512092340815738
303549771.5884376 0.5115181763173475
304224501.5641834 0.5108218299536432
304910477.039525 0.5099763271966374
306136236.4954632 0.5105679614183742
306687265.97565556 0.5094826614843274
307373241.4509971 0.5086883997099801
308047971.4267429 0.5077871425166002
308722701.4024887 0.507307282664793
309397431.3782345 0.5064086804448585
310072161.3539803 0.5056157461564185
311421621.3054719 0.5045023566063307
311860195.78970665 0.5044300882366808
312298770.27394146 0.5041427139403686
312984745.749283 0.5033951265945494
313659475.7250288 0.502678708632837
314334205.7007746 0.5015305920339101
315008935.6765204 0.500679885529756
315683665.6522662 0.499928687419877
316369641.12760776 0.4989981193226603
317044371.10335356 0.49814879340428453
317719101.07909936 0.4975420789343778
318393831.05484515 0.49681212061043145
319068561.03059095 0.4961803962936372
319754536.5059325 0.4950510238046364
320429266.4816783 0.49412465056516996
321103996.45742404 0.4937168466857025
321778726.43316984 0.4924998069829167
323128186.38466144 0.4931850555588912
323802916.36040723 0.49169736789092283
324477646.33615303 0.49149389074689687
325163621.8114946 0.4903941477587856
325838351.7872404 0.48979656639713987
326513081.7629862 0.4888840521169601
327187811.738732 0.488255407569319
327862541.7144778 0.48748201388343676
328537271.6902236 0.4865672163267355
329212001.6659694 0.48592460662006515
329897977.14131093 0.485293891192669
330572707.1170567 0.4846184129179734
331247437.0928025 0.48410382601732715
331922167.0685483 0.48341385158923955
332596897.0442941 0.48265330797378947
333946356.9957857 0.481818637507332
334621086.9715315 0.48096235555964906
335295816.9472773 0.4806421657946391
335981792.42261887 0.4797981498231542
336656522.39836466 0.47899082557997713
337331252.37411046 0.478376995782237
338005982.34985626 0.4775827871072174
338534520.8308571 0.4772097102771326
339749034.78719956 0.4775519363190759
340423764.76294535 0.4767543823777215
341098494.73869115 0.4760129014697939
341784470.2140327 0.47530274924504307
342459200.1897785 0.47496891291860033
343133930.1655243 0.47413238397078544
343808660.1412701 0.4735999556509562
344483390.1170159 0.473070182303485
345158120.0927617 0.47278907374413426
345832850.0685075 0.47194580116486623
346518825.54384905 0.47155026326105304
347193555.51959485 0.47057195874603885
347868285.49534065 0.4699159679745735
350567205.39832383 0.5040541971346242
354626830.7523943 0.5000245319513087
355020423.2382461 0.49993564344972774
355425261.22369355 0.499240996268311
356099991.19943935 0.498329384679418
356774721.17518514 0.4974858466029684
357449451.15093094 0.49659037725097105
358124181.12667674 0.4958795347333311
358798911.10242254 0.49490393829108986
359473641.07816833 0.4940806311100874
360159616.5535099 0.49329151998301735
360834346.5292557 0.4923276585220676
361509076.5050015 0.4916631187371192
362127578.9827684 0.4910338900947002
362757326.96013117 0.4901265795622126
363432056.93587697 0.4894746243499712
364106786.91162276 0.48847985900100876
364781516.88736856 0.48768389804383033
365456246.86311436 0.4867547636317197
366130976.83886015 0.486185059488261
366805706.81460595 0.4852672352622777
367480436.79035175 0.48436751795320254
368166412.2656933 0.4835844601652402
368841142.2414391 0.482788286810208
369515872.2171849 0.48180945130028724
370190602.1929307 0.4810428543462731
370865332.1686765 0.4802600620554922
371540062.1444223 0.47952845764804225
372214792.1201681 0.47899443634403704
372900767.59550965 0.4781679431946825
373575497.57125545 0.47745354301339754
374250227.54700124 0.47652297491618095
374924957.52274704 0.4757902554195903
375599687.49849284 0.4749899403061354
376274417.47423863 0.4739719704917715
376949147.44998443 0.47322326805681164
377623877.4257302 0.47246160935276454
378309852.9010718 0.4714152313258507
378984582.8768176 0.4709414779124787
379659312.8525634 0.4702429544703643
380334042.8283092 0.4693234310615499
381008772.804055 0.4686035616353914
381683502.7798008 0.4676552052177756
382358232.75554657 0.4669043788042769
383032962.7312923 0.4662338918788759
383718938.2066339 0.4654786051104455
384393668.18237966 0.4644956809419733
385068398.15812546 0.46365676251898175
385743128.13387126 0.46290152884987884
386417858.10961705 0.4621650923905733
387092588.08536285 0.46160701702975104
387767318.06110865 0.46087089916749824
388453293.5364502 0.4602711938273136
389128023.512196 0.45939515887867527
389802753.4879418 0.4586578197291703
390477483.4636876 0.45795287125211165
391152213.4394334 0.4571037046322622
391826943.4151792 0.45638102093413196
392501673.390925 0.45543022194146826
393176403.3666708 0.45498222176774444
393862378.84201235 0.45411802800014006
394537108.81775814 0.4535465184746515
395211838.79350394 0.45289206758749095
395886568.76924974 0.45195443726122475
396561298.74499553 0.451170582981718
397236028.72074133 0.45013859490899744
399946194.1233203 0.4724522107478658
400620924.0990661 0.4714159747180674
401295654.0748119 0.46975783777208113
401970384.0505577 0.46911496256822943
402645114.02630347 0.46845190956771443
403319844.00204927 0.4675157129270979
404005819.4773908 0.46649248626571427
404680549.4531366 0.4657716079496139
405355279.4288824 0.4648621734391311
406030009.4046282 0.4640957357830997
406704739.380374 0.46336646775204254
407379469.3561198 0.46228897343926206
408065444.83146137 0.46134061702164625
408740174.80720717 0.4605177346358078
409414904.78295296 0.4597309598856743
410089634.75869876 0.45880570173480484
410764364.73444456 0.4580057583177301
411439094.71019036 0.4572521176328033
412125070.1855319 0.45628284002630753
412799800.16127765 0.4553008716484497
413474530.13702345 0.454626720860205
414149260.11276925 0.4535272964686026
414823990.08851504 0.45298244287404904
415498720.06426084 0.4520504410911827
416094731.5428363 0.4513642367245938
416701988.52100754 0.45078789514833706
417376718.49675333 0.44976084532612715
418051448.47249913 0.44891497087274107
418726178.4482449 0.44814354186741506
419412153.9235865 0.44753932307242755
420086883.8993323 0.4465305925649796
420761613.8750781 0.4455891921772146
421436343.8508239 0.44468432421977483
422111073.8265697 0.4439327544140594
422785803.8023155 0.4430679765516771
423460533.7780613 0.4421688167871724
424135263.75380707 0.4416120158134734
424821239.2291486 0.440836524698716
425495969.2048944 0.4400055180956459
426170699.1806402 0.4391868571177652
426845429.156386 0.4384729613806357
427520159.1321318 0.4377075060654261
428194889.10787755 0.4367299449426287
428869619.08362335 0.43611680543777775
429544349.05936915 0.4352108223922847
430219079.03511494 0.4345176619958451
430905054.5104565 0.4336151835146694
431579784.4862023 0.4328789594537615
432254514.4619481 0.4321246019262817
432929244.4376939 0.4314030333167484
433603974.4134397 0.4307817695941221
434278704.3891855 0.429907194881341
434953434.3649313 0.429268010089453
435628164.3406771 0.4286221613156469
436314139.81601864 0.4277578878979637
436988869.79176444 0.4272147865855687
437663599.76751024 0.4264878814805682
438338329.74325603 0.4259568071968536
438776904.2274908 0.4255594639115542
439204233.21212983 0.4247115185795005
439890208.6874714 0.4240059063592165
440564938.6632172 0.42322712307799565
441239668.638963 0.42271569559549393
441914398.6147088 0.4218155003913835
442589128.5904546 0.4211084544854497
443263858.5662004 0.4202774213321721
443949834.04154193 0.41957180911188807
444624564.01728773 0.41901755691243575
445299293.99303347 0.4182597744690862
445974023.96877927 0.41735180019337315
446648753.94452506 0.4168332042831668
447323483.92027086 0.41600936610780137
447728321.9057184 0.4150977810685722
448133159.89116585 0.41463735562066767
448807889.86691165 0.4141984089056698
449493865.3422532 0.41331090447346513
450168595.317999 0.4124852874657336
450843325.2937448 0.4118050302390537
451518055.2694906 0.4110857980064569
452192785.2452364 0.4103451135900736
452867515.2209822 0.4094982036976256
453542245.196728 0.4089157291332698
454216975.1724738 0.40833415725965705
454902950.64781535 0.4072846198140549
455577680.62356114 0.4069105606436921
456252410.5993069 0.4060107636856256
456927140.5750527 0.40533053300860944
457601870.5507985 0.4048046359223795
458276600.5265443 0.40417431874157106
458951330.50229007 0.40357129468417174
459626060.47803587 0.4029446944655345
460312035.9533774 0.4018123749567868
460986765.9291232 0.401398358440229
461661495.904869 0.40068241837409563
462336225.8806148 0.4000887929221387
463010955.8563606 0.3993891278417636
463404548.3422123 0.3989242951387987
463809386.32765985 0.3987308006939055
464484116.30340564 0.3980476495462624
465158846.27915144 0.39727229118091134
465833576.25489724 0.3965472180070608
466508306.230643 0.395804436162346
467183036.2063888 0.39513461298017044
467869011.68173033 0.3944891359022008
471917391.5362051 0.39051501275794914
472603367.0115467 0.38978470928674264
473278096.98729247 0.38936479872960345
473952826.96303827 0.38866675318306804
474627556.93878406 0.38799509806919874
475302286.91452986 0.38731343370707666
475977016.89027566 0.3865621824978701
476651746.86602145 0.3857893463565582
477326476.84176725 0.3849291881481777
478012452.3171088 0.38437944940244095
478687182.2928546 0.3840009298771464
479361912.2686004 0.38314995787581074
480036642.2443462 0.38262013142901197
480711372.220092 0.3814597223042233
481386102.1958378 0.38109715916763426
482060832.1715836 0.3805922363696118
482735562.1473294 0.3797196528859632
483421537.62267095 0.3792993706329875
484096267.59841675 0.3786481853626267
484770997.57416254 0.3777994169888212
485198326.55880153 0.3776562608352998
485636901.0430363 0.3774054455195203
486311631.0187821 0.3766375741778391
486986360.9945279 0.3761931051191838
487661090.9702737 0.3755617259485622
488335820.9460195 0.37476369411217253
489010550.92176527 0.37412488101666475
496522544.6517351 0.36856470344788644
497208520.1270767 0.36835968641955574
497883250.1028225 0.3670166416900861
498557980.0785683 0.3667018415209583
499232710.0543141 0.36615651003082567
499907440.0300599 0.36584056822343713
500593415.50540143 0.36555927381535264
501268145.4811472 0.3651004148019604
501942875.456893 0.36438200561111544
502617605.4326388 0.3636391175672019
503292335.4083846 0.3630607582110613
503967065.3841304 0.3625962441046054
504641795.3598762 0.3621024721936403
