1.0 0.9999999978729441
1461915.9474492236 0.9933949002974957
6095061.780903686 0.9760988476971337
6769791.756649481 0.9738746442659857
7455767.2319910405 0.9716604189331005
10930626.607081886 0.9610129727805311
11335464.592529364 0.9598225686285533
11807775.57555142 0.9584447856533532
12280086.558573479 0.9570783128560719
14990251.961152423 0.9494316161795378
15586263.439727876 0.9477895618339525
17554225.868986446 0.9424554202888604
18228955.84473224 0.9406552170807755
19578415.796223834 0.9370948836093469
20253145.771969628 0.9353336480338396
20927875.747715425 0.9335843688623213
21602605.72346122 0.9318465952390694
22277335.699207015 0.9301199095383934
22963311.174548574 0.9283754128356289
23638041.150294367 0.9266699361749952
24087861.134124897 0.9255385258084665
24537681.117955428 0.9244114644061826
25212411.093701225 0.9227288310127936
26291979.0548945 0.9200558412028507
27641439.00638609 0.9167464363686925
28316168.982131884 0.9151044469585297
29002144.457473442 0.9134434772262158
29676874.43321924 0.9118177774679024
34411229.76303557 0.9006198756802704
35085959.73878136 0.8990518738682383
35760689.71452716 0.8974904134231256
36435419.69027296 0.8959353707747599
36829012.17612467 0.8950311791369652
36997694.67006112 0.894644318986653
37447514.65389165 0.8936145831035773
38122244.62963744 0.8920750790401173
39471704.58112904 0.8890140466130768
39977752.062938385 0.8878722098293009
40483799.54474773 0.8867336106359042
41158529.52049352 0.885220448119515
41664577.00230287 0.8840892552157755
42170624.48411222 0.882961175584749
42845354.459858015 0.8814618518761831
43520084.43560381 0.8799679203484132
44194814.4113496 0.8784793035400719
44869544.3870954 0.8769959267408414
45544274.3628412 0.8755177178488374
46095303.8430336 0.8743142989335889
46635087.82363023 0.8731387010334808
47309817.799376026 0.8716736913193444
48670523.25046338 0.8687341782361843
49345253.22620918 0.8672838458558461
50019983.201954976 0.8658382602580097
50694713.177700765 0.8643973654243071
51369443.15344656 0.8629611070348249
52044173.12919236 0.8615294323909736
52718903.10493816 0.8601022903428048
53359896.58189666 0.8587506584576081
54000890.05885517 0.8574030310013898
54675620.03460096 0.8559887576176678
55361595.50994252 0.8545553686975987
56036325.485688314 0.8531498155061407
56711055.46143411 0.8517485205028281
58060515.412925705 0.8489585376663938
58735245.388671495 0.8475697688388893
59409975.36441729 0.8461850961247113
60095950.83975885 0.8447815054656215
60770680.81550465 0.8434049786698188
61445410.791250445 0.842032436209158
62120140.766996235 0.840663842813132
62794870.74274203 0.8392991640433844
63469600.71848783 0.8379383662628277
64144330.694233626 0.8365814166062319
64785324.17119213 0.8352958494924863
65426317.64815064 0.8340136993757125
66112293.123492196 0.8326453290170617
66787023.09923799 0.8313031484988862
68136483.05072959 0.8286298492274722
68811213.02647537 0.8272986734160374
72196108.40480012 0.820674583064155
72870838.38054591 0.8193647424167512
73545568.35629171 0.8180583588431114
74220298.33203751 0.8167554082795502
74895028.3077833 0.8154558671099419
75581003.78312486 0.8141381381278078
76255733.75887065 0.8128454024864901
76930463.73461644 0.8115560075716188
77324056.22046816 0.8108053945583756
77717648.70631988 0.810055906546419
79078354.15740722 0.8074734277416324
79753084.13315302 0.806197774542556
80427814.10889882 0.8049253523173395
81113789.58424038 0.8036350145532356
81788519.55998617 0.8023690473825776
82463249.53573197 0.8011062516012845
83137979.51147777 0.7998466080950289
83812709.48722357 0.7985900980522797
84487439.46296936 0.7973367029560469
85162169.43871516 0.7960864045759255
85836899.41446096 0.7948391849604207
86522874.88980252 0.7935743162886715
87197604.8655483 0.7923332520085518
87816107.34331529 0.7911982686222709
89795315.27216962 0.7875832592181706
90481290.74751118 0.7863362990961992
91021074.72810781 0.7853572263169838
91572104.20830022 0.7843596926929178
92246834.184046 0.7831408751630485
92932809.65938756 0.7819047223550708
93607539.63513336 0.7806917484422232
94282269.61087915 0.7794816494459388
94956999.58662495 0.7782744105531392
95631729.56237075 0.7770700171437694
96306459.53811654 0.7758684547862782
96992435.0134581 0.7746497539249168
97667164.9892039 0.7734538577028964
98341894.9649497 0.772260750095965
99016624.9406955 0.7710704173869877
99691354.91644128 0.7698828460267041
100366084.89218707 0.7686980226299877
101726790.34327443 0.7663169338541771
102401520.31902023 0.765140320662406
103076250.29476602 0.7639664032526452
103750980.27051182 0.7627951690105869
104155818.2559593 0.7620937111922567
104560656.24140677 0.7613932121530699
105235386.21715257 0.7602278371821596
105910116.19289836 0.7590651059652458
106584846.16864416 0.7579050064723931
107270821.64398572 0.7567282576061596
107945551.61973152 0.7555734293645076
108620281.59547731 0.7544211973438807
109295011.57122311 0.753271550027536
109969741.5469689 0.752124476020139
110644471.5227147 0.7509799640453718
111319201.49846049 0.7498380029436013
112679906.94954784 0.7475427624476619
113354636.92529364 0.7464084300171104
114029366.90103944 0.7452766047657954
114704096.87678523 0.7441472760864699
115378826.85253103 0.7430204334758239
116053556.82827683 0.7418960665325575
116728286.80402263 0.7407741649555046
117414262.27936418 0.7396360818445733
117886573.26238623 0.7388539532450243
118370129.74500406 0.7380544400647244
119044859.72074986 0.7369409258542369
119719589.69649565 0.7358298325012572
120394319.67224145 0.7347211502179033
121080295.14758301 0.733596451580329
121755025.12332879 0.732492602209375
122429755.09907459 0.7313911349151311
123779215.05056618 0.7291953088838492
124453945.02631198 0.7281009315168234
128513570.38038251 0.7215656041293238
129188300.3561283 0.7204874898422053
129874275.83146986 0.7193937467690613
130549005.80721566 0.7183202266241977
131223735.78296146 0.7172489716730098
131898465.75870726 0.7161799734591999
132573195.73445305 0.7151132235937095
133169207.2130285 0.7141727914125235
133765218.69160396 0.7132341013783651
134439948.66734976 0.7121735287760116
135789408.61884135 0.7100590274957537
136475384.0941829 0.7089875355722846
137150114.0699287 0.7079358205510844
137824844.0456745 0.7068862907708071
138499574.0214203 0.7058389383910539
139174303.9971661 0.7047937556294844
139849033.97291186 0.703750734760983
140523763.94865766 0.7027098681168437
141198493.92440346 0.7016711480839731
141884469.39974502 0.7006173088341643
142559199.3754908 0.6995828948656528
143233929.3512366 0.6985506048713407
143908659.3269824 0.6975204314538035
144594634.80232397 0.6964752506926271
145269364.77806976 0.6954493234138469
145944094.75381556 0.6944254907075809
146618824.72956136 0.6934037453804769
147293554.70530716 0.6923840802882955
147968284.68105295 0.691366488335259
148643014.65679875 0.6903509624734184
149250271.63496995 0.6894387499186521
149857528.61314118 0.688528200155298
150532258.58888698 0.6875184222531798
151206988.56463277 0.6865106840853935
151881718.54037857 0.6855049788250958
152556448.51612437 0.6845012996898215
153129968.99550828 0.6836497604310758
153703489.4748922 0.6827996760645009
154378219.450638 0.6818014339294814
155064194.92597955 0.6807886061078293
155738924.90172535 0.6797943933965723
156413654.87747115 0.6788021688623412
157088384.85321695 0.6778119260068232
157763114.82896274 0.6768236583720505
158437844.80470854 0.6758373595399185
159123820.2800501 0.6748366341148417
159798550.2557959 0.6738542863386895
160878118.21698916 0.6722865826205215
161282956.20243666 0.6716999752829983
161957686.17818245 0.6707238444851817
162643661.653524 0.6697334230872384
163318391.6292698 0.6687611776926626
163993121.6050156 0.6677908497142786
164589133.08359104 0.6669353167295876
165196390.06176227 0.6660651711599394
165871120.03750807 0.6651001481344053
166557095.51284963 0.6641209836185662
167231825.48859543 0.6631597753451984
167906555.4643412 0.662200449760648
168581285.440087 0.661243000993655
169256015.4158328 0.6602874232061781
169649607.90168452 0.6597308645490131
169773308.3972379 0.6595560770112111
169897008.8927913 0.6593813520150534
170144409.8838981 0.659032089505709
170672948.36489898 0.6582867741062407
171347678.34064478 0.6573369596075836
172022408.31639057 0.6563889924923194
173371868.26788214 0.6544985777469754
174046598.24362794 0.6535561188619213
174721328.21937373 0.652615484849673
175396058.19511953 0.6516766701588387
176070788.17086533 0.6507396692679083
176610572.15146196 0.6499913707995317
177105374.13367555 0.6493064448170778
177723876.61144254 0.6484516482948932
178398606.58718833 0.6475208630391164
179084582.0625299 0.6465763992370844
179759312.0382757 0.6456492174767534
180434042.0140215 0.6447238145118628
181108771.98976728 0.6438001850348052
181783501.96551308 0.6428783237654463
182458231.94125888 0.6419582254508619
182851824.42711058 0.6414223134970295
183256662.41255805 0.6408717126782211
183931392.38830385 0.6399554453571471
184606122.36404964 0.6390409244472472
185280852.33979544 0.6381281448066505
189194286.19912106 0.6328680999840209
189869016.17486686 0.631967026600685
190543746.15061265 0.6310676552507903
191218476.12635845 0.6301699810124441
191893206.10210425 0.6292739989876589
192579181.5774458 0.6283648136585718
193253911.5531916 0.6274722294620289
193928641.5289374 0.626581322846161
194603371.5046832 0.625692089006905
195278101.48042896 0.6248045231630728
195952831.45617476 0.6239186205561549
196627561.43192056 0.623034376450126
197302291.40766636 0.6221517861312544
197988266.8830079 0.6212561764990684
199337726.8344995 0.6194992773399011
200012456.8102453 0.6186232826850929
200687186.7859911 0.6177489185000868
201361916.7617369 0.6168761802013834
202036646.7374827 0.6160050632265035
202497712.220909 0.6154107301095246
202958777.70433527 0.6148171504960037
203633507.68008107 0.6139498525983286
204319483.15542263 0.6130697462019091
204758057.6396574 0.6125079230387634
205207877.62348795 0.6119323957818168
205882607.59923372 0.6110704342443564
206557337.5749795 0.610210063991733
207243313.05032107 0.6093369809808852
207918043.02606687 0.6084798064367292
208592773.00181267 0.6076242099448141
209267502.97755846 0.6067701871575945
209942232.95330426 0.6059177337466674
210616962.92905006 0.6050668454026259
211291692.90479586 0.604217517834912
212641152.85628745 0.6025235279596236
213327128.331629 0.6016647924083984
214001858.3073748 0.6008216911067874
214676588.2831206 0.599980129336664
215351318.2588664 0.5991401029179068
216026048.2346122 0.5983016076882702
216700778.210358 0.5974646395032531
217375508.1861038 0.5966291942359694
218061483.66144535 0.5957813818470529
218736213.63719115 0.5949489953150875
219410943.61293694 0.5941181193568285
220085673.5886827 0.5932887499148548
220760403.5644285 0.592460882948728
221153996.05028024 0.5919786528027794
221277696.54583362 0.5918271999378624
221671289.03168535 0.5913456387223535
222346019.00743115 0.5905212867662964
223020748.98317695 0.5896984238727895
223706724.4585185 0.5888633690034148
224381454.4342643 0.5880434969998088
225056184.4100101 0.5872251021383544
226405644.36150166 0.5855927281819631
227080374.33724746 0.5847787412969684
227473966.8230992 0.5843045908190737
227878804.80854666 0.5838174112321042
228553534.78429246 0.5830066104442744
229228264.76003826 0.5821972628202898
229902994.73578405 0.5813893645384084
230588970.2111256 0.5805694831384177
231263700.1868714 0.5797644961338381
231938430.1626172 0.578960947034992
232613160.138363 0.5781588320811553
233287890.1141088 0.5773581475265431
233962620.0898546 0.5765588896402102
234637350.0656004 0.5757610547059544
235312080.0413462 0.5749646390222181
235998055.51668775 0.5741564008720238
236672785.49243352 0.5733628361432471
237347515.46817932 0.572570679586397
238022245.4439251 0.5717799275577921
238696975.4196709 0.5709905764279288
240057680.87075827 0.5694029648678074
240732410.84650406 0.5686178179354859
241407140.82224986 0.567834057464417
241924433.80365497 0.5672341111552424
242430481.28546432 0.5666479921463644
243116456.76080588 0.565854712082744
243791186.73655167 0.5650758220240114
244465916.71229747 0.5642983023977984
245140646.68804327 0.5635221497055596
245815376.66378906 0.5627473604620155
246490106.63953486 0.5619739311950721
247164836.61528066 0.5612018584457404
247850812.09062222 0.560418304884049
248525542.066368 0.5596489573099607
249200272.0421138 0.5588809558974582
249875002.0178596 0.5581142972393944
250549731.9936054 0.5573489779413359
251190725.4705639 0.5566231621100572
251831718.9475224 0.555898549110051
252517694.42286396 0.5551244152184686
253192424.39860976 0.5543643093028005
254541884.35010135 0.5528480627099674
255216614.32584715 0.5520919154035075
255891344.30159295 0.5513370810244203
256566074.27733874 0.5505835562883508
257240804.25308454 0.5498313379229335
257926779.7284261 0.549067918435193
258601509.7041719 0.5483183246785076
259276239.6799177 0.5475700274927876
259669832.1657694 0.5471341182818792
260063424.6516211 0.5466986485293873
260738154.6273669 0.545953149533124
261424130.10270846 0.5451965442727323
262098860.07845426 0.5444536362455032
262492452.56430596 0.5440208645351482
262886045.0501577 0.543588527744862
263572020.52549925 0.5428360641591842
264246750.50124505 0.5420972197535184
264921480.47699085 0.541359645291973
265315072.96284255 0.5409299787450648
265708665.44869426 0.5405007426474153
266383395.42444006 0.5397659090106541
267069370.8997816 0.5390201198781477
267744100.8755274 0.5382878242151458
269093560.827019 0.5368269913460634
269768290.8027648 0.536098448005871
270443020.7785106 0.535371149323785
271128996.2538521 0.5346330018105078
271803726.2295979 0.5339082039521322
272478456.2053437 0.5331846416128049
273153186.1810895 0.5324623117841979
273827916.1568353 0.5317412114684432
274502646.1325811 0.5310213376780761
275177376.1083269 0.5303026874359803
275773387.5869024 0.5296688951042905
276369399.06547785 0.5290360531268138
277044129.04122365 0.5283207726075281
277718859.01696944 0.52760670451467
278393588.99271524 0.5268938459197069
279079564.4680568 0.5261703432430489
279754294.4438026 0.5254599149349781
280429024.4195484 0.5247506873510045
281103754.3952942 0.5240426576026052
281778484.37104 0.5233358228110894
283026734.82616967 0.5220313189528099
283701464.80191547 0.5213278740817489
284376194.77766126 0.5206256131754947
285050924.75340706 0.519924533402335
285725654.72915286 0.5192246319400998
286411630.2044944 0.5185142704864838
287086360.1802402 0.5178167367387381
287761090.155986 0.5171203728456979
288435820.1317318 0.5164251760230424
289110550.1074776 0.5157311434957546
289785280.0832234 0.5150382724980759
290471255.55856496 0.5143350415381075
291145985.53431076 0.5136445045830486
291820715.51005656 0.5129551208698573
292495445.48580235 0.5122668876695051
293170175.46154815 0.5115798022619944
293844905.43729395 0.5108938619363149
294519635.41303974 0.5102090639904001
295205610.8883813 0.509514021067139
295880340.8641271 0.5088315187374559
299939966.21819764 0.50474897886982
300614696.19394344 0.5040743794399551
301289426.16968924 0.5034008957646365
301964156.14543504 0.5027285252376528
302638886.12118083 0.502057265261233
303313616.0969266 0.5013871132460077
303988346.07267237 0.500718066610967
304674321.5480139 0.5000389997149115
305349051.5237597 0.49937217444616555
306023781.4995055 0.49870644682181714
306698511.4752513 0.4980418142940475
307373241.4509971 0.4973782743232035
307834306.93442345 0.496925482412482
308306617.9174455 0.4964621737083397
308981347.8931913 0.49580122747325917
309656077.8689371 0.49514136526266794
310330807.8446829 0.49448258457226674
311016783.32002443 0.4938139303388267
311691513.2957702 0.49315732312895555
313040973.2472618 0.49184732827768984
313715703.2230076 0.4911939356990698
314390433.1987534 0.4905416097399729
315076408.674095 0.48987950259005913
315751138.6498408 0.48922932020506343
316425868.62558657 0.4885801970747011
317100598.60133237 0.48793213077297304
317775328.57707816 0.4872851188814905
318450058.55282396 0.48663915898944166
319124788.52856976 0.48599424869355734
319810764.0039113 0.48533966340498824
320485493.9796571 0.4846968625149732
321160223.9554029 0.48405510401661966
321834953.9311487 0.4834143855366195
322509683.9068945 0.4827747047090413
323184413.8826403 0.48213605917529684
323859143.8583861 0.4814984465841101
324533873.8341319 0.4808618645914845
325219849.30947345 0.480215726996876
325894579.2852192 0.4795812162775181
326569309.260965 0.47894772912944594
327244039.2367108 0.4783152632375836
327918769.2124566 0.47768381629397694
328604744.68779814 0.4770428874263478
329279474.66354394 0.4764134883702217
329954204.63928974 0.47578510134285756
330628934.61503553 0.47515772406459755
331303664.59078133 0.4745313542627531
331978394.5665271 0.4739059896715743
332653124.5422729 0.47328162803222107
333327854.5180187 0.4726582670927326
334013829.9933603 0.4720255403462932
334407422.479212 0.4716629654440294
334801014.96506375 0.47130072907609016
335217098.450107 0.47091816110117857
335621936.43555444 0.4705462949603374
336296666.41130024 0.4699273105199547
336982641.8866418 0.4692990231703003
337657371.8623876 0.46868203025727095
338332101.8381334 0.4680660215539525
339006831.8138792 0.4674509948651448
339681561.789625 0.46683694800225906
340356291.7653708 0.4662238787832893
341042267.24071234 0.46560159172230076
341716997.21645814 0.464990487474661
342391727.19220394 0.464380354328159
343066457.16794974 0.4637711901269558
344415917.11944133 0.4625557599692985
344899473.6020591 0.4621211687018917
345394275.5842727 0.4616769815802537
346069005.5600185 0.4610721032108719
346743735.5357643 0.4604681821500879
347418465.5115101 0.45986521628318106
350117385.41449326 0.4574628626790898
350803360.8898348 0.45685467891490866
351478090.8655806 0.4562574158449333
352152820.8413264 0.45566109330566856
352827550.8170722 0.4550657092320065
353502280.792818 0.45447126156491535
354177010.7685638 0.45387774825141575
354862986.24390537 0.4532752987815175
355537716.21965116 0.45268366352751693
356212446.19539696 0.45209295647037023
356887176.17114276 0.4515031755811608
357561906.14688855 0.4509143188369047
358236636.12263435 0.4503263842205238
358922611.5979759 0.44972959392983314
359597341.5737217 0.44914351282638165
360272071.5494675 0.44855834780150716
360946801.5252133 0.4479740968616241
365006426.87928385 0.44447803692649523
365681156.85502964 0.4439001442330603
368391322.2576086 0.4415879728690669
369066052.2333544 0.4410145671884715
369740782.2091002 0.4404420501311217
370415512.184846 0.4398704197826522
371090242.1605918 0.439299674234179
371495080.14603925 0.43895765081704247
371888672.63189095 0.4386254323825952
372563402.60763675 0.4380566120402402
373249378.0829783 0.4374792121987747
373924108.0587241 0.43691216208812184
374598838.0344699 0.43634598693881577
375273568.0102157 0.43578068487548915
375948297.9859615 0.43521625402810743
376623027.9617073 0.4346526925319467
377297757.9374531 0.4340899985275744
377972487.9131989 0.43352817016082856
378658463.38854045 0.4329578634808673
379333193.36428624 0.432397775198034
380007923.34003204 0.4318385469911715
380682653.31577784 0.4312801770270895
381357383.29152364 0.430722663477769
382032113.26726943 0.4301660045203435
382706843.2430152 0.42961019833707886
383392818.7183568 0.42904600106089313
384067548.6941026 0.4284919091304655
384742278.6698483 0.42793866452160323
385417008.6455941 0.4273862654369954
386091738.6213399 0.4268347100843687
386766468.5970857 0.42628399667646755
387441198.5728315 0.4257341234310357
388127174.04817307 0.4251759450826793
388801904.02391887 0.4246277607638844
389476633.99966466 0.424080411261188
390151363.97541046 0.42353389481222914
390826093.95115626 0.4229882096595538
391500823.92690206 0.42244335405059724
392175553.90264785 0.42189932623766535
392861529.3779894 0.4213470781038563
393311349.36182 0.4209854108097888
393761169.3456505 0.4206241093513169
394447144.82099205 0.4200738278151933
395121874.79673785 0.419533394353758
395796604.77248365 0.41899377939152405
396471334.74822944 0.41845498121139224
397146064.72397524 0.417916998101005
397820794.69972104 0.4173798283527279
398495524.67546684 0.41684347026363294
399181500.1508084 0.41629900318586327
399856230.1265542 0.4157642767818907
400530960.1023 0.4152303569282753
401205690.0780458 0.41469724194082214
401880420.0537916 0.4141649301399567
402555150.0295374 0.41363341985071045
403241125.50487894 0.4130938709955079
403915855.48062474 0.41256397201176453
404590585.45637053 0.4120348695145462
405265315.43211627 0.41150656184721285
405940045.40786207 0.4109790473576465
406614775.38360786 0.4104523243982353
407300750.8589494 0.40991763245741036
407975480.8346952 0.40939250075703243
408650210.810441 0.4088681556436499
409324940.7861868 0.4083445954875879
409999670.7619326 0.40782181866359835
410674400.7376784 0.40729982355084204
411349130.7134242 0.4067786085328748
412023860.68917 0.40625817199763115
412709836.16451156 0.4057298579157922
413384566.14025736 0.4052109864348727
414059296.11600316 0.4046928885999848
414734026.09174895 0.4041755628164959
415228828.07396257 0.4037966803357615
415734875.5557719 0.4034096148063306
416409605.5315177 0.4028941994145771
417084335.5072635 0.4023795505530773
417590382.9890728 0.40199406599453213
418096430.4708822 0.40160901105988356
418771160.446628 0.4010962716406205
419445890.4223738 0.4005842932559781
420120620.39811957 0.4000730743452481
420806595.8734611 0.3995541120810794
421481325.8492069 0.39904442004571855
426890411.15476906 0.3949855384131473
427565141.13051486 0.3944825966211577
428239871.10626066 0.3939803958463886
428914601.08200645 0.3934789345815213
429589331.05775225 0.39297821132323485
430264061.03349805 0.3924782245721925
430938791.00924385 0.39197897283302763
431624766.4845854 0.3914721521834236
432299496.46033114 0.3909743781856978
432974226.43607694 0.3904773347127443
433648956.41182274 0.3899810202850075
434323686.38756853 0.3894854334268348
434998416.36331433 0.3889905726664629
435673146.3390601 0.3884964365360048
436347876.3148059 0.3880030235714368
437022606.2905517 0.3875103323125845
437708581.7658933 0.387010167880121
438383311.7416391 0.38651892763517504
439058041.7173849 0.38602840471427824
439732771.6931307 0.38553859767258897
440407501.66887647 0.38504950506905045
441082231.64462227 0.38456112546637783
441756961.62036806 0.38407345743104615
442442937.0957096 0.3835783895766307
443117667.0714554 0.3830921521901773
443792397.0472012 0.3826066220692456
444467127.022947 0.3821217977952831
445141856.9986928 0.3816376779534343
445816586.9744386 0.3811542611325278
446491316.9501844 0.38067154592506375
447177292.42552596 0.38018150326825584
447852022.40127176 0.3797001987147842
448526752.37701756 0.3792195915509182
449201482.35276335 0.3787396803837833
449876212.32850915 0.37826046382411477
450550942.30425495 0.3777819404862474
451225672.28000075 0.3773041089881023
451900402.25574654 0.3768269679511753
452586377.7310881 0.3763425809649583
453261107.7068339 0.3758668281795121
453935837.6825797 0.375391761718335
454610567.6583255 0.374917380217163
455285297.6340713 0.3744436823152476
455971273.10941285 0.3739627888334044
456646003.08515865 0.37349046539845143
457320733.06090444 0.37301882147901444
457995463.03665024 0.3725478557283512
458670193.01239604 0.37207756680317694
459344922.98814183 0.3716079533636539
460019652.96388763 0.3711390140733801
460705628.4392292 0.3706629488508164
461380358.4149749 0.3701953650437205
462313734.8814233 0.36954964520316563
462988464.8571691 0.3690836563796742
463663194.8329149 0.36861833454774845
464349170.30825645 0.36814593975574766
465023900.28400224 0.3676819590279369
465698630.25974804 0.3672186413359313
466384605.7350896 0.3667482800413725
467059335.7108354 0.36628629550666764
467734065.6865812 0.36582497008232445
468408795.662327 0.36536430247373064
469083525.6380728 0.3649042913895622
469758255.6138186 0.3644449355417728
470432985.5895644 0.3639862336455829
471107715.5653102 0.36352818441947
471793691.04065174 0.36306316879938805
472468421.01639754 0.3626064319063288
473143150.99214333 0.36215034383704153
473817880.96788913 0.3616949033229787
474492610.9436349 0.36124010909879645
475167340.9193807 0.3607859599023444
475842070.8951265 0.3603324544746567
476516800.8708723 0.35987959155994065
477202776.3462139 0.3594198383037731
477877506.3219597 0.3589682673165448
478552236.2977055 0.35851733507310357
479226966.27345127 0.3580670403303018
479901696.24919707 0.35761738184811465
480576426.22494286 0.35716835838963024
486120457.52565414 0.3535027691813717
486795187.50139993 0.35305954083134367
487469917.47714573 0.3526169350439834
488155892.9524873 0.35216758946696747
488830622.9282331 0.3517262355258038
489505352.9039789 0.35128550052837193
490180082.8797247 0.3508453832810123
490854812.8554705 0.3504058825930335
491529542.8312163 0.3499669972767
492204272.8069621 0.34952872614722463
