1.0 0.9999999978822585
427329.9846390038 0.998545481506937
3486105.87468661 0.9877722086578158
8209215.704907179 0.9735444452048118
26134542.06055381 0.9279895188234324
26618098.543171633 0.9268577748988639
29125844.95302684 0.9210455360315942
29598155.936048895 0.91996114355879
30272885.911794692 0.9184174489429277
32308321.33862784 0.9137981694834052
33556571.793757565 0.9109921972508753
38189717.627212025 0.900743742251198
41012338.0257486 0.8946201927723975
41687068.0014944 0.8931690814671348
45634238.3596073 0.8847735221939087
49480199.22135834 0.8767392578640558
51954209.132426254 0.8716430335037213
53989644.5592594 0.8674907759229044
57352048.93839262 0.8607088390478077
57959305.91656383 0.8594940103980575
58577808.394330814 0.858259770638444
61175518.80095212 0.8531094507884334
65898628.631172694 0.8438796775370715
66584604.10651425 0.8425531719840059
67731645.0652821 0.8403428383329514
68215201.54789992 0.8394139175270695
69564661.49939151 0.836830546550378
70239391.47513731 0.8355437713027474
71600096.92622466 0.8329586242309178
72679664.88741794 0.8309168759442176
73095748.37246118 0.8301321243409304
73568059.35548323 0.8292427810560615
74006633.839718 0.828418342803352
74636381.81708075 0.8272368481892258
75311111.79282653 0.8259739729880043
77335301.72006392 0.8222038604911871
78403624.18166144 0.8202251537645815
78808462.16710891 0.8194773075046831
79483192.1428547 0.8182333002600435
82182112.0458379 0.8132870019127725
83542817.49692525 0.8108110517405479
84892277.44841683 0.8083671874023238
85567007.42416263 0.8071495581259955
86241737.39990842 0.8059347777671528
86916467.37565422 0.8047228318201067
88277172.82674158 0.8022873044757535
89626632.77823317 0.7998831197613984
90301362.75397897 0.7986851809427452
91808259.69981124 0.7960196976427711
92482989.67555703 0.7948306065443453
93157719.65130283 0.793644224367438
93832449.62704863 0.7924605384025661
94507179.60279442 0.7912795360930042
95193155.07813598 0.7900815887416426
95867885.05388178 0.7889059608796111
96542615.02962758 0.7877329796841587
97217345.00537337 0.78656263317811
97892074.98111916 0.7853949095206246
99241534.93261075 0.7830672840518744
99927510.40795231 0.7818880489960398
100602240.3836981 0.7807307438000083
101187006.3626778 0.779729821488636
101760526.84206173 0.7787500123899262
102435256.81780753 0.7775996507657548
103784716.7692991 0.7753065234689792
105820152.19613226 0.7718667204318596
106494882.17187805 0.7707314542113823
107844342.12336965 0.7684683288906783
108282916.60760441 0.7677349290469963
108732736.59143494 0.7669837974784718
109351239.06920192 0.7659527610765652
109980987.04656467 0.7649050765704885
110666962.52190623 0.763766248455201
111341692.49765202 0.7626485210989672
112016422.47339782 0.7615331954866171
112691152.4491436 0.7604202621518973
115401317.85172255 0.7559738941886227
116076047.82746835 0.7548728222292715
116750777.80321415 0.7537740873526442
117425507.77895994 0.7526776806640489
117819100.26481165 0.752039181755817
118212692.75066337 0.7514014703372499
118898668.22600493 0.7502919075424819
120056954.68436855 0.7484237757054981
120540511.16698636 0.7476458714664639
121215241.14273216 0.7465623796642858
121889971.11847796 0.7454811590492241
122564701.09422375 0.7444022012732827
123239431.06996955 0.7433254980552465
123914161.04571535 0.7422510411796084
124588891.02146114 0.7411788224955255
125274866.4968027 0.7400910196209496
126624326.44829428 0.7379577745398429
127973786.39978588 0.7358333538526692
128648516.37553167 0.7347744330897703
129323246.35127747 0.7337176950619321
129997976.32702327 0.7326631321017082
130683951.80236483 0.7315932149929141
131358681.77811062 0.7305430153244352
132033411.75385642 0.7294949679309332
132708141.7296022 0.7284490653659889
133382871.705348 0.7274053002362213
134057601.6810938 0.7263636652005281
134743577.15643537 0.7253068457090652
135418307.13218117 0.7242694842420215
135969336.61237356 0.7234238699521436
136520366.09256595 0.7225796578615814
137195096.06831175 0.7215478328103788
137869826.04405755 0.7205180973234616
138544556.01980335 0.7194904443892433
139219285.99554914 0.7184648670431234
139894015.97129494 0.7174413583668577
141929451.3981281 0.71436623744276
142604181.3738739 0.7133509691365261
143278911.3496197 0.7123377354718559
143953641.32536545 0.7113265297968115
145089436.78453755 0.7096288954272364
145550502.26796386 0.7089413840725863
146225232.24370965 0.7079369576189504
146899962.21945545 0.7069345305965579
147574692.19520125 0.705934096574223
148249422.17094705 0.7049356491602815
148935397.6462886 0.7039225909572948
149610127.6220344 0.7029281305865942
150959587.57352597 0.7009451062919819
151398162.05776075 0.7003023096477472
151836736.54199553 0.6996603373479102
153309896.9890405 0.6975099817240255
153984626.9647863 0.6965281678127493
154659356.9405321 0.6955482816717207
155334086.9162779 0.6945703172968338
156020062.39161944 0.6935780174393742
157369522.34311104 0.691631707427713
158044252.31885684 0.6906614023457383
158718982.29460263 0.6896929894221289
159404957.7699442 0.6887103700271818
160079687.74569 0.6877457553400601
160754417.7214358 0.6867830154054576
161429147.69718158 0.6858221445173245
163453337.62441894 0.682950689537556
164814043.0755063 0.6810297836251961
165488773.0512521 0.6800800394585381
166838233.0027437 0.6781860352667883
167512962.9784895 0.6772417643408469
168120219.95666072 0.676393471255083
168727476.93483192 0.6755466432301197
170088182.38591927 0.6736544205505145
170762912.36166507 0.6727188357319828
171437642.33741087 0.6717850388161889
172787102.28890246 0.6699227877281524
173461832.26464826 0.6689943231397519
174147807.73998982 0.6680521956043084
175497267.6914814 0.6662041397894723
176171997.6672272 0.6652827418768495
180231623.02129775 0.6597756880135558
180906352.99704352 0.6588664396102848
181581082.97278932 0.6579589029088361
182255812.9485351 0.6570530730356535
182930542.9242809 0.6561489451402999
183616518.39962247 0.6552314882340761
184291248.37536827 0.654330777999716
184965978.35111406 0.6534317552490609
185640708.32685986 0.6525344152225216
186315438.30260566 0.6516387531826384
187001413.77794722 0.6507298787506426
188350873.7294388 0.6489469577353452
189025603.7051846 0.6480579883184842
189700333.6809304 0.6471706734494249
190375063.6566762 0.6462850085199592
191061039.13201776 0.6453862691968693
191735769.10776356 0.6445039177130812
192410499.08350936 0.6436232023931334
193085229.05925515 0.6427441187115701
193658749.53863907 0.6419981770922044
194232270.01802298 0.6412534083207603
194918245.49336454 0.64036414296607
195592975.46911034 0.6394910842095591
196267705.44485614 0.6386196360158073
196942435.42060193 0.6377497939725956
197617165.39634773 0.6368815536869915
198303140.8716893 0.6360004802453968
198977870.8474351 0.6351354568862978
199652600.82318088 0.6342720221481205
201676790.75041828 0.6316912065820925
202351520.72616407 0.6308340833427672
203037496.20150563 0.6299642813104127
203712226.17725143 0.6291103143001148
204386956.15299723 0.628257906006707
205061686.12874302 0.6274070522404767
205736416.10448882 0.6265577488293091
206411146.08023462 0.6257099916185599
207085876.0559804 0.6248637764709253
207760606.03172618 0.6240190992663184
208401599.5086847 0.6232180767044178
209042592.9856432 0.6224184349294024
209717322.961389 0.6215781946178088
210392052.9371348 0.6207394763430825
211066782.9128806 0.6199022760677233
211741512.8886264 0.6190665897707336
212427488.36396796 0.6182185232788794
213338373.83122477 0.6170948071998671
214024349.30656633 0.6162503576690058
214699079.28231212 0.6154212606112149
215373809.25805792 0.6145936561641354
216048539.23380372 0.6137675404094378
216723269.20954952 0.6129429094444706
217397999.1852953 0.6121197593821542
218083974.66063687 0.6112844042921045
218758704.63638267 0.610464228955939
219433434.61212847 0.6096455228896784
220108164.58787426 0.6088282822677396
220782894.56362006 0.6080125032795948
221457624.53936586 0.6071981821296714
222132354.51511163 0.6063853150372545
222818329.99045318 0.6055603868888488
223493059.96619898 0.6047504407055491
224167789.94194478 0.6039419372636308
224842519.91769058 0.6031348728410852
225517249.89343637 0.6023292437302841
226191979.86918217 0.6015250462378849
227541439.82067376 0.599920931405818
228227415.29601532 0.5991076866875934
228902145.27176112 0.5983092026036607
229576875.24750692 0.5975121318223011
230251605.2232527 0.5967164707342436
230926335.1989985 0.5959222157438828
231409891.68161634 0.5953538626169604
231893448.16423416 0.5947862285231604
233254153.6153215 0.5931927797477006
233928883.59106728 0.5924047386431234
234603613.56681308 0.591618084276756
235278343.54255888 0.5908328131391475
235953073.51830468 0.5900489217339027
236627803.49405047 0.5892664065776043
237302533.46979627 0.588485264199734
237977263.44554207 0.5877054911425967
238663238.92088363 0.5869141220606585
240687428.84812102 0.5845871293761171
241227212.82871765 0.583968657071742
241766996.80931428 0.583351048420753
242441726.78506008 0.5825802494887331
243116456.76080588 0.5818107939542096
243791186.73655167 0.581042678466891
244477162.21189323 0.5802631313482355
245151892.18763903 0.5794977081477937
245826622.16338482 0.5787336149609816
246501352.13913062 0.5779708484857659
247176082.11487642 0.5772094054319564
247850812.09062222 0.5764492825211394
248525542.066368 0.5756904764866111
249200272.0421138 0.5749329840733122
249886247.51745537 0.5741642100872248
250560977.49320117 0.5734093569559041
251235707.46894696 0.5726558076962723
251910437.44469276 0.5719035590993911
252585167.42043853 0.5711526079676441
253934627.37193012 0.5696545853653356
254598111.84808016 0.568919948315577
255261596.3242302 0.5681865536338448
255947571.79957175 0.5674296011917989
256622301.77531755 0.5666863470442962
257297031.75106335 0.5659443683424225
257971761.72680914 0.5652036619767726
258646491.70255494 0.5644642248487249
259321221.67830074 0.5637260538703831
260007197.1536423 0.5629768748496399
260681927.1293881 0.5622412479238168
261356657.1051339 0.5615068778969524
262031387.0808797 0.5607737617236629
262706117.0566255 0.5600418963690081
263380847.03237128 0.5593112788084387
264055577.00811708 0.5585819060277395
265416282.4592044 0.5571147784083083
266091012.4349502 0.5563891425559127
267440472.3864418 0.5549415662154422
268115202.3621876 0.5542196198110534
268789932.3379334 0.5534988973229998
270825367.7647666 0.5513321032136189
271500097.7405124 0.5506162673361843
272174827.7162581 0.549901640758786
272748348.19564205 0.5492951568255162
273321868.675026 0.5486895427616486
274007844.15036756 0.5479663208139129
278056224.00484234 0.5437232575641782
278742199.4801839 0.5430085255371586
279416929.4559297 0.5423066991054913
280091659.4316755 0.5416060487279664
280766389.4074213 0.5409065716302515
282801824.83425444 0.538803562699655
283476554.81000024 0.538108770506879
284151284.785746 0.5374151378121736
284826014.7614918 0.5367226618951859
285500744.7372376 0.5360313400443849
286175474.71298337 0.5353411695570197
286861450.1883249 0.5346406737585888
287536180.1640707 0.5339528170017875
288210910.1398165 0.533266103507896
288885640.1155623 0.5325805306090136
289560370.0913081 0.5318960956458136
290235100.0670539 0.5312127959675041
290909830.0427997 0.530530628931788
291584560.0185455 0.5298495919048228
292270535.49388707 0.5291583599703134
292945265.46963286 0.5284795938169273
294294725.42112446 0.5271254252523496
294969455.39687026 0.526450017648873
296318915.34836185 0.5251025428805632
297004890.8237034 0.5244192787503011
297567165.8034916 0.5238600793036596
298129440.7832797 0.5233016468475642
298804170.7590255 0.5226325382542567
299490146.2343671 0.5219534052925056
300164876.21011287 0.5212865120518275
300839606.18585867 0.52062071352548
301514336.16160446 0.5199560071996602
302189066.13735026 0.519292390568435
302717604.61835116 0.5187733170429385
303246143.099352 0.5182549094357414
303920873.0750978 0.5175940782715915
304595603.0508436 0.516934327927771
305270333.0265894 0.5162756559338426
305956308.50193095 0.5156071089930945
306631038.47767675 0.5149506041880894
307305768.45342255 0.514295170326864
307980498.42916834 0.5136408049696136
308655228.40491414 0.5129875056840755
309329958.38065994 0.5123352700454967
310004688.35640574 0.5116840956366014
311365393.8074931 0.5103741121596383
312040123.7832389 0.5097261245572088
312714853.7589847 0.5090791885497472
313389583.7347305 0.5084333017569985
314064313.7104763 0.5077884618059948
314739043.6862221 0.5071446663310185
315425019.16156363 0.5064912092332683
316099749.13730943 0.5058495129516128
316774479.1130552 0.5052088540530355
317449209.088801 0.5045692302006425
318123939.0645468 0.503930639064638
318798669.0402926 0.503293078322296
319473399.0160384 0.502656545657929
320148128.9917842 0.5020210387628592
320834104.4671258 0.5013759892695635
321508834.4428716 0.5007425440150897
322183564.41861737 0.500110117607569
322858294.39436316 0.49947870776618203
323533024.37010896 0.4988483122169725
324207754.34585476 0.49821892869281825
324882484.32160056 0.4975905549334032
325568459.7969421 0.49695274110410526
326917919.74843365 0.49570105559438526
327592649.72417945 0.49507671508686246
328267379.69992524 0.4944533731065467
328672217.68537277 0.49407984628763846
329043319.17203295 0.4937377613771204
331618538.5794627 0.49137216050924476
332293268.5552085 0.49075473049511703
332866789.03459245 0.49023068810806975
333350345.51721025 0.4897893994210644
333923865.9965942 0.4892666628285626
334598595.97234 0.48865258310949533
335273325.9480858 0.4880394791854716
335948055.9238316 0.4874273489038785
336386630.40806633 0.48702998531967023
336825204.8923011 0.4866330316044689
337499934.8680469 0.4860231325657247
338174664.8437927 0.48541420011061137
338849394.8195385 0.4848062321135852
339535370.29488003 0.4841891178354652
340210100.2706258 0.483583088388767
340614938.25607336 0.48321993073548847
341031021.7411166 0.48284704430645964
341705751.7168624 0.4822431357797835
342380481.6926082 0.48164018068854014
343055211.668354 0.48103817694560863
343729941.6440998 0.4804371224699445
344415917.11944133 0.47982702141153033
345090647.0951871 0.4792278749860111
349150272.4492576 0.4756428441043949
349825002.4250034 0.47505027136993855
350499732.4007492 0.4744586273539778
351174462.376495 0.47386791004094175
351849192.3522408 0.47327811742105613
352523922.3279866 0.47268924749031904
353198652.3037324 0.4721012982504804
353884627.77907395 0.4715044916387549
354559357.75481975 0.47091839307058203
355234087.73056555 0.4703332091998718
355908817.70631135 0.4697489380512519
356583547.68205714 0.4691655776549911
357258277.65780294 0.4685831260469779
357944253.1331445 0.46799189652746
358618983.1088903 0.4674112716907429
359293713.0846361 0.46683154975103097
359968443.0603819 0.4662527287665687
360643173.0361277 0.46567480680111323
361317903.0118735 0.46509778192391366
361992632.9876193 0.4645216522096903
362509925.9690244 0.46408055778715274
363038464.45002526 0.4636304157305813
363713194.42577106 0.46305656000501094
364387924.40151685 0.46248359265155153
365073899.8768584 0.46190198458777265
365748629.8526042 0.4613308030088651
366423359.82835 0.4607605040847299
367098089.8040958 0.46019108593082275
367772819.7798416 0.45962254666789654
368447549.7555874 0.45905488442198167
369122279.7313332 0.4584880973243668
369695800.21071714 0.4580070149847001
370100638.1961646 0.4576678067096984
370617931.1775697 0.45723482995331083
371292661.1533155 0.45667084530446883
371967391.1290613 0.45610772798157734
372642121.1048071 0.45554547614303864
373328096.58014864 0.4549747387891283
374002826.55589443 0.4544142267631567
374677556.53164023 0.4538545746971013
375352286.507386 0.45329578076988664
376027016.4831318 0.4527378431654998
376701746.4588776 0.4521807600729719
377376476.4346234 0.4516245296863583
377781314.4200709 0.4512912000038318
378174906.9059226 0.4509674227907839
378860882.38126415 0.45040381549298375
379535612.35700995 0.4498503016875558
380210342.33275574 0.4492976330575397
380885072.30850154 0.44874580782282847
381559802.28424734 0.4481948242082278
382245777.7595889 0.4476355184860242
382920507.7353347 0.44708622675876647
383494028.21471864 0.44661998639624007
384078794.19369835 0.4461452250583675
384753524.16944414 0.4455982011734425
385428254.1451899 0.4450520088247909
386102984.1209357 0.4445066462698378
386777714.0966815 0.4439621117707845
387452444.0724273 0.44341840359459395
388127174.04817307 0.4428755200129701
388813149.5235146 0.4423244319189168
389487879.4992604 0.4417832060317611
390162609.4750062 0.4412427995540449
390837339.450752 0.4407032107763531
391512069.4264978 0.4401644379939297
392096835.4054775 0.4396981603177991
392681601.38445723 0.43923249316383345
393356331.360203 0.4386959421077412
394031061.3359488 0.4381602007233749
394705791.3116946 0.4376252673278046
395380521.2874404 0.4370911402426648
396066496.762782 0.4365489358942104
396741226.7385278 0.4360164297816854
397415956.7142736 0.43548472494401363
398090686.69001937 0.4349538197210017
398765416.6657651 0.43442371245694156
399440146.6415109 0.43389440150059255
402150312.04408985 0.4317763255288482
402825042.01983565 0.4312509846192874
403499771.99558145 0.4307264301759239
404185747.470923 0.43019393772532366
404860477.4466688 0.4296709643978991
405535207.4224146 0.4291487726619017
406209937.3981604 0.4286273609100707
406884667.3739062 0.4281067275394453
407559397.349652 0.4275868709513493
408245372.82499355 0.42705914475321455
408762665.8063987 0.42666171620482646
409291204.28739953 0.4262561167839968
409965934.2631453 0.42573901776519824
410640664.2388911 0.42522268828235943
411315394.2146369 0.4247071267603876
411990124.1903827 0.42419233162837805
412664854.1661285 0.42367830131960066
413339584.1418743 0.42316503427148555
414700289.59296167 0.4221322610723512
415375019.56870747 0.4216212871023744
416049749.54445326 0.4211110701583619
416679497.521816 0.4206355493226368
417297999.999583 0.42016915930798227
417972729.9753288 0.4196610914424176
425597178.7012563 0.41397176112761475
426271908.6770021 0.4134728268204136
426946638.65274787 0.41297462512792593
427621368.62849367 0.41247715457239165
428296098.60423946 0.41198041367991006
428970828.57998526 0.4114844009804254
429645558.55573106 0.4109891150077157
430331534.0310726 0.41048631775719496
431006264.0068184 0.4099924929057295
431680993.9825642 0.4094993903810281
432355723.95831 0.40900700873213547
