1.0 0.99999999797034
3711015.866601875 0.9840256543195594
27686421.004769143 0.9170585668365117
29440718.94170821 0.9129034336097691
30115448.917454004 0.9113198756077929
32150884.344287153 0.9065891813714154
32825614.32003295 0.9050357624247516
34141337.77273725 0.9020268018826474
37481251.15267894 0.8945021594508719
38841956.60376629 0.8914805619537524
41968205.49138848 0.8846282654397816
42642935.467134275 0.8831650890646063
43317665.44288007 0.881707302657387
44385987.90447758 0.8794099630295029
45735447.85596917 0.8765265940806829
47073662.307865 0.8736871437673618
47748392.28361079 0.8722628268495468
56261235.47760358 0.8546883187435769
56666073.46305106 0.8538698036375088
58690263.39028844 0.8497993665957435
60039723.34178004 0.8471058558012357
60714453.317525834 0.845765016158737
61400428.79286739 0.8444058203892416
62749888.74435898 0.8417435907752575
63424618.72010478 0.8404181722419894
64099348.69585057 0.8390965056553842
64774078.67159637 0.8377785578410253
66134784.12268372 0.8351318769791738
66697059.10247188 0.8340425242639805
67259334.08226004 0.8329556701290991
67934064.05800584 0.8316547190709949
68620039.5333474 0.830335718439424
69294769.5090932 0.8290418852286514
70644229.46058479 0.8264646527356653
71318959.43633059 0.8251811993459386
71993689.41207638 0.8239011527121558
72668419.38782218 0.8226244871381562
74029124.83890952 0.8200600607020645
74703854.81465532 0.8187934440794434
75378584.79040112 0.8175301102962403
76728044.74189271 0.8150131985344601
77402774.71763851 0.8137595752761468
78088750.19298007 0.8124883306768186
78763480.16872586 0.811241122968824
79438210.14447166 0.8099970643092294
79843048.12991913 0.8092521319664151
80247886.11536661 0.8085083213256669
81608591.56645396 0.8060164549609178
82283321.54219976 0.8047854496537714
82958051.51794556 0.8035574884886066
83632781.49369135 0.8023325523985538
84026373.97954306 0.8016193958720937
84431211.96499054 0.800886926813427
87130131.86797373 0.7960310699892167
87804861.84371953 0.7948244338165447
88479591.81946531 0.7936206944617338
89154321.7952111 0.7924198351853511
89840297.27055266 0.7912018970723566
90515027.24629846 0.7900067960517871
91189757.22204426 0.7888145261073194
91864487.19779006 0.7876250714697787
92505480.67474855 0.786497683083149
93146474.15170707 0.7853728083409535
93821204.12745287 0.7841914309862428
94507179.60279442 0.7829931891258028
95181909.57854022 0.7818173544633409
95856639.55428602 0.7806442462587868
96340196.03690383 0.779805187882734
96823752.51952165 0.778967517283882
98184457.97060901 0.7766177539699939
98859187.9463548 0.7754566075857177
99533917.9221006 0.7742981119184568
100208647.8978464 0.7731422536462427
100883377.87359218 0.7719890196155164
102918813.30042534 0.7685258650765703
103593543.27617113 0.7673830424966905
104943003.22766273 0.765105067120891
105617733.20340852 0.7639698900368356
106123780.68521787 0.7631201645398377
106641073.66662298 0.7622530187495091
107315803.64236878 0.7611241723972241
107990533.61811458 0.7599978210713805
108665263.59386036 0.7588739533142552
110025969.04494771 0.7566149951934124
110700699.02069351 0.7554985514057758
111375428.99643931 0.7543845464318085
112050158.9721851 0.7532729694319572
112724888.9479309 0.7521638096825922
113399618.9236767 0.7510570565737344
114085594.39901826 0.7499343138987228
114760324.37476406 0.7488323823596825
115435054.35050985 0.7477328261208174
116109784.32625563 0.7466356350069447
116784514.30200143 0.745540798946011
117459244.27774723 0.7444483079671566
118133974.25349303 0.7433581521988297
119483434.20498462 0.7411848072931343
120146918.68113466 0.7401196335199932
120832894.15647621 0.7390206871740942
121507624.13222201 0.7379420627350339
122182354.1079678 0.7368657162630781
123531814.05945939 0.7347198204052765
124206544.03520519 0.7336502528249732
124881274.01095098 0.7325829268198996
125567249.48629254 0.7315001008095416
126017069.47012307 0.7307912992983991
126466889.45395361 0.7300834835184198
127152864.92929517 0.7290059564730413
127827594.90504095 0.7279483155481733
128502324.88078675 0.7268928694058828
129177054.85653254 0.725839609569738
129851784.83227834 0.7247885276364611
130526514.80802414 0.7237396152747326
131201244.78376994 0.7226928642240239
131887220.2591115 0.7216308745233047
132561950.23485729 0.7205884572720653
133236680.21060309 0.7195481768300386
133911410.18634889 0.7185100252098018
134305002.6722006 0.7179054167133693
134709840.65764806 0.7172842849611756
135384570.63339385 0.7162507538262011
136059300.60913965 0.7152193265164399
136734030.58488545 0.7141899953110707
137408760.56063125 0.7131627525504879
138083490.53637704 0.7121375906353725
138769466.0117186 0.711097468071778
139444195.9874644 0.7100764796536316
140118925.9632102 0.7090575495125154
140793655.938956 0.7080406702823335
141468385.9147018 0.707025834652923
142817845.86619338 0.7050022652305762
144178551.31728074 0.7029700219956141
145528011.26877233 0.7009626388069707
146877471.22026393 0.6989632309255086
147552201.19600973 0.6979665005310617
148226931.1717555 0.6969717434285521
148732978.65356484 0.6962269665156589
149239026.1353742 0.6954832929571337
149913756.11112 0.6944934396816291
150588486.08686578 0.6935055362984549
151274461.56220734 0.692503159984857
151949191.53795314 0.6915191689105807
152623921.51369894 0.690537108010086
153298651.48944473 0.6895569708357028
154648111.44093633 0.6876024420904685
155322841.41668212 0.6866280378384931
157358276.84351528 0.6837000608320372
158707736.79500687 0.6817683008248706
159393712.27034843 0.6807891896033692
160068442.24609423 0.679828006271391
160743172.22184002 0.6788686782811169
161417902.19758582 0.6779111996709819
162092632.17333162 0.6769555645166515
162767362.1490774 0.6760017669305753
163419601.12563166 0.6750815038077039
164060594.60259017 0.6741787698268636
164735324.57833597 0.6732302985246474
165410054.55408177 0.6722836420770992
166084784.52982756 0.6713387947713146
166759514.50557336 0.670395750928699
167445489.98091492 0.6694388326703525
168120219.95666072 0.6684994086763415
168794949.9324065 0.6675617712189854
170144409.8838981 0.665691833767928
170819139.8596439 0.6647595227817225
175553495.18946022 0.6582671322104486
176228225.16520602 0.6573488164064367
176914200.64054757 0.6564169605743677
177588930.61629337 0.6555021121147095
178263660.59203917 0.6545889752185172
178938390.56778497 0.6536775447650138
179613120.54353076 0.6527678156612835
180287850.51927656 0.6518597828419865
180962580.49502236 0.650953441269078
181648555.97036391 0.6500337226003086
182998015.9218555 0.648229506595797
183672745.8976013 0.6473299079786952
184347475.8733471 0.6464319757361083
185022205.8490929 0.64553570498853
185696935.82483867 0.6446410908818951
186382911.30018023 0.6437332598495504
187057641.27592602 0.6428419719727249
187732371.25167182 0.6419523262454048
188407101.22741762 0.6410643179132645
189081831.20316342 0.640177942246215
189756561.1789092 0.6392931945381753
190442536.65425077 0.6383953650925204
191117266.62999657 0.6375138862167906
191791996.60574237 0.6366340212465692
192466726.58148816 0.63575576556996
193141456.55723396 0.6348791145979734
193816186.53297976 0.6340040637643157
194502162.00832132 0.6331160644303119
195851621.9598129 0.6313739755562169
196526351.9355587 0.630505306390124
197201081.9113045 0.6296382147901035
197875811.8870503 0.6287726963221473
198550541.8627961 0.6279087465735518
199236517.33813766 0.6270320012907946
199911247.31388345 0.6261712017894666
200585977.28962925 0.6253119578230296
201193234.26780045 0.6245399646572324
201800491.24597168 0.6237692248262423
202475221.22171748 0.6229143133922299
203149951.19746327 0.6220609411508545
203824681.17320904 0.6212091038496845
204499411.14895484 0.6203587972560278
205174141.12470064 0.6195100171567649
205848871.10044643 0.6186627593581862
206534846.575788 0.617802936862834
207209576.5515338 0.6169587363590778
207670642.0349601 0.6163827345901044
208131707.5183864 0.6158074364827119
209481167.469878 0.6141276684405
210167142.94521955 0.6132760824403385
210841872.9209653 0.6124399611763115
211516602.8967111 0.6116053277305312
212191332.8724569 0.6107721780841298
212866062.8482027 0.6099405082360699
213540792.8239485 0.6091103142030033
214215522.7996943 0.6082815920191319
214901498.27503586 0.6074405625786556
215576228.25078166 0.6066147966315837
216250958.22652745 0.6057904906751603
216925688.20227325 0.6049676408127135
217600418.17801905 0.6041462431644495
218275148.15376484 0.6033262938673232
218949878.12951064 0.6025077890749109
219635853.6048522 0.6016771194059668
220310583.580598 0.6008615160650419
220985313.5563438 0.6000473457248883
222334773.5078354 0.5984232889392458
223009503.4835812 0.5976133949798287
223684233.45932698 0.5968049189930889
224358963.43507275 0.5959978572614301
225044938.9104143 0.5951787904926519
225719668.8861601 0.5943745695970366
226394398.8619059 0.5935717518354396
226855464.3453322 0.5930239648139912
227316529.8287585 0.5924768301083345
227991259.8045043 0.5916773185600959
228665989.7802501 0.5908791978977607
229340719.7559959 0.5900824645158624
230015449.7317417 0.5892871148236699
230701425.20708326 0.5884799240910998
231376155.18282902 0.5876873539769962
232050885.15857482 0.5868961568087957
232725615.13432062 0.5861063290539263
233400345.1100664 0.5853178671940436
234075075.0858122 0.5845307677249332
234761050.56115377 0.5837319429733635
236110510.51264536 0.5821645697114489
236785240.48839116 0.5813829074886061
237178832.97424287 0.5809275592166039
237302533.46979627 0.5807845441764077
237707371.45524377 0.580316810305516
238382101.43098953 0.5795383257692533
239056831.40673533 0.5787611781790774
240406291.35822693 0.5772108802923921
241081021.33397272 0.5764377232566528
241766996.80931428 0.5756530369892501
242441726.78506008 0.5748825455254598
243116456.76080588 0.5741133708128765
244465916.71229747 0.572578958410196
245140646.68804327 0.571813714136324
245680430.6686399 0.5712024574540238
246220214.64923653 0.5705920333949277
246906190.1245781 0.5698174849476291
247580920.1003239 0.5690569399045203
248255650.07606968 0.5682976867115096
248930380.05181548 0.56753972215271
249605110.02756128 0.5667830430243814
250965815.47864863 0.5652609704923605
255025440.83271918 0.5607506430095991
255700170.80846497 0.5600054324055186
256374900.78421077 0.5592614757435479
257049630.75995657 0.5585187699490897
257724360.73570237 0.5577773119588278
258399090.71144813 0.5570370987206615
259073820.68719393 0.5562981271936378
259759796.1625355 0.5555481092776303
260434526.1382813 0.5548116326631538
261109256.11402708 0.5540763886531519
261783986.08977288 0.5533423742507896
262458716.06551868 0.5526095864700559
263133446.04126447 0.5518780223356987
264494151.49235183 0.5504064113632081
265168881.46809763 0.5496785206446722
265843611.44384342 0.5489518417290751
266518341.41958922 0.5482263716942147
267193071.39533502 0.5475021076282817
267867801.37108082 0.5467790466298006
268542531.3468266 0.5460571858075725
269217261.3225724 0.5453365222806154
269903236.79791397 0.544605072129522
270577966.77365977 0.543886814425962
271252696.74940556 0.5431697453880361
271927426.72515136 0.5424538621752305
272602156.70089716 0.5417391619569656
273153186.1810895 0.5411563656991173
273704215.66128194 0.5405743550199839
274378945.63702774 0.5398627565523341
275064921.1123693 0.5391405003699205
275739651.0881151 0.5384312641793257
276414381.0638609 0.5377231951745333
277089111.0396067 0.5370162905896564
277763841.0153525 0.536310547668335
279124546.46643984 0.5348908218210119
279799276.44218564 0.534188566647823
280474006.41793144 0.5334874621617626
281148736.39367723 0.5327875056534969
281834711.8690188 0.5320770572567821
282509441.8447646 0.531379407633319
283184171.8205104 0.5306828978701806
283858901.7962562 0.5299875252947898
284533631.772002 0.5292932872435999
285208361.7477478 0.528600181062049
285883091.7234936 0.5279082041045108
286569067.19883513 0.5272058490911307
287243797.17458093 0.5265161413906978
287918527.1503267 0.5258275549869809
288593257.12607247 0.5251400872697862
289267987.10181826 0.5244537356376278
289717807.08564883 0.523996786649336
290167627.06947935 0.5235403317801814
290842357.04522514 0.5228565742781311
291528332.5205667 0.5221625561195432
292203062.4963125 0.5214810293982168
293552522.4478041 0.5201212803478256
294227252.4235499 0.519443052932716
294901982.3992957 0.5187659202142387
295576712.3750415 0.5180898796702169
296251442.3507873 0.5174149287867366
296914926.8269373 0.5167522872251622
297600902.3022789 0.5160682859868183
298275632.2780247 0.5153965890835024
298950362.2537705 0.5147259718668918
299625092.22951627 0.5140564318637815
300311067.7048578 0.5133768346129092
300985797.6806036 0.5127094594999768
301660527.6563494 0.5120431541881494
302335257.6320952 0.5113779162362065
303009987.607841 0.5107137432107948
303684717.5835868 0.5100506326863884
304370693.0589284 0.5093775570387589
305045423.03467417 0.5087165818784272
305720153.01041996 0.5080566619491469
306394882.98616576 0.5073977948564597
307069612.9619115 0.5067399782135495
307744342.9376573 0.5060832096412052
311815213.7913236 0.5021428088592648
312489943.7670694 0.501493345141899
313164673.7428152 0.5008449106537498
315728647.65064925 0.4983902054915368
316403377.62639505 0.49774667924658844
317089353.1017366 0.49709346900976165
317764083.0774824 0.4964519892080631
318438813.0532282 0.49581152075417884
319113543.028974 0.49517206139183223
319788273.0047198 0.4945336088717465
320463002.9804656 0.4938961609516125
321148978.45580715 0.4932491164496859
321823708.43155295 0.4926136876803361
322498438.40729874 0.4919792567885355
323173168.38304454 0.4913458215596462
323847898.35879034 0.4907133797858433
324522628.3345361 0.49008192926608285
325197358.3102819 0.48945146780607174
325872088.28602767 0.48882199321823916
326411872.26662433 0.4883191226301654
326951656.247221 0.4878168811308543
327637631.72256255 0.4871795218730256
328312361.69830835 0.4865535983143052
328987091.67405415 0.4859286516147656
329661821.64979994 0.48530467962403656
330336551.6255457 0.4846816801982747
331011281.6012915 0.48405965120013617
331686011.5770373 0.48343859049874716
332371987.05237883 0.482808169234413
333046717.02812463 0.48218905480930624
333721447.0038704 0.48157090229172916
334396176.9796162 0.48095370957651573
335082152.4549578 0.4803272120832536
335756882.4307036 0.47971194859172234
336431612.4064494 0.4790976385902146
337106342.3821952 0.4784842799988287
337781072.357941 0.4778718707438857
338455802.33368677 0.4772604087579023
339141777.8090283 0.47663972469622184
339816507.7847741 0.4760301667721908
340491237.7605199 0.47542154991748253
341165967.7362657 0.47481387208923675
341840697.7120115 0.4742071312506575
342515427.6877573 0.4736013253709892
343201403.1630989 0.4729863791022515
343876133.13884467 0.4723824525703557
344550863.11459047 0.47177945490759066
345225593.09033626 0.47117738410720483
345900323.06608206 0.4705762381683604
346383879.54869986 0.4701459847189867
346856190.53172195 0.4697261940500484
347542166.0070635 0.4691173007674915
348216895.9828093 0.4685193150400851
348891625.9585551 0.46792224537442934
349566355.9343009 0.4673260898013911
350241085.9100467 0.46673084635759443
350915815.8857925 0.4661365130853978
351590545.8615383 0.4655430880328706
352276521.33687985 0.4649407016078738
352951251.31262565 0.46434910221742304
353625981.28837144 0.46375840519267775
354300711.26411724 0.4631686086044108
354975441.239863 0.4625797105289892
355650171.2156088 0.4619917090483521
356336146.69095033 0.46139482470576054
357010876.66669613 0.46080862554614843
357685606.6424419 0.4602233172287006
358360336.6181877 0.45963889785751094
359035066.5939335 0.459055365542134
359709796.5696793 0.45847271839756204
360395772.0450209 0.4578812659527396
361070502.0207667 0.45730039819083484
361745231.9965125 0.4567204099460235
362419961.97225827 0.4561412993549233
363094691.94800407 0.4555630645594825
363769421.92374986 0.4549857037069587
364455397.3990914 0.4543996141820339
365130127.3748372 0.4538240101668915
365804857.350583 0.45324927453751224
366479587.3263288 0.4526754054622679
367154317.3020746 0.4521024011147352
367829047.2778204 0.45153025967367544
368413813.2568001 0.4510351003497022
368987333.736184 0.45055009041959654
370348039.18727136 0.44940185861199655
371022769.16301715 0.44883377703942107
371697499.13876295 0.44826654803061655
372372229.11450875 0.4477001697987299
373046959.09025455 0.44713464056193775
373721689.06600034 0.4465699585434282
374396419.04174614 0.4460061219713802
375071149.01749194 0.4454431290789451
375757124.4928335 0.44487161604421727
376431854.4685793 0.444310319218079
377106584.4443251 0.4437498607714924
377522667.9293683 0.44340466187855754
377938751.4144116 0.44305978072949836
378613481.3901574 0.44250118836326224
379288211.3659032 0.4419434287453066
379962941.341649 0.4413865001442669
380648916.81699055 0.44082113952787066
381323646.79273635 0.4402658815640703
381840939.77414143 0.43984074314782284
382358232.75554657 0.4394160893601492
383032962.7312923 0.438862920157792
383707692.7070381 0.43831057245033916
384382422.6827839 0.437759044537652
385057152.6585297 0.43720833472429055
385743128.13387126 0.4366492833366029
386417858.10961705 0.4361002182187338
387092588.08536285 0.43555196611390823
387767318.06110865 0.4350045253453868
388442048.03685445 0.4344578942410415
389128023.512196 0.4339029809175946
389802753.4879418 0.43335797756841293
390477483.4636876 0.43281377886692396
391152213.4394334 0.4322703831593529
391826943.4151792 0.43172778879645113
392265517.89941394 0.4313755314023655
392692846.884053 0.43103263080845033
393378822.35939455 0.43048285392618574
394053552.33514035 0.4299428923556877
394728282.31088614 0.429403725089275
395403012.28663194 0.42886535050141367
395796604.77248365 0.42855166407700973
396190197.25833535 0.4282382465107013
396864927.23408115 0.4277015838376004
397550902.7094227 0.42715678413596925
398225632.6851685 0.4266217080615349
398900362.6609143 0.42608741631048186
403634717.99073064 0.42236039382322255
404309447.96647644 0.42183233232412193
404995423.441818 0.4212962592154368
405670153.4175638 0.42076974908294335
406344883.3933096 0.4202440058743988
407019613.3690554 0.4197190280382096
407694343.3448012 0.41919481402693737
408369073.320547 0.41867136229728386
409055048.79588854 0.4181399662300531
409729778.77163434 0.41761804709070294
410404508.7473801 0.4170968856022886
411079238.7231259 0.4165764802379933
411753968.6988717 0.41605682947506717
412428698.67461747 0.4155379317948125
413103428.65036327 0.41501978568256964
413789404.1257048 0.41449377270618837
414464134.1014506 0.4139771376651756
415138864.0771964 0.4134612496472716
415813594.0529422 0.4129461071538928
416488324.028688 0.41243170869042367
417174299.5040296 0.4119094981166149
417849029.47977537 0.4113965955832164
418523759.45552117 0.4108844325948621
419198489.43126696 0.4103730076727309
419816991.90903395 0.40990484860502846
420435494.38680094 0.4094373073453838
421121469.8621425 0.4089194827946566
421796199.8378883 0.408410885691627
422470929.8136341 0.40790301953758706
423145659.7893799 0.40739588287632655
423820389.7651257 0.4068894742554549
426530555.16770464 0.40486270552356896
427205285.14345044 0.4043599274533268
427880015.11919624 0.40385786876479857
428565990.5945378 0.40334817842771997
429240720.5702836 0.40284756615865
429634313.0561353 0.4025558726590133
430027905.541987 0.4022644222080226
430713881.01732856 0.40175704580719007
431388610.99307436 0.40125870500070054
432063340.96882015 0.40076107479456835
432738070.94456595 0.4002641537856625
433412800.92031175 0.3997679405744877
434087530.89605755 0.3992724337651746
434773506.3713991 0.3987693912338884
435448236.3471449 0.39827530477039685
436122966.3228907 0.3977819205197283
436797696.2986365 0.39728923710044806
437472426.2743823 0.39679725313468506
438147156.2501281 0.39630596724811973
438821886.2258739 0.39581537806997197
439507861.70121545 0.39531732521901913
440182591.67696124 0.39482813691422025
440857321.65270704 0.39433964120397513
441532051.6284528 0.3938518367316005
442150554.10621977 0.3934052887093994
442780302.0835825 0.3929512161578971
443455032.0593283 0.39246537430116885
444129762.0350741 0.39198021849146913
444815737.5104157 0.39148767866388307
445490467.4861615 0.39100390231013277
446165197.46190727 0.3905208079717435
446839927.43765306 0.390038394319098
447514657.41339886 0.3895566600259671
448200632.8887404 0.38906759190218454
448875362.8644862 0.38858722363036124
449550092.840232 0.3881075307376872
450224822.8159778 0.387628511911437
450899552.7917236 0.3871501658422187
451574282.7674694 0.386672491223964
452249012.7432152 0.3861954867539158
452934988.21855676 0.3857112178648454
453609718.19430256 0.3852355609110465
454284448.17004836 0.384760570195426
454959178.14579415 0.38428624442842035
455633908.12153995 0.3838125823237234
456308638.09728575 0.3833395825982769
456994613.5726273 0.38285937725553043
457669343.5483731 0.38238770943859274
458344073.5241189 0.38191670014990864
459018803.4998647 0.38144634811935524
459693533.4756105 0.3809766520800031
460379508.95095205 0.38049979895272135
461054238.92669785 0.380031421988162
461728968.90244365 0.3795636972121473
462403698.8781894 0.37909662337047423
463078428.8539352 0.37863019921208063
463753158.829681 0.37816442348903845
464439134.30502254 0.37769154829039814
465113864.28076833 0.3772270764620616
465788594.25651413 0.3767632493233648
466452078.73266417 0.3763077801008644
467115563.2088142 0.37585293189101576
467576628.69224054 0.37553721603445445
468037694.1756668 0.3752217991133884
468712424.1514126 0.3747607513929894
469387154.1271584 0.37430034180865335
470061884.1029042 0.37384056914125297
470736614.07865 0.3733814321746916
471422589.55399156 0.3729152933565368
472097319.52973735 0.37245743469982395
472772049.50548315 0.3720002080936459
473446779.48122895 0.3715436123339764
473907844.9646552 0.37123196743792164
474357664.94848573 0.3709282066117327
475032394.9242315 0.37047308861900863
475707124.8999773 0.3700185974609742
476393100.3753189 0.3695571728150817
477067830.3510647 0.3691039421535267
477742560.3268105 0.368651334742363
478417290.3025563 0.3681993493993061
479092020.2783021 0.36774798494498295
479766750.2540479 0.36729724020292354
480452725.7293894 0.3668396171298886
481127455.7051352 0.3663901185740784
481802185.680881 0.3659412361990101
482476915.6566268 0.36549296883978216
483151645.6323726 0.36504531533435103
483826375.6081184 0.3645982745235211
484501105.5838642 0.36415184525093663
485187081.0592058 0.36369860121303177
485861811.03495157 0.36325340170335113
486536541.01069736 0.3628088102606886
487211270.98644316 0.3623648257400041
487886000.96218896 0.36192144699905326
488560730.93793476 0.36147867289837765
489235460.91368055 0.3610365023012968
489910190.88942635 0.36059493407389925
490596166.3647679 0.360146622722616
491270896.3405137 0.3597062658361758
491945626.3162595 0.3592665079154759
492620356.2920053 0.35882734783764125
493295086.2677511 0.35838878448252265
493981061.74309266 0.35794352230993975
494655791.71883845 0.3575061589494164
495330521.69458425 0.3570693889489246
496005251.67033005 0.3566332111991806
496679981.64607584 0.3561976245935854
497354711.62182164 0.3557626280282158
497827022.6048437 0.35545848091656185
501684228.96619046 0.35298536687770965
502358958.94193625 0.35255471224863943
503033688.91768205 0.352124638473356
503719664.3930236 0.35168799114523597
504394394.3687694 0.35125908547860574
505069124.3445152 0.35083075741827674
505743854.320261 0.35040300589291773
506418584.2960068 0.3499758298337655
507093314.2717526 0.3495492281746169
507768044.2474984 0.3491231998518206
508454019.72283995 0.3486906577125551
509128749.69858575 0.34826578239300454
509803479.67433155 0.34784147721651004
510478209.65007734 0.34741774112959356
511152939.62582314 0.3469945730812918
511838915.1011647 0.3465649334698835
512513645.0769105 0.34614290777949136
513188375.0526563 0.3457214469724576
513863105.0284021 0.3453005500078384
514537835.0041479 0.3448802158471657
515223810.47948945 0.344453452001427
515898540.45523524 0.34403424967993923
516393342.4374488 0.34372719041398175
516876898.92006665 0.3434274001821731
517562874.3954082 0.34300260810674155
518237604.371154 0.3425853416378652
518912334.3468998 0.34216863129974845
519587064.3226456 0.34175247607221504
520261794.2983914 0.34133687493750253
520801578.278988 0.3410047922941627
521352607.7591804 0.3406661558315238
522027337.7349262 0.34025199977466847
523376797.6864178 0.3394253379500836
524051527.6621636 0.339012830171298
524726257.6379094 0.33860086981142834
525400987.6136552 0.3381894558708584
526086963.08899677 0.33777174415894873
526761693.06474257 0.33736142913289985
527436423.04048836 0.336951657524863
528111153.01623416 0.3365424283446274
528785882.9919799 0.33613374060430534
529460612.9677257 0.33572559331832796
530135342.9434715 0.33531798550343517
530821318.41881305 0.3349041362465566
531496048.39455885 0.3344976133835088
532170778.37030464 0.3340916270393086
532654334.8529225 0.33380099965022997
533149136.83513606 0.33350389784266843
533823866.81088185 0.3330992218577224
534498596.78662765 0.3326950790407652
535173326.76237345 0.332291468425574
535848056.73811924 0.3318883890481795
536534032.2134608 0.33147913528231937
537208762.1892066 0.3310771243114172
537883492.1649524 0.3306756416839221
538558222.1406982 0.33027468644484925
539232952.116444 0.3298742576414341
539918927.5917856 0.32946769371444345
540593657.5675313 0.32906832366715655
541268387.5432771 0.32866947719474104
541943117.519023 0.32827115335328577
542617847.4947687 0.3278733512010673
543292577.4705145 0.3274760697985445
543978552.9458561 0.32707269991381754
544653282.9216019 0.32667646584079807
545328012.8973477 0.3262807496963438
546002742.8730935 0.32588555054961316
546677472.8488393 0.32549086747191375
547352202.8245851 0.3250966995366974
548038178.2999266 0.32469648927558187
548712908.2756724 0.32430335740135885
549387638.2514182 0.323910737887457
550062368.227164 0.323518629815876
550737098.2029098 0.3231270322707293
551423073.6782514 0.32272943051838476
552097803.6539972 0.3223388597575043
552772533.629743 0.3219487967728715
553447263.6054888 0.32155924065702457
554121993.5812346 0.32117019050458484
554583059.0646608 0.32090463010154624
555032879.0484914 0.32064577378353554
555707609.0242372 0.3202579090931444
556382338.999983 0.31987054734823595
557068314.4753245 0.31947724423919915
557563116.4575381 0.31919387181219927
558057918.4397517 0.31891076853505196
558732648.4154975 0.3185251517307156
559407378.3912432 0.3181400338690229
560082108.366989 0.3177554140627324
560768083.8423306 0.3173648935897949
561442813.8180764 0.31698127550465394
562117543.7938222 0.3165981528106447
562792273.769568 0.31621552462862174
563467003.7453138 0.3158333900814422
564141733.7210596 0.31545174829395783
564816463.6968054 0.315070598393011
565502439.1721469 0.31468359934770684
568876089.0508759 0.3127876804620867
569562064.5262175 0.3124036663039412
570236794.5019633 0.3120264364495543
570911524.477709 0.31164969068342463
571586254.4534549 0.3112734281520512
572159774.9328388 0.31095398430758575
573419270.8875643 0.31025368111974194
574094000.8633101 0.30987920716197426
574768730.8390559 0.3095052124391934
575443460.8148017 0.3091316961088505
576118190.7905475 0.3087586573302945
576804166.265889 0.30837988993105886
577478896.2416348 0.30800781166587926
578153626.2173806 0.3076362084279673
578828356.1931264 0.30726507938424136
579503086.1688722 0.3068944237034913
580177816.144618 0.30652424055637295
580852546.1203638 0.30615452911540275
581538521.5957054 0.3057791385303223
582213251.5714512 0.30541037585392555
582887981.547197 0.3050420823986563
583562711.5229428 0.3046742573444527
584237441.4986886 0.3043068998730883
584912171.4744344 0.30394000916816627
585586901.4501802 0.30357358441511423
586272876.9255217 0.30320152941042167
586947606.9012675 0.30283604185660895
587622336.8770133 0.30247101780837643
588297066.8527591 0.30210645645843
588971796.8285049 0.30174235700127516
589646526.8042507 0.30137871863321075
590332502.2795923 0.301009491479407
591007232.2553381 0.30064678053692395
591681962.2310839 0.30028452826985597
592356692.2068297 0.29992273388165985
593031422.1825755 0.29956139657756203
593706152.1583213 0.29920051556455385
594392127.6336628 0.29883408681409696
595066857.6094086 0.29847412358310277
599621284.9456927 0.29605620504447616
600296014.9214385 0.2956997391409664
600970744.8971843 0.29534372110096413
601645474.87293 0.29498815015186364
602320204.8486758 0.29463302552276266
603006180.3240174 0.29427243889691823
603680910.2997632 0.29391821200846335
604355640.275509 0.29356442912472813
605030370.2512548 0.2932110894816067
605705100.2270006 0.2928581923166735
