1.0 1.0
23874196.641805395 0.947806898493653
24402735.12280627 0.9461875781824489
24762591.109870695 0.9449687211139175
25279884.091275804 0.9432958199573083
28664779.469600543 0.9363925709956367
31127543.8810727 0.9284037741088015
31566118.365307465 0.9270700397022348
34681121.75333389 0.9176523488273934
34838558.74767458 0.9170438847497168
35265887.73231358 0.916310577298131
37290077.659550965 0.9133277316385452
43385138.44045465 0.895624084504137
43778730.92630637 0.8944367865528633
44172323.41215808 0.8927810312667838
44858298.88749964 0.8914408135813523
45533028.863245435 0.8914121478311181
46207758.838991225 0.8912483511846573
48231948.766228616 0.8845117386535671
48906678.74197441 0.8830533216218004
49592654.21731597 0.8815371444373152
50942114.16880756 0.8778508358563485
53641034.07179074 0.8699455715054423
54754338.5317713 0.8689579157855196
55429068.5075171 0.8681233405374901
58139233.91009604 0.8610730121531239
63548319.21565817 0.8527996473983999
64099348.69585057 0.8513027593182606
65336353.65138453 0.8513117073173857
66517131.10893967 0.8478180754537523
67023178.59074902 0.8465432264024584
67585453.57053718 0.8452020978405975
68147728.55032535 0.8439094063629828
68710003.5301135 0.8428113740987823
68991141.0200076 0.8423590446032443
69395979.00545506 0.8410194163077981
70070708.98120086 0.8393602318476127
71420168.93269245 0.8356974452557212
72522227.89307725 0.832588845345797
72949556.87771626 0.8318181384654904
74299016.82920785 0.8321644314727726
74984992.30454941 0.8309072105161878
76075805.76533844 0.8276766070219621
76491889.25038168 0.8264898448777708
77166619.22612748 0.8253439649193094
77841349.20187327 0.8236945321743593
78516079.17761907 0.822049975287027
80551514.60445222 0.8166347199837857
81136280.58343191 0.8149129530961671
81721046.56241159 0.813352571717652
82395776.53815739 0.8118099255941651
83745236.48964898 0.8084034697666916
85105941.94073634 0.8066754875037494
85780671.91648214 0.8064229073998815
87130131.86797373 0.802863049608584
87804861.84371953 0.801140800496786
88479591.81946531 0.7999696839567096
89165567.29480687 0.7983620442739189
89840297.27055266 0.7967906252398786
90515027.24629846 0.7950805389751867
91189757.22204426 0.793451466954234
91864487.19779006 0.7923286267551817
92539217.17353585 0.7907715138075504
93079001.15413249 0.7891729828671069
93630030.6343249 0.7883528744487084
96340196.03690383 0.7831567112188993
97689655.98839542 0.7796798501619352
102424011.31821175 0.7748158345962215
103098741.29395755 0.7734886370569093
104448201.24544914 0.7707462622260146
105122931.22119494 0.7693003831161878
105808906.6965365 0.7678383761670929
107158366.64802809 0.7681260517281304
107833096.62377389 0.7665895674025509
108901419.08537139 0.7637850923738894
109306257.07081887 0.762534193958434
109980987.04656467 0.7617548069825434
110655717.02231047 0.7606411291087412
111330446.99805626 0.7592398828397074
112005176.97380204 0.7579201866160086
112679906.94954784 0.7565233875578294
113365882.4248894 0.7549171945530637
114040612.4006352 0.7535809954317235
114715342.376381 0.7519182210596967
115390072.35212679 0.7503478200569184
116064802.32787259 0.7491388754468443
117425507.77895994 0.7493311771003174
118100237.75470574 0.7479106417269378
118774967.73045154 0.7468068763115931
119449697.70619732 0.7454048263264491
120124427.68194312 0.7442653760694363
120799157.65768892 0.7428989037711281
121473887.63343471 0.741514964115846
122148617.60918051 0.7401456520279304
122834593.08452207 0.7385377444361118
123509323.06026787 0.7374400872412583
123902915.54611959 0.7362792046405967
124296508.03197129 0.7354841184776882
124971238.00771709 0.7341630291533806
125657213.48305865 0.7332531728182428
126331943.45880444 0.7320547836285409
127006673.43455024 0.7305547342833236
129030863.36178762 0.7296664710240831
129705593.33753341 0.7280544377133409
131741028.76436657 0.7232404130757042
132415758.74011236 0.7217047860436512
133765218.69160396 0.7184226377775175
134439948.66734976 0.7174521815055407
135114678.64309555 0.7161821547289615
135800654.1184371 0.7147591546353217
136475384.0941829 0.7135177400315605
137150114.0699287 0.7122076883572912
137588688.55416346 0.7113889194620854
138027263.03839824 0.7106840634400957
138701993.01414403 0.709405892375015
139376722.98988983 0.7081361870793932
140579991.4466365 0.7079664965440529
141108529.92763737 0.7066678575891691
141794505.40297893 0.7054115475090136
143143965.35447052 0.7024723702363753
143818695.33021632 0.7008502101410506
144493425.30596212 0.6995858629327127
145168155.2817079 0.6985517526136513
145842885.2574537 0.6969705282869595
146517615.23319948 0.6954671569279554
147203590.70854104 0.6947513704107596
148553050.66003263 0.6911589354709426
149227780.63577843 0.6900792278517556
149902510.61152422 0.6894736035581995
150464785.5913124 0.6878139368738346
151038306.07069632 0.6864444640426969
151713036.04644212 0.6856528070538943
152500221.01814553 0.6866610378239393
153186196.4934871 0.6850261254860365
153860926.4692329 0.6837739411302914
154535656.44497868 0.682315845579482
157234576.34796187 0.6838977128790621
157920551.82330343 0.682615255346349
158595281.79904923 0.6810126522589113
159270011.77479503 0.6795233726601912
159944741.75054082 0.6784103377592773
160619471.72628662 0.6768195224605721
161294201.70203242 0.6759417074723582
161968931.6777782 0.6745635009627335
162654907.15311977 0.6735565561384651
163329637.12886557 0.6723902618731035
164004367.10461137 0.6717312174773643
165353827.05610296 0.6714889784732304
166028557.03184876 0.669934973213261
166703287.00759453 0.6684707158700309
167389262.48293608 0.6671141024472772
168063992.45868188 0.6661725262516595
168738722.43442768 0.6652939611302382
169413452.41017348 0.6641865522146626
170088182.38591927 0.662851317547168
170762912.36166507 0.661729495390351
171190241.3463041 0.660790705395951
171617570.33094308 0.6603630230865559
172067390.31477362 0.6594450224629165
172517210.29860413 0.658302250192117
173191940.27434993 0.6570965740074401
173866670.25009573 0.656216401459285
174541400.22584152 0.6549117078777863
175216130.20158732 0.6534095152932661
175890860.17733312 0.6529449157848161
177251565.62842047 0.6516826046499753
177926295.60416627 0.651336311642693
178601025.57991207 0.6502783578535989
179275755.55565786 0.6488155471883938
179950485.53140366 0.6476639340787883
180625215.50714946 0.6468048723878378
181311190.98249102 0.6456160741701494
181985920.9582368 0.6443758383408721
183335380.9097284 0.6404097841612446
184010110.8854742 0.6395188954440084
184684840.86122 0.6386603695601404
185359570.8369658 0.637584091120546
186720276.28805313 0.6352169965281252
187395006.26379892 0.6340642046440358
188069736.23954472 0.6325186115761091
188463328.72539645 0.632090982849617
188868166.71084392 0.6313852695341008
190026453.16920754 0.6322189339057009
190510009.65182537 0.6310609982549659
191184739.62757117 0.6297790229519189
191870715.10291272 0.6291259796053784
192545445.07865852 0.6279124806186441
193220175.0544043 0.6271879604284483
193894905.0301501 0.6259226487662648
194378461.5127679 0.6247952006131361
194873263.4949815 0.6242779311302237
195547993.4707273 0.6234817733531505
196222723.4464731 0.6225347319099298
196897453.4222189 0.621085209299872
197572183.3979647 0.6199943032874244
198258158.87330624 0.619116756197265
198932888.84905204 0.618296165554687
199607618.82479784 0.6171709677956936
200282348.80054364 0.6157924933880146
200957078.77628943 0.6148510243527161
201643054.251631 0.6136920706652325
202317784.2273768 0.6125741063292847
202992514.2031226 0.612494485191641
203667244.17886838 0.6124726242067158
204341974.15461415 0.6111626796982523
205016704.13035995 0.6098369288424519
205691434.10610574 0.6089351632129126
206366164.08185154 0.6075406681317717
207052139.5571931 0.6066321513143398
207726869.5329389 0.60552484956457
208401599.5086847 0.6047245124746967
209031347.48604745 0.6030877783949086
209672340.96300596 0.6022009082362769
210347070.93875176 0.6012405787488826
211021800.91449755 0.6000494765541559
211696530.89024332 0.5994552113970822
212382506.36558488 0.5986218149290233
213057236.34133068 0.5973425722442911
213450828.8271824 0.5965845640236597
213844421.31303412 0.5962260010089522
214519151.2887799 0.5950467401803742
215868611.2402715 0.59492548672928
216532095.71642154 0.5933159717107276
217184334.69297582 0.5921386397953275
217859064.6687216 0.5912056901178776
218533794.64446738 0.5896562392290817
219883254.59595898 0.5882039304123196
220569230.07130054 0.587340903734694
221243960.04704633 0.5862466757084598
221918690.02279213 0.5851487506100651
222593419.99853793 0.5836221251600401
223268149.97428373 0.5824663327431213
223942879.95002952 0.5809870191857616
224617609.92577532 0.5797801106382112
225168639.4059677 0.5788972590491576
225708423.38656434 0.5782135674617886
226394398.8619059 0.5773838680713768
227069128.8376517 0.5763793343844656
227743858.8133975 0.5753104501001656
228418588.7891433 0.5742327785544756
229093318.7648891 0.5737428353040915
229768048.7406349 0.5736939695730822
231117508.69212648 0.5706275913720805
231803484.16746804 0.570236826267227
232478214.14321384 0.5699329157120895
233152944.11895964 0.5688752834039527
233827674.09470543 0.5676036492006398
234502404.07045123 0.5666085457370332
235863109.5215386 0.5625006630616759
236537839.49728438 0.5623499401442373
240597464.8513549 0.5677998086749819
241272194.8271007 0.5664810233277124
242621654.7785923 0.5664062780476865
243296384.7543381 0.5660860253326429
243971114.73008388 0.5651509324213767
244657090.20542544 0.5643192505403707
245331820.18117124 0.5629905527346438
245736658.1666187 0.5623564234285888
246141496.1520662 0.5619068801342685
246816226.127812 0.5610143304128823
247490956.1035578 0.5603138680188442
248176931.57889935 0.5595771313931526
248851661.55464515 0.5583755273554699
249368954.53605026 0.5575842454305276
249897493.01705113 0.5569950168742939
250572222.99279693 0.5560806597508853
251246952.96854272 0.5552020946239773
251921682.94428852 0.5545450327188323
252326520.929736 0.5539056524912993
252731358.91518345 0.5530766496511919
253406088.89092925 0.5519947988036754
254080818.86667505 0.5511758691597607
254755548.84242085 0.5502228802447576
255441524.3177624 0.5493781782176324
256790984.269254 0.5497966982017772
257465714.2449998 0.5485994877893028
258140444.2207456 0.5478456052947276
258815174.1964914 0.5470576989626345
259489904.1722372 0.5460957084645058
260175879.64757875 0.5451502744474703
260850609.62332454 0.5441669587725964
261525339.59907034 0.542873892230024
262200069.57481614 0.5422663926050955
262874799.55056193 0.5416029545770155
263549529.52630773 0.5399534682513571
264235505.0016493 0.5390728134762792
264910234.9773951 0.5387208409029504
265584964.95314085 0.5376685666799028
266259694.92888665 0.5368373670252709
266934424.90463245 0.5358912900375419
267609154.88037825 0.5349443557568351
268283884.85612404 0.5339609329205445
268969860.3314656 0.5330884760146763
270319320.2829572 0.5331269470614028
270994050.258703 0.5327395575493985
271668780.2344488 0.5320346479472492
272343510.2101946 0.5311716212701725
273029485.68553615 0.530133331648187
273704215.66128194 0.5292345129663797
274243999.6418786 0.5285600908651288
274783783.6224752 0.5279779349799397
275458513.598221 0.5272278031442685
276133243.5739668 0.5262390222228888
276807973.5497126 0.5252512057575494
277482703.5254584 0.5241560668581777
278168679.00079995 0.5233452279242511
278843408.97654575 0.5228216894842096
279518138.95229155 0.5216700763735066
280192868.92803735 0.5208342151851874
280867598.90378314 0.519969045274843
281553574.3791247 0.5191285225528364
282228304.3548705 0.518387338718485
282903034.3306163 0.5175411900078479
284252494.2821079 0.5175745708746725
284927224.2578537 0.5165839146235665
285601954.2335995 0.5153301228410875
286287929.70894104 0.5147059595731008
286962659.68468684 0.5134171794987096
287637389.66043264 0.5129187704744772
288312119.63617843 0.5122801939592138
288986849.61192423 0.5113016469794436
289661579.58767 0.5103875577568329
290336309.5634158 0.509651624845057
291022285.0387574 0.508728801944508
291697015.0145032 0.5078743482032446
292090607.5003549 0.5074076054587838
292484199.9862066 0.5068181625786197
293158929.9619524 0.5063513662534506
293833659.9376982 0.5058501174445489
294519635.41303974 0.505020257310915
295194365.38878554 0.5040579453274397
295869095.36453134 0.5030374445461289
296543825.34027714 0.5020989224574648
297027381.82289493 0.5019839379634998
297522183.80510855 0.5013173922466606
298871643.75660014 0.5012140347960113
299546373.7323459 0.5003572770777098
300221103.7080917 0.4995863022933132
300895833.6838375 0.4987298124796501
301581809.15917903 0.4979284573557717
302256539.1349248 0.4972504989184497
302931269.1106706 0.4965306402608439
303605999.0864164 0.495758379535609
304280729.0621622 0.49445931193889997
304955459.037908 0.4939352912708383
305630189.0136538 0.4930763367380122
306316164.4889954 0.49226415828363634
306990894.4647412 0.4916263854806425
307665624.44048697 0.4907324426559041
308340354.41623276 0.489636821529061
309015084.39197856 0.48921556892276047
309689814.36772436 0.48813720082786355
310364544.34347016 0.48748860469437216
311050519.8188117 0.48664261672640846
311725249.7945575 0.485862586778727
318483795.05161124 0.5173220443498668
319169770.5269528 0.5161079023929876
319844500.5026986 0.5152614857782607
320519230.4784444 0.5143349122188078
321193960.4541902 0.513180995132164
321868690.429936 0.5123083239029143
322543420.4056818 0.5114577815632283
323218150.3814276 0.5103864325592165
323904125.85676914 0.5094674138988285
324578855.83251494 0.508658771779975
325253585.80826074 0.5078230177530723
325928315.78400654 0.5065482222791946
326603045.75975233 0.5053963412649504
327277775.73549813 0.5047552464492671
327952505.7112439 0.5037846294351656
328638481.1865855 0.5031526433634754
329313211.1623312 0.502354449509613
329987941.138077 0.5014389671847476
330662671.1138228 0.5004805666033983
331337401.0895686 0.49961743276435644
332012131.0653144 0.49866862315392324
332698106.540656 0.4976518194508081
333372836.51640177 0.49667788042401706
334047566.49214756 0.495595654508251
334722296.46789336 0.4949290016299952
335397026.44363916 0.49396749335878953
336071756.41938496 0.49311979080377294
336757731.8947265 0.49214970959785104
337432461.8704723 0.49110900883741104
338107191.8462181 0.4902316224943143
338781921.8219639 0.4892895640701278
339456651.7977097 0.4886720984076796
340131381.7734555 0.4878204844510856
340806111.7492013 0.4870851945094544
341492087.22454286 0.48631175500589496
342166817.20028865 0.48536530295265956
342841547.17603445 0.48455810751676914
343516277.15178025 0.4835653080323956
344191007.12752604 0.4827838849830079
344865737.10327184 0.48194148693127487
345540467.07901764 0.48091010923820954
346215197.05476344 0.48001638073685277
346901172.530105 0.4792226876740045
347575902.5058508 0.47846108953714234
348250632.4815966 0.4775760411324668
348925362.4573424 0.47687156017762955
349600092.4330882 0.47609645966772524
350286067.90842974 0.4747327199904751
350960797.88417554 0.47395027890488756
351635527.85992134 0.4731476914214276
352074102.3441561 0.47258943259356356
352512676.82839084 0.4720219042790329
353198652.3037324 0.47110781505642224
353873382.2794782 0.47028186632436575
354548112.255224 0.4693487559014991
355222842.2309698 0.46861266224759834
355897572.2067156 0.467826524083815
356572302.1824614 0.46718960857434766
357258277.65780294 0.46634420999527193
357933007.63354874 0.465436657636075
358607737.60929453 0.4646711480976355
359282467.58504033 0.4640889386317381
359957197.5607861 0.46329781744892057
360631927.5365319 0.4622918370768517
361306657.5122777 0.4614085568404861
361992632.9876193 0.4606340993007267
362667362.9633651 0.45977123336632325
363342092.9391109 0.4589802729267278
364016822.9148567 0.45808295450859166
364691552.89060247 0.45737413350486505
365366282.86634827 0.45653339645947666
366041012.84209406 0.455633827646108
366715742.81783986 0.4548609239507282
367401718.2931814 0.4541406902270673
368076448.2689272 0.45346417847270853
368751178.244673 0.45258716719511816
369425908.2204188 0.45173362432808944
370100638.1961646 0.4509710081555761
370775368.1719104 0.4502465951256994
371450098.1476562 0.44940331299008573
372136073.62299776 0.44862001461097173
372653366.60440284 0.44765539865100684
373170659.585808 0.4473868514538366
373845389.5615538 0.4465238247773084
374531365.03689533 0.4459824171249814
375206095.01264113 0.4451736410538086
375880824.9883869 0.4446231246574883
376555554.9641327 0.44395253358675246
377230284.9398785 0.4429652261392386
377905014.9156243 0.44215465510995056
378579744.89137006 0.4414910831300999
379265720.3667116 0.44044612269238154
379940450.3424574 0.4399773438760696
380615180.3182032 0.43905497641263813
381289910.293949 0.438389207618263
381964640.2696948 0.437750363198361
382639370.2454406 0.4369954358772319
383314100.2211864 0.4362871506816849
383988830.1969322 0.4354710072444747
384674805.67227376 0.4344621870871878
385349535.64801955 0.43381026894100705
386024265.62376535 0.4331675934911387
386698995.59951115 0.4325774808499269
387373725.57525694 0.43204464613286464
388048455.55100274 0.4312572220287916
388442048.03685445 0.43093201308781115
388846886.0223019 0.43053843498754524
389521615.9980477 0.4297361957797862
390196345.9737935 0.42910565639105924
390871075.9495393 0.4286939947556748
391545805.9252851 0.4280086153716071
392220535.9010309 0.4271812199571362
392895265.8767767 0.4266115216184352
393581241.35211825 0.42598355411028765
394255971.32786405 0.42524151298240986
394930701.30360985 0.4244751729407979
395605431.27935565 0.42364327673476426
396122724.2607608 0.4232218098050822
396651262.7417616 0.4227029061078253
397325992.7175074 0.421694675339975
398000722.6932532 0.4210642699030186
398675452.668999 0.4204776400171697
399361428.1443406 0.4198256950806347
400036158.1200864 0.41859561282245333
400710888.09583217 0.41835476692222034
401385618.07157797 0.4175632974642506
402060348.04732376 0.4168484486154844
402453940.53317547 0.4163751154269016
402858778.51862293 0.4161006743370111
403533508.49436873 0.4151941132231112
404208238.4701145 0.41479177465510164
404882968.4458603 0.4139081461430351
405557698.4216061 0.4134196227847114
406232428.3973519 0.41257242924806903
406907158.3730977 0.4122242609143525
407593133.8484393 0.41163229973431714
408267863.8241851 0.4109040824642795
408942593.7999309 0.41019815482647903
409617323.77567667 0.40965425566463487
410292053.75142246 0.40905227486637163
410966783.72716826 0.40828842633427676
411652759.2025098 0.4076738004564979
412327489.1782556 0.40693465269454626
413002219.1540014 0.4062780730146781
413676949.1297472 0.4056880675354314
414351679.105493 0.4052423016920153
415037654.58083457 0.4045656559858858
415712384.55658036 0.4039536555699433
416387114.53232616 0.40311908032191374
417061844.50807196 0.4023911309559659
417736574.48381776 0.4018227989291658
418411304.45956355 0.4013421251648996
419086034.43530935 0.4009457340703184
419760764.41105515 0.4003073986687907
420446739.8863967 0.39958137821327755
421121469.8621425 0.39896720777316474
421796199.8378883 0.39848189926556526
422470929.8136341 0.3978111206623505
423145659.7893799 0.39713731474089037
423674198.27038074 0.39660852537717606
424202736.75138164 0.3961100895631382
424877466.72712743 0.39566743140902993
425552196.70287323 0.39428220581236084
426226926.678619 0.39377859944626126
426901656.6543648 0.39320946370664284
427576386.6301106 0.3925764060180446
430961282.00843537 0.3902660535454344
431636011.98418117 0.3895432211502914
432310741.95992696 0.3890302649270116
432985471.9356727 0.38859165212625124
433671447.41101426 0.3878229009467333
434346177.38676006 0.3872510057935079
435020907.36250585 0.38668377217342126
435695637.33825165 0.3861718071954385
436381612.8135932 0.3855016179811117
437056342.789339 0.3849636930841475
437731072.7650848 0.3844985845551286
438405802.7408306 0.3837862272158795
439080532.7165764 0.38331696617154754
439766508.19191796 0.3825820780863255
440441238.16766375 0.3821254353317036
441115968.14340955 0.3814273037061552
441790698.11915535 0.3808963978995275
442465428.09490114 0.38022406545138454
443140158.07064694 0.3795985358714971
443814888.04639274 0.37898176676045076
444489618.02213854 0.37837828569851617
445175593.4974801 0.3779332967775641
445850323.4732259 0.377448524078693
448549243.3762091 0.39568345208139455
449223973.3519549 0.3949493944993449
449909948.82729644 0.3942581480129111
450584678.80304223 0.3936277693668575
451259408.77878803 0.3931396478649428
451934138.7545338 0.39237965715371714
452608868.7302796 0.3917118522869424
453294844.2056212 0.39093918970584696
453969574.181367 0.39022712706104185
454644304.1571128 0.3896054553020236
455319034.1328586 0.38897981856071984
455993764.1086044 0.3882617012805211
456668494.08435017 0.3877472447930213
457343224.06009597 0.3869635445574981
458029199.5354375 0.38628188904252897
458703929.5111833 0.385598170664806
459378659.4869291 0.38504958317892035
460053389.4626749 0.38434603988867183
460728119.4384207 0.38363266451267425
461402849.4141665 0.38303148742722926
462077579.3899123 0.3824207193703195
462763554.86525387 0.38165788887442453
463438284.8409996 0.3813197133685818
464113014.8167454 0.37973002326639554
464787744.7924912 0.3795340781148864
465462474.768237 0.3790567799440179
466137204.7439828 0.378499539151805
466811934.7197286 0.3778910750713849
467497910.19507015 0.3771016684756203
468172640.17081594 0.37642405831454784
468847370.14656174 0.3757663534370633
469522100.12230754 0.37512212414226676
470196830.09805334 0.3743173934255393
470871560.07379913 0.37364891879771683
471546290.04954493 0.37305427857568557
472221020.0252907 0.3726435813957928
472895750.0010365 0.37193015243908695
473581725.4763781 0.37129484435525606
474233964.45293236 0.37089933734455555
474897448.9290824 0.3702461332586337
475572178.9048282 0.36960592252683094
476246908.880574 0.3690834289133434
476921638.8563198 0.3684924589786051
477596368.8320656 0.36795523063249397
478271098.8078114 0.3672965077188096
478945828.7835572 0.36682890768082227
479631804.25889874 0.36606173713658663
480306534.23464453 0.3652636772344949
480981264.2103903 0.36473081572707855
481655994.1861361 0.3641251646409736
482330724.1618819 0.363529024155271
483005454.1376277 0.36283426812312025
483680184.1133735 0.36224865627347114
484354914.0891193 0.3615305657830779
485040889.5644609 0.3608861757461566
485715619.5402067 0.36033391797242925
486390349.51595247 0.35971179077629367
487065079.49169827 0.35905413948006604
487739809.46744406 0.35854691640683306
488425784.9427856 0.3580634296482517
489100514.9185314 0.35745247405831454
489775244.89427716 0.3570034129931117
490449974.87002295 0.3563666314359636
491124704.84576875 0.3557372172448529
491799434.82151455 0.3552669381648697
492474164.79726034 0.35449333791918547
493160140.2726019 0.3539323732578741
493834870.2483477 0.35330038718618395
494509600.2240935 0.3527058809164719
495184330.1998393 0.35204868505681297
495859060.1755851 0.3514206639679572
496533790.1513309 0.35086588789435863
497208520.1270767 0.35033286564426885
497883250.1028225 0.34980482641321325
498569225.57816404 0.3492615970118681
499243955.55390984 0.34884814041836837
499918685.52965564 0.3482570365318595
500593415.50540143 0.3476468042836782
501268145.4811472 0.3471914206784432
501942875.456893 0.3465145874392862
502617605.4326388 0.34600369407821163
503303580.9079804 0.34549036278887685
503978310.8837262 0.34503937281323943
504653040.859472 0.3444900351957924
505327770.8352178 0.34388532177427633
506002500.8109636 0.34343376919955637
506677230.78670937 0.34263134245876986
507228260.26690173 0.34234211305554757
507779289.74709415 0.3417381229757874
508465265.2224357 0.3411688532838497
509139995.1981815 0.3406455827473493
509814725.1739273 0.3401106047964708
510500700.64926887 0.33963855754817773
511175430.62501466 0.3389020352475138
511850160.60076046 0.3384228885372731
512524890.57650626 0.3377808024762928
513199620.55225205 0.3371383949305143
513874350.52799785 0.3363747071410928
514560326.0033394 0.3359936133782177
515235055.9790852 0.33557383424468584
515909785.954831 0.33502805975366406
516584515.9305768 0.33447114044624926
517259245.9063226 0.3340116846967635
517933975.8820684 0.3336364044555463
518608705.8578142 0.3330708854230613
519294681.33315575 0.3326661625069511
519969411.30890155 0.3323441416263409
520644141.28464735 0.33178866900188925
521318871.26039314 0.33140803067613156
521993601.23613894 0.33095288818463237
522668331.21188474 0.3303979513689091
523354306.6872263 0.33000573958054386
524029036.6629721 0.32941576089165137
524703766.6387179 0.3289294075580466
525378496.6144637 0.32850309156164964
526053226.5902095 0.32806627371955327
526727956.5659552 0.3275545766456604
528088662.0170426 0.3263184933327936
528763391.9927884 0.3258572962059008
529438121.9685342 0.3253644060088823
530112851.94427997 0.3249281507658684
530787581.92002577 0.3244199632376925
531473557.3953673 0.3239762334661274
532148287.3711131 0.32332246678112303
532823017.3468589 0.32285309857537453
533497747.3226047 0.32255036679856147
534172477.2983505 0.3220472426604821
534847207.2740963 0.32156348799781087
535533182.74943787 0.3210780455384408
536207912.72518367 0.3208572924553719
536882642.7009295 0.32039411283733626
540267538.0792543 0.3181081932296821
540739849.0622762 0.31768956608466936
541223405.5448941 0.31742050986912485
541909381.0202357 0.3169502039987875
542584110.9959815 0.31655477735969795
543258840.9717273 0.31619999179205394
543933570.947473 0.3157001628752125
544608300.9232188 0.3152221949438451
545283030.8989646 0.3146492013833575
545957760.8747104 0.31417803821894497
546643736.350052 0.31368212070477836
547318466.3257978 0.31312246877411076
547993196.3015436 0.31274453628125176
548667926.2772894 0.31231559482356713
549342656.2530352 0.3118071929714609
550017386.228781 0.3114686424001118
550692116.2045268 0.3109653307284563
551366846.1802726 0.3106227080128564
552052821.6556141 0.31016429708992466
552727551.6313599 0.30969160687203534
553402281.6071057 0.3092059500892837
554077011.5828515 0.3087175874736333
554751741.5585973 0.3083731430090153
555426471.5343431 0.30783578071003626
556112447.0096847 0.3074214132423018
556787176.9854305 0.30693779253194986
557461906.9611763 0.30670487659683676
558136636.9369221 0.30627012161694567
558811366.9126679 0.305822828719504
559486096.8884137 0.3053620334490203
560160826.8641595 0.3050694552427544
560835556.8399053 0.3045961220547203
561521532.3152468 0.3040925424789749
562196262.2909926 0.30366946812365636
562870992.2667384 0.3032976706372533
563545722.2424842 0.3028575575733703
564220452.21823 0.30254751201122804
564895182.1939758 0.3020726517691684
565569912.1697216 0.301515893204427
566255887.6450632 0.30130427565570544
566930617.6208088 0.3008134483208921
567605347.5965546 0.30039072224127444
568280077.5723004 0.29996529032875807
568954807.5480462 0.29952941015125056
569629537.523792 0.2992605414692822
570304267.4995378 0.298804354151229
570990242.9748794 0.29837037609380196
571664972.9506252 0.29794215797732454
572339702.926371 0.29749320407408686
573014432.9021168 0.297143160410644
573689162.8778626 0.2966918221593057
574363892.8536084 0.2961357601459661
575038622.8293542 0.2957199192049144
575713352.8051 0.29529038835779314
576399328.2804415 0.29483993419033544
577074058.2561873 0.29446840460802226
577748788.2319331 0.2941467855838212
578423518.2076789 0.293728667456634
579098248.1834247 0.29321088895699343
579772978.1591705 0.29282556230719425
580447708.1349163 0.29242764415858763
581133683.6102579 0.2920668843266124
581808413.5860037 0.29164378318093975
582269479.06943 0.29135889382605806
582741790.0524521 0.2911093946194979
583416520.0281979 0.2903191039398527
584091250.0039437 0.2902309366589444
584765979.9796895 0.28982155220969547
585440709.9554353 0.2893713123656194
586115439.9311811 0.28904441562794014
586801415.4065226 0.28865772266678885
587476145.3822684 0.2883428816191886
588150875.3580141 0.2879622968741391
588825605.3337599 0.2875006443101289
589500335.3095057 0.2870561644070025
590175065.2852515 0.2866105325159056
590849795.2609973 0.28617856373997547
591535770.7363389 0.2858043283253123
592210500.7120847 0.2854628040169746
592885230.6878304 0.28501146576563635
598091897.0006689 0.28205870574669895
598766626.9764147 0.2819113852119148
599441356.9521605 0.2812572434608554
600116086.9279063 0.28102296121439024
600790816.9036521 0.2807190238688985
601465546.8793979 0.28031920360021145
602140276.8551437 0.2800302956817873
602826252.3304852 0.2796725899578629
603500982.306231 0.2793092314549541
