1.0 0.9915386243796275
674730.9757457955 0.9905207166229798
2440274.412280627 0.9878621332248145
2845112.397728104 0.9872535281371143
3531087.873069663 0.9862231364415212
5442822.804349417 0.9833572242571893
6038834.28292487 0.9824654380807911
6679827.759883375 0.9815072498680318
7309575.737246118 0.9805667820423001
7984305.712991913 0.9795601379148721
8659035.68873771 0.9785545272024219
9783585.648314035 0.9768808029451095
10233405.632144565 0.9762121150854054
10908135.60789036 0.9752099414336248
11582865.583636155 0.974208796607458
13607055.510873543 0.9712115245261969
14281785.486619338 0.9702144844514587
15631245.438110929 0.9682234739177474
16317220.913452487 0.9672129437969968
16991950.889198285 0.9662200086418661
17666680.864944078 0.9652280928281622
18813721.82371193 0.9635441723719969
19297278.30632975 0.9628351649097715
22682173.684654493 0.957886699103647
23356903.660400286 0.9569033382168117
23817969.14382658 0.956231955616999
24290280.126848638 0.955544686258404
24965010.10259443 0.9545637296682682
25639740.07834023 0.9535837801224346
26314470.054086026 0.9526048365870776
26989200.02983182 0.9516268980294326
27675175.505173378 0.9506336896740505
28349905.480919175 0.9496577746843061
29024635.45666497 0.9486828615631867
29699365.432410765 0.9477089492821795
30374095.40815656 0.9467360368138281
31048825.383902356 0.9457641231317306
31723555.359648153 0.9447932072105388
32398285.335393947 0.9438232880259574
33073015.311139744 0.942854364554742
33758990.7864813 0.9418703120497931
34433720.762227096 0.9409033934923011
35108450.73797289 0.939937467567749
35783180.71371869 0.9389725332571058
36457910.68946448 0.9380085895423864
37132640.66521028 0.9370456354066509
37807370.640956074 0.9360836698340033
38482100.61670187 0.9351226918095903
38909429.601340875 0.9345145827157014
39336758.58597988 0.9339068690743808
39730351.07183159 0.933347482459295
43879940.42266823 0.9274702979116815
44442215.402456395 0.9266767836830058
44622143.395988606 0.9264230025425205
44745843.891542 0.9262485683255369
45139436.377393715 0.925693768839078
45814166.35313951 0.9247434570263036
46488896.32888531 0.9237941207980819
47174871.80422687 0.9228299613766484
47849601.779972665 0.9218825895318775
48524331.75571846 0.9209361902535056
49199061.73146425 0.9199907625431016
49873791.70721005 0.9190463054032598
50548521.682955846 0.9181028178375981
51223251.65870164 0.9171602988507568
51897981.63444743 0.9162187474483992
52572711.61019323 0.9152781626372082
53247441.58593903 0.9143385434248873
53933417.061280586 0.9133842527434748
54608147.03702638 0.912446577807982
55282877.01277218 0.9115098654840977
55957606.98851797 0.9105741147836107
56632336.96426377 0.9096393247193237
57307066.940009564 0.9087054943050535
58656526.89150115 0.9068407084868904
59331256.86724695 0.905909751115688
61366692.2940801 0.9031071492263218
62041422.2698259 0.902180024705236
62581206.25042253 0.9014390104173248
63109744.73142341 0.9007140236818012
63795720.206764966 0.899773952845243
64470450.182510756 0.8988502501640813
65145180.15825655 0.8979274957506935
65819910.13400235 0.8970056886315936
66494640.10974815 0.8960848278342948
67169370.08549394 0.8951649123873083
67832854.56164397 0.894261249771182
69114841.51556098 0.8925177731927519
69789571.49130678 0.8916015196632133
70464301.46705258 0.890686206754193
71139031.44279838 0.8897718335000558
71825006.91813993 0.8888431829740615
72499736.89388573 0.8879307017573654
73174466.86963151 0.8870191572885535
73849196.84537731 0.8861085486059658
74523926.82112311 0.8851988747489297
75614740.28191215 0.8837302101858657
75963350.76938081 0.8832613571640682
76593098.74674354 0.8824150273094277
77267828.72248934 0.881509145199768
77942558.69823514 0.8806041930633878
78617288.67398094 0.8797001699455818
79292018.64972673 0.878797074892625
79966748.62547253 0.8778949069517715
80641478.60121833 0.8769936651712535
81316208.57696413 0.8760933486002801
82114639.04826331 0.8750291678802282
82789369.02400911 0.8741308680506924
83464098.9997549 0.8732334904105115
84150074.47509646 0.8723221008725972
84824804.45084226 0.8714265801022302
85499534.42658806 0.8705319786682522
86174264.40233384 0.8696382956268779
86848994.37807964 0.8687455300352906
87523724.35382544 0.8678536809516423
88198454.32957123 0.8669627474350506
89547914.28106283 0.86518362334434
90233889.75640438 0.86428063541345
90908619.73215018 0.8633933699645255
91583349.70789598 0.8625070153771253
92258079.68364178 0.8616215707161643
92932809.65938756 0.8607370350475172
93607539.63513336 0.8598534074380181
94282269.61087915 0.8589706869554585
94956999.58662495 0.8580888726685874
95631729.56237075 0.8572079636471094
96250232.04013772 0.8564012581675173
96868734.5179047 0.8555953118662795
97543464.4936505 0.8547169627197476
98218194.4693963 0.8538395152813162
98892924.44514209 0.8529629686252969
99567654.42088789 0.8520873218269518
105179158.71917376 0.844839598554015
105820152.19613226 0.84401563537566
106494882.17187805 0.8431491738573368
107169612.14762385 0.8422836018433443
107844342.12336965 0.8414189184205224
108519072.09911545 0.840555122676649
109193802.07486124 0.8396922137004379
109879777.5502028 0.8388158310295561
110554507.52594858 0.8379547075999846
111229237.50169438 0.8370944681946931
111903967.47744018 0.8362351119061475
112578697.45318598 0.8353766378277452
113253427.42893177 0.8345190450538145
113928157.40467757 0.8336623326796133
114602887.38042337 0.8328064998013286
115277617.35616916 0.8319515455160748
115963592.83151072 0.8310832417428514
116638322.80725652 0.830230056544249
117313052.7830023 0.829377747220585
117987782.7587481 0.8285263128726915
118662512.7344939 0.8276757526023233
119337242.7102397 0.8268260655121575
120011972.68598549 0.8259772507057929
120405565.17183721 0.825482511204778
120810403.15728468 0.8249739454452315
121485133.13303047 0.8241270320145029
122159863.10877627 0.8232809880201523
122834593.08452207 0.8224358125696217
123509323.06026787 0.8215915047712691
124184053.03601366 0.8207480637343678
124870028.51135522 0.8198914529804777
125544758.48710102 0.8190497572068088
126219488.46284682 0.8182089255131021
126894218.43859261 0.8173689570122978
127568948.4143384 0.8165298508182474
128243678.39008419 0.8156916060457117
128918408.36582999 0.8148542218103604
129593138.34157579 0.814017697228771
130267868.31732158 0.8131820314184282
130953843.79266314 0.8123333172955916
131628573.76840894 0.8114993806598438
132303303.74415474 0.8106663001385723
132978033.71990053 0.809834074852895
133652763.69564633 0.8090027039248323
134327493.6713921 0.8081721864773054
135002223.6471379 0.8073425216341361
135676953.6228837 0.8065137085200459
136351683.5986295 0.8056857462606547
137037659.07397106 0.8048448559741026
137712389.04971686 0.8040186069489815
138387119.02546266 0.8031932061462806
139028112.50242117 0.8024098602566039
139680351.47897542 0.8016135556636659
140355081.4547212 0.8007906238725584
141029811.430467 0.7999685368984178
141704541.4062128 0.7991472938739606
142379271.3819586 0.7983268939327923
143054001.3577044 0.7975073362094091
143593785.33830103 0.7968522958464557
143841186.32940784 0.7965522488483897
144021114.32294005 0.7963341038147352
144482179.80636635 0.7957753798145477
145156909.78211215 0.7949584414606461
145831639.75785792 0.7941423417708838
146517615.23319948 0.7933134992793387
147192345.20894527 0.792499088277606
147867075.18469107 0.7916855133454478
148541805.16043687 0.7908727736245603
149216535.13618267 0.7900608682575201
149891265.11192846 0.7892497963877846
150565995.08767426 0.7884395571596902
151240725.06342006 0.787630149718452
151915455.03916585 0.7868215732101624
152601430.5145074 0.786000371369085
153276160.4902532 0.7851934679817236
153950890.465999 0.784387392956664
154625620.4417448 0.7835821454435139
155975080.3932364 0.7819741295557393
156649810.3689822 0.7811713594846925
157324540.344728 0.7803694135327089
158010515.82006955 0.7795549457792408
158685245.79581535 0.77875465922812
159359975.77156115 0.7779551942464955
160709435.7230527 0.7763587256189269
161384165.6987985 0.7755617202887426
162013913.67616126 0.7748185868632195
162643661.653524 0.7740761654987405
163318391.6292698 0.7732815034314353
164004367.10461137 0.7724744332951953
164679097.08035716 0.771681415556809
165353827.05610296 0.7708892119257983
166028557.03184876 0.7700978215664049
170313092.37783456 0.7650914173395502
170706684.86368626 0.7646331469141642
171392660.33902782 0.7638351030254719
172067390.31477362 0.7630509543730483
172742120.29051942 0.7622676107230483
173416850.2662652 0.7614850712490613
174001616.2452449 0.7608075202225166
174586382.2242246 0.7601305720645126
175024956.70845935 0.7596232562557828
175474776.6922899 0.7591032840669006
176149506.6680357 0.758323993072165
176824236.64378148 0.75754550209301
177498966.61952728 0.7567678103081443
178173696.59527308 0.7559909168971196
178848426.57101884 0.7552148210403304
179523156.54676464 0.754439521919012
180209132.0221062 0.7536521170670462
180883861.997852 0.7528784222084934
181558591.9735978 0.7521055216205607
182233321.9493436 0.7513334144878542
182908051.9250894 0.7505620999958177
183582781.9008352 0.7497915773307308
184257511.87658098 0.7490218456797085
184932241.85232678 0.7482529042307006
185606971.82807258 0.7474847521724901
186292947.30341414 0.7467046059798134
186843976.78360653 0.7460785209336015
187192587.2710752 0.7456826974515074
187552443.2581396 0.7452743257389197
187957281.2435871 0.7448151748806177
188474574.22499222 0.7442288937467872
188879412.21043968 0.7437703869613855
189273004.6962914 0.7433248872944231
189745315.67931345 0.7427906399128179
190228872.16193128 0.7422440701533347
190903602.13767707 0.7414820867290697
191578332.11342287 0.7407208855525345
192253062.08916867 0.7399604658206785
192927792.06491446 0.7392008267312749
193602522.04066026 0.7384419674829208
194277252.01640606 0.737683887275036
194951981.99215186 0.7369265853078619
195637957.4674934 0.7361574586224843
196312687.4432392 0.7354017236780438
196987417.41898498 0.7346467645666804
197381009.9048367 0.7342067297189825
197763356.89109266 0.7337795196784317
198415595.86764693 0.7330513232408559
199090325.84339273 0.7322987770368445
199765055.81913853 0.7315470033923679
200439785.79488432 0.7307960015143211
201114515.77063012 0.730045770610413
201789245.74637592 0.729296309889166
202463975.7221217 0.7285476185599157
203149951.19746327 0.727787236961296
203824681.17320904 0.7270400948374934
204499411.14895484 0.7262937197254286
205174141.12470064 0.7255481108376914
205848871.10044643 0.7248032673876811
206523601.07619223 0.7240591885896029
206917193.56204396 0.7236254954323719
207254558.54991683 0.7232539652030606
207873061.02768382 0.7225733218101017
208277899.0131313 0.7221281566548892
208671491.49898303 0.7216956201369908
209357466.97432458 0.7209423899357305
210032196.95007038 0.7202022746918799
210706926.92581618 0.719462919246013
211381656.90156198 0.7187243228181257
212056386.87730777 0.7179864846290146
212731116.85305357 0.7172494039002763
213405846.82879934 0.716513079854306
214080576.80454513 0.715777511714298
214755306.78029093 0.7150426987042436
215430036.75603673 0.7143086400489307
216116012.2313783 0.7135631196027863
216790742.20712408 0.7128305798747315
217465472.18286988 0.7120987921676802
218061483.66144535 0.7114530046111509
218646249.64042503 0.7108199709092348
219309734.11657506 0.7101024032012163
219984464.09232086 0.7093734162243933
220659194.06806666 0.7086451776213403
221333924.04381245 0.7079176866237809
222008654.01955825 0.7071909424642279
222683383.99530405 0.7064649443759815
223358113.97104985 0.7057396915931295
224032843.94679564 0.7050151833505456
224718819.4221372 0.7042793624398637
225393549.397883 0.7035563533626537
226068279.37362877 0.7028340865223368
226743009.34937456 0.7021125611569369
227417739.32512036 0.7013917765052603
228092469.30086616 0.7006717318068943
228767199.27661195 0.6999524263022076
229441929.25235775 0.6992338592323477
230116659.22810355 0.6985160298392424
230791389.20384935 0.6977989373655966
231477364.6791909 0.697070648015679
232152094.6549367 0.6963550393625657
232826824.6306825 0.6956401653491135
233501554.6064283 0.6949260252211453
234176284.5821741 0.6942126182252588
234851014.5579199 0.6934999436088248
235525744.5336657 0.6927880006199866
236121756.01224113 0.6921597256179337
236706521.99122083 0.6915438586097362
237381251.96696663 0.690833923726326
238055981.94271243 0.6901247176579177
238741957.41805398 0.6894044378537071
239416687.39379975 0.6886966992871411
240091417.36954555 0.6879896872808513
240766147.34529135 0.6872834010889549
241440877.32103714 0.6865778399663354
242115607.29678294 0.6858730031686406
242790337.27252874 0.685168889952283
243465067.24827453 0.6844654995744381
244139797.22402033 0.6837628312930443
244825772.6993619 0.6830491913586263
245500502.6751077 0.6823479770509692
246175232.65085348 0.681647482605822
246849962.62659928 0.6809477072841783
247524692.60234508 0.6802486503477898
248199422.57809088 0.6795503110591665
248874152.55383667 0.6788526886815758
249548882.52958247 0.6781557824790404
250234858.00492403 0.6774479945941426
250909587.98066983 0.6767525304423477
251584317.95641562 0.6760577802499864
252259047.93216142 0.6753637432841123
252933777.90790722 0.674670418812531
253608507.88365299 0.6739778061038
254283237.85939878 0.6732859044272279
254957967.83514458 0.6725947130528731
255632697.81089038 0.6719042312515436
256307427.78663617 0.671214458294796
256993403.26197773 0.670513915036119
257668133.23772353 0.6698255693698724
258342863.21346933 0.6691379303552635
259017593.18921512 0.6684509972668483
259692323.16496092 0.6677647693799269
260367053.14070672 0.6670792459705437
261041783.11645252 0.6663944263154858
261716513.0921983 0.6657103096922834
262391243.0679441 0.6650268953792081
263077218.54328567 0.6643328100497896
263751948.51903147 0.6636508098697965
264302977.99922386 0.6630943624545406
264865252.979012 0.6625270399076995
265551228.45435357 0.661835563665253
266225958.43009937 0.6611561271438031
266900688.40584517 0.6604773881279152
267339262.89007995 0.6600365814657287
267777837.3743147 0.6595960690006142
268171429.86016643 0.659200987623062
268565022.34601814 0.6588061428892715
269250997.8213597 0.6581185501289083
269925727.7971055 0.6574429294718308
270600457.7728513 0.6567680024029713
271275187.7485971 0.6560937682102962
271949917.7243429 0.6554202261825025
272624647.7000887 0.6547473756090181
273299377.6758345 0.65407521578
273974107.6515803 0.6534037459863339
274660083.12692183 0.6527217916812886
275334813.1026676 0.6520517113048921
276009543.0784134 0.6513823188290939
276403135.56426513 0.6509921572803365
276526836.0598185 0.6508695833514737
276920428.5456702 0.650479728918311
277595158.521416 0.6498119502304434
278269888.4971618 0.6491448570802738
278944618.4729076 0.6484784487640334
279630593.94824916 0.6478016349676944
280305323.92399496 0.6471366055954244
280980053.89974076 0.6464722589384211
281654783.87548655 0.6458085942958133
282329513.85123235 0.6451456109674486
283004243.82697815 0.6444833082538942
283678973.80272394 0.6438216854564346
284353703.77846974 0.6431607418770722
284792278.2627045 0.6427314924508679
285219607.24734354 0.642313524981053
285905582.7226851 0.6416431454856201
286580312.6984309 0.6409844383826591
287255042.6741767 0.6403264075045604
287929772.6499225 0.639669052157115
288604502.6256683 0.6390123716468276
289279232.601414 0.638356365280914
289953962.5771598 0.6377010323673016
290628692.5529056 0.6370463722146283
291314668.0282472 0.6363814900208669
291989398.003993 0.6357281845026543
292461708.98701507 0.6352712697352638
292945265.46963286 0.6348038162612447
293619995.44537866 0.634152130373693
297949512.78974754 0.6299863691382639
298624242.76549333 0.6293396288137733
302009138.1438181 0.6261051544749796
302683868.1195639 0.6254623985827785
303358598.0953097 0.6248203025400197
304033328.0710555 0.6241788656693058
304708058.04680127 0.6235380872939343
305382788.02254707 0.6228979667378982
306057517.99829286 0.6222585033258835
306743493.4736344 0.6216090551588089
307418223.44938016 0.6209709149358884
308092953.42512596 0.6203334298239911
308767683.40087175 0.6196965991505838
309442413.37661755 0.6190604222438241
310117143.35236335 0.6184248984325585
310791873.32810915 0.6177900270463234
311466603.30385494 0.6171558074153428
312141333.27960074 0.6165222388705286
312816063.25534654 0.6158893207434798
313490793.23109233 0.615257052366481
314176768.7064339 0.6146149115796494
314851498.6821797 0.6139839515036501
315526228.6579255 0.6133536391675769
316200958.6336713 0.6127239739064643
316875688.6094171 0.6120949550560285
317550418.5851629 0.6114665819526683
318225148.5609087 0.6108388539334636
318899878.5366545 0.6102117703361745
319574608.51240027 0.6095853304992415
320260583.9877418 0.6089491092608802
320935313.9634876 0.6083239656644274
321610043.9392334 0.607699463836737
322284773.9149792 0.6070756031189731
322959503.890725 0.606452382852976
323634233.8664708 0.6058298023812615
324308963.8422166 0.6052078610470205
324983693.8179624 0.6045865581941183
325658423.7937082 0.6039658931670938
327019129.24479556 0.6027161561722044
327693859.22054136 0.6020974112889639
328368589.19628716 0.6014793016056044
329032073.6724372 0.600872112526056
329684312.64899147 0.6002758122477977
330347797.1251415 0.5996698380822016
336105492.91817224 0.5944368365072338
336780222.89391804 0.5938265911251728
337454952.86966383 0.5932169722174546
338129682.84540963 0.5926079791409441
338804412.8211554 0.5919996112531666
339479142.7969012 0.5913918679123072
340153872.772647 0.5907847484772095
340828602.7483928 0.5901782523073756
341514578.2237344 0.5895622861419377
342189308.1994802 0.5889570449447926
342864038.175226 0.588352425084723
343538768.1509718 0.5877484259238681
344213498.12671757 0.5871450468250217
344888228.10246336 0.5865422871516316
345562958.07820916 0.5859401462677994
345990287.06284815 0.5855591101379832
346383879.54869986 0.5852083750279073
347047364.0248499 0.5846176113330854
347722094.0005957 0.5840174463101997
348396823.9763415 0.583417897413219
349071553.9520873 0.5828189640096317
349746283.9278331 0.5822206454675761
350421013.9035789 0.5816229411558389
351095743.8793247 0.581025850443855
351770473.8550705 0.5804293727017061
352456449.33041203 0.5798235813943992
353131179.3061578 0.5792283378946297
353805909.2819036 0.5786337054683585
354480639.2576494 0.5780396834882606
355155369.2333952 0.5774462713276557
355830099.209141 0.5768534683605067
356504829.1848868 0.576261273961419
357179559.1606326 0.5756696875056404
357865534.63597417 0.575068863858575
358540264.61171997 0.574478501524039
359214994.58746576 0.5738887452520253
359889724.56321156 0.5732995944203535
360564454.53895736 0.5727110484074821
361239184.51470315 0.5721231065925079
361700249.9981294 0.5717216935308734
362150069.98195994 0.5713303424526206
362824799.95770574 0.5707438180623101
363499529.93345153 0.5701578957945107
364174259.90919733 0.569572575031087
364848989.8849431 0.5689878551545382
365523719.8606889 0.5684037355479972
366198449.8364347 0.5678202155952303
366884425.3117763 0.5672275844037413
367559155.2875221 0.5666452718808652
368008975.27135265 0.566257395680528
368458795.25518316 0.5658697849865918
369144770.7305247 0.5652791894500232
369819500.7062705 0.564698877138019
370258075.19050527 0.5643219936418707
370696649.67474 0.5639453616800806
371371379.6504858 0.5633664186678694
372046109.6262316 0.5627880699951712
372720839.6019774 0.5622103150518399
373395569.5777232 0.5616331532283569
374070299.553469 0.5610565839158288
374745029.5292148 0.560480606505987
375419759.5049606 0.5599052203911878
376105734.98030216 0.5593208500416174
376780464.95604795 0.5587466545260265
377455194.93179375 0.5581730484761959
378129924.90753955 0.5576000312869834
378804654.88328534 0.5570276023538686
379479384.85903114 0.5564557610729508
380154114.83477694 0.5558845068409501
380828844.81052274 0.555313839055205
381503574.78626853 0.5547437571136736
382189550.2616101 0.5541647737581703
382864280.2373559 0.553595871440357
386237930.1160849 0.5507601083461648
386912660.0918307 0.550194701237965
387587390.06757647 0.5496298745733978
388273365.542918 0.5490562285521778
388835640.52270615 0.5485864734229414
389397915.50249434 0.548117120201324
390072645.47824013 0.5475544263693064
390747375.4539859 0.5469923101954883
391422105.4297317 0.546430771086849
392096835.4054775 0.5458698084509767
392782810.8808191 0.5453000867924429
393457540.8565649 0.544740284910459
394132270.8323107 0.5441810577178151
394807000.8080565 0.5436224046245388
395481730.7838023 0.5430643250412632
396156460.75954807 0.5425068183792261
396831190.73529387 0.5419498840502697
397505920.71103966 0.5413935214668404
398180650.68678546 0.5408377300419875
398866626.162127 0.5402732603391641
399541356.1378728 0.5397186189678377
400216086.1136186 0.5391645469881013
400890816.0893644 0.5386110438154212
401565546.0651102 0.5380581088658631
402240276.040856 0.5375057415560927
402915006.0166018 0.536953941303374
403589735.9923476 0.5364027075255697
404264465.9680934 0.5358520396411403
404950441.44343495 0.535292773479089
405625171.41918075 0.5347432450464645
406299901.39492655 0.5341942807565171
406974631.3706723 0.5336458800301015
407649361.3464181 0.5330980422886663
408144163.3286317 0.5326966520851504
408638965.31084526 0.532295564103895
409313695.28659105 0.5317491125888978
409988425.26233685 0.5312032220578322
410674400.7376784 0.5306488078440353
411349130.7134242 0.5301040468793901
412023860.68917 0.5295598451631671
412698590.6649158 0.5290162021212456
413373320.6406616 0.5284731171800934
414048050.6164074 0.5279305897667678
414722780.5921532 0.5273886193089139
415397510.567899 0.5268472052347645
416072240.5436448 0.5263063469731393
416746970.5193906 0.5257660439534444
417432945.99473214 0.5252173044959355
418107675.97047794 0.5246781194808827
418782405.94622374 0.5241394879900151
419457135.92196953 0.5236014094550882
420131865.89771533 0.5230638833084402
420806595.8734611 0.5225269089829928
421481325.8492069 0.5219904859122496
422156055.8249527 0.5214546135302955
422830785.8006985 0.520919291271797
423516761.2760401 0.52037561034644
424191491.2517859 0.5198413957863036
424866221.2275317 0.5193077296477125
425540951.20327747 0.5187746113676602
426215681.17902327 0.5182420403837186
426890411.15476906 0.5177100161340363
427565141.13051486 0.5171785380573394
428239871.10626066 0.5166476055929295
428925846.5816022 0.5161083830050962
429600576.557348 0.5155785491556089
430275306.5330938 0.5150492592304544
430950036.5088396 0.5145205126712438
431624766.4845854 0.5139923089201606
432299496.46033114 0.5134646474199611
432974226.43607694 0.5129375276139738
433367818.9219287 0.5126302909967122
433491519.4174821 0.5125337689294089
433603974.4134397 0.5124460373663569
433716429.40939736 0.5123583208205144
434110021.89524907 0.5120514311334857
434784751.87099487 0.5115257621270786
435470727.3463364 0.5109918851823079
436145457.3220822 0.5104673038995815
436820187.297828 0.5099432611489342
437494917.2735738 0.5094197563775119
438169647.2493196 0.5088967890330283
438844377.2250654 0.508374358563764
439519107.2008112 0.5078524644185661
440193837.176557 0.5073311060468475
440868567.1523028 0.5068102828985862
441554542.62764436 0.506281327476504
442229272.60339016 0.5057615820247875
442701583.5864122 0.5053980777139361
443185140.06903 0.5050261892019956
443859870.0447758 0.504507732267896
444534600.0205216 0.5039898075786549
445209329.9962674 0.5034724145878726
445884059.9720132 0.5029555527497108
446558789.947759 0.5024392215188913
447244765.42310053 0.5019148281522674
447919495.3988463 0.5013995653232372
448594225.3745921 0.5008848314600156
449268955.3503379 0.5003706260195695
449943685.3260837 0.4998569484594234
450348523.3115312 0.4995489950804183
450764606.7965744 0.4992326851430039
451439336.7723202 0.498720175786311
452114066.748066 0.4982081925687281
452788796.7238118 0.4976967349501243
453463526.6995576 0.4971858023909224
454138256.6753034 0.4966753943520997
454824232.15064496 0.4961570166637981
455498962.12639076 0.4956476647703901
456173692.10213655 0.49513883577465895
456848422.07788235 0.4946305291398009
457523152.05362815 0.4941227443295633
458197882.02937394 0.4936154808082442
458872612.00511974 0.49310873804069133
459547341.98086554 0.49260251549230205
460222071.95661134 0.4920968126290222
460896801.93235713 0.49159162891734626
462257507.3834445 0.4905744187537195
463606967.3349361 0.4895676941058787
464281697.3106819 0.48906510677249704
464956427.2864277 0.4885630353923344
467666592.6890066 0.4865515696212362
468341322.6647524 0.48605207862362254
469016052.6404982 0.48555310040054783
469690782.616244 0.48505463442560065
470365512.5919898 0.48455668017291
471040242.5677356 0.4840592371171449
471714972.5434814 0.4835623047335134
472389702.5192272 0.4830658824977628
473075677.99456877 0.48256170899065365
473750407.97031456 0.48206631396064453
474425137.94606036 0.48157142750027787
475099867.92180616 0.48107704908745896
475774597.89755195 0.48058317820062935
476449327.87329775 0.48008981431876563
477124057.8490435 0.4795969569213796
477798787.8247893 0.4791046054885172
478484763.30013084 0.47860456634691617
479080774.7787063 0.47817052983846736
479699277.2564733 0.4777205307683248
480374007.2322191 0.47723010566358426
481048737.2079649 0.4767401840263899
481723467.1837107 0.476250765339885
482398197.1594565 0.4757618490877431
483072927.1352023 0.47527343475416817
483747657.1109481 0.4747855218238936
484433632.58628964 0.4742899904888631
485108362.56203544 0.4738030871567234
485783092.53778124 0.4733166836766989
486457822.51352704 0.4728307795356441
487132552.48927283 0.4723453742209406
487807282.46501863 0.47186046722049635
488482012.4407644 0.4713760580227445
489156742.4165102 0.470892146116644
489831472.392256 0.470408730991678
490517447.8675976 0.46991776769190746
491192177.8433434 0.4694353528581376
491866907.8190892 0.4689534332686165
492541637.794835 0.46847200841492936
493216367.77058077 0.4679910777891834
493891097.74632657 0.467510640884007
494565827.7220723 0.4670306971925496
495240557.6978181 0.46655124620848065
495915287.6735639 0.46607228742598983
496601263.14890546 0.4655858500512337
497275993.12465125 0.4651078823387957
497950723.10039705 0.4646304053052177
498625453.07614285 0.46415341844677166
499300183.05188864 0.4636769212602468
499974913.02763444 0.46320091324294865
500649643.00338024 0.4627253938926992
501324372.97912604 0.4622503627078353
501999102.95487183 0.46177581918720945
502685078.4302134 0.4612938660154141
503359808.4059592 0.4608203044287025
504034538.381705 0.46034722899754793
504709268.3574508 0.45987463922286625
505383998.3331966 0.45940253460608504
506058728.3089424 0.4589309146491442
506733458.2846882 0.4584597788544948
507408188.260434 0.4579891267250986
508082918.23617977 0.45751895776442764
508768893.7115213 0.4570414474581521
509443623.6872671 0.4565722513794779
510118353.6630129 0.4561035369747558
510793083.6387587 0.4556353037495021
511467813.6145045 0.4551675512097409
512142543.5902503 0.45470027886200315
512817273.5659961 0.45423348621332665
513492003.5417419 0.4537671727712551
514166733.5174877 0.4533013380438377
514852708.99282926 0.45282822964670877
515527438.96857506 0.4523633588328153
516202168.94432086 0.45189896525258255
516876898.92006665 0.451435048416085
517292982.4051099 0.4511492037976094
517664083.89177006 0.45089441400503505
518293831.8691328 0.45046237268371797
518968561.8448786 0.44999993064475546
519643291.8206244 0.44953796334608725
520318021.7963702 0.44907647030034803
520992751.772116 0.44861545102067224
521678727.24745756 0.44814723326099115
522353457.22320336 0.447687167930629
523028187.19894916 0.4472275749006462
523702917.17469496 0.4467684536861817
524377647.15044075 0.44630980380287266
525052377.12618655 0.4458516247668533
525727107.10193235 0.4453939160947544
526233154.58374166 0.44505094297650627
526716711.06635946 0.44472345986919787
527380195.5425095 0.44427451469765794
528043680.01865953 0.44382602273307764
528707164.49480957 0.4433779835179477
529393139.9701511 0.44291523207757283
530067869.9458969 0.4424605378890468
530742599.9216427 0.4420063104869173
531417329.8973885 0.441552549391984
532092059.8731343 0.44109925412553885
532766789.8488801 0.4406464242093648
533216609.8327106 0.4403447958905764
533666429.8165412 0.4400433740403707
534352405.29188275 0.4395841029156553
535027135.26762855 0.43913282844485796
535701865.24337435 0.43868201724979483
536376595.21912014 0.4382316688548698
537051325.194866 0.43778178278497487
537726055.1706117 0.43733235856548996
