1.0 0.9781250454677963
2608956.906217076 0.9735292145787173
6095061.780903686 0.967503962417131
6769791.756649481 0.9663524805796203
10559525.1204217 0.9599695681917394
10896890.108294597 0.9594081266170534
13528337.0137032 0.9550654250452401
15338862.448621085 0.952114110449784
17363052.37585847 0.9488485724243033
18037782.351604268 0.9477678521736644
19387242.30309586 0.9456178387451797
20061972.278841652 0.9445484604626407
21411432.230333243 0.9424207523522201
22086162.20607904 0.9413623408682266
23446867.65716639 0.9392387111205412
24796327.608657986 0.9371466752196931
28855952.96272852 0.9309344199306576
29530682.938474316 0.9299133554140943
30205412.914220113 0.9288954592180164
30880142.889965907 0.927880697453212
31554872.865711704 0.9268690366928334
32229602.841457497 0.92586044396597
32904332.817203294 0.9248548867513079
33579062.79294909 0.9238523329708799
34253792.768694885 0.9228527509839016
34939768.24403644 0.9218395236280045
35614498.21978224 0.920845840262234
36289228.19552804 0.9198550358277277
36963958.17127383 0.9188670803793337
37638688.147019625 0.9178819443794325
38313418.12276542 0.9168995986922709
40337608.050002806 0.913969018060937
41473403.5091749 0.9123352397025625
41720804.50028169 0.9119803608473062
42204360.98289951 0.9112877507415792
42890336.45824107 0.9103075022919515
43565066.433986865 0.9093459217752697
44239796.409732655 0.9083868920887823
44914526.38547845 0.9074303877453569
45589256.36122425 0.9064763836034291
46263986.336970046 0.9055248548621985
46938716.31271584 0.904575777056894
47613446.28846163 0.9036291260541035
48299421.76380319 0.9026691608049058
50998341.66678637 0.8989158893519614
51673071.64253217 0.8979833483049313
52347801.61827797 0.8970530736626177
53022531.594023764 0.8961250437868853
53697261.56976956 0.8951992373316824
54383237.04511112 0.8942602583776331
55057967.02085691 0.8933388720588334
55732696.99660271 0.8924196464953852
56407426.972348504 0.8915025614741164
57082156.9480943 0.8905875970541403
57756886.92384009 0.8896747335630731
58431616.89958589 0.8887639515933049
59106346.875331685 0.8878552319983213
59781076.85107748 0.8869485558890765
60467052.32641904 0.8860288441593711
61141782.30216484 0.8851262326532591
61816512.27791063 0.8842256091748224
62491242.253656425 0.8833269558336524
63165972.22940222 0.8824302549793631
63840702.20514802 0.8815354891982586
64515432.18089381 0.8806426413100448
65190162.156639606 0.8797516943645897
65864892.1323854 0.8788626316387264
66550867.60772696 0.8779606657803989
67225597.58347276 0.8770753529370537
67900327.55921856 0.8761918752084383
68575057.53496435 0.8753102167517187
69249787.51071015 0.8744303619356522
69924517.48645593 0.8735522953376491
70599247.46220173 0.8726760017408758
71273977.43794753 0.8718014661313999
71678815.42339501 0.8712775824288156
71993689.41207638 0.8708705491533372
72578455.39105608 0.8701156272543807
73264430.86639763 0.869231687069008
73939160.84214342 0.8683639525694273
74613890.81788921 0.867497904631355
75288620.79363501 0.8666335293911971
75963350.76938081 0.8657708131694772
76638080.7451266 0.8649097424682807
77312810.7208724 0.8640503039687353
77987540.6966182 0.863192484528527
78673516.17195976 0.8623220144910089
79955503.12587677 0.860699638285966
80574005.60364375 0.8599189440419299
81248735.57938954 0.8590687703019737
81923465.55513534 0.8582201423513798
82598195.53088114 0.8573730481904892
88007280.83644326 0.8506362141433164
88682010.81218906 0.8498024332949314
89356740.78793485 0.8489700744173597
90031470.76368065 0.8481391271381986
90717446.23902221 0.8472957672703675
91156020.72325698 0.8467573241488295
91594595.20749174 0.8462194660168422
92280570.6828333 0.8453793673158793
92955300.6585791 0.8445544203764466
93630030.6343249 0.8437308319622258
94304760.61007069 0.8429085925290418
94979490.58581647 0.842087692656929
95654220.56156227 0.8412681230484097
96328950.53730807 0.8404498745267969
97003680.51305386 0.8396329380345199
97689655.98839542 0.8388037217310693
99039115.93988702 0.8371763718595938
99713845.91563281 0.8363646164444354
100388575.89137861 0.835554129360043
101063305.86712441 0.8347449022314954
101738035.84287019 0.8339369267918816
102412765.81861599 0.8331301948808048
103087495.79436179 0.8323246984429077
103773471.26970334 0.831507035399464
104448201.24544914 0.8307040064166961
105122931.22119494 0.829902189228527
105797661.19694073 0.8291015761870577
106472391.17268653 0.8283021597423333
107147121.14843233 0.8275039324409866
107821851.12417813 0.8267068869249025
108496581.09992391 0.8259110159298984
109171311.0756697 0.825116312284425
109846041.0514155 0.8243227689082845
110532016.52675706 0.8235171820411616
111206746.50250286 0.8227259573705277
111881476.47824866 0.8219358721513635
112556206.45399445 0.821146919657842
113230936.42974025 0.8203590932493204
113905666.40548605 0.8195723863691632
114580396.38123184 0.8187867925435804
115255126.35697763 0.8180023053804812
115929856.33272342 0.8172189185683452
116615831.80806498 0.8164235968980167
117290561.78381078 0.8156424102510297
117965291.75955658 0.8148623053921765
118640021.73530237 0.8140832763224918
119314751.71104817 0.8133053171181461
119989481.68679397 0.8125284219294077
120664211.66253977 0.8117525849796179
121338941.63828556 0.8109778005641821
122024917.11362712 0.8101911762621249
122474737.09745765 0.8096759416631468
122924557.08128817 0.8091611682074334
126095787.96729341 0.805544964122853
126410661.95597479 0.805187133793582
126916709.43778414 0.8046125084366296
127591439.41352993 0.8038472184859365
128277414.88887149 0.8030701966677014
128952144.86461729 0.8023069140802351
129626874.84036307 0.801544619462842
130301604.81610887 0.800783307978906
130976334.79185466 0.8000229748508985
131651064.76760046 0.7992636153595606
132325794.74334626 0.7985052248431014
133000524.71909206 0.7977477986964044
133675254.69483785 0.7969913323702472
134361230.1701794 0.7962232375889114
136385420.0974168 0.7939624396336866
137060150.0731626 0.793210721670272
137734880.04890838 0.7924599372933491
138409610.02465418 0.791710082324803
139084340.00039998 0.7909611526365274
139759069.97614577 0.7902131441497369
140445045.45148733 0.7894536090600965
141119775.42723313 0.7887074461201679
141794505.40297893 0.7879621923693629
142469235.37872472 0.7872178439202537
143143965.35447052 0.7864743969314193
143818695.33021632 0.7857318476068132
144493425.30596212 0.7849901921951397
145168155.2817079 0.7842494269892369
145854130.75704947 0.7834972245047105
146528860.73279527 0.7827582434473017
147203590.70854104 0.7820201416736765
147878320.68428683 0.7812829156479175
148553050.66003263 0.7805465618752806
149227780.63577843 0.7798110769016304
149902510.61152422 0.7790764573128806
150577240.58727002 0.7783426997344449
151251970.56301582 0.7776098008306944
151926700.53876162 0.7768777573044224
152612676.01410317 0.7761343865737814
153287405.98984897 0.775404058183089
153962135.96559477 0.7746745754507748
154636865.94134057 0.7739459352287208
155311595.91708636 0.7732181344046573
155986325.89283216 0.7724911699016722
156661055.86857796 0.7717650386777255
157335785.84432375 0.7710397377251711
158021761.3196653 0.7703031965016287
158696491.2954111 0.7695795609187145
159371221.2711569 0.7688567467377595
160045951.2469027 0.768134751084583
160720681.22264847 0.767413571117098
161395411.19839427 0.7666932040248723
162070141.17414007 0.7659736470286942
162497470.15877908 0.7655183453483922
162812344.14746046 0.7651830667145058
163363373.62765285 0.7645967504461747
164049349.1029944 0.7638675939263818
164724079.0787402 0.7631511969284626
165398809.054486 0.762435596758493
166073539.0302318 0.7617207908139151
171055295.35115492 0.756467475399126
171730025.32690072 0.75575922911476
172134863.3123482 0.7553346516386855
172528455.79819992 0.7549221336515735
173203185.7739457 0.7542155680105193
173877915.7496915 0.753509768458277
174552645.72543728 0.7528047327220491
175227375.70118308 0.7521004585529149
175902105.67692888 0.7513969437255059
176588081.15227044 0.7506824798117668
177262811.12801623 0.7499804896486515
177937541.10376203 0.7492792522535294
178612271.07950783 0.7485787654924466
179287001.05525362 0.7478790272534362
179961731.03099942 0.7471800354462197
180636461.00674522 0.7464817880019118
181311190.98249102 0.7457842828727308
181997166.45783257 0.7450759115447906
182671896.43357837 0.7443798972733113
183346626.40932417 0.7436846192644497
184021356.38506997 0.7429900755523389
184696086.36081576 0.7422962641908155
185370816.33656156 0.741603183253154
186045546.31230736 0.7409108308318019
186720276.28805313 0.7402192050381201
187395006.26379892 0.7395283040021274
188069736.23954472 0.7388381258722473
188755711.71488628 0.7381371839628286
189430441.69063208 0.7374484581351585
190105171.66637787 0.7367604497370086
190779901.64212367 0.7360731569882518
191454631.61786947 0.7353865781259507
192129361.59361526 0.7347007114041235
192804091.56936106 0.7340155550935175
193478821.54510686 0.7333311074813806
194164797.02044842 0.7326359771746905
194839526.9961942 0.7319529536273477
195514256.97194 0.7312706337094087
196188986.9476858 0.7305890157721912
196863716.9234316 0.7299080981824279
197538446.8991774 0.7292278793220595
198213176.8749232 0.7285483575880288
198887906.850669 0.7278695313920801
199562636.8264148 0.7271913991605591
200248612.30175635 0.726502674527836
200923342.27750212 0.7258259370629613
202272802.2289937 0.724474528527436
202947532.2047395 0.7237998544365195
203622262.1804853 0.7231258651392138
204296992.1562311 0.7224525591589487
204971722.1319769 0.721779935032257
205646452.1077227 0.7211079913085979
206332427.58306426 0.7204255445484211
207007157.55881006 0.7197549686103798
207681887.53455585 0.7190850687761488
208356617.51030165 0.7184158436453904
209031347.48604745 0.7177472918298494
209706077.46179324 0.7170794119531912
210380807.43753904 0.7164122026508438
211055537.41328484 0.7157456625698396
211741512.8886264 0.7150686981494768
212416242.8643722 0.7144035035958591
213090972.840118 0.7137389742508853
213765702.8158638 0.7130751088066634
214440432.79160956 0.7124119059661524
215115162.76735535 0.7117493644430175
215789892.74310115 0.7110874829614863
216464622.71884695 0.7104262602562104
220276847.0818107 0.7067026683428326
220692930.56685394 0.7062975196582765
221378906.0421955 0.7056301112777238
221963672.02117518 0.705061702427447
222323528.00823963 0.7047121542069568
222762102.49247438 0.7042863911346953
223436832.46822017 0.7036319040918936
224111562.44396597 0.7029780621717407
224786292.41971177 0.7023248642266445
225461022.39545757 0.7016723091177411
226146997.87079912 0.7010095359216737
226821727.84654492 0.7003582737698557
227496457.82229072 0.699707651070387
228171187.79803652 0.6990576667183235
228564780.28388822 0.6986788035355127
228677235.27984586 0.6985705967096778
228857163.27337807 0.698397502557917
229306983.2572086 0.697964965044805
229981713.23295438 0.6973166881938664
230656443.20870018 0.6966690456900909
231331173.18444598 0.6960220364658791
232005903.16019177 0.695375659461311
232680633.13593757 0.6947299136240467
233355363.11168337 0.6940847979092267
234030093.08742917 0.693440311279375
234704823.06317496 0.692796452704302
235390798.53851652 0.6921425059418466
236065528.51426232 0.6914999108394705
236740258.49000812 0.6908579407273301
237414988.4657539 0.6902165946035637
238089718.4414997 0.6895758714731338
238764448.4172455 0.6889357703477386
239439178.3929913 0.6882962902457255
240113908.3687371 0.6876574301920042
240799883.84407866 0.687008557107887
241474613.81982446 0.6863709445451489
242149343.79557022 0.6857339491280882
242824073.77131602 0.6850975699071321
243498803.74706182 0.6844618059388575
244173533.72280762 0.6838266562859113
244848263.6985534 0.6831921200169321
245522993.6742992 0.6825581962064735
246197723.650045 0.6819248839349286
246883699.12538657 0.6812816424291847
247558429.10113236 0.6806495606539167
248233159.07687816 0.6800180876780393
248907889.05262396 0.6793872226046568
249582619.02836975 0.6787569645423477
250257349.00411555 0.6781273126050956
250932078.97986135 0.67749826591222
251606808.95560715 0.6768698235883079
252281538.93135294 0.6762419847631483
252967514.4066945 0.6756042997358817
253642244.3824403 0.6749776753403723
254114555.36546233 0.6745393958523396
254586866.3484844 0.6741014105155976
255261596.3242302 0.6734762268639357
255936326.299976 0.6728516420849799
256611056.2757218 0.672227655340363
257285786.2514676 0.6716042657964504
257960516.22721338 0.6709814726242816
258635246.20295918 0.6703592749995114
259309976.17870498 0.6697376721023516
259984706.15445077 0.6691166631175144
260670681.62979233 0.6684859119897217
261345411.60553813 0.6678660982661625
262020141.58128393 0.6672468760221728
262694871.55702972 0.6666282444599817
263369601.53277552 0.6660102027860441
264044331.5085213 0.665392750210988
264719061.4842671 0.664775885949563
265393791.46001288 0.6641596092205895
266068521.43575868 0.6635439192469076
266754496.91110024 0.6629185684823191
267429226.88684604 0.6623040594506266
268103956.86259183 0.6616901348536509
268621249.84399694 0.661219854645745
268891141.8342953 0.6609746271353402
269329716.31853 0.6605763312863213
270004446.2942758 0.659964048766202
270679176.2700216 0.6593523477945454
271365151.7453632 0.6587310472042794
272039881.721109 0.6581205167524987
272714611.69685477 0.657510565605648
273389341.67260057 0.6569011930271361
274064071.64834636 0.6562923982838467
274738801.62409216 0.6556841806460946
275413531.59983796 0.6550765393875861
276088261.57558376 0.6544694737853769
276762991.55132955 0.6538629831198315
277448967.0266711 0.6532469729280194
278123697.0024169 0.6526416395423639
278798426.9781627 0.6520368789421208
279473156.9539085 0.6514326904205519
280147886.9296543 0.6508290732740332
280822616.9054001 0.6502260268020185
281497346.8811459 0.6496235503070031
282172076.8568917 0.6490216430944871
282858052.33223325 0.648410286975884
283532782.30797905 0.6478095257159318
283971356.7922138 0.6474193351035666
284409931.27644855 0.6470293839477248
285084661.25219434 0.6464299262395606
285759391.22794014 0.6458310341704931
286434121.20368594 0.6452327070642007
287108851.17943174 0.644634944247117
287794826.6547733 0.6440277964997108
288469556.6305191 0.6434311696280636
289144286.6062649 0.6428351050300688
289819016.5820107 0.6422396020429072
290493746.5577565 0.6416446600063583
291168476.5335023 0.6410502782627692
291843206.5092481 0.6404564561570257
292517936.4849939 0.6398631930365234
293192666.4607397 0.6392704882511379
293878641.93608123 0.6386684767560717
294553371.911827 0.6380768959789113
295228101.8875728 0.6374858715904016
295902831.8633186 0.6368954029500998
296577561.8390644 0.6363054894199042
297252291.8148102 0.6357161303640289
297927021.790556 0.6351273251489765
298601751.7663018 0.6345390731435138
299287727.24164337 0.633941583406243
299962457.21738917 0.6333544451291169
300637187.19313496 0.6327678581708152
301311917.16888076 0.632181821908942
301986647.14462656 0.6315963357232413
302661377.12037235 0.6310113989955718
303336107.09611815 0.630427011109885
304010837.07186395 0.6298431714522005
304685567.04760975 0.6292598794105846
305360297.0233555 0.6286771343751267
306046272.49869704 0.6280852370530517
306721002.47444284 0.6275035932995794
307395732.45018864 0.6269224947244062
308070462.42593443 0.6263419407255296
308745192.40168023 0.6257619307028631
309419922.377426 0.6251824640582143
310094652.3531718 0.6246035401952655
310769382.3289176 0.6240251585195533
311444112.3046634 0.6234473184384487
312130087.780005 0.6228604022899958
312804817.7557508 0.6222836526293916
313479547.7314966 0.6217074427865469
314154277.70724237 0.6211317721760063
314829007.68298817 0.6205566402140533
315503737.65873396 0.6199820463186915
316178467.63447976 0.6194079899096274
316853197.61022556 0.6188344704082522
317527927.58597136 0.6182614872376242
318213903.0613129 0.6176795035679686
318888633.0370587 0.6171076002494381
319563363.0128045 0.6165362315311406
320238092.9885503 0.6159653968426592
320912822.9642961 0.6153950956151597
321587552.9400419 0.6148253272813743
322262282.9157877 0.614256091275586
322937012.8915335 0.613687387033613
323622988.36687505 0.6131097489393682
324297718.34262085 0.6125421153777957
324702556.3280683 0.6122017897106925
324893729.8211963 0.6120411466658194
325354795.3046226 0.611653888323174
326029525.2803684 0.6110876141555138
326704255.2561142 0.6105218686291531
329414420.65869313 0.6082547723842684
332113340.5616763 0.6060055147668861
332788070.5374221 0.6054445109533464
333462800.5131679 0.6048840302899123
334148775.9885095 0.6043147440261217
334823505.9642553 0.6037553167383459
335498235.9400011 0.6031964109731323
336172965.91574687 0.6026380261935231
336847695.89149266 0.602080161863815
337522425.8672384 0.6015228174495472
338197155.8429842 0.60096599241749
338871885.81873 0.6004096862356341
339546615.7944758 0.5998538983731778
340232591.26981735 0.5992893781831257
340907321.24556315 0.5987346339883971
341582051.22130895 0.598180406519028
342256781.19705474 0.5976266952489614
342931511.17280054 0.5970734996532944
343606241.14854634 0.5965208192082679
344280971.12429214 0.5959686533912574
344955701.10003793 0.5954170016807607
345630431.0757837 0.5948658635563909
346316406.5511253 0.5943060657584356
346991136.5268711 0.5937559617876558
347665866.5026169 0.5932063698398152
348340596.4783627 0.5926572893989024
349015326.4541085 0.5921087199499713
349690056.4298543 0.5915606609791327
350364786.4056001 0.5910131119735449
351039516.38134587 0.5904660724214047
351725491.8566874 0.5899104372774188
352186557.3401137 0.589537272933191
352647622.82354003 0.5891643458325341
353074951.808179 0.5888189177791814
353502280.792818 0.5884736932527928
354188256.26815957 0.5879199423042536
354862986.24390537 0.5873757800368169
355537716.21965116 0.586832123836711
356212446.19539696 0.5862889731998112
356887176.17114276 0.5857463276229593
357561906.14688855 0.5852041866039543
358236636.12263435 0.5846625496415465
358911366.09838015 0.5841214162354286
359586096.07412595 0.5835807858862282
360272071.5494675 0.5830316602206083
360946801.5252133 0.5824920428543038
361621531.5009591 0.5819529270440692
362296261.4767049 0.5814143122942153
362970991.4524507 0.5808761981099512
363645721.4281965 0.5803385839973781
364320451.4039423 0.5798014694634829
364995181.3796881 0.5792648540161299
365669911.3554339 0.5787287371640555
366355886.83077544 0.5781841956550069
367030616.80652124 0.5776490828125979
367705346.78226703 0.5771144670887026
368380076.75801283 0.5765803479954923
369054806.7337586 0.5760467250459779
369729536.7095044 0.5755135977540035
370404266.6852502 0.5749809656342396
371078996.660996 0.5744488282021789
371753726.6367418 0.5739171849741282
372439702.1120834 0.5733771871555903
373114432.0878292 0.5728465391042835
373789162.0635749 0.5723163838027261
374463892.0393207 0.5717867207704408
375138622.0150665 0.571257549527737
375813351.9908123 0.5707288695957049
376488081.9665581 0.5702006804962106
377162811.9423039 0.56967298175189
377837541.9180497 0.5691457728861441
378523517.39339125 0.5686102789090388
379198247.36913705 0.5680840565184525
379872977.34488285 0.5675583225732826
380547707.32062864 0.5670330765999505
381222437.29637444 0.5665083181256177
381897167.27212024 0.5659840466781795
382571897.24786603 0.5654602617862617
383246627.22361183 0.564936962979215
383932602.6989534 0.5644054403454728
384607332.6746992 0.5638831203808871
385282062.650445 0.5633612850857251
385956792.6261908 0.562839933992203
386631522.6019366 0.5623190666332387
387306252.5776824 0.5617986825424482
387980982.5534282 0.5612787812541405
388655712.529174 0.5607593623033142
389330442.50491977 0.5602404252256519
390016417.9802613 0.5597133327056864
390691147.9560071 0.5591953659959779
391365877.9317529 0.5586778797628508
392040607.9074987 0.5581608735446979
392715337.8832445 0.5576443468805754
393390067.8589903 0.5571282993102001
394064797.8347361 0.5566127303739462
394739527.8104819 0.55609763961284
395414257.7862277 0.5555830265685567
396100233.26156926 0.5550603258945068
396774963.23731506 0.5545466748543071
397449693.21306086 0.5540335001522124
398124423.18880665 0.5535208013324687
398799153.16455245 0.5530085779399515
399473883.14029825 0.5524968295201643
400148613.11604404 0.5519855556192348
400823343.0917898 0.55147475578391
401498073.0675356 0.5509644295615552
402184048.54287714 0.5504460829552783
402768814.52185684 0.5500045995129138
403162407.00770855 0.5497076469622446
403634717.99073064 0.5493515159220449
404320693.4660722 0.5488346895943162
404995423.441818 0.5483268110357326
405670153.4175638 0.5478194033048305
406344883.3933096 0.5473124659533122
407019613.3690554 0.5468059985334711
407694343.3448012 0.5463000005981885
408369073.320547 0.5457944717009309
409043803.2962928 0.5452894113957468
409729778.77163434 0.5447764133316653
410404508.7473801 0.5442722966663552
411079238.7231259 0.5437686472513303
411753968.6988717 0.5432654646429483
412428698.67461747 0.542762748398136
413103428.65036327 0.5422604980743847
413778158.62610906 0.5417587132297486
414452888.60185486 0.5412573934228417
415127618.57760066 0.5407565382128356
415813594.0529422 0.5402478112385002
416488324.028688 0.5397478916269194
417163054.0044338 0.5392484352857572
417837783.9801796 0.538749441776398
418512513.9559254 0.5382509106607709
419187243.9316712 0.5377528415013468
419861973.907417 0.5372552338611372
420536703.8831628 0.53675808730369
421211433.8589086 0.5362614013930892
421897409.33425015 0.5357569091621683
422572139.30999595 0.5352611508989017
423246869.28574175 0.5347658519706852
423921599.26148754 0.5342710119437282
424596329.23723334 0.5337766303847644
425271059.21297914 0.5332827068610487
428284853.1046437 0.5310820958601515
428959583.0803895 0.5305906686361925
429645558.55573106 0.530091517649794
430072887.54037005 0.5297808088021951
430511462.0246048 0.5294621129867948
431186192.0003506 0.528972186458531
431860921.9760964 0.5284827137660237
432546897.45143795 0.5279855479995573
433221627.42718375 0.5274969892433579
433896357.40292954 0.5270088830355197
434571087.37867534 0.5265212289502768
435245817.35442114 0.5260340265623542
435920547.33016694 0.5255472754469678
436595277.30591273 0.5250609751798216
437270007.28165853 0.5245751253371065
437944737.2574043 0.5240897254954977
438630712.7327459 0.5235966965342858
439305442.7084917 0.5231122029092032
439980172.6842375 0.5226281580111183
440654902.6599833 0.5221445614186361
441329632.6357291 0.521661412710839
442004362.6114749 0.5211787114672833
442679092.58722067 0.5206964572679988
443353822.56296647 0.5202146496934866
444028552.53871226 0.5197332883247174
444714528.0140538 0.5192443612578639
445389257.9897996 0.5187638984646439
446063987.9655454 0.5182838806159266
446738717.9412912 0.5178043072945544
447413447.917037 0.5173251780838319
448088177.8927828 0.5168464925675242
448762907.8685286 0.5163682503298559
449437637.8442744 0.5158904509555089
450112367.8200202 0.5154130940296215
450798343.29536176 0.5149282342989091
451473073.27110755 0.5144517683840046
452147803.24685335 0.5139757436688105
452822533.2225991 0.5135001597402835
453497263.1983449 0.5130250161858299
454171993.1740907 0.5125503125933035
454846723.1498365 0.5120760485510052
455521453.1255823 0.5116022236476806
456207428.60092384 0.5111209514175986
456882158.57666963 0.5106480108620566
457556888.55241543 0.5101755082075564
458231618.5281612 0.5097034430446195
458906348.503907 0.5092318149642059
459581078.4796528 0.5087606235577136
460255808.4553986 0.5082898684169767
460930538.4311444 0.5078195491342645
461605268.4068902 0.5073496653022805
462291243.8822318 0.506872396051165
462965973.85797757 0.5064033891409933
463640703.83372337 0.5059348164554885
464315433.80946916 0.505466677589085
464990163.78521496 0.5049989721366454
465664893.76096076 0.5045316996934593
466339623.73670655 0.5040648598552423
467014353.71245235 0.5035984522181342
467689083.68819815 0.503132476378699
468375059.1635397 0.5026591765124214
469049789.1392855 0.5021940702395052
469510854.6227118 0.5018764952892181
469971920.1061381 0.5015591212691437
470646650.0818839 0.5010950333934958
471321380.0576297 0.5006313751509226
471996110.0333755 0.5001681461406671
472682085.50871706 0.4996976362569647
473356815.4844628 0.4992352716478836
474031545.4602086 0.49877333506468474
474706275.4359544 0.49831182610827535
475381005.4117002 0.4978507443799742
476055735.387446 0.4973900894815113
476730465.3631918 0.4969298610150264
477405195.3389376 0.4964700585830682
477978715.8183215 0.4960795611889724
478552236.2977055 0.49568937107434863
479226966.27345127 0.49523071695353316
479901696.24919707 0.494772487400215
480576426.22494286 0.4943146820188523
481251156.20068866 0.4938573004143072
