1.0 0.9997323201830328
1338215.4518958277 0.996849049569108
6612354.762308796 0.985625312986721
6814773.755032535 0.9851989437927187
7208366.240884248 0.9843708131777869
26483152.54802247 0.9452565748357485
31172525.879455753 0.9361508389405695
34444966.26182286 0.9298874722182227
44385987.90447758 0.9113062734926702
62345050.758911505 0.879355199278097
66258484.618237115 0.8726552047050041
66674568.10328036 0.8719481765828477
67585453.57053718 0.8704039030948111
67979046.0563889 0.8697381260512907
70689211.45896783 0.8651782199742356
78797216.66751315 0.8517867382380218
82856842.02158369 0.8452194233984321
84206301.97307527 0.8430562992347804
87332550.86069746 0.8380827271637543
89457950.28429672 0.8347311482482606
96205250.04175468 0.824247706225619
98240685.46858783 0.8211311337771258
102007927.83316852 0.8154179597722856
102199101.3262965 0.8151299259457175
102491484.31578633 0.814689754092638
102840094.80325499 0.8141654870016708
103188705.29072365 0.8136418206987684
103537315.77819231 0.8131187541993926
103885926.26566099 0.8125962865208047
104234536.75312965 0.8120744166820639
104740584.234939 0.8113179254802927
106989684.15409164 0.8079708814083697
107450749.63751793 0.8072877748735067
109429957.56637226 0.8043670698089243
112128877.46935545 0.8004145138673884
114164312.8961886 0.7974564550386786
115142671.36102 0.7960415482986485
115502527.34808442 0.7955222475133663
116334694.3181709 0.7943236733325117
116458394.81372431 0.7941457815546265
116582095.3092777 0.7939679607443642
116694550.30523533 0.7938063670112995
116807005.30119297 0.7936448318645268
117200597.78704467 0.7930799197740741
117594190.2728964 0.7925157236725209
117717890.76844978 0.7923385525619507
118021519.2575354 0.7919039770497123
119685853.19770835 0.7895293835917835
119865781.19124056 0.7892734305383713
122710892.58896868 0.7852457351594413
129300755.35208595 0.7760559993540621
129806802.8338953 0.7753582213310581
131156262.78538688 0.7735029297310312
132359531.24213354 0.7718552819284686
133619027.19685903 0.7701373211846267
134597385.66169044 0.7688075238905439
134945996.1491591 0.7683346750783971
135418307.13218117 0.7676948661857065
135935600.11358628 0.7669952100842392
137971035.54041943 0.7642531969320312
143380120.84598154 0.7570504837655799
144054850.82172734 0.7561604806869688
146753770.72471052 0.7526189918928876
148789206.15154368 0.7499675619862032
150138666.10303527 0.7482188387144784
150813396.07878107 0.747347190350382
151488126.05452687 0.7464773434028156
152162856.03027263 0.7456092923227551
152837586.00601843 0.744743031580662
154873021.43285158 0.7421406026632247
155547751.40859738 0.7412814777923051
156897211.36008897 0.7395685113057452
157571941.33583477 0.7387146588815259
158921401.28732637 0.7370121887918135
159607376.76266792 0.7361494313026238
160956836.71415952 0.7344574188634843
162306296.6656511 0.7327722865210398
163655756.6171427 0.7310939922415317
164330486.5928885 0.7302573963203196
165679946.54438007 0.7285892809647928
166365922.01972163 0.7277439066098162
167040651.99546742 0.7269140832053106
169064841.92270482 0.724434631945069
171089031.8499422 0.7219701025873795
172449737.30102956 0.7203217100478632
173799197.25252116 0.7186934992905512
174204035.23796862 0.7182063037553363
174620118.72301188 0.7177061827196669
176644308.65024927 0.7152819123218408
182053393.95581138 0.7088741222348315
183402853.90730298 0.7072912656648684
184752313.85879457 0.7057146269601956
185438289.33413613 0.7049155406820127
186113019.30988193 0.7041311074228856
186787749.28562772 0.7033482099102509
188137209.23711932 0.7017870036654262
189486669.1886109 0.700231885190323
190161399.1643567 0.6994565974498537
191522104.61544406 0.6978976837216904
192871564.56693563 0.696357675357804
193546294.54268143 0.6955899087175151
194221024.51842722 0.6948236278198929
194895754.49417302 0.6940588282205564
196245214.4456646 0.6925336552166081
196874962.42302737 0.691823919563244
197493464.90079433 0.6911280991031465
198179440.3761359 0.6903578056314936
198854170.35188168 0.6896016076102537
199528900.32762748 0.6888468607846288
200203630.30337328 0.6880935608305876
200878360.27911907 0.6873417034391542
201553090.25486487 0.6865912843163526
202902550.20635647 0.6850947437754176
203588525.68169802 0.6843361903978011
204263255.65744382 0.6835915053594499
204937985.63318962 0.6828482372727606
206287445.5846812 0.6813659351495476
206962175.560427 0.680626892747122
207636905.5361728 0.6798892505644485
209672340.96300596 0.677672471235613
210347070.93875176 0.6769404116363309
211021800.91449755 0.6762097315989862
211696530.89024332 0.6754804270486872
212371260.86598912 0.6747524939246966
213473319.82637393 0.6735664752834023
213911894.31060869 0.6730954990782763
214586624.28635448 0.6723720404239828
215261354.26210028 0.6716499359614638
215936084.23784608 0.670929181703923
217296789.68893343 0.6694797515127247
217971519.66467923 0.6687630463595675
218646249.64042503 0.6680476755366593
219320979.61617082 0.6673336351261171
219995709.59191662 0.6666209212236457
220670439.56766242 0.665909529938489
221345169.54340822 0.6651994573933809
222019899.519154 0.6644906997244971
223380604.97024137 0.6630653556891102
224055334.94598716 0.6623605412900666
225517249.89343637 0.660837896336428
226191979.86918217 0.6601371839834441
226866709.84492797 0.6594377591422711
227552685.32026953 0.6587279932274573
228227415.29601532 0.6580311534579248
228755953.7770162 0.6574861872316221
229284492.25801706 0.6569420023218713
229959222.23376286 0.6562484307208676
230633952.20950866 0.6555561258283595
231308682.18525445 0.6548650839607101
231983412.16100025 0.6541753014470255
232658142.13674605 0.6534867746291083
233344117.6120876 0.6527880558688905
234018847.5878334 0.6521020502947218
234693577.5635792 0.6514172894572184
236043037.5150708 0.650051487574042
236717767.4908166 0.6493704393504127
237392497.4665624 0.6486906215074468
238067227.4423082 0.6480120304870909
238741957.41805398 0.6473346627435813
239427932.89339554 0.6466472559239286
240777392.8448871 0.6452986455032637
241452122.8206329 0.6446261557777894
242126852.7963787 0.6439548717251632
242801582.7721245 0.643284789872635
243476312.7478703 0.6426159067594366
244825772.6993619 0.6412817229676077
245500502.6751077 0.6406164154269636
246186478.15044925 0.6399412342131021
247535938.10194084 0.638616569886835
248885398.05343243 0.6372966047307664
249560128.02917823 0.6366383759331402
250909587.98066983 0.6353254091831366
251595563.45601138 0.6346597619615835
252270293.43175718 0.6340061913408386
254294483.35899454 0.6320523748252891
254969213.33474034 0.6314033901874666
255643943.31048614 0.630755543887372
256318673.28623194 0.6301088326842376
257679378.7373193 0.6288080713605657
258354108.7130651 0.6281647648452087
259028838.68881088 0.6275225805216187
259703568.66455668 0.6268815152045406
261064274.11564404 0.6255920910321281
261739004.09138983 0.6249543821976058
263099709.5424772 0.6236716980380349
264449169.49396878 0.6224040330666266
265123899.46971458 0.621771842848316
266473359.42120618 0.6205107315074658
267148089.39695197 0.6198818042410819
267822819.37269777 0.6192539584990524
268497549.34844357 0.6186271912357332
269858254.7995309 0.6173664787600623
270532984.7752767 0.6167429465611766
271207714.7510225 0.6161204807124995
271882444.7267683 0.6154990782203988
273231904.6782599 0.6142594513826414
273906634.6540057 0.6136412211008527
274581364.6297515 0.6130240423033027
275267340.10509306 0.6123976520764314
275942070.08083886 0.6117825848312959
276616800.0565846 0.6111685602237941
277291530.0323304 0.6105555753414811
278640989.983822 0.6093327131524235
279315719.9595678 0.608722830070464
279990449.9353136 0.6081139751631921
280665179.9110594 0.6075061455676235
281351155.38640094 0.6068892336245637
282025885.36214674 0.6062834630721067
282700615.33789253 0.6056787092538275
283375345.3136383 0.6050749693458352
284050075.2893841 0.6044722405338833
284724805.2651299 0.6038705200133362
285399535.2408757 0.6032698049891339
286074265.2166215 0.6026700926757574
286748995.1923673 0.602071380297195
287434970.6677089 0.6014637115992519
288109700.6434547 0.6008670073503534
288784430.61920047 0.6002712947192184
289459160.59494627 0.599676570967678
290133890.57069206 0.5990828333669002
290808620.54643786 0.5984900791973555
291483350.52218366 0.5978983057487848
292832810.47367525 0.5967176902196754
293518785.9490168 0.5961190368656458
294193515.9247626 0.5955311755262049
294587108.4106143 0.5951887032695721
294980700.896466 0.5948465596235354
295655430.8722118 0.594260790665864
296150232.85442543 0.5938318380131171
296645034.836639 0.5934034014053193
297319764.8123848 0.5928199994362228
297994494.7881306 0.592237552503828
299343954.7396222 0.5910755133037044
300018684.715368 0.5904959158354466
300693414.69111377 0.5899172630027676
301368144.66685957 0.5893395522274496
302042874.64260536 0.5887627809400358
302728850.1179469 0.5881773572637716
303403580.0936927 0.5876024728300338
304078310.0694385 0.5870285201857702
304753040.0451843 0.586455496796401
305427770.0209301 0.5858834001359511
306777229.9724217 0.584741976940747
307451959.9481675 0.584172645396789
308137935.42350906 0.5835947647351423
308531527.90936077 0.5832636206507428
308925120.3952125 0.582932787151677
309599850.37095827 0.5823663651839905
310274580.34670407 0.5818008520504472
310949310.32244986 0.5812362452943367
312984745.749283 0.5795384814133758
314334205.7007746 0.5784173941433014
315008935.6765204 0.5778581893681545
315683665.6522662 0.5772998739649876
316358395.628012 0.5767424455429955
317033125.6037578 0.5761859017194606
317707855.5795036 0.5756302401197256
319068561.03059095 0.5745123298167112
319743291.00633675 0.573959315286518
320418020.9820825 0.5734071735225331
321092750.9578283 0.5728559021900953
326501836.2633904 0.5684677235192724
327176566.2391362 0.5679241964467872
327862541.7144778 0.5673724793580898
328537271.6902236 0.5668306590574572
329212001.6659694 0.5662896817050036
329886731.64171517 0.565749545066671
330561461.61746097 0.5652102469159277
331236191.59320676 0.5646717850337409
331910921.56895256 0.5641341572085499
332585651.54469836 0.563597361236239
333260381.52044415 0.5630613949201121
333946356.9957857 0.5625173440880893
334621086.9715315 0.5619830442600855
335295816.9472773 0.5614495675062399
335970546.9230231 0.5609169116593866
336645276.8987689 0.560385074559646
337320006.8745147 0.5598540540543988
337994736.8502605 0.5593238479982592
338691957.8251978 0.5587768217597803
339389178.80013514 0.5582306605377592
340063908.77588093 0.5577029388236473
340738638.75162673 0.5571760229080626
341424614.2269683 0.5566411489418251
342099344.2027141 0.5561158516450028
342774074.1784599 0.5555913538056694
343448804.1542057 0.5550676533359703
344123534.1299515 0.5545447481550527
344798264.1056973 0.5540226361890406
345472994.0814431 0.5535013153710096
346147724.05718887 0.5529807836409623
346822454.03293467 0.5524610389458037
347508429.5082762 0.5519334365498484
348183159.484022 0.5514152728245816
348857889.4597678 0.5508978899822652
349532619.4355136 0.5503812859972791
350207349.4112594 0.5498654588507821
350882079.3870052 0.5493504065306875
351556809.362751 0.5488361270316391
352231539.33849674 0.5483226183549876
352906269.31424254 0.5478098785087654
353322352.7992858 0.5474940713140944
353738436.28432906 0.547178555269146
354413166.26007485 0.5466675253193272
355099141.7354164 0.5461487597944403
355773871.7111622 0.5456392654089643
356448601.686908 0.5451305295047767
357123331.6626538 0.544622550131136
357798061.6383996 0.5441153253438122
358472791.6141454 0.5436088532050622
359147521.5898912 0.5431031317836077
359822251.565637 0.5425981591546113
360496981.5413828 0.542093933399654
361182957.01672435 0.5415820675607844
361868932.4920659 0.541070969720474
362554907.96740746 0.5405606378830302
363229637.94315326 0.5400594174812255
363904367.91889906 0.5395589343626671
364590343.3942406 0.5390508637385075
365265073.3699864 0.5385518617621206
365939803.3457322 0.5380535914164295
366614533.321478 0.5375560508401686
367289263.29722375 0.5370592381782627
367817801.77822465 0.5366705754893697
368335094.7596298 0.5362906127712465
368728687.2454815 0.5360017955118312
369133525.23092896 0.5357049826872653
369808255.20667475 0.5352108712855732
370482985.18242055 0.5347174791008769
371157715.15816635 0.5342248043131699
371832445.13391215 0.5337328451084892
372507175.10965794 0.5332415996788928
373181905.08540374 0.5327510662224396
373856635.06114954 0.5322612429431663
374531365.03689533 0.5317721280510675
375217340.5122369 0.5312755856002866
375892070.4879827 0.5307878938682934
376566800.4637285 0.5303009051595005
377241530.4394743 0.5298146177076168
377916260.4152201 0.5293290297522029
378590990.3909659 0.5288441395386487
379265720.3667116 0.5283599453181546
379940450.3424574 0.5278764453477088
380615180.3182032 0.5273936378900683
381301155.79354477 0.5269034917784146
381975885.76929057 0.5264220756272944
382650615.74503636 0.5259413467830327
383325345.72078216 0.5254613035313478
384000075.69652796 0.5249819441636232
384674805.67227376 0.524503266976888
385349535.64801955 0.5240252702737959
386024265.62376535 0.5235479523626058
386698995.59951115 0.5230713115571615
387384971.0748527 0.5225874191333383
388059701.0505985 0.522112138718166
388734431.0263443 0.5216375303558031
389409161.0020901 0.5211635923823261
390083890.9778359 0.5206903231392972
390758620.9535817 0.5202177209737449
391433350.9293275 0.5197457842381437
392108080.9050733 0.5192745112903958
392794056.38041484 0.5187960625811281
393468786.35616064 0.5183261232992786
394143516.33190644 0.5178568428843043
394818246.30765224 0.5173882197157117
395492976.28339803 0.516920252178338
396167706.2591438 0.5164529386623322
396842436.2348896 0.5159862775631359
397517166.2106354 0.5155202672814644
398191896.1863812 0.5150549062232883
398877871.6617228 0.5145824530539689
399552601.6374686 0.5141183964357536
400227331.6132144 0.5136549842640261
400902061.5889602 0.5131922149656762
401576791.56470597 0.512730086972756
402251521.54045177 0.5122685987224603
402926251.51619756 0.5118077486571093
403600981.49194336 0.5113475352241298
404275711.46768916 0.5108879568760369
404950441.44343495 0.5104290120704161
405636416.9187765 0.5099630660689839
406311146.8945223 0.5095053942361816
406985876.8702681 0.509048351323437
407660606.84601384 0.5085919358085206
408335336.82175964 0.5081361461741825
409010066.79750544 0.5076809809081358
409684796.77325124 0.5072264385030388
410359526.74899703 0.5067725174564768
411034256.7247428 0.5063192162709447
411855178.1952336 0.5057685335361981
412541153.67057514 0.5053090740688939
413215883.64632094 0.5048577669102271
413890613.62206674 0.504407073327138
414565343.59781253 0.5039569918475326
415240073.57355833 0.5035075210041187
415914803.5493041 0.5030586593343883
416589533.5250499 0.5026104053806015
417275509.0003915 0.5021553020230615
417950238.9761373 0.5017082692149296
418624968.9518831 0.5012618397539386
419299698.9276288 0.5008160122013283
419974428.9033746 0.5003707851230216
420649158.8791204 0.49992615708960764
421323888.8548662 0.49948212667632585
421998618.830612 0.49903869246304866
422673348.8063578 0.49859585303426557
423359324.28169936 0.4981462412306567
424034054.25744516 0.49770459699694747
424708784.23319095 0.49726354330541345
425383514.20893675 0.4968230787589237
426058244.18468255 0.4963832019648819
426732974.16042835 0.49594391153521106
427407704.13617414 0.49550520608633675
428082434.11191994 0.49506708423917156
428757164.08766574 0.49462954461909886
429443139.5630073 0.49418530812326944
430117869.5387531 0.49374893849797735
430792599.5144989 0.49331314697994383
431467329.4902447 0.49287793221235066
432142059.4659905 0.49244329284277155
432816789.4417363 0.4920092275231563
433491519.4174821 0.4915757349098153
434166249.3932279 0.4911428136634039
434840979.3689737 0.49071046244890726
435526954.84431523 0.49027148837100615
439575334.69879 0.48769271837894695
440250064.6745358 0.4872648891878367
440924794.6502816 0.4868376181842442
441610770.12562317 0.4864037968846696
442285500.10136896 0.48597764763203877
442960230.07711476 0.4855520526805751
443634960.05286056 0.4851270107503069
444309690.02860636 0.48470252056538143
444984420.00435215 0.48427858085404984
445659149.98009795 0.48385519034865315
446345125.4554395 0.4834253050446671
447694585.40693104 0.48258127689215596
448369315.38267684 0.48216007967421265
449044045.35842264 0.4817394253639906
449718775.33416843 0.48131931271813244
450393505.30991423 0.48089974049726925
451068235.28566 0.4804807074660073
451742965.2614058 0.48006221239291313
452428940.7367474 0.47963729261845445
453103670.7124932 0.4792198786979438
453778400.688239 0.4788029990446309
454453130.6639848 0.4783866524428504
455127860.6397306 0.4779708376808273
455802590.61547637 0.4775555535506638
456477320.59122217 0.4771407988483252
457152050.56696796 0.4767265723736264
457838026.0423095 0.4763059823978238
458512756.0180553 0.4758928175470767
459187485.9938011 0.4754801773265949
459862215.9695469 0.47506806055151846
460536945.9452927 0.4746564660407694
461222921.42063427 0.4742385458013845
461897651.39638007 0.4738280009464171
462572381.37212586 0.4734179748156323
463247111.34787166 0.4730084662430068
463921841.32361746 0.4725994740662318
464596571.29936326 0.4721909971267007
465271301.27510905 0.4717830342694949
465946031.25085485 0.47137558434337207
466620761.22660065 0.47096864620075174
467306736.7019422 0.4705554492257386
467981466.677688 0.47014953970398304
468656196.6534338 0.4697441385259215
469330926.6291796 0.4693392445585552
470005656.6049254 0.46893485667248286
470680386.5806712 0.46853097374188873
471355116.556417 0.4681275946445296
472029846.5321628 0.46772471826172207
472715822.00750434 0.4673156414752665
473390551.98325014 0.4669137755117553
474065281.95899594 0.46651240890954165
474740011.93474174 0.46611154056411486
475414741.91048753 0.46571116937446166
476089471.88623327 0.46531129424305373
476764201.86197907 0.4649119140758349
477438931.83772486 0.46451302778220954
478113661.81347066 0.46411463427503
478799637.2888122 0.4637101049335016
479474367.264558 0.4633127019194102
480149097.2403038 0.46291578843296943
480823827.2160496 0.4625193634007591
481498557.1917954 0.46212342575274623
482173287.1675412 0.46172797442227326
482848017.143287 0.4613330083460463
483522747.1190328 0.4609385264641229
484197477.0947786 0.4605445277199004
484872207.0705244 0.46015101106010403
485558182.54586595 0.4597514289104853
486232912.52161175 0.4593588812639186
486907642.49735755 0.45896681254444305
487582372.47310334 0.4585752217120333
488257102.44884914 0.45818410772993357
488931832.42459494 0.45779346956464584
489606562.40034074 0.4574033061859186
490281292.37608653 0.4570136165667354
490956022.35183233 0.45662439968330315
491641997.8271739 0.45622917941958047
492316727.8029197 0.4558409127854705
492991457.7786655 0.45545311581808406
493666187.7544113 0.4550657875064619
494340917.7301571 0.4546789268428117
495015647.7059029 0.45429253282249704
495690377.6816487 0.4539066044440258
496365107.65739447 0.4535211407090396
497051083.132736 0.45312972787666667
497725813.1084818 0.4527451981486021
498400543.0842276 0.45236113007118073
499075273.0599734 0.4519775226585199
499750003.0357192 0.45159437492781496
500424733.011465 0.45121168589932936
501099462.9872108 0.4508294545963832
501774192.9629566 0.45044768004534286
502448922.9387024 0.45006636127560984
503134898.41404396 0.4496791534347961
503809628.3897897 0.449298750883969
504484358.3655355 0.4489188012047593
505159088.3412813 0.44853930343865334
505833818.3170271 0.44816025663011977
506508548.2927729 0.4477816598265987
507183278.2685187 0.4474035120784916
507858008.2442645 0.4470258124391506
508532738.2200103 0.44664855996486824
509218713.69535184 0.44626547738586625
509893443.67109764 0.4458891238357998
510568173.64684343 0.4455132146216505
511242903.62258923 0.4451377488114178
511917633.598335 0.44476272547598955
512592363.5740808 0.44438814368913243
513267093.5498266 0.4440140025274818
513941823.5255724 0.4436403010705313
514616553.5013182 0.44326703840062337
515302528.9766598 0.44288800356086316
515977258.9524056 0.44251562299837016
516651988.92815137 0.4421436784718077
517326718.90389717 0.44177216907485867
518001448.87964296 0.4414010939040045
518676178.85538876 0.4410304520585152
519350908.83113456 0.44066024264044007
520025638.80688035 0.44029046475459727
520700368.78262615 0.4399211175085644
521386344.2579677 0.439546055023621
522061074.2337135 0.4391775735311521
522735804.2094593 0.4388095200029725
523410534.1852051 0.43844189355764657
524085264.1609509 0.4380746933164496
524759994.1366967 0.4377079184033587
525434724.1124425 0.4373415679450429
526109454.0881883 0.4369756410708542
526784184.0639341 0.436610136912818
527470159.53927565 0.43623897346960083
528144889.51502144 0.4358743191597678
528819619.49076724 0.43551008496379817
529494349.46651304 0.43514627002436074
530169079.44225883 0.4347828734867511
530843809.41800463 0.4344198944988823
531518539.39375037 0.4340573322112754
532193269.36949617 0.4336951857770506
532867999.34524196 0.4333334543519181
533553974.8205835 0.43296611864400875
534228704.7963293 0.4326052215962155
534903434.7720751 0.4322447370261731
535578164.7478209 0.4318846640999037
536252894.7235667 0.4315250019859743
536927624.6993126 0.4311657498554875
537602354.6750584 0.4308069068820728
538277084.6508042 0.4304484722418781
538951814.62655 0.4300904451135605
539637790.1018915 0.4297268677786305
540312520.0776373 0.4293696599777407
540987250.0533831 0.4290128572261236
542336710.0048747 0.4283004636277649
543686169.9563663 0.42758968052227175
544360899.9321121 0.4272348908959178
