1.0 1.0
674730.9757457955 0.9980693186308961
1833017.434109411 0.9926802591991584
2136645.923195019 0.9917333464566811
2755148.4009619984 0.9928861053928102
4104608.3524535894 0.9906666520870893
6117552.780095212 0.9804871376005948
7433276.232799513 0.9756697493984529
7826868.718651228 0.9748434283025447
8220461.204502942 0.9729258084958509
9581166.655590296 0.9679958275905501
9974759.14144201 0.9665767747581888
10087214.137399642 0.966481901229823
10390842.62648525 0.9653961714030471
10964363.105869176 0.962756216748194
12088913.065445503 0.9583093111943785
12538733.049276033 0.9579127054191582
13213463.025021829 0.9565933862318906
13742001.506022701 0.953998185151388
14180575.990257468 0.9533719388607768
14731605.470449869 0.9516923635215752
15372598.947408374 0.949544799442972
15766191.433260089 0.9482133299638849
16159783.919111801 0.9468476371633573
16789531.896474544 0.9443183514162355
17340561.376666944 0.9416063050299193
17655435.365348317 0.9404801754836207
17914081.85605087 0.939622668637672
18442620.33705174 0.9372679420830258
19106104.813201774 0.9365903608092172
19780834.78894757 0.9354880255846579
20219409.27318234 0.933906260094086
20365600.76792726 0.9337730118937972
20523037.762267947 0.9332791025318473
20961612.246502712 0.9325120141083008
21591360.223865457 0.9300618065101791
22097407.7056748 0.9283509441698014
22389790.695164647 0.9276884495080762
22547227.68950533 0.9270311187206336
26078314.562574998 0.9534412967773581
26595607.543980107 0.9522362915853677
27281583.019321665 0.9507319842059235
27911330.996684406 0.9497731236759719
28552324.47364291 0.948329567755626
29227054.44938871 0.9472670247365168
29901784.425134502 0.94594507298654
30464059.404922668 0.9449117919199708
31026334.38471083 0.9439396673211902
31701064.360456623 0.9423724821818384
32375794.33620242 0.9412253933818919
33050524.311948217 0.9397740410235175
33736499.787289776 0.9384202960104644
34411229.76303557 0.9372948752304109
35085959.73878136 0.9360799473006196
35760689.71452716 0.934855400390582
36435419.69027296 0.9336110080028688
37053922.16803993 0.9324684755620952
37683670.14540268 0.9309386525698299
38358400.121148475 0.9298902848901404
39033130.09689427 0.92861571927826
39707860.07264006 0.9275091314510455
40382590.04838586 0.9262053038866254
41057320.024131656 0.9251292942933053
41743295.499473214 0.9237094314414894
42418025.47521901 0.9224119827805338
43092755.45096481 0.9213705002662087
43486347.93681652 0.9203851115996359
43879940.42266823 0.9199988335729807
44352251.40569029 0.9188883981528382
44824562.38871235 0.9183565191276558
45499292.36445814 0.9172699792824621
46185267.8397997 0.9159224106664546
46859997.8155455 0.9144862461733732
47534727.79129129 0.9131343237035745
48209457.767037086 0.9118978290070994
48884187.74278288 0.9105996715778251
49558917.71852868 0.9094099555043369
50233647.69427448 0.9081755871076342
50908377.67002027 0.9069317009828577
51583107.645766065 0.9055191283061336
52269083.12110762 0.9049468495614285
52831358.100895785 0.9040540056170302
53326160.08310937 0.903143037488112
53910926.06208906 0.9024558372330201
54585656.03783485 0.9005793259141679
55271631.51317641 0.8993253145462083
55946361.48892221 0.8981383322876022
56621091.464668006 0.8971590187669393
57295821.4404138 0.8957223480119577
57970551.41615959 0.8950857739727813
58645281.39190539 0.894568576550992
59320011.36765119 0.8932117939644655
59994741.343396984 0.8919051313319541
60669471.31914278 0.8910388155252138
61355446.79448434 0.8908686101875661
62030176.77023013 0.8898877778801666
62704906.74597593 0.8890278409768907
63379636.72172172 0.8883386156731625
64054366.69746752 0.8875650470939788
64729096.67321331 0.8864845823936581
65403826.64895911 0.885274109571904
66078556.624704905 0.884272419263029
66753286.6004507 0.8831710965622696
67439262.07579225 0.8821487507583378
68113992.05153805 0.8814541590759817
68788722.02728385 0.880464922816481
69463452.00302964 0.8794382231577215
69947008.48564747 0.8787412014170015
70228145.97554155 0.8778280057340644
70689211.45896783 0.8771172136636524
71363941.43471363 0.8761587581434279
72049916.91005519 0.8753726342626972
72724646.88580099 0.87442622778212
73399376.86154678 0.8731798103468068
74074106.83729258 0.871913851191373
74748836.81303838 0.8709454729333477
75423566.78878418 0.8699992689581524
76098296.76452997 0.8688203868940927
76773026.74027577 0.8678471485193395
77459002.21561733 0.8667056286023659
78133732.19136311 0.8653613000652138
78808462.16710891 0.8648786297234562
79483192.1428547 0.8639598651565094
80157922.1186005 0.862742709673736
80832652.0943463 0.8619780513085533
81507382.0700921 0.860335838116438
82182112.0458379 0.8592590185036633
82856842.02158369 0.8587279494989722
87591197.35140002 0.8790419211400559
88265927.32714581 0.8772908615834638
88940657.30289161 0.8766695766617528
89626632.77823317 0.8759525069400487
90301362.75397897 0.8750401212765664
90976092.72972476 0.8739319134104425
91650822.70547055 0.873152269685349
92325552.68121634 0.8721041045110414
93000282.65696214 0.8700324797557927
93675012.63270794 0.8688657479835526
94349742.60845374 0.8678808655788799
95024472.58419953 0.8670187011226221
95710448.05954109 0.8657468693256237
96385178.03528689 0.8646318775463081
97059908.01103269 0.8634625132113587
97734637.98677848 0.8625393947906207
98409367.96252427 0.8612121779141887
99084097.93827006 0.8600496987435671
99758827.91401586 0.8588657540584342
100433557.88976166 0.8580031845924492
101108287.86550745 0.8568698661221947
101794263.34084901 0.8559901849944528
102468993.31659481 0.8551304505955221
103053759.2955745 0.854206623408539
103638525.2745542 0.8533313973867607
104313255.25029999 0.8520492378432708
104999230.72564155 0.8515130049642973
105673960.70138733 0.8504501581865967
106348690.67713313 0.8493325844706583
107023420.65287893 0.8484304253035684
107698150.62862472 0.8472526063904317
108372880.60437052 0.8465330559832405
109047610.58011632 0.8453745762838057
109722340.55586211 0.8445121080699934
110397070.53160791 0.8437599037541851
111083046.00694947 0.8425540379166537
111757775.98269527 0.8416313751317294
112432505.95844105 0.8404987148037073
113107235.93418685 0.8395164649617437
113781965.90993264 0.8385283424802891
114456695.88567844 0.8377662154256429
115131425.86142424 0.8369193907119004
115806155.83717003 0.835951366837516
116480885.81291583 0.8353421309554521
117166861.28825739 0.8343935981740656
117841591.26400319 0.8334791874619465
118516321.23974898 0.8328660027347821
119191051.21549477 0.8316755272668889
119865781.19124056 0.8308564457199863
120540511.16698636 0.829816735123866
121215241.14273216 0.8290316237669352
121889971.11847796 0.8280376286439161
122564701.09422375 0.8272846649347394
123250676.56956531 0.8263190711187189
123824197.04894924 0.8255009514695298
124397717.52833316 0.8246052724580772
125072447.50407895 0.8232706641533439
125747177.47982475 0.8226685159420266
126421907.45557055 0.8217213500680809
127096637.43131635 0.8207535286980417
127782612.9066579 0.8199523182052276
128457342.8824037 0.8189250110313586
129132072.8581495 0.818004069538553
129806802.8338953 0.817188734331369
130481532.80964108 0.8160394686034899
131156262.78538688 0.8151685458114901
131830992.76113267 0.8144264667378279
132505722.73687847 0.8135561008338144
133180452.71262427 0.8128231344795354
133866428.18796583 0.8119874475338126
134338739.17098787 0.8111456348160935
134811050.15400994 0.8105598894971774
135260870.13784048 0.809968372790943
135721935.62126675 0.8093891076287009
136396665.59701255 0.8085825813823083
137071395.57275835 0.8075595268110947
137746125.54850414 0.806411020476584
138432101.0238457 0.8055497166658672
139106830.9995915 0.8048562893866068
139781560.9753373 0.8039021877212104
140456290.9510831 0.8030701458630334
141131020.9268289 0.802003653997787
141805750.9025747 0.8011992034271541
142480480.8783205 0.8001640998162934
143155210.85406628 0.7995563320948799
143829940.82981208 0.7988174931000731
144515916.30515364 0.7974894662031495
144931999.79019687 0.7967682451319997
145348083.27524012 0.7962581860060064
146022813.25098592 0.7957168905059598
146697543.22673172 0.7947618269428499
147383518.70207328 0.7940172165586511
148058248.67781904 0.7936097261468796
148732978.65356484 0.7925907216729391
149407708.62931064 0.7913676429225149
150082438.60505643 0.790758204535069
150757168.58080223 0.7896315181007841
151431898.55654803 0.7884795185569865
152106628.53229383 0.7876958753607061
152781358.50803962 0.7870202178833615
153467333.98338118 0.7863638489936324
154142063.95912698 0.7854784471036218
154535656.44497868 0.7850414416078421
154918003.43123466 0.7843866927580592
155581487.90738466 0.783436489311677
156256217.88313046 0.7826627688531975
156694792.36736524 0.7822131068036982
157133366.85160002 0.7816132367714489
157538204.8370475 0.7809762577225452
157943042.82249495 0.7804782476361988
158617772.79824075 0.7793498399097953
159292502.77398655 0.7785092928473446
159967232.74973235 0.7780682372542916
160641962.72547814 0.7769528404652487
161327938.2008197 0.7761849420222474
162002668.1765655 0.7751100968320229
162677398.1523113 0.7744646632049316
163070990.638163 0.7740282652242613
163464583.12401474 0.7734807426990092
164150558.5993563 0.772474901041725
164825288.57510206 0.7713405700476705
165387563.55489025 0.7706432445493959
165961084.03427416 0.7701123274229639
166635814.01001996 0.7694485164798842
167310543.98576576 0.7686184996703439
167985273.96151155 0.767817846065516
168660003.93725735 0.7669107255284887
169334733.91300315 0.7663673543537193
170009463.88874894 0.7655536898115307
170684193.86449474 0.7647409871670557
171370169.3398363 0.7639578502326753
172044899.3155821 0.7631686381534217
172719629.2913279 0.7624235721334094
173394359.2670737 0.7623105237934005
174069089.2428195 0.7618085142369041
175418549.19431105 0.7623396338676812
176093279.17005685 0.7619337128687327
176768009.14580265 0.7595327139519623
177453984.6211442 0.7590175415788096
178128714.59689 0.7582330377369881
178803444.5726358 0.7571030099716752
179478174.5483816 0.7563556657725948
180152904.5241274 0.7560655269295737
180827634.4998732 0.755203463724452
181502364.475619 0.7538043069948156
