1.0 1.0037799461429053
674730.9757457955 1.0023522906687727
1147041.9587678523 1.001354820211037
1484406.9466407502 1.0006432911519603
2024190.9272373866 0.9995064874599173
2777639.4001535247 0.9979230709042934
3407387.3775162674 0.9966026233074017
5780187.7922223145 0.9916517953721332
6454917.76796811 0.9902509863408377
7129647.743713906 0.988853262524791
7736904.721885121 0.9875979406630202
8332916.200460575 0.9863682806046488
9007646.176206369 0.9849790913094121
9693621.65154793 0.9835698729040855
10368351.627293725 0.9821868192538685
11043081.60303952 0.980806793209422
11515392.586061576 0.9798425711526935
11762793.577168368 0.9793380914784958
12201368.061403135 0.978444779987756
12876098.03714893 0.9770729295574632
17610453.366965264 0.967530702347362
18285183.342711058 0.9661825629567807
18959913.318456855 0.9648373384939584
19645888.793798413 0.9634726721705394
20320618.769544207 0.962133297680942
20995348.745290004 0.9607968099624145
21670078.721035797 0.9594631997530931
22344808.696781594 0.9581324578266456
23019538.672527388 0.9568045749921283
23694268.648273185 0.9554795420938422
24368998.624018982 0.9541573500111902
25043728.599764775 0.9528379896585352
25729704.075106334 0.9514995335534691
26404434.05085213 0.9501858563612258
27079164.026597925 0.9488749837010166
28428623.978089515 0.946261616224426
29103353.953835312 0.9449591036174093
29778083.92958111 0.9436593599608801
30452813.905326903 0.942362376444402
31127543.8810727 0.9410681442912442
31813519.35641426 0.9397551531191322
32488249.332160052 0.9384664429881368
33162979.30790585 0.9371804579468166
33837709.28365164 0.9358971893524575
35187169.23514324 0.9333387670987683
35861899.210889034 0.932063596318613
36536629.18663482 0.9307911077435035
37222604.66197638 0.9295001519179681
37897334.63772218 0.9282330466985432
38572064.61346798 0.9269685982044423
39246794.58921377 0.9257067980539962
39921524.56495956 0.9244476378975086
40596254.54070536 0.923191109417126
41270984.51645116 0.9219372043267098
41945714.492196955 0.9206859143717071
42620444.46794275 0.9194372313290247
43306419.94328431 0.9181704009052835
43981149.9190301 0.9169269502501997
45330609.870521694 0.9144477877279074
46635087.82363023 0.9120610216615215
47118644.306248054 0.9111786972806667
47467254.793716714 0.9105434139619044
47815865.28118537 0.9099088088913501
48333158.26259048 0.9089683844305674
49007888.23833628 0.9077439786501108
51043323.665169425 0.9040656062297056
51718053.64091522 0.9028512857292142
52392783.61666102 0.9016394564933373
53067513.59240682 0.9004301107701679
53742243.568152614 0.8992232408372284
54416973.5438984 0.8980188390013515
55091703.5196442 0.8968168975985624
55777678.99498576 0.8955974382545108
56452408.97073156 0.8944004355310825
57801868.92222315 0.8920137350036231
58476598.89796894 0.8908240221323959
59556166.85916222 0.8889255014895703
59893531.84703511 0.8883334767979804
63874438.7039353 0.8813926333847583
64549168.6796811 0.8802243886056524
65223898.6554269 0.8790584926036853
65898628.631172694 0.8778949381667174
66573358.60691849 0.8767337181098614
67248088.58266428 0.8755748252753726
67934064.05800584 0.8743989959359955
68608794.03375164 0.873244774670796
69283524.00949743 0.8720928591987697
69958253.98524323 0.8709432424700969
70632983.96098903 0.8697959174615557
71307713.93673483 0.8686508771764158
71982443.91248062 0.8675081146443308
72657173.8882264 0.8663676229212327
73331903.8639722 0.8652293950892254
74017879.33931376 0.8640745104919284
74692609.31505956 0.8629408272367799
75367339.29080535 0.8618093871612348
76042069.26655115 0.8606801834514649
76716799.24229695 0.8595532093192899
77391529.21804275 0.8584284580020738
79314509.64891826 0.855235052015326
81766028.56079465 0.8511897826094662
82440758.53654045 0.8500814532354726
82856842.02158369 0.8493990637903716
83261680.00703116 0.8487359066035107
83936409.98277695 0.8476323707487603
84611139.95852275 0.8465309869207424
85297115.43386431 0.8454134461511575
85971845.40961011 0.844316382584314
86646575.3853559 0.8432214515961859
87321305.3611017 0.8421286467883947
87996035.3368475 0.8410379617865377
88670765.3125933 0.839949390240092
89345495.2883391 0.8388629258223181
90020225.26408488 0.8377785622301651
90694955.23983067 0.8366962931841746
91290966.71840613 0.8357420261134292
91718295.70304513 0.8350588351921456
92224343.18485448 0.8342508715875978
92910318.66019604 0.8331574942839437
93585048.63594183 0.8320841263794467
94136078.11613424 0.8312090722922835
94687107.59632663 0.8303353899405824
95361837.57207243 0.8292674381510576
96047813.04741399 0.8281837842114343
96722543.02315979 0.8271199516014001
97397272.99890558 0.8260581524224164
98072002.97465138 0.824998380646869
98746732.95039716 0.8239406302696297
99421462.92614296 0.8228848953079656
100096192.90188876 0.8218311698014501
100770922.87763456 0.8207794478118726
101445652.85338035 0.8197297234231494
102131628.32872191 0.8186645453705793
102806358.30446771 0.8176188315709984
103481088.2802135 0.8165750976585773
104155818.2559593 0.815533337805218
104830548.2317051 0.814493546204507
105505278.20745088 0.8134557170716291
106180008.18319668 0.8124198446432805
106854738.15894248 0.811385923177582
107495731.63590099 0.8104054996537415
107945551.61973152 0.8097185287864607
108429108.10234934 0.8089809947404782
109115083.5776909 0.807936427299546
109789813.5534367 0.8069109262312535
110464543.52918248 0.8058873457669262
111139273.50492828 0.8048656802987421
111814003.48067407 0.8038459242396803
112488733.45641987 0.8028280720234376
113163463.43216567 0.8018121181043464
113838193.40791146 0.8007980569572902
114524168.88325302 0.7997690294710477
115198898.85899882 0.7987587686912138
115873628.83474462 0.7977503841396625
116548358.81049041 0.7967438703730015
117223088.7862362 0.7957392219679813
117897818.761982 0.7947364335214128
118572548.73772779 0.7937354996500887
119247278.71347359 0.7927364149907024
119922008.68921939 0.7917391741997685
120607984.16456094 0.7907271974624306
121282714.14030674 0.7897336589660185
121957444.11605254 0.7887419483378286
122632174.09179834 0.7877520603131936
126680553.9462731 0.7818507144566269
127366529.42161466 0.7808571660464859
128041259.39736046 0.7798817012802941
128715989.37310626 0.7789080125158487
129390719.34885205 0.7779360946795939
130065449.32459785 0.7769659427166351
130740179.30034363 0.7759975515906645
131414909.27608943 0.7750309162838862
132089639.25183523 0.7740660317969427
132764369.22758102 0.7731028931488408
133450344.70292258 0.7721254868015838
134125074.67866838 0.771165853851684
134799804.65441418 0.7702079518251487
135474534.63015997 0.769251775814011
136149264.60590577 0.7682973209283045
136823994.58165157 0.767344582295989
137498724.55739737 0.7663935550628802
138162209.0335474 0.7654600424455446
138825693.5096974 0.7645281753977002
139219285.99554914 0.7639761486852279
139376722.98988983 0.7637554994833888
139826542.97372034 0.7631255809434239
140501272.94946614 0.7621821110357923
141176002.92521194 0.7612403263827932
141850732.90095773 0.7603002222437084
142525462.87670353 0.7593617938951496
143200192.85244933 0.7584250366309909
143886168.3277909 0.7574743750059288
144560898.30353668 0.7565409735168043
145235628.27928248 0.7556092290191474
145910358.25502828 0.7546791368754743
146585088.23077407 0.7537506924652199
147259818.20651987 0.7528238911846697
147934548.18226567 0.7518987284468938
148609278.15801147 0.7509751996816784
149284008.13375726 0.7500533003354602
149801301.11516237 0.7493476114812769
150127420.6034395 0.748903210612921
150633468.08524886 0.7482143717686143
151308198.06099463 0.7472973335235142
151982928.03674042 0.7463819066483348
152657658.01248622 0.7454680866717727
153332387.98823202 0.7445558691387795
154007117.9639778 0.7436452496104983
154693093.43931937 0.7427210867078209
155367823.41506517 0.7418136763858446
156042553.39081097 0.7409078507754665
156717283.36655676 0.7400036055022148
157392013.34230256 0.7391009362074871
158066743.31804836 0.7381998385484878
158741473.29379416 0.7373003081981642
159416203.26953995 0.7364023408451446
160090933.24528575 0.7355059321936753
160776908.7206273 0.7345961768714835
161451638.6963731 0.7337028985979169
162126368.6721189 0.7328111661610377
162801098.6478647 0.7319209753272009
163475828.6236105 0.7310323218780707
164150558.5993563 0.7301452016105586
164825288.57510206 0.7292596103367635
165500018.55084786 0.7283755438839103
166174748.52659366 0.7274929980942912
166860724.0019352 0.7265972978288218
167535453.977681 0.7257178061241706
168210183.9534268 0.7248398226310058
168884913.9291726 0.723963343251534
169559643.9049184 0.7230883639027296
170234373.8806642 0.7222148805162768
170909103.85641 0.72134288903851
171583833.8321558 0.7204723854303566
172258563.8079016 0.7196033656672782
172944539.28324315 0.7187213792551271
173338131.76909485 0.7182160104403957
173742969.75454235 0.7176967255829007
174372717.73190507 0.7168900014495867
174800046.7165441 0.7163433096733696
175272357.69956616 0.715739754954198
175947087.67531192 0.7148787763756287
176621817.65105772 0.7140192559637671
177296547.62680352 0.7131611898007891
177971277.6025493 0.7123045739829227
178657253.07789087 0.7114351640302823
179331983.05363667 0.7105814612574898
180006713.02938247 0.7097291971380043
180681443.00512826 0.708878367823939
181356172.98087406 0.7080289694811815
182030902.95661986 0.7071809982893406
182705632.93236566 0.7063344504416901
183380362.90811145 0.7054893221451155
184055092.88385725 0.7046456096200602
184741068.3591988 0.7037892826999114
185415798.3349446 0.7029484138723501
185809390.8207963 0.7024585558790186
186202983.30664802 0.7019691750489836
186877713.2823938 0.7011313444917029
187406251.76339468 0.7004760194190265
187946035.74399135 0.6998076337958024
188620765.71973714 0.6989734030394555
189295495.69548294 0.6981405591557004
189970225.6712287 0.6973090984815554
190644955.6469745 0.696479017367081
191319685.6227203 0.6956503121753272
191735769.10776356 0.6951399615901552
192151852.5928068 0.6946301320120306
192545445.07865852 0.6941483395496411
192950283.064106 0.6936532664215397
193625013.03985178 0.6928292350336275
194299743.01559758 0.6920065636593087
194974472.99134338 0.6911852487311052
195649202.96708918 0.6903652866942022
196323932.94283497 0.6895466740063975
196998662.91858077 0.6887294071380521
197673392.89432654 0.6879134825720403
198359368.3696681 0.6870853316969124
199034098.3454139 0.6862721034595695
199708828.3211597 0.6854602069898744
200383558.2969055 0.684649638820466
201058288.27265128 0.6838403954962495
201733018.24839708 0.6830324735743492
202407748.22414288 0.6822258696240583
202846322.70837766 0.6817022821988034
206366164.08185154 0.6775201602055597
207040894.05759734 0.6767225146294729
207715624.03334314 0.6759261604557237
208390354.00908893 0.67513109435943
209065083.98483473 0.6743373130274124
209739813.96058053 0.6735448131581492
210414543.93632632 0.6727535914617297
211089273.91207212 0.6719636446598093
211764003.88781792 0.6711749694855622
212449979.36315948 0.6703744499643798
213124709.33890527 0.6695883293489097
213799439.31465107 0.6688034705755217
214474169.29039687 0.6680198704232049
215148899.26614267 0.6672375256822419
215823629.24188846 0.6664564331541643
216498359.21763426 0.6656765896517076
217173089.19338003 0.6648979919987684
217847819.16912583 0.664120637030359
218533794.64446738 0.6633315968189316
219208524.62021318 0.6625567383487629
219883254.59595898 0.6617831130823161
220557984.57170478 0.661010717898814
221232714.54745057 0.6602395496883782
221907444.52319637 0.6594696053519847
222582174.49894217 0.6587008818014227
223256904.47468796 0.6579333759592505
223931634.45043376 0.6571670847587543
224617609.92577532 0.6563892640644551
225292339.90152112 0.6556254131064647
225967069.8772669 0.6548627676034612
226641799.8530127 0.654101324531395
227316529.8287585 0.6533410808767343
227991259.8045043 0.6525820336364223
228665989.7802501 0.6518241798178372
229340719.7559959 0.6510675164387507
230026695.23133746 0.6502994593057041
230701425.20708326 0.6495451876170343
231376155.18282902 0.6487920974340293
232050885.15857482 0.6480401858157978
232725615.13432062 0.6472894498316383
233400345.1100664 0.6465398865609993
233838919.5943012 0.6460532979236517
234153793.58298257 0.6457042565884966
234704823.06317496 0.6450940453872744
235379553.03892076 0.6443479053236875
236065528.51426232 0.6435905200941291
243498803.74706182 0.6354596001121098
244173533.72280762 0.6347283736590597
244848263.6985534 0.633998271876708
245522993.6742992 0.6332692920202206
246197723.650045 0.6325414313541833
246872453.6257908 0.6318146871525655
247547183.6015366 0.6310890566986829
248221913.5772824 0.6303645372851613
248907889.05262396 0.6296290787375075
249582619.02836975 0.628906791724471
250257349.00411555 0.6281856076405851
250932078.97986135 0.6274655238155042
251606808.95560715 0.6267465375880118
252281538.93135294 0.6260286463059832
252956268.90709874 0.6253118473263518
253630998.88284454 0.6245961380150714
254305728.85859033 0.6238815157470834
254991704.3339319 0.6231560947815797
255666434.30967766 0.6224436567690631
256341164.28542346 0.6217322979349978
256734756.7712752 0.6213178359556824
257128349.2571269 0.6209037398029789
257521941.7429786 0.6204900089653231
257926779.7284261 0.6200648378294049
258601509.7041719 0.6193570754269669
259276239.6799177 0.6186503810034573
259950969.6556635 0.6179447520076382
260625699.63140926 0.6172401858969347
261300429.60715505 0.6165366801374
261975159.58290085 0.6158342322036829
262649889.55864665 0.615132839578993
263324619.53439245 0.6144324997550682
264010595.009734 0.613721564290942
264685324.9854798 0.6130233400201422
265360054.9612256 0.6123261610348466
266034784.9369714 0.6116300248607125
266709514.9127172 0.6109349290317602
267384244.888463 0.6102408710903389
268058974.8642088 0.6095478485870954
268733704.83995456 0.6088558590809415
269419680.3152961 0.6081533928740047
270094410.2910419 0.6074634791868267
270769140.2667877 0.6067745911825342
271443870.2425335 0.6060867264529121
272118600.2182793 0.6053998825978502
272793330.1940251 0.6047140572253107
273468060.1697709 0.6040292479512974
274142790.1455167 0.6033454523998243
274817520.1212625 0.6026626682028838
275503495.59660405 0.601969538615394
276178225.57234985 0.601288786812747
276852955.54809564 0.6006090392691698
277527685.52384144 0.5999302936483921
278202415.49958724 0.5992525476219677
278877145.47533303 0.5985757988692442
279551875.45107883 0.5979000450773327
280226605.4268246 0.5972252839410782
280901335.4025704 0.5965515131630281
281587310.877912 0.5958675257663707
282262040.8536578 0.595195745253517
282936770.8294036 0.594524948214588
283611500.8051494 0.5938551323827724
284286230.7808952 0.5931862954988134
284679823.2667469 0.5927965918376483
284859751.2602791 0.5926185521630873
285320816.7437054 0.5921626417957941
285995546.7194512 0.5914962748524581
286670276.695197 0.59083087893434
287356252.17053854 0.5901553862260035
288030982.14628434 0.5894919417805317
288705712.12203014 0.5888294616695164
289380442.09777594 0.588167943689797
290055172.07352173 0.5875073856455195
290729902.04926753 0.5868477853481093
291404632.0250133 0.586189140616242
292079362.0007591 0.5855314492758161
292754091.9765049 0.5848747091599243
293440067.4518465 0.5842079962863929
294114797.4275923 0.5835531679111599
294789527.4033381 0.5828992842669303
295464257.3790839 0.5822463432154154
296138987.35482967 0.5815943426253819
296813717.33057547 0.5809432803726252
297488447.3063212 0.5802931543399419
298163177.282067 0.5796439624171028
298837907.2578128 0.5789957025008255
299523882.73315436 0.5783375915278103
300198612.70890015 0.5776912047884807
300873342.68464595 0.5770457437526297
301548072.66039175 0.57640120634461
302222802.63613755 0.5757575904955877
302897532.61188334 0.5751148941435158
303572262.58762914 0.5744731152331083
304246992.56337494 0.573832251715814
304921722.53912073 0.5731923015497906
305607698.0144623 0.5725426197616902
306282427.9902081 0.5719045053370313
306957157.9659539 0.5712672981444674
307631887.9416997 0.5706309961688427
308306617.9174455 0.569995597401581
308981347.8931913 0.5693610998406606
309656077.8689371 0.568727501490589
310330807.8446829 0.5680948003623775
311005537.82042867 0.567462994473516
311691513.2957702 0.5668215741942214
312366243.271516 0.5661915677005651
313040973.2472618 0.5655624505046869
313715703.2230076 0.5649342206498495
314390433.1987534 0.5643068761856703
314784025.6846051 0.5639413333532123
315177618.1704568 0.5635760907529904
315582456.1559043 0.5632007254671827
315976048.64175606 0.562836090730169
316650778.6175018 0.5622116981957849
317325508.5932476 0.5615881826412361
318000238.5689934 0.5609655421497238
318674968.5447392 0.5603437748106496
319169770.5269528 0.5598883659291958
319529626.5140172 0.5595574533303804
320080655.99420965 0.5590512222652986
320766631.4695512 0.5584218244037145
321441361.44529694 0.5578036171452502
322116091.42104274 0.5571862733907502
322790821.39678854 0.5565697912669277
323465551.37253433 0.5559541689065299
324140281.34828013 0.5553394044483133
324815011.3240259 0.5547254960370225
325489741.2997717 0.554112441823366
326175716.7751133 0.5534900438105329
326850446.7508591 0.5528787066277608
327525176.7266049 0.5522682180998298
328199906.7023507 0.5516585764011752
328874636.6780965 0.5510497797120826
329549366.6538423 0.5504418262186652
330224096.62958807 0.5498347141128421
330898826.60533386 0.5492284415923154
331573556.58107966 0.5486230068605487
332248286.55682546 0.5480184081267439
332934262.032167 0.5474045879213002
333608992.0079128 0.5468016696927218
334283721.9836586 0.5461995820944135
334958451.9594044 0.545598323358409
335633181.9351502 0.5449978917223713
336307911.910896 0.544398285429572
336982641.8866418 0.543799502728869
337657371.8623876 0.5432015418746853
338332101.8381334 0.5426044011269885
339018077.31347495 0.541998146968581
339692807.28922075 0.5414026548319281
340367537.26496655 0.5408079775860372
341042267.24071234 0.5402141135129308
341716997.21645814 0.5396210609000704
342391727.19220394 0.5390288180403356
343066457.16794974 0.5384373832320023
343741187.14369553 0.5378467547787233
344415917.11944133 0.5372569309895073
345101892.5947829 0.5366580999586192
345776622.5705287 0.5360698937866387
346451352.5462745 0.5354824872098061
347126082.5220203 0.5348958785584383
347800812.4977661 0.5343100661681061
348475542.4735118 0.5337250483796145
349150272.4492576 0.5331408235389832
349825002.4250034 0.5325573899974259
350499732.4007492 0.5319747461113309
351185707.87609076 0.5313831993113696
351860437.85183656 0.5308021429185511
352535167.82758236 0.5302218712541181
353209897.80332816 0.5296423826950463
353884627.77907395 0.5290636756233875
354559357.75481975 0.5284857484262515
355234087.73056555 0.5279085994957855
355908817.70631135 0.527332227229156
356583547.68205714 0.5267566300285288
357269523.1573987 0.5261722324495796
357944253.1331445 0.5255981934586902
358618983.1088903 0.5250249247437707
359293713.0846361 0.5244524247268793
359968443.0603819 0.5238806918349792
360643173.0361277 0.5233097244999207
361317903.0118735 0.5227395211584224
361790213.9948955 0.5223408325608069
362273770.4775134 0.52193303786245
362948500.45325917 0.5213646744141931
363623230.42900497 0.5207970696547629
364297960.40475076 0.5202302220421593
364972690.38049656 0.5196641300391505
365647420.35624236 0.5190987921132555
366322150.33198816 0.5185342067367267
366996880.30773395 0.5179703723865311
367682855.7830755 0.5173979091383343
368357585.7588213 0.5168355847442525
369032315.7345671 0.516274006810407
369707045.7103129 0.5157131738325244
370381775.6860587 0.5151530843109576
371056505.66180444 0.5145937367506683
371731235.63755023 0.5140351296612092
372405965.61329603 0.5134772615567074
373080695.5890418 0.512920130955846
373766671.0643834 0.5123544693663402
374441401.0401292 0.5117988215770803
375116131.015875 0.5112439068502552
375790860.9916208 0.5106897237226783
376465590.9673666 0.5101362707356335
377140320.9431124 0.5095835464348599
377815050.9188582 0.5090315493705329
378489780.89460397 0.5084802780972492
379164510.87034976 0.507929731174009
379850486.3456913 0.5073707495472237
380525216.3214371 0.5068216590311819
381199946.2971829 0.5062732885446819
381874676.2729287 0.5057256366642466
382549406.2486745 0.5051787019707208
383224136.2244203 0.5046324830492536
383898866.2001661 0.504086978489284
384573596.1759119 0.5035421868845229
385934301.62699926 0.502445686780455
387351234.5760654 0.5013069401153041
390038908.97945285 0.499155477817856
390713638.95519865 0.49861711019780325
392063098.90669024 0.49754247056058565
392737828.88243604 0.49700619582765276
393423804.3577776 0.49646169556440234
394098534.3335234 0.4959268208720123
394773264.3092692 0.4953926383859133
395447994.285015 0.49485914676650805
396122724.2607608 0.49432634467820524
396797454.2365066 0.49379423078940565
397472184.2122524 0.4932628037724863
398146914.1879982 0.4927320623037861
398821644.163744 0.4922020050635906
399507619.63908553 0.4916638136089712
400182349.6148313 0.49113513223127836
400857079.5905771 0.4906071311247149
401531809.5663229 0.4900798089852719
402206539.5420687 0.48955316451281383
402881269.5178145 0.48902719641106407
403555999.49356025 0.4885019033875907
404174501.97132725 0.48802097671962913
404793004.44909424 0.4875406152323812
405467734.42484003 0.48701722794552127
405872572.4102875 0.4867035173314986
406041254.904224 0.4865728757145779
406491074.8880545 0.48622470245530836
407165804.8638003 0.4857029993057958
407840534.8395461 0.485181963116408
408515264.8152919 0.4846615926225339
409189994.7910377 0.48414188656328977
409875970.26637924 0.4836141985782504
410550700.24212503 0.4830958286419179
411225430.21787083 0.4825781193589849
411900160.1936166 0.4820610694833966
412574890.1693624 0.48154467777275534
413249620.1451082 0.4810289429883076
413924350.120854 0.48051386389493034
417983975.47492456 0.47742857610902917
418658705.45067036 0.47691806334736264
419333435.42641616 0.47640819650478927
420008165.40216196 0.47589897437831774
420682895.37790775 0.47539039576845404
421357625.35365355 0.47488245947918933
422043600.8289951 0.4743667148236356
422718330.80474085 0.47386007025701177
423393060.78048664 0.47335406442400835
424067790.75623244 0.47284869614248415
424742520.73197824 0.4723439642337185
425417250.70772403 0.47183986752239865
426091980.68346983 0.47133640483660727
426766710.6592156 0.4708335750078098
427441440.6349614 0.4703313768708418
428127416.110303 0.4698214551391694
428802146.0860488 0.46932052738351704
429476876.0617946 0.4688202278250752
430151606.0375404 0.468320555312092
430826336.0132862 0.46782150869612416
431501065.989032 0.46732308683202445
432175795.96477777 0.4668252885779299
432850525.94052356 0.466328112795249
433525255.91626936 0.46583155834865086
434211231.3916109 0.46532736378341444
434885961.3673567 0.4648320589243411
435560691.3431025 0.4643373719960628
436145457.3220822 0.46390914229464686
436741468.80065763 0.4634731533935153
437135061.2865094 0.46318549926233893
437539899.27195686 0.46288984448116344
438214629.24770266 0.46239757722162017
438889359.22344846 0.4619059223868445
439564089.19919425 0.46141487887015276
440238819.17494005 0.4609244455680032
440913549.15068585 0.46043462137998603
441588279.12643164 0.45994540520881033
442263009.10217744 0.45945679596029365
442937739.07792324 0.45896879254335027
443623714.5532648 0.45847327567609575
444298444.5290106 0.45798649071317526
444973174.5047564 0.45750030830903277
445647904.4805022 0.45701472738490756
446322634.4562479 0.4565297468650788
446997364.4319937 0.4560453656768547
447672094.4077395 0.4555615827505621
448346824.3834853 0.45507839701953434
449032799.8588269 0.454587769304625
449707529.8345727 0.4541057846849802
450382259.81031847 0.45362439406093014
450854570.79334056 0.45328777348656435
451326881.7763626 0.4529514430922759
452001611.7521084 0.45247147376010294
452676341.7278542 0.45199209484957525
453351071.7036 0.45151330531598827
454025801.6793458 0.4510351041175539
454700531.6550916 0.45055749021538877
455375261.6308374 0.4500804625735046
456049991.6065832 0.44960402015879697
456735967.08192474 0.4491202359143305
457410697.05767053 0.4486449705769524
458085427.03341633 0.44817028736758713
458760157.0091621 0.4476961852646095
459434886.9849079 0.4472226632492265
460109616.9606537 0.4467497203054666
460784346.9363995 0.44627735542016983
461459076.9121453 0.44580556758297685
462133806.8878911 0.4453343557863202
462819782.3632327 0.4448558799455171
463494512.33897847 0.44438582677709715
464169242.31472427 0.443916346626523
464843972.29047006 0.44344743849733553
465518702.26621586 0.4429791013958162
466193432.24196166 0.44251133433097706
466868162.21770746 0.44204413631455086
467542892.1934532 0.4415775063609812
468217622.169199 0.441111443487413
468903597.64454055 0.4406381932246731
469578327.62028635 0.44017327098373743
470253057.59603214 0.4397089128741225
470927787.57177794 0.4392451179237245
471602517.54752374 0.438781885163092
472176038.0269077 0.4383885786160382
472625858.0107382 0.4380803862375462
473311833.48607975 0.4376108717492576
473986563.46182555 0.43714961766718724
474661293.43757135 0.4366889214130438
475336023.41331714 0.43622878203188103
476010753.38906294 0.435769198571343
476685483.36480874 0.4353101700816555
477360213.34055454 0.4348516956156159
478034943.31630033 0.43439377422858444
478709673.2920461 0.43393640497847497
479395648.7673877 0.43347197795605996
480070378.7431335 0.4330157193267858
480745108.7188793 0.4325600100078508
481419838.6946251 0.43210484906733315
482094568.6703709 0.4316502355758189
482769298.6461167 0.43119616860639254
483444028.6218625 0.430742647234629
484118758.59760827 0.4302896705385835
484793488.57335407 0.4298372375987838
485479464.0486956 0.42937782059038687
489156742.4165102 0.42692456981983623
489561580.4019577 0.42665546441380436
490236310.3777035 0.4262073844506459
490911040.3534493 0.4257598400185144
491315878.33889675 0.42549157004167837
491720716.3243442 0.425223492340814
492395446.30009 0.42477712292962244
493070176.2758358 0.4243312861935686
493744906.2515816 0.4238859812451506
494419636.2273274 0.4234412071992151
495094366.2030732 0.4229969631729495
495769096.178819 0.4225532482858734
496455071.65416056 0.42210267968661636
497129801.62990636 0.4216600292281111
497804531.60565215 0.4212179052667248
498479261.58139795 0.4207763069312613
499153991.55714375 0.4203352333528153
499828721.53288954 0.4198946836647642
500503451.50863534 0.4194546570027601
501178181.48438114 0.4190151525047214
501852911.46012694 0.41857616931082514
502538886.9354685 0.4181304032555082
503213616.9112143 0.4176924687520424
503888346.8869601 0.41725505297252197
504563076.8627059 0.4168181550661151
505237806.8384517 0.4163817741842086
505912536.8141975 0.4159459094804002
506587266.7899433 0.41551056011049037
507261996.7656891 0.415075725232475
507936726.7414349 0.41464140400653693
508622702.21677643 0.4142003697947642
509297432.1925222 0.4137670818881583
509972162.168268 0.4133343051133563
510646892.14401376 0.4129020386392495
511321622.11975956 0.41247028163687843
511996352.09550536 0.4120390332794249
512671082.07125115 0.41160829274220434
513345812.04699695 0.41117805920265854
514020542.02274275 0.4107483318403481
514706517.4980843 0.4103119604137496
515381247.4738301 0.4098832513551708
516055977.4495759 0.40945504601159605
516730707.4253217 0.4090273435710214
517405437.4010675 0.40860014322352484
518080167.3768133 0.40817344416125817
518754897.3525591 0.40774724557844066
519429627.3283049 0.4073215466713512
520104357.3040507 0.4068963466383212
520790332.77939224 0.40646457052900303
521465062.75513804 0.40604037412846256
522083565.23290503 0.4056519635807393
522465912.219161 0.4054120636297478
522904486.7033957 0.40513708011207994
523590462.1787373 0.4047073967918186
524265192.1544831 0.40428525555665557
524939922.1302289 0.4038636075096873
525614652.1059747 0.40344245186574096
526289382.0817205 0.40302178784163123
526964112.05746627 0.4026016146561538
527638842.03321207 0.4021819315300779
528313572.00895786 0.4017627376861397
528988301.98470366 0.40134403234903554
529674277.4600452 0.40091884857981136
530349007.435791 0.4005011260477797
531023737.4115368 0.4000838896955547
531698467.3872826 0.39966713875563664
532373197.3630284 0.39925087246245194
533047927.3387742 0.3988350900523464
533722657.31452 0.3984197907635784
534397387.2902658 0.3980049738363124
535072117.2660116 0.39759063851261206
535758092.74135315 0.3971698905313805
536432822.71709895 0.39675652414374524
537107552.6928447 0.39634363708467535
537782282.6685905 0.3959312286037978
538457012.6443363 0.3955192979526058
539131742.6200821 0.39510784438445296
539806472.5958279 0.3946968671545462
540481202.5715737 0.39428636551994
541155932.5473195 0.3938763387395293
541841908.0226611 0.3934599642088904
542516637.9984069 0.39305089280427535
543191367.9741527 0.3926422940292781
543866097.9498985 0.3922341671501239
544540827.9256443 0.39182651143484737
545215557.9013901 0.39141932615328584
545890287.8771359 0.3910126105770736
546565017.8528817 0.3906063639796352
547239747.8286275 0.3902005856361799
547925723.303969 0.3897885236004029
548600453.2797148 0.3893836873717091
549275183.2554606 0.3889793172212939
549949913.2312064 0.3885754124314719
550624643.2069522 0.3881719722863115
551299373.182698 0.38776899607162874
551974103.1584438 0.3873664830749814
552648833.1341896 0.3869644325856633
553323563.1099354 0.3865628438946978
554009538.585277 0.3861550347372802
554684268.5610228 0.38575437519010514
555358998.5367686 0.38535417531295707
556033728.5125144 0.38495443440374816
556708458.4882601 0.38455515176209076
557383188.464006 0.3841563266892919
558057918.4397517 0.38375795848834726
558732648.4154975 0.38336004646393557
559407378.3912432 0.38296258992241256
560093353.8665848 0.382558975325118
560768083.8423306 0.3821624352376246
561442813.8180764 0.38176634855063013
562117543.7938222 0.38137071457716976
562792273.769568 0.38097553263192746
563467003.7453138 0.38058080203123007
564141733.7210596 0.3801865220930423
564816463.6968054 0.3797926921369605
565491193.6725512 0.3793993114842077
566177169.1478927 0.3789998343875289
566851899.1236385 0.37860735777171034
567526629.0993843 0.37821532842137406
568201359.0751301 0.37782374566422033
568876089.0508759 0.37743260882954816
569550819.0266217 0.37704191724825026
570225549.0023675 0.37665167025280727
570900278.9781133 0.3762618671772825
571473799.4574972 0.3759308830988433
571934864.9409236 0.37566502980002847
572508385.4203075 0.37533462240225884
573194360.8956491 0.3749398483092422
573869090.8713949 0.37455199060989347
574543820.8471407 0.37416457326152774
575218550.8228865 0.3737775956082119
575893280.7986323 0.37339105699555664
576568010.7743781 0.3730049567707107
577242740.7501239 0.3726192942823565
577917470.7258697 0.37223406888070415
578603446.2012112 0.3718428704620177
579278176.176957 0.37145852454821016
579952906.1527028 0.3710746137701112
580627636.1284486 0.37069113748401683
581302366.1041943 0.3703080950477262
581943359.5811528 0.3699446060030526
582449407.0629622 0.3696579167785586
582989191.0435588 0.36935238284894306
583495238.5253682 0.369066195671619
584012531.5067732 0.3687738994354774
584687261.482519 0.36839302383973793
585361991.4582648 0.3680125782613234
586036721.4340106 0.36763256206843437
586711451.4097564 0.3672529746307338
587386181.3855022 0.36687381531934266
588060911.361248 0.36649508350683446
588735641.3369938 0.366116778567231
589421616.8123354 0.36573260550553
590096346.7880812 0.3653551595280525
590771076.763827 0.3649781385438356
591445806.7395728 0.3646015419326687
592120536.7153186 0.3642253690757651
592795266.6910644 0.3638496193557573
593469996.6668102 0.3634742921566927
594144726.642556 0.363099386864028
594830702.1178975 0.3627186650304395
595505432.0936433 0.3623446087187452
596180162.0693891 0.36197097246807325
596854892.0451349 0.3615977556694965
597529622.0208807 0.3612249577154739
598204351.9966265 0.36085257799984694
598879081.9723723 0.3604806159178341
599553811.9481181 0.36010907086602645
600228541.9238639 0.3597379422423839
600914517.3992054 0.3593610544191949
601589247.3749512 0.3589907637666114
602263977.350697 0.3586208877342815
602938707.3264428 0.3582514257256156
603613437.3021886 0.35788237714536936
604288167.2779344 0.3575137413996401
604962897.2536802 0.357145517895862
