1.0 0.9999999980429441
4295781.845581565 0.9858971041512711
4689374.3314332785 0.9846902073160357
5094212.316880756 0.9834642791934756
7118402.244118143 0.9775355906837819
11178027.598188678 0.9663936076128278
11616602.082423445 0.9652355732877117
12066422.066253977 0.9640556091513703
12741152.041999772 0.9622997221557871
14090611.993491363 0.9588351142474685
16485903.407388937 0.9528234982845192
17160633.38313473 0.9511587390745511
19094859.313606013 0.9464490395260795
22873347.17778247 0.9374863151230078
23278185.163229946 0.9365427874402901
32915578.316799056 0.9148718924707903
33590308.29254485 0.9134046610183766
34265038.26829065 0.9119432376732347
36963958.17127383 0.9061535243741236
38639537.61104255 0.9026022156715569
39145585.0928519 0.9015359128220598
41777031.998260505 0.8960361045348287
43137737.44934786 0.89322081445041
43812467.42509365 0.8918318063816053
44487197.40083945 0.8904473575319123
46466405.32969378 0.8864120481864832
50638485.67972195 0.8780264250753191
51313215.65546775 0.8766850308053042
51706808.14131946 0.8759043954891409
52111646.126766935 0.8751028632675477
52786376.10251273 0.8737701224354237
53461106.07825853 0.8724412788224757
54135836.05400433 0.8711162924365603
54810566.02975012 0.8697951243654103
55485296.00549591 0.8684777367322696
56160025.98124171 0.8671640926538557
56846001.45658327 0.8658323551374401
57520731.432329066 0.8645261522138838
58184215.908479095 0.8632452669934223
58690263.39028844 0.8622706656646354
59882286.34743935 0.859982874196747
60557016.323185146 0.858692785117072
61231746.29893094 0.8574061904214789
61906476.27467673 0.8561230602606987
62581206.25042253 0.8548433654709953
63255936.22616833 0.8535670775494512
63941911.701509885 0.8522729819533638
64335504.1873616 0.8515320338388568
64650378.176042974 0.850940092835549
65257635.15421419 0.8498005338312686
66607095.105705775 0.8472777229171545
67056915.08953631 0.8464396840779229
67517980.5729626 0.8455821853776013
67911573.05881432 0.8448513628429505
68316411.0442618 0.844100796458368
68991141.0200076 0.8428524005382575
69665870.99575338 0.8416071695658325
70340600.97149917 0.8403650807383084
70745438.95694666 0.8396213263524261
70857893.95290428 0.8394149265882016
71251486.438756 0.8386932055129517
71926216.4145018 0.8374584134812907
72398527.39752385 0.8365958863207974
72882083.88014168 0.8357143731632513
73556813.85588747 0.8344869618867136
74231543.83163327 0.8332625695203556
74625136.31748497 0.8325497268013344
75018728.8033367 0.8318379005982869
75693458.77908249 0.830619980901883
76368188.75482829 0.8294050178454944
77042918.73057409 0.8281929924831668
77728894.20591564 0.8269637590513903
78403624.18166144 0.825757601732826
79078354.15740722 0.8245543269006783
79753084.13315302 0.8233539168685929
80427814.10889882 0.8221563542418334
80945107.09030393 0.8212401405238916
81451154.57211328 0.8203454469179728
82125884.54785907 0.819154975156266
82800614.52360487 0.8179672918285424
83486589.99894643 0.8167626556386687
84060110.47833036 0.8157576879697152
84633630.95771427 0.8147547019205117
85308360.93346007 0.8135772424653975
85994336.40880163 0.8123829411209491
86669066.38454743 0.8112109400504375
87343796.36029322 0.8100416231423866
88018526.33603902 0.8088749757867247
88693256.31178482 0.8077109835832433
89367986.28753062 0.8065496323363488
90042716.26327641 0.8053909080499863
90728691.73861797 0.8042155504654265
93821204.12745287 0.7989499621969373
94046114.11936812 0.7985691060717848
96014076.54862669 0.7952485787154325
96700052.02396826 0.794096149539624
97374781.99971405 0.7929651199141501
98724241.95120564 0.7907104724015618
99398971.92695144 0.7895868310273583
100073701.90269724 0.7884656291530078
100748431.87844303 0.7873468553850991
101423161.85418883 0.7862304984648248
102109137.32953039 0.7850980017307507
103458597.28102198 0.7828773520854285
104133327.25676776 0.7817705920217104
104808057.23251356 0.7806661942563419
105482787.20825936 0.7795641482822826
106157517.18400516 0.7784644437085001
106832247.15975095 0.777367070257615
107518222.63509251 0.7762537864949417
108192952.61083831 0.7751610833313275
108867682.5865841 0.7740706809528337
109542412.5623299 0.772982569516115
110217142.5380757 0.7718967392805941
110891872.51382148 0.7708131806064669
114389222.88810386 0.7652327746429746
115075198.36344542 0.7641452435687055
115749928.33919121 0.7630777642582588
116424658.31493701 0.7620124810262832
117099388.29068281 0.7609493850751939
117774118.2664286 0.7598884676905884
118448848.2421744 0.7588297202397568
119123578.2179202 0.757773134170234
119809553.69326176 0.7567011453143405
120484283.66900755 0.7556488923351398
121159013.64475334 0.7545987754093197
121833743.62049913 0.7535507862928312
122508473.59624493 0.7525049168151173
123857933.54773653 0.7504195044537816
124532663.52348232 0.749379945585412
125218638.99882388 0.7483252008398199
125893368.97456968 0.747289844082268
126568098.95031548 0.7462565592868854
127242828.92606127 0.7452253387652789
127917558.90180705 0.7441961748933288
128592288.87755285 0.7431690601101545
129267018.85329865 0.7421439869171066
129952994.32864021 0.741103914417805
130627724.304386 0.7400829358705122
131156262.78538688 0.7392845801591894
131684801.26638776 0.7384874600421016
132359531.24213354 0.7374716498865825
133034261.21787934 0.7364578405528153
133708991.19362514 0.7354460249282367
134383721.16937095 0.7344361959555697
135058451.14511672 0.7334283466319901
135744426.62045828 0.7324057220717229
136419156.59620407 0.731401843956877
137093886.57194987 0.7303999246876903
138443346.52344146 0.7284019355683702
139118076.49918726 0.7274058522849093
139792806.47493306 0.7264117009790104
140467536.45067886 0.7254194750564245
141153511.9260204 0.7244126790722542
141828241.9017662 0.7234243161412371
142502971.877512 0.7224378589872641
143177701.8532578 0.7214533012037464
143852431.8290036 0.7204706364292026
144527161.8047494 0.7194898583466399
145201891.7804952 0.7185109606829494
145876621.756241 0.7175339372083146
146562597.23158255 0.716542544935489
147057399.21379614 0.7158286373092428
147563446.6956055 0.715099537599525
148238176.67135128 0.7141290253382959
148912906.64709705 0.7131603597523646
149598882.1224386 0.7121774366519767
150273612.0981844 0.7112124769791944
150948342.0739302 0.7102493459965593
151623072.049676 0.7092880378205301
152297802.0254218 0.7083285466057672
152972532.0011676 0.7073708665446499
154321991.9526592 0.7054609168386361
155007967.42800075 0.7044927795780878
155682697.40374655 0.7035423165504435
156357427.37949234 0.7025936360944073
157032157.35523814 0.7016467326196218
157706887.33098394 0.7007016005703091
158381617.30672973 0.6997582344248551
159056347.28247553 0.698816628695405
159731077.25822133 0.6978767779274602
160417052.7335629 0.6969230564707749
161091782.70930868 0.6959867284175272
161766512.68505448 0.6950521390695296
162441242.66080028 0.6941192831023802
163059745.13856724 0.6932656833383158
163689493.11593 0.6923980513037462
164364223.0916758 0.6914701065385336
165038953.0674216 0.6905438749457331
165713683.04316738 0.6896193513502015
166388413.01891318 0.6886965306065641
167063142.99465898 0.6877754075988862
167749118.47000054 0.6868406677126936
168423848.44574633 0.6859229530291016
169098578.4214921 0.6850069208234996
170448038.3729837 0.6831798838705274
171122768.3487295 0.6822688692046546
171808743.82407105 0.6813443753704479
172483473.79981685 0.6804367086820181
173158203.77556264 0.6795306947974158
173832933.75130844 0.6786263288789958
174507663.72705424 0.6777236061152558
175182393.70280004 0.6768225217205678
175857123.67854583 0.675923070934911
176531853.65429163 0.6750252490236113
177217829.1296332 0.6741141283815442
177892559.105379 0.6732195770668222
178567289.08112478 0.6723266404944966
179005863.56535953 0.6717470954313542
179455683.54919007 0.671153395568015
180130413.52493587 0.6702641820477946
180782652.50149015 0.6694061294024317
181446136.97764018 0.6685348119811219
182120866.95338598 0.6676503037850371
182514459.43923768 0.667135073422324
182908051.9250894 0.6666203818771285
183582781.9008352 0.6657393045294135
184257511.87658098 0.6648598035716621
184943487.35192254 0.6639672557070552
185618217.32766834 0.6630909203214144
186967677.27915993 0.6613429343720914
187642407.25490573 0.6604712750838205
188317137.23065153 0.6596011658058506
188991867.20639732 0.6587326022292408
189666597.18214312 0.6578655800660391
190352572.65748468 0.6569856832976397
191027302.63323048 0.6561217566928695
191702032.60897627 0.6552593586914255
192376762.58472207 0.6543984850877642
193051492.56046784 0.653539131696399
193726222.53621364 0.6526812943517243
194400952.51195943 0.6518249689078373
195075682.48770523 0.6509701512383671
195761657.9630468 0.6501026280523662
196368914.94121802 0.6493359501728391
196987417.41898498 0.6485563200379573
197662147.39473078 0.6477072442907946
198336877.37047657 0.6468596566438604
202396502.72454712 0.6417911906025214
203071232.70029292 0.6409539325427758
203745962.6760387 0.6401181308995006
204420692.6517845 0.6392837818002959
205095422.6275303 0.638450881389988
205781398.10287187 0.6376055804571427
206456128.07861766 0.6367755899122002
207130858.05436346 0.6359470365293418
207805588.03010926 0.6351199165211991
208480318.00585505 0.6342942261169491
209155047.98160085 0.6334699615621838
209829777.95734665 0.6326471191187796
210504507.93309242 0.631825695064772
211865213.38417977 0.6301734559441445
212539943.35992557 0.6293562883105268
213214673.33567137 0.6285405242766965
213889403.31141716 0.6277261601998856
214564133.28716296 0.6269131924527502
215238863.26290876 0.6261016174232575
215924838.73825032 0.6252779401646092
216374658.72208086 0.6247386015711824
216835724.20550713 0.6241864174584073
217521699.68084872 0.6233660680277898
218196429.65659449 0.6225605555065191
218871159.63234028 0.6217564165163431
219545889.60808608 0.620953647540296
220220619.58383188 0.620152245075904
220895349.55957767 0.6193522056350793
221581325.03491923 0.6185402259111816
222256055.01066503 0.6177429246825223
222874557.48843202 0.6170132535170916
224179035.44154054 0.6154780252138938
224853765.41728634 0.614685912667927
225528495.39303213 0.6138951395743695
226214470.8683737 0.6130925565714409
226889200.8441195 0.6123044744442321
227563930.8198653 0.611517721618747
228238660.79561108 0.6107322947569868
228913390.77135688 0.609948190534176
229588120.74710268 0.609165405638674
230262850.72284847 0.6083839367718828
230937580.69859427 0.607603780648161
231623556.17393583 0.6068119642927152
232298286.14968163 0.6060344455922129
232973016.12542742 0.605258229800697
233647746.10117322 0.6044833136836882
234322476.07691902 0.6037096940192315
234997206.05266482 0.6029373675978134
236357911.50375217 0.6013837634336666
237032641.47949797 0.6006153189754682
237707371.45524377 0.5998481549924678
238382101.43098953 0.599082268336345
238798184.9160328 0.5986106069129188
239214268.40107602 0.5981394293023623
239888998.37682182 0.597376384036565
240574973.85216337 0.596601920417508
241249703.82790917 0.5958414275537101
241924433.80365497 0.5950821956825609
242599163.77940077 0.5943242217292485
243273893.75514656 0.5935675026304524
243948623.73089236 0.5928120353342725
244623353.70663816 0.5920578168001565
245298083.68238395 0.5913048439988299
245972813.65812975 0.5905531139122264
246658789.1334713 0.5897901258464406
247333519.1092171 0.5890408927661157
248008249.0849629 0.5882928933632164
248682979.0607087 0.5875461246640031
250032439.0122003 0.5860562675359431
250707168.98794606 0.5853131732136893
251381898.96369186 0.5845712978081762
252067874.43903342 0.5838183043614756
252742604.41477922 0.5830788782333464
253417334.390525 0.5823406622451276
254092064.3662708 0.5816036535083791
254766794.3420166 0.5808678491450182
255441524.3177624 0.5801332462872574
256116254.2935082 0.5793998420775445
256790984.269254 0.5786676336685035
257342013.7494464 0.578070548542971
257893043.2296388 0.5774742575171765
258567773.20538458 0.5767451845029375
259242503.18113038 0.5760172970286207
259917233.15687618 0.5752905922932323
260591963.13262197 0.5745650675056271
261266693.10836777 0.5738407198844532
262627398.55945513 0.5723835216153751
263302128.53520092 0.5716627083605581
263976858.51094672 0.5709430611979556
264651588.48669252 0.5702245773945138
265326318.46243832 0.569507254226644
266012293.93777987 0.5687791626874793
266687023.91352567 0.5680641718883348
267361753.88927147 0.5673503335654201
268036483.86501727 0.5666376450326409
268711213.84076303 0.5659261036131095
269385943.8165088 0.5652157066390932
270060673.7922546 0.5645064514519655
270746649.2675962 0.5637865431039664
271421379.243342 0.5630795824702051
272096109.2190878 0.5623737556578104
272770839.1948336 0.5616690600442371
273254395.67745143 0.5611647225759472
273737952.1600692 0.5606609638020613
274288981.64026165 0.5600876173355827
274772538.12287945 0.5595850934874775
276065770.57639223 0.5582439604269198
276740500.55213803 0.5575458673989966
277415230.5278838 0.5568488877559802
277842559.5125228 0.5564080420229555
278269888.4971618 0.5559676412093678
278944618.4729076 0.5552731757967994
279619348.4486534 0.5545798154576336
280294078.4243992 0.5538875576655213
280968808.400145 0.5531963999024697
281654783.87548655 0.5524948479389072
282329513.85123235 0.5518059009423592
283004243.82697815 0.5511180464291141
283678973.80272394 0.55043128191431
284353703.77846974 0.5497456049212287
285028433.75421554 0.5490610129812532
285703163.72996134 0.5483775036338268
286377893.70570713 0.5476950744264129
287052623.68145293 0.547013722914454
287738599.1567945 0.5463221178197698
289088059.1082861 0.544964817062687
290437519.0597777 0.5436117881376787
291112249.0355235 0.5429368696042149
291786979.0112693 0.5422630118346397
292461708.98701507 0.5415902124469427
293147684.4623566 0.5409072822769809
293822414.4381024 0.5402366100781608
294497144.4138482 0.5395669891215595
295171874.389594 0.5388984170555867
295846604.3653398 0.5382308915361336
296521334.3410856 0.5375644102265354
297196064.3168314 0.5368989707975379
297882039.79217297 0.5362235063902688
298995344.2521535 0.5351295416575097
299445164.235984 0.5346883343038532
300119894.2117298 0.5340273829541182
300794624.1874756 0.5333674611859642
301469354.1632214 0.5327085667162443
302144084.1389672 0.5320506972689659
302818814.114713 0.5313938505752559
303504789.5900546 0.5307271025696119
303898382.0759063 0.5303450175499668
304280729.0621622 0.5299741805849798
304944213.53831226 0.5293314431270665
305618943.51405805 0.5286788167696022
306293673.48980385 0.528027201592516
306968403.46554965 0.5273765953699977
307418223.44938016 0.5269434173225869
307811815.9352319 0.5265647530544716
308441563.9125946 0.5259596006319215
309127539.3879362 0.5253014098304699
309802269.363682 0.5246550170661233
310476999.33942777 0.5240096217924222
311151729.31517357 0.5233652218257442
311657776.79698294 0.522882573711159
312163824.27879226 0.5224004833161819
312849799.7541338 0.5217478717948912
313524529.7298796 0.521106954746794
314199259.7056254 0.52046702322596
314873989.6813712 0.5198280750853115
315548719.657117 0.5191901081842988
316909425.10820436 0.5179065176562396
317584155.08395016 0.5172714979253542
317977747.56980187 0.5169015190858394
318371340.05565363 0.5165318708180218
319046070.03139937 0.5158989559547034
319720800.00714517 0.5152670092384993
320395529.98289096 0.5146360285749028
321081505.4582325 0.5139955197524346
321756235.4339783 0.5133664809494495
322430965.4097241 0.5127384019186606
323105695.3854699 0.5121112805906745
323780425.3612157 0.5114851149022825
324455155.3369615 0.5108599027964323
325129885.3127073 0.5102356422222026
325804615.2884531 0.5096123311347752
326490590.76379466 0.5089796027834932
327165320.73954046 0.5083582002992375
327840050.71528625 0.5077377411699642
328514780.69103205 0.5071182233751087
329189510.66677785 0.5064996449000795
329864240.64252365 0.5058820037362324
330550216.1178652 0.5052550273626829
331224946.093611 0.504639270357242
332574406.0451026 0.5034105482240023
333249136.0208484 0.5027975791320091
333923865.9965942 0.5021855353899828
334598595.97234 0.5015744150303078
335273325.9480858 0.5009642160911165
335948055.9238316 0.5003549366162671
336634031.39917314 0.49973644305159987
337308761.37491894 0.4991290119028272
337983491.35066473 0.49852249435180807
338658221.32641053 0.4979168884651542
339332951.3021563 0.4973121923150836
340007681.2779021 0.4967084039793974
340682411.2536479 0.49610552154145654
341357141.2293937 0.4955035430901578
342043116.7047353 0.4948924564122118
343392576.6562269 0.49369303226233535
344067306.6319727 0.49309466568050464
344742036.60771847 0.49249719358071503
345338048.0862939 0.4919701690926471
345934059.56486934 0.49144383979230055
346608789.54061514 0.49084883265585116
347283519.51636094 0.49025471295461137
347958249.49210674 0.48966147883046796
348644224.9674483 0.48905926340052047
349318954.9431941 0.4884678095597247
349993684.9189399 0.48787723572273023
350668414.8946857 0.48728754005257713
351343144.8704315 0.4866987207175186
352017874.8461773 0.48611077589100155
352692604.8219231 0.4855237037516438
353367334.7976689 0.48493750248321565
354042064.7734147 0.4843521702746172
355402770.224502 0.4831743864817598
356077500.2002478 0.4825916650161623
356752230.1759936 0.4820098053870999
357415714.65214366 0.48143848209722717
357865534.63597417 0.4810516164416858
358326600.11940044 0.48065547448461493
359001330.09514624 0.48007647477565424
359676060.07089204 0.4794983292014312
360350790.04663783 0.47892103599785263
361025520.02238363 0.47834459340575247
361711495.4977252 0.4777594136236934
362386225.473471 0.47718468110032974
362869781.95608884 0.47677330955774727
363353338.43870664 0.476362371547591
364028068.41445243 0.4757896929719804
364938953.8817093 0.4750179107853789
365613683.8574551 0.47444720607782037
366288413.8332009 0.4738773384271785
366974389.30854243 0.4732988293124158
367649119.2842882 0.4727306445097885
368323849.260034 0.4721632915999838
368998579.23577976 0.47159676888062463
369425908.2204188 0.47123839978035464
369853237.2050578 0.4708803625673348
370527967.1808036 0.47031571533506145
371202697.1565494 0.4697518927647135
371877427.1322952 0.46918889317379386
372563402.60763675 0.4686173521949767
373238132.58338255 0.4680560071801806
373912862.55912834 0.46749548009715997
374587592.53487414 0.46693576928184266
375262322.51061994 0.4663768730747007
375937052.48636574 0.46581878982073277
376611782.46211153 0.46526151786944714
377297757.9374531 0.46469578805350553
377972487.9131989 0.4641401472271039
378647217.8889447 0.4635853127515552
379321947.8646905 0.4630312829943134
379996677.8404363 0.46247805632725997
380671407.8161821 0.46192563112668483
381346137.7919279 0.4613740057732723
382020867.7676737 0.4608231786520833
382706843.2430152 0.46026398771755006
383381573.218761 0.45971476547009416
384056303.19450676 0.45916633660948714
384731033.17025256 0.4586186995382099
385405763.14599836 0.4580718526630416
386080493.12174416 0.45752579439504204
386766468.5970857 0.4569714419542684
387441198.5728315 0.4564269692281702
388115928.5485773 0.45588328034171943
388790658.5243231 0.4553403737230167
390140118.4758147 0.4542569010222594
390814848.4515605 0.45371633181736326
391489578.4273063 0.45317653863450175
392175553.90264785 0.45262854283011866
392850283.87839365 0.452090309911342
393412558.85818183 0.45164237177436883
393986079.3375658 0.4511860257916469
394660809.3133115 0.45064985920430034
395335539.2890573 0.45011445985315623
396021514.7643989 0.4495709221283737
396696244.74014467 0.4490370653941094
397370974.71589047 0.4485039712997764
398045704.69163626 0.4479716383298329
398720434.66738206 0.4474400649727384
400069894.61887366 0.44637919107085694
400474732.6043211 0.44606151842562364
401216935.57764155 0.44547982352392845
401891665.55338734 0.4449518002190269
402577641.0287289 0.4444157464711633
403252371.0044747 0.443889236307297
403927100.9802205 0.4433634742252616
404601830.9559663 0.4428384587478003
405276560.9317121 0.4423141884015227
405951290.9074578 0.4417906617168901
406626020.8832036 0.4412678772282036
407300750.8589494 0.44074583347358987
407975480.8346952 0.44022452899498743
408661456.3100368 0.4396952924699109
409336186.2857826 0.43917547444491845
410010916.2615284 0.43865639132041545
410685646.23727417 0.4381380416535207
412035106.18876576 0.43710353693974674
412709836.16451156 0.43658737902578465
413384566.14025736 0.4360719488352375
418130166.96966946 0.432467194399525
418804896.94541526 0.43195755888696025
419479626.92116106 0.4314486383643526
420154356.89690685 0.43094043144023036
420829086.87265265 0.43043293672669075
421503816.84839845 0.42992615283938934
422178546.82414424 0.42942007839752744
422864522.2994858 0.42890629524202706
423539252.2752316 0.4284016473293916
424213982.2509774 0.427897704718145
424888712.2267232 0.42739446604160986
425563442.202469 0.42689192993659386
426238172.1782148 0.42639009504337966
426924147.65355635 0.42588061367670615
427598877.62930214 0.42538018877205097
428273607.60504794 0.42488046099831206
428948337.58079374 0.42438142900960923
429623067.55653954 0.4238830914634783
430297797.53228533 0.4233854470208593
430972527.50803113 0.4228884943460858
431647257.4837769 0.4223922321068734
432333232.9591185 0.42188840525280974
433007962.9348643 0.42139353135314445
433682692.9106101 0.420899343890358
434357422.8863559 0.4204058415456365
435032152.8621016 0.4199130230034929
435706882.8378474 0.4194208869517548
436291648.8168271 0.41899492008739453
436865169.29621106 0.4185776410517723
437539899.27195686 0.41808735250069007
438225874.7472984 0.417589587143914
438900604.7230442 0.4171006638423503
439575334.69879 0.4166124155715129
440250064.6745358 0.4161248410412662
440924794.6502816 0.4156379389647071
441599524.6260274 0.4151517080581525
442274254.6017732 0.41466614704113014
442948984.577519 0.414181254636367
443634960.05286056 0.4136889647985978
444309690.02860636 0.4132054168896535
444984420.00435215 0.4127225337591421
445659149.98009795 0.4122403141425385
446333879.95584375 0.4117587567784651
447008609.9315895 0.4112778604086821
447683339.9073353 0.41079762377807666
448301842.3851023 0.41035798535988277
448920344.86286926 0.40991889929173875
449595074.83861506 0.4094405251334113
450269804.81436086 0.40896280593178624
450944534.79010665 0.4084857404467249
451619264.76585245 0.40800932744115687
452293994.74159825 0.4075335656810711
452968724.71734405 0.4070584539355054
453643454.69308984 0.4065839909765373
454329430.1684314 0.4061022841353093
455004160.1441772 0.40562912583987276
455678890.119923 0.40515661264511543
456353620.0956688 0.4046847433352248
457028350.0714146 0.4042135166973795
457703080.0471604 0.403742931521739
458377810.0229062 0.40327298660143474
459063785.49824774 0.40279586437542125
459738515.47399354 0.40232720697770685
460413245.44973934 0.4018591862125168
461087975.42548513 0.40139180088482473
461481567.91133684 0.4011194524180587
461886405.8967843 0.4008395474748557
462561135.8725301 0.40037354538030856
463235865.8482759 0.3999081749385188
463910595.8240217 0.399443434966633
464585325.7997675 0.3989793242846841
465260055.7755133 0.3985158417155814
465934785.7512591 0.39805298608510287
466620761.22660065 0.3975830576858116
467295491.20234644 0.3971214628214364
467970221.17809224 0.39666049137073206
468644951.15383804 0.39620014217090577
469319681.12958384 0.3957404140619869
469994411.10532963 0.39528130588682037
470669141.08107543 0.39482281649105516
471343871.0568212 0.39436494472313766
472029846.5321628 0.3939000737292385
472704576.5079086 0.3934434440193562
473379306.4836544 0.39298742848032253
474054036.4594002 0.3925320259717297
474728766.4351459 0.3920772353559224
475403496.4108917 0.39162305549799026
476078226.3866375 0.39116948526575895
476752956.3623833 0.3907165235297817
477438931.83772486 0.3902566350632546
478113661.81347066 0.3898048970368982
478788391.78921646 0.38935376411607153
479463121.76496226 0.38890323518219905
480137851.74070805 0.388453309119391
483522747.1190328 0.38620523925069933
484197477.0947786 0.38575891705783066
484872207.0705244 0.3853131899810345
485546937.0462702 0.3848680569256537
486221667.022016 0.3844235167996432
486896396.9977618 0.3839795685135622
487571126.9735076 0.3835362109805659
488257102.44884914 0.3830860686416361
488931832.42459494 0.38264389916525565
489606562.40034074 0.3822023171789602
490281292.37608653 0.3817613216062529
490956022.35183233 0.38132091137319435
491630752.3275781 0.3808810854083936
492316727.8029197 0.3804345268651635
492991457.7786655 0.37999587592606215
493666187.7544113 0.3795578060385545
494340917.7301571 0.3791203161414105
495015647.7059029 0.37868340517591076
495690377.6816487 0.3782470720858385
496365107.65739447 0.3778113158174722
497051083.132736 0.37736888718335915
497725813.1084818 0.37693429097700853
498400543.0842276 0.3765002684286795
499075273.0599734 0.37606681849459783
499750003.0357192 0.37563394013344786
500424733.011465 0.37520163230636344
501099462.9872108 0.3747698939769224
501774192.9629566 0.37433872411113756
502448922.9387024 0.37390812167745113
503134898.41404396 0.3734709231723883
503809628.3897897 0.37304146193215415
504484358.3655355 0.37261256502679097
505159088.3412813 0.37218423143442186
505833818.3170271 0.37175646013556296
506508548.2927729 0.37132925011311546
507194523.76811445 0.37089549426390506
509893443.67109764 0.3691945147745201
510568173.64684343 0.3687706604293871
511254149.122185 0.3683403099778653
511928879.0979308 0.3679175722587025
512603609.0736766 0.36749538673507576
513278339.0494224 0.36707375241343
513953069.0251682 0.36665266830251836
514627799.000914 0.3662321334133954
515302528.9766598 0.3658121467594102
515977258.9524056 0.365392707356201
516663234.42774713 0.3649668372919708
517337964.4034929 0.364548498526204
518012694.3792387 0.3641307040555136
518687424.3549845 0.36371345290466034
519362154.3307303 0.3632967441006587
520036884.3064761 0.3628805766727723
520711614.2822219 0.36246494965250503
521386344.2579677 0.36204986207359635
522072319.73330927 0.36162840837693977
522747049.70905507 0.3612144057413286
523421779.68480086 0.36080093964566334
524096509.66054666 0.3603880091325941
524771239.63629246 0.3599756132469736
525445969.61203825 0.35956375103585064
526120699.58778405 0.3591524215484633
526795429.56352985 0.3587416238362326
527470159.53927565 0.3583313569527572
528156135.0146172 0.3579147954877545
528830864.990363 0.3575055962389987
529505594.9661088 0.35709692497714374
530180324.9418546 0.3566887807644686
530855054.9176004 0.35628116266539694
531529784.8933462 0.3558740697464924
532204514.8690919 0.3554675010764509
532890490.3444335 0.35505469273198775
533565220.3201793 0.35464917847296445
534239950.2959251 0.35424418566623234
534914680.2716709 0.3538397133889935
535589410.2474167 0.3534357607205527
536275385.72275823 0.3530256072319097
536950115.6985041 0.3526226996491673
537624845.6742499 0.3522203089104686
538299575.6499957 0.3518184341035024
538974305.6257415 0.35141707431802965
539649035.6014873 0.3510162286458783
540323765.5772331 0.35061589618093614
541009741.0525746 0.35020941668498917
541684471.0283204 0.3498101164400647
542359201.0040662 0.3494113266813359
543033930.979812 0.34901304651090825
543708660.9555578 0.34861527503291856
544383390.9313036 0.34821801135352853
545069366.4066452 0.3478146462575992
545744096.382391 0.34741840392805634
546418826.3581368 0.3470226667129147
552165276.6515718 0.34367264929240154
552840006.6273175 0.3432816750397495
553514736.6030633 0.3428911966853725
554189466.5788091 0.342501213364229
554864196.5545549 0.3421117242132157
555538926.5303007 0.34172272837116136
556213656.5060465 0.341334224978823
556888386.4817923 0.34094621317887924
557574361.9571339 0.34055223758431163
558249091.9328797 0.34016521456235776
558923821.9086255 0.3397786805581349
559598551.8843713 0.33939263472198733
560273281.8601171 0.339007076206154
560948011.8358629 0.3386220041647645
561622741.8116087 0.33823741775383226
