1.0 0.9999999977173868
2395292.413897574 0.9945543426871233
5487804.80273247 0.9875837221436138
5746451.293435025 0.9870036581812629
9716112.650739456 0.978156877776224
20961612.246502712 0.9536642311224366
21445168.729120534 0.9526298894727415
23368149.15999605 0.9485318872923136
25111201.597339354 0.9448384175554934
25448566.585212253 0.9441258638150232
26663080.541554686 0.9415668640290557
29800574.928772636 0.9350008346450529
30295376.91098622 0.9339711963112051
33680272.28931096 0.9269701352344025
36390437.691889904 0.9214179027309477
41113547.52211047 0.9118538462981857
45611747.36041577 0.9028759489880259
46230249.838182755 0.9016513553951829
49356498.72580494 0.8954977536969774
51133287.66193554 0.8920271211234487
51808017.63768133 0.890714203114566
53843453.06451448 0.886770298144497
54518183.04026028 0.8854684500670845
55192913.016006075 0.8841693411892888
55867642.991751865 0.8828729647960233
56834755.95698751 0.8810195770318998
57397030.93677567 0.8799445925006666
58004287.914946884 0.8787857232858725
58679017.89069268 0.8775006598337571
60354597.330461405 0.8743210724621396
64268031.18978702 0.8669591443215657
64942761.16553281 0.8656988654184852
66978196.592365965 0.8619129617458606
67371789.07821769 0.861183632287316
67765381.56406939 0.8604551912902682
69114841.51556098 0.8579644060866704
69800816.99090254 0.8567022376620773
70475546.96664834 0.8554633690199893
71150276.94239414 0.8542270806069459
72690910.3870137 0.8514138583292462
74040370.3385053 0.8489606831306228
76694308.24310543 0.8441657543767181
77211601.22451054 0.8432357008653292
77728894.20591564 0.8423071251110366
78403624.18166144 0.8410981552771175
79764329.6327488 0.8386676716822695
81113789.58424038 0.8362672739409239
81552364.06847514 0.8354892799748932
81990938.55270992 0.8347123304968108
82676914.02805148 0.833499192056822
83261680.00703116 0.8324670502727758
83599044.99490406 0.8318724231853958
84824804.45084226 0.8297170997444423
86848994.37807964 0.826175467083774
87523724.35382544 0.8249997747422037
88198454.32957123 0.8238264977150646
89367986.28753062 0.8217985204257625
89817806.27136114 0.8210204493472234
90447554.24872388 0.819932936769913
92482989.67555703 0.8164321416205523
93157719.65130283 0.8152764231731588
95980340.0498394 0.8104672123630247
97734637.98677848 0.8074988561772655
98128230.47263019 0.8068350374553269
98802960.44837599 0.8056988963022054
99477690.42412178 0.8045650662664782
100152420.39986758 0.8034335412541252
100827150.37561338 0.8023043151872101
102187855.82670073 0.8000340108930986
103537315.77819231 0.7977916304397917
105561505.7054297 0.7944450600890643
106236235.6811755 0.793334046187465
108935155.58415869 0.7889123802647143
109598640.06030871 0.7878308443910096
110273370.0360545 0.7867331744673877
110948100.0118003 0.7856377142724511
112308805.46288766 0.7834352341054631
112983535.43863346 0.782346404752234
113658265.41437925 0.7812597618637207
115007725.36587085 0.779093012494916
117043160.79270399 0.7758412320048234
117717890.76844978 0.7747676235398386
121901216.61807372 0.7681589427276841
123261922.06916107 0.7660269057367876
123936652.04490687 0.7649728686016163
124611382.02065267 0.7639209266081963
125960841.97214426 0.7618233061230587
127310301.92363584 0.7597340005962882
129345737.350469 0.7565982648479196
130020467.32621479 0.7555629220394798
131369927.27770638 0.7534983698924428
132044657.25345218 0.7524691498905262
132719387.22919798 0.7514419601873932
133394117.20494376 0.7504167954912337
134068847.18068956 0.7493936505261202
134754822.65603113 0.7483555182275652
136779012.58326852 0.745304261274873
137453742.5590143 0.7442911695623052
138623274.51697367 0.7425398510470472
139106830.9995915 0.7418174874604766
139781560.9753373 0.7408112336570192
141142266.42642465 0.738787943963705
141816996.40217045 0.7377876191691922
143166456.35366204 0.7357928300946158
144515916.30515364 0.7338058213491089
145190646.28089944 0.73281522202346
146551351.7319868 0.730823378990575
147226081.7077326 0.7298385867372746
147900811.6834784 0.7288557095026347
149250271.63496995 0.7268956803329928
151285707.0618031 0.723953669191576
151960437.0375489 0.7229822101802471
152635167.0132947 0.7220126318218687
153309896.9890405 0.7210449292784634
153984626.9647863 0.7200790977268378
155334086.9162779 0.718153028379824
156008816.89202368 0.7171927810115968
156694792.36736524 0.7162184278928644
157369522.34311104 0.7152619102115572
158044252.31885684 0.7143072348122166
158718982.29460263 0.713354396974217
159393712.27034843 0.7124033919913847
159955987.25013658 0.7116122845514123
160518262.22992474 0.7108224439615847
161192992.20567054 0.7098763036940119
161867722.18141633 0.7089319791485871
162542452.15716213 0.7079894656860154
163903157.6082495 0.7060942203434152
164577887.58399528 0.7051571423508384
165252617.55974108 0.7042218569493659
165927347.53548688 0.7032883595705686
166602077.51123267 0.7023566456600165
167288052.98657423 0.7014112268065278
167962782.96232003 0.7004830957600388
168570039.94049123 0.6996492911369953
169188542.41825822 0.6988015159104513
169773308.3972379 0.6980013443913683
170358074.3762176 0.697202493155055
171044049.85155916 0.6962670581123102
171718779.82730496 0.6953487220549839
172393509.80305076 0.6944321309432572
173742969.75454235 0.6926041658803845
175092429.70603392 0.6907831277064761
175778405.1813755 0.6898600776214856
176453135.15712127 0.68895389239149
177127865.13286707 0.6880494213607584
177802595.10861287 0.6871466602010077
178477325.08435866 0.6862456045972042
179152055.06010446 0.6853462502475205
180501515.01159605 0.6835526281689838
181187490.4869376 0.6826434615781939
181862220.4626834 0.6817508975230764
182469477.44085464 0.6809490262837302
183076734.41902584 0.6801485126605876
183751464.39477164 0.6792606416106316
184426194.37051743 0.6783744386391634
185100924.34626323 0.6774898995589674
185775654.32200903 0.6766070201956232
186450384.29775482 0.6757257963874604
187125114.27350062 0.6748462239855194
187631161.75530997 0.674187625930684
188137209.23711932 0.6735299527245907
188823184.71246088 0.672639913617232
189497914.68820667 0.6717661158949011
190172644.66395247 0.6708939509965464
190633710.14737874 0.6702989086507352
191083530.13120928 0.6697191112265005
191747014.60735932 0.6688652265451455
193096474.5588509 0.6671333386891825
193771204.5345967 0.6662698135882769
194457180.00993827 0.6653935439783383
195131909.98568407 0.6645332559533592
196481369.93717566 0.6628174733418747
197156099.91292143 0.6619619708135275
197830829.88866723 0.6611080555290071
198505559.86441302 0.6602557235475202
199191535.33975458 0.6593908050886159
199866265.31550038 0.6585416541631944
200540995.29124618 0.6576940747251543
201215725.26699197 0.656848062881573
201890455.24273777 0.6560036147513467
202565185.21848357 0.6551607264651491
202958777.70433527 0.6546697604416565
203363615.68978277 0.6541653183879489
204038345.66552857 0.6533258223715983
204713075.64127436 0.6524878739598944
205387805.61702016 0.651651469332356
205803889.1020634 0.6511364543557188
206208727.08751085 0.6506359199459996
206872211.5636609 0.649816794518794
207546941.5394067 0.648985304461521
208221671.51515248 0.6481553422683307
208896401.49089828 0.6473269041785035
209582376.96623984 0.6464862173399
210257106.94198564 0.6456608414654176
210931836.91773143 0.6448369784182018
211606566.89347723 0.6440146244829785
212281296.86922303 0.6431937759556923
212956026.84496883 0.6423744291434678
214316732.29605618 0.6407266326811556
216959424.70106053 0.6375436604825914
217634154.67680633 0.6367346249071059
218320130.1521479 0.6359136152196809
218994860.1278937 0.6351075461260537
219669590.10363948 0.634302942604256
220344320.07938528 0.6334998010813774
221019050.05513108 0.6326981179952416
221693780.03087687 0.6318978897943696
222379755.50621843 0.6310858122663288
223054485.48196423 0.6302885073245443
223729215.45771003 0.6294926466188364
224415190.9330516 0.6286849984935747
225089920.90879738 0.6278920396681378
225764650.88454318 0.6271005145256131
226158243.3703949 0.6266394522253195
226551835.8562466 0.6261788759034462
227237811.33158815 0.6253773167094908
227912541.30733395 0.6245903323546803
228587271.28307974 0.62380476720535
231960921.16180873 0.6198981097105305
232646896.6371503 0.6191080478421834
233321626.61289608 0.6183323447801711
233996356.58864188 0.617558033681278
234671086.56438768 0.6167851111928078
235345816.54013348 0.6160135739720446
236020546.51587927 0.6152434186862202
236695276.49162507 0.6144746420124795
238033490.94352087 0.6129539671906123
238539538.42533022 0.6123803264537638
238685729.92007515 0.6122147511610356
239101813.4051184 0.6117438491713022
239787788.88045996 0.6109686290156584
240462518.85620576 0.6102074889808796
241137248.83195156 0.6094477059277603
241811978.80769733 0.6086892766075247
242486708.78344312 0.6079321977810214
244522144.21027628 0.6056564925796173
246546334.13751367 0.603405432207283
247221064.11325946 0.6026577390502985
247895794.08900526 0.6019113707637906
248570524.06475106 0.6011663241939258
249245254.04049686 0.6004225961961707
249919984.01624265 0.5996801836352609
253979609.3703132 0.5952409259103403
254654339.346059 0.5945076559283831
255329069.3218048 0.593775676580094
256015044.79714635 0.593032817507555
256689774.77289212 0.5923034316594343
258039234.7243837 0.5908485012890202
258713964.7001295 0.5901229507232255
259388694.6758753 0.5893986725561146
260074670.15121686 0.5886636243794561
260749400.12696266 0.5879419031009571
261424130.10270846 0.5872214451987628
262098860.07845426 0.5865022476995695
262773590.05420005 0.5857843076387578
263448320.02994585 0.585067622060362
264123050.00569165 0.5843521880170408
264809025.4810332 0.5836261100409514
265258845.46486375 0.5831506924565242
265708665.44869426 0.5826758276135982
266394640.92403582 0.5819527209733472
267069370.8997816 0.581242717644997
267744100.8755274 0.5805339501804421
268418830.8512732 0.579826415686567
269093560.827019 0.5791201112786678
269768290.8027648 0.5784150340804223
270645439.77123433 0.577500263685788
271331415.2465759 0.5767863040998963
272006145.2223217 0.5760852766626968
272680875.1980675 0.5753854641145247
273355605.1738133 0.5746868636231459
274030335.1495591 0.5739894723645299
274705065.1253049 0.573293287522822
275379795.1010507 0.5725983062903157
275773387.5869024 0.572193455291134
276178225.57234985 0.5717774628238808
276852955.54809564 0.5710850997536039
277527685.52384144 0.5703939314085978
278168679.00079995 0.5697384255685122
278820917.9773542 0.5690725213878178
279495647.9531 0.5683848218432868
280170377.9288458 0.5676983062051361
280845107.9045916 0.567012971730647
281519837.8803374 0.566328815685001
282194567.8560832 0.5656458353412529
282869297.831829 0.5649640279803041
284758541.7639172 0.5630611845895714
285332062.24330115 0.562485342087708
285894337.22308934 0.5619216045462314
286569067.19883513 0.5612461810540303
287075114.68064445 0.5607403719053178
287592407.6620496 0.560223993203313
288267137.6377954 0.55955147275008
288941867.6135411 0.5588801011565063
289616597.5892869 0.558209875780515
290291327.5650327 0.557540793987589
290966057.5407785 0.5568728531507463
291652033.0161201 0.556194946904863
292326762.9918659 0.5555292990359053
293001492.9676117 0.55486478424369
293676222.94335747 0.5542013999312422
294350952.91910326 0.5535391435089958
295025682.89484906 0.5528780123947673
295700412.87059486 0.552218004013732
296375142.84634066 0.5515591157983974
298410578.2731738 0.5495782302746045
299085308.2489196 0.548923815670977
299760038.2246654 0.5482705084626087
300434768.2004112 0.5476183061256141
301120743.67575276 0.546956363801988
301795473.65149856 0.5463063819742381
302425221.6288613 0.5457007223277032
303054969.60622406 0.5450960165232174
303729699.58196986 0.5444491736207661
304404429.55771565 0.5438034208850663
305079159.53346145 0.5431587558410504
305753889.50920725 0.5425151760206499
306428619.48495305 0.5418726789627714
307114594.9602946 0.5412205810727811
307654378.9408912 0.5407082382086389
308194162.92148787 0.540196583899716
308666473.9045099 0.5397494502295561
309127539.3879362 0.5393134693774561
309802269.363682 0.5386763494583078
310476999.33942777 0.5380402976803099
311837704.7905151 0.5367608325191408
312489943.7670694 0.5361490661140771
313153428.24321944 0.5355277669035913
313828158.21896523 0.5348969846067113
314502888.194711 0.5342672561541273
315177618.1704568 0.5336385791731157
315863593.6457984 0.5330004997078274
316538323.6215442 0.5323739360042149
317213053.59729 0.5317484166547047
318562513.5487816 0.5305005016400978
319237243.5245274 0.5298781013024564
319911973.50027317 0.5292567359737836
320586703.47601897 0.5286364033341111
321272678.9513605 0.5280067880819722
321947408.9271063 0.5273885310012686
322622138.9028521 0.52677129965018
323296868.8785979 0.5261550917346463
323971598.8543437 0.5255399049670043
325995788.7815811 0.5237004487703039
326670518.7573269 0.5230893238447933
327356494.23266846 0.5224690486811964
328031224.20841426 0.5218599578891014
328705954.18416005 0.5212518723712608
329380684.15990585 0.5206447898905338
330055414.13565165 0.5200387082159894
330730144.11139745 0.5194336251228852
332079604.06288904 0.5182264458128452
332765579.5382306 0.5176143185580209
333440309.5139764 0.517013224143432
334115039.4897222 0.5164131172421679
334789769.46546793 0.5158139956662922
335374535.44444764 0.5152955522993372
335948055.9238316 0.5147877949148931
336622785.8995774 0.5141913391418483
337308761.37491894 0.5135859442402368
337983491.35066473 0.5129914570335945
338658221.32641053 0.5123979427242891
339332951.3021563 0.51180539916472
340682411.2536479 0.5106232157339421
341357141.2293937 0.5100335715970274
342031871.2051395 0.5094448896784001
342436709.190587 0.5090921415105797
342706601.1808853 0.50885716785984
343257630.6610777 0.5083779057774973
344618336.11216503 0.5071971514587034
345293066.08791083 0.5066130905053503
345967796.0636566 0.506029979495687
346642526.0394024 0.5054478163451692
347317256.0151482 0.5048665989749613
347991985.990894 0.5042863253119184
348666715.9666398 0.5037069932885664
349352691.4419814 0.5031189689175878
350027421.4177272 0.5025415296017646
350702151.39347297 0.5019650257229288
351376881.36921877 0.5013894552362025
352051611.34496456 0.5008148161022881
352726341.32071036 0.5002411062874491
353401071.29645616 0.49966832376349324
354075801.27220196 0.49909646650775297
355436506.7232893 0.49794602731852905
356111236.6990351 0.49737694909000896
356785966.6747809 0.4968087880606355
357460696.6505267 0.4962415422351927
358135426.6262725 0.4956752096238835
358810156.6020183 0.49510978824231155
359484886.5777641 0.49454527611146526
360159616.5535099 0.4939816712576982
360845592.02885145 0.49340960104575476
361520322.00459725 0.492847819885752
361970141.98842776 0.49247379998613894
362419961.97225827 0.49210018011018947
363105937.4475998 0.49153117866341656
363780667.4233456 0.4909724093693732
364455397.3990914 0.49041453491158254
365130127.3748372 0.4898575533554013
365804857.350583 0.4893014627714102
366479587.3263288 0.4887462612353955
367154317.3020746 0.4881919468283343
367840292.77741617 0.48762930130537174
368515022.75316197 0.48707677012545514
369189752.72890776 0.48652512031671225
371213942.65614516 0.484875440159592
371877427.1322952 0.48433642547382777
372540911.6084452 0.4837982539264865
373215641.584191 0.48325182368591507
373890371.5599368 0.48270626169695763
374565101.5356826 0.48216156609650795
375239831.5114284 0.48161773502645383
375914561.4871742 0.4810747666336612
376589291.46292 0.480532659069958
377264021.4386658 0.479991410492118
377949996.91400737 0.47944201978950424
378624726.88975316 0.4789024979131508
379299456.86549896 0.47836382949206907
379974186.84124476 0.4778260127027424
380648916.81699055 0.47728904572652103
381323646.79273635 0.4767529267496079
382009622.2680779 0.47620873990876356
382684352.24382365 0.4756743255662515
383359082.21956944 0.47514075378066545
384033812.19531524 0.47460802275754244
384708542.17106104 0.47407613070719473
385383272.14680684 0.4735450758446944
386058002.12255263 0.4730148563898588
386732732.09829843 0.47248547056723444
387418707.57364 0.47194811441104845
388093437.5493858 0.47142040436532145
392456691.39254194 0.46802779947142353
393131421.36828774 0.4675062318970029
393806151.34403354 0.4669854796231049
394480881.31977934 0.4664655409275303
395155611.29552513 0.4659464140926264
395830341.27127093 0.46542809740527247
396516316.7466125 0.46490197085895535
397191046.7223583 0.46438528277656593
397865776.6981041 0.46386939970112684
398540506.6738499 0.46335431993757814
399215236.6495957 0.4628400417953216
399889966.6253415 0.46232656358820606
400575942.10068303 0.46180534572204013
401250672.07642883 0.4612934756065547
401925402.0521746 0.460782400366455
402600132.0279204 0.4602721183333123
403274862.0036662 0.45976262784307487
403949591.979412 0.4592539272360551
404624321.9551578 0.45874601485691546
405299051.9309036 0.4582388890546548
405748871.9147341 0.4579012413602845
406198691.89856464 0.45756394203685236
406873421.87431043 0.45705864518434136
407559397.349652 0.456545727449111
408234127.3253978 0.4560420041510098
408863875.30276054 0.4555725642025863
409493623.2801233 0.4551038004989536
410168353.2558691 0.4546023026020351
410843083.2316149 0.454101577878735
411529058.70695645 0.4535932986923823
412203788.68270224 0.45309412830450274
412878518.65844804 0.45259572624114675
413553248.63419384 0.45209809090327957
414227978.60993963 0.4516012206960277
414902708.58568543 0.45110511402866493
415588684.061027 0.4506015200157856
416263414.0367728 0.45010694833201437
416938144.0125186 0.4496131354144422
417331736.4983703 0.4493254276554652
417736574.48381776 0.4490297681494704
418411304.45956355 0.4485376064064852
419086034.43530935 0.44804619843268706
419760764.41105515 0.44755554266683734
420435494.38680094 0.4470656375517408
421110224.36254674 0.4465764815342335
421796199.8378883 0.4460799392486097
422470929.8136341 0.4455922892031705
423145659.7893799 0.445105383594238
423820389.7651257 0.44461922088471373
424495119.7408715 0.44413379954146903
425169849.7166173 0.44364911803533125
425844579.6923631 0.4431651748410723
426530555.16770464 0.4426739212309417
427205285.14345044 0.4421914623421939
427880015.11919624 0.441709737187995
428554745.09494203 0.44122874425883807
429229475.07068783 0.4407484820491009
429904205.04643357 0.44026894905703223
430578935.02217937 0.4397901437847415
431253664.99792516 0.43931206473818607
431928394.97367096 0.4388347104271595
432614370.4490125 0.43835014163332725
433289100.4247583 0.43787424435492983
433963830.4005041 0.4373990673397287
434638560.3762499 0.4369246091128084
435313290.3519957 0.4364508682030312
435988020.3277415 0.43597784314302535
436673995.80308306 0.4354976666687285
437348725.77882886 0.43502608079091504
438023455.75457466 0.43455520635900186
438698185.73032045 0.4340850419206288
439372915.70606625 0.43361558602714384
440733621.1571536 0.43267099935009695
441408351.1328994 0.43220367216114247
442083081.1086452 0.43173704773546207
442757811.084391 0.43127112464283884
443432541.0601368 0.43080590145669695
444107271.0358826 0.4303413767540906
444782001.0116284 0.4298775491156931
445456730.9873742 0.4294144171257855
446603771.946142 0.42862868526099257
447064837.42956835 0.4283134156245647
447739567.40531415 0.4278526267954038
448414297.38105994 0.4273925274514586
449403901.34548706 0.42671895936431736
450089876.8208286 0.42625292051536967
450764606.7965744 0.4257952119967007
451439336.7723202 0.4253381867299069
452114066.748066 0.42488184333428525
452788796.7238118 0.4244261804326238
453463526.6995576 0.423971196651191
454149502.17489916 0.42350932458679263
454824232.15064496 0.423055706199982
455498962.12639076 0.42260276281028736
456173692.10213655 0.4221504930578497
456848422.07788235 0.42169889558623813
457534397.5532239 0.421240459276601
458209127.5289697 0.42079021345923023
458883857.5047155 0.42034063585144804
459558587.4804613 0.419891725110488
460233317.4562071 0.4194434798969598
460908047.4319529 0.4189958988748391
461582777.4076987 0.4185489807114575
462268752.88304025 0.41809529206399465
462943482.85878605 0.41764970662563566
463618212.83453184 0.4172047800460302
464292942.81027764 0.4167605110058882
464967672.78602344 0.416316898189226
465642402.76176924 0.41587394028335517
466317132.73751503 0.415431635978873
466991862.7132608 0.41498998396965353
467677838.1886024 0.414541638443836
468352568.1643482 0.4141012979370395
469027298.140094 0.41366160580510664
469420890.6259457 0.4134054176369179
469814483.1117974 0.41314944940006487
470489213.0875432 0.412711157648707
471163943.063289 0.412273510188562
471849918.53863055 0.41182922776963704
472524648.51437634 0.4113928757311297
473199378.49012214 0.41095716412352923
473874108.46586794 0.4105220916735706
474548838.44161373 0.41008765711115697
475223568.41735953 0.40965385916935
475909543.8927011 0.4092134825836442
476584273.8684469 0.40878096465243013
477259003.8441927 0.4083490795389336
477933733.8199385 0.4079178259888092
478608463.7956843 0.40748720275082323
479283193.7714301 0.40705720857684463
483230364.12954295 0.4045542816633229
488673185.93389237 0.4011377365899765
489347915.90963817 0.4007169798357039
490022645.88538396 0.40029683268973065
490697375.86112976 0.3998772939550393
491383351.3364713 0.3994513853832876
492058081.3122171 0.3990330699822277
492732811.2879629 0.3986153593992377
493407541.2637087 0.398198252449066
494082271.2394545 0.3977817479493683
494757001.2152003 0.3973658447206999
495431731.1909461 0.39695054158650606
498141896.59352505 0.39528842969422384
498816626.56927085 0.39487611937907746
499491356.54501665 0.39446440214000783
500166086.52076244 0.39405327682050517
500840816.49650824 0.3936427422668833
501526791.9718498 0.3932259699014344
502201521.9475956 0.39281662322783906
502876251.9233414 0.39240786385685916
503550981.8990872 0.3919996906460659
504225711.874833 0.39159210245581266
504900441.8505788 0.391185098149227
505575171.8263246 0.39077867659220195
506249901.8020704 0.39037283665338907
506935877.27741194 0.38996082779165747
507610607.25315773 0.389556157352754
508285337.22890353 0.3891520651357885
508960067.2046493 0.388748550020409
509634797.1803951 0.38834561088898156
510309527.15614086 0.38794324662658247
510984257.13188666 0.38754145612098984
511658987.10763246 0.38714023826267613
512344962.582974 0.3867329193420944
513019692.5587198 0.3863328529584259
513694422.5344656 0.38593335589120537
514369152.5102114 0.38553442704164914
515043882.4859572 0.38513606531362804
515718612.461703 0.38473826961366103
516393342.4374488 0.38434103885090676
518968561.8448786 0.3828301148717023
519519591.325071 0.38250787772837663
520194321.3008168 0.38211380918881865
520869051.2765626 0.3817202984168416
521543781.25230837 0.38132734434150584
522218511.22805417 0.38093494589444693
522904486.7033957 0.3805365759707755
523579216.6791415 0.38014529480143217
524253946.6548873 0.3797545660529901
524928676.6306331 0.3793643886673523
525603406.6063789 0.37897476158895954
526278136.5821247 0.3785856837647836
526952866.5578705 0.37819715414431915
527638842.03321207 0.3778027099348322
528313572.00895786 0.37741528267332675
528988301.98470366 0.3770284004617233
529663031.96044946 0.37664206225957914
530337761.93619525 0.37625626702893866
531012491.91194105 0.37587101373432663
531687221.88768685 0.3754863013427408
532361951.86343265 0.3751021288236447
533047927.3387742 0.3747121058137474
533722657.31452 0.37432901891282055
534397387.2902658 0.3739464687904664
535072117.2660116 0.3735644544259823
535746847.2417574 0.3731829748010963
536421577.2175032 0.37280202889996045
537096307.193249 0.37242161570914334
537771037.1689948 0.3720417342176239
538457012.6443363 0.3716560653938317
539131742.6200821 0.3712772530970121
539806472.5958279 0.3708989694641072
540481202.5715737 0.3705212134937069
540998495.5529789 0.370231957303808
541527034.0339797 0.3699367321970689
542201764.0097255 0.36956031724971405
542876493.9854712 0.36918442642899857
543551223.961217 0.3688090587442678
544225953.9369628 0.368434213207212
544900683.9127086 0.36805988883186014
545586659.3880502 0.36767985896609023
546261389.363796 0.36730658261053234
546936119.3395418 0.36693382445643286
547610849.3152876 0.3665615835271472
548285579.2910334 0.3661898588483364
548960309.2667792 0.36581864944796005
