1.0 1.0
2462765.4114721534 0.9813428518826881
3137495.387217949 0.9781984654526273
22817119.67980365 0.9503681940233483
23221957.66525113 0.9496974622600904
24582663.116338484 0.9480556984664947
25257393.092084277 0.9473091271187072
25932123.067830075 0.9454476935745938
26606853.043575868 0.9432922797257334
27292828.518917426 0.9409443108120477
27967558.494663224 0.9393431171185959
28642288.470409017 0.9378135836636657
29069617.45504802 0.9373001374808475
29339509.44534634 0.9360164710543853
29856802.42675145 0.9343022315272632
30531532.402497247 0.9319382588379082
31082561.882689647 0.9305586716492907
31644836.86247781 0.9288267973878045
32319566.838223603 0.9273400766038333
32994296.8139694 0.9253798681198486
33781481.78567283 0.9258039173805102
34456211.761418626 0.9235610433690288
35130941.737164415 0.9209848421768965
35569516.22139919 0.9196592804976557
36008090.70563395 0.9185931431845098
36682820.68137975 0.9164503692655345
37357550.65712554 0.9140297207563143
38032280.63287134 0.9121377067366724
38493346.11629763 0.9106315163819767
38965657.09931969 0.9093498886538831
39640387.075065486 0.9074094555466831
40315117.05081128 0.9052926750279926
40989847.02655707 0.9032304296971851
41664577.00230287 0.9009144683504955
45049472.38062761 0.8988078813236479
45724202.35637341 0.8971321731983012
46398932.332119204 0.8953341431760597
47073662.307865 0.8937628164071836
47759637.78320656 0.8917672365104186
48434367.75895235 0.8893072411200754
49154079.7330812 0.8867712022831944
49603899.71691173 0.8858567441338889
50278629.69265753 0.8845751164005764
50953359.66840332 0.8828436498787637
51594353.145361826 0.881798715028651
52235346.62232033 0.879794266792678
52910076.59806613 0.8781449598125091
53584806.573811926 0.8776259072078725
54270782.049153484 0.8774313134498978
54945512.02489928 0.8750383912384899
55620242.00064507 0.8740795913983634
56294971.97639087 0.8722052121183049
56969701.952136666 0.8707045262465948
57644431.92788246 0.8689922234894466
58319161.90362826 0.8673384313728668
58993891.87937405 0.8652390817265324
59679867.35471561 0.8634626619017786
60748189.81631312 0.8616226346879255
61141782.30216484 0.8601258223509444
61827757.777506396 0.8578526736647755
62502487.753252186 0.8555107189178008
63177217.72899798 0.8540912242105759
64526677.68048958 0.8541340878405131
65212653.155831136 0.8524641390400148
65887383.13157693 0.8500655594425914
66562113.10732272 0.8480199294995734
67236843.08306852 0.8464949321556896
67911573.05881432 0.8443474692278571
68586303.03456011 0.8439599636347996
69261033.01030591 0.8408300009963489
69935762.98605171 0.8393419040903265
70621738.46139327 0.8384365691116537
71195258.94077718 0.8370077983307662
71768779.42016111 0.8350804638573223
72443509.39590691 0.8342121312553437
73118239.37165271 0.8317444397806163
74478944.82274006 0.8305357974541174
75153674.79848586 0.8289293541091046
75828404.77423166 0.8271838205659394
76503134.74997744 0.8258237029480466
77177864.72572324 0.8234079473149108
78538570.17681059 0.8215523240598431
79213300.15255639 0.8190311677236621
79888030.12830219 0.8172118332995548
80562760.10404798 0.8157930011686474
81237490.07979378 0.8142650986776312
81912220.05553958 0.8126677275390538
82350794.53977434 0.8123377642094064
82778123.52441335 0.8107748980400645
83452853.50015914 0.8086428272862194
84127583.47590494 0.806567840086694
84813558.9512465 0.8063601476897441
85488288.92699228 0.8058669355875815
86163018.90273808 0.8042416342787452
86837748.87848388 0.803092929684282
87512478.85422967 0.8025159270765618
88187208.82997547 0.8014333782428539
88873184.30531703 0.7995034444335567
89547914.28106283 0.797289061235038
90222644.25680862 0.7953048980439178
90897374.23255442 0.7934271039434395
92246834.184046 0.790979952360647
92887827.66100451 0.7890968066749942
93517575.63836725 0.7880752658893131
94878281.0894546 0.7823816400550015
95553011.0652004 0.7796261353400492
96227741.0409462 0.7792238491851246
97577200.9924378 0.7794250687114923
98263176.46777935 0.7761750267417425
98937906.44352515 0.7738092701854435
99612636.41927095 0.7726714216591407
100287366.39501673 0.7712605914238965
100962096.37076253 0.7694435505348015
101636826.34650832 0.7674888465390215
102311556.32225412 0.7653827182212639
102986286.29799992 0.7644932341204496
103672261.77334148 0.7627255807012902
104110836.25757624 0.7616535821296824
104549410.741811 0.7601957089289312
105224140.7175568 0.7576598739644965
105898870.6933026 0.755967346578914
106573600.6690484 0.7534849255065166
107248330.6447942 0.7528185769460559
107923060.62054 0.7508565846055655
109283766.07162735 0.751652900188327
109958496.04737315 0.7485671263376672
114018121.40144368 0.7625553493901245
114692851.37718947 0.7612155677865009
115367581.35293527 0.7595181984942502
116042311.32868107 0.7576807706214695
116717041.30442686 0.7572160493270503
117391771.28017265 0.7553507422534271
118066501.25591844 0.7540428153189888
118741231.23166424 0.7525780615079817
119427206.7070058 0.7511583629283104
120776666.6584974 0.7508760032068736
121451396.63424319 0.750045386522104
122126126.60998899 0.7487634020237531
122800856.58573478 0.7473388615374137
123475586.56148058 0.7461766505643016
124150316.53722636 0.744976468832118
124825046.51297216 0.7437761851715396
125511021.98831372 0.7423252435400225
126185751.96405952 0.7408341905226705
126860481.93980531 0.7390261708758136
127422756.91959348 0.7382519241996299
127973786.39978588 0.7373317576948925
128659761.87512743 0.7362794325612366
129334491.85087323 0.7350683437966954
130009221.82661903 0.7333102212878423
130683951.80236483 0.7323224209614658
131100035.28740807 0.7314400213433536
131516118.77245131 0.7305357566806719
132190848.7481971 0.7287843618790447
133540308.69968869 0.728963716366062
134226284.17503026 0.7272272550345512
134901014.15077606 0.7267603421387335
135575744.12652183 0.7254026709588829
136250474.10226762 0.7240711460875664
136925204.07801342 0.7232332920275026
137420006.060227 0.7219738861090169
137914808.0424406 0.7211885794974456
138589538.0181864 0.7201943063057061
139275513.49352795 0.7190859679337215
139950243.46927375 0.7178698333900657
140624973.44501954 0.7169272411980551
141299703.42076534 0.7156139626784419
141974433.39651114 0.7143158214909534
142559199.3754908 0.7133418843134832
143143965.35447052 0.7119698403114391
143818695.33021632 0.710684084217192
145168155.2817079 0.7113573133879085
145842885.2574537 0.7097466397431286
146517615.23319948 0.7087666884041662
147203590.70854104 0.7073041261945578
147878320.68428683 0.706198896842152
148553050.66003263 0.7048968311609565
149227780.63577843 0.7036143879535155
149902510.61152422 0.702524397866848
150577240.58727002 0.7010871155170098
151263216.06261158 0.6997733273241092
151937946.03835738 0.6991121774405741
152612676.01410317 0.6972707231404727
153287405.98984897 0.6961946981415441
153962135.96559477 0.695553986211111
154636865.94134057 0.6944540065050471
155322841.41668212 0.6929840540171145
161237974.2040536 0.6870251425530267
161912704.17979938 0.6858186918279264
162587434.15554518 0.6845569923744284
163262164.13129097 0.6834460036971742
163756966.11350456 0.6826893407963766
164263013.5953139 0.6814840113566838
164859025.07388937 0.6805013587430355
165455036.5524648 0.6797035141351928
166129766.5282106 0.678725295688539
166804496.5039564 0.6775092121142996
167479226.4797022 0.6763186632364742
168153956.455448 0.6749279651430529
168839931.93078956 0.6737254389116596
169514661.90653536 0.6728969628588721
170864121.85802695 0.6723031919603324
171538851.83377275 0.6722364245874571
172213581.80951855 0.6709003636155324
172888311.78526434 0.6696954419102943
173574287.2606059 0.6683321133444281
174249017.2363517 0.6672579741408381
174923747.2120975 0.6657199800915927
175598477.18784326 0.6648973652972673
176273207.16358906 0.6632314938935061
176947937.13933486 0.6624370641060832
177633912.61467642 0.6612946794791722
178308642.5904222 0.6600167723723394
178702235.07627395 0.6589773420104313
178859672.07061464 0.6588646529574566
179287001.05525362 0.6587663367266753
179972976.53059518 0.6575754820427897
180647706.50634098 0.6562222450351527
181322436.48208678 0.6552547807230455
181997166.45783257 0.6541782460508296
182671896.43357837 0.6532143494621722
184032601.88466573 0.6527406069255149
184707331.86041152 0.6523233363362765
185382061.83615732 0.6513691235661745
186056791.81190312 0.6502218460579599
186731521.78764892 0.6481971637413313
187406251.76339468 0.648068012203597
187799844.24924642 0.6478660791262764
187923544.7447998 0.6472173143412017
188328382.7302473 0.6471152265197434
189003112.7059931 0.6455453778065321
189677842.68173888 0.6444830630534798
190352572.65748468 0.6436649334007842
191027302.63323048 0.6428296277123764
191713278.10857204 0.6418911638865191
192388008.08431783 0.6411193636483777
193062738.06006363 0.6401372716774333
193737468.0358094 0.638849374951204
194412198.0115552 0.6377504655611311
194940736.4925561 0.6373818179318973
195199382.98325863 0.6367677110138692
195615466.46830186 0.6358655360189724
196290196.44404766 0.6346803896905189
198314386.37128505 0.634026782993557
198989116.34703085 0.6329654875870794
199663846.32277665 0.631949604192633
200349821.7981182 0.6310261757652869
200743414.2839699 0.6299508133426757
200934587.7770979 0.6286551695626459
201418144.2597157 0.6284896782245347
202092874.2354615 0.6274963734099536
202778849.71080306 0.6266205485908182
206152499.58953205 0.6235332966844935
206827229.56527784 0.6231100629031795
207513205.0406194 0.6221771545297241
208187935.0163652 0.6209176466776248
208862664.992111 0.6199173083549768
209537394.9678568 0.6191743557052745
210212124.9436026 0.6178815151335443
211572830.39468995 0.6178871215553626
212247560.37043574 0.6176108269543962
212922290.34618154 0.6165447915800831
213597020.32192734 0.615289666930781
214282995.7972689 0.6144310181421387
214957725.7730147 0.6132807335583972
215632455.74876046 0.6122213749166745
216307185.72450626 0.6114060994416949
216891951.70348597 0.6106694667491065
217487963.1820614 0.6098928755737133
218162693.1578072 0.6090716878708554
218848668.63314876 0.6080782811278796
219523398.60889456 0.6071226922305074
220198128.58464035 0.6059924888243914
220602966.57008785 0.605378942549067
220996559.05593956 0.6051798126852651
221682534.5312811 0.6041346739679251
222357264.5070269 0.6031801044223466
223031994.4827727 0.602352647726572
223706724.4585185 0.6002477426278356
225056184.4100101 0.6009353446207457
225730914.38575587 0.5996368976271972
226416889.86109746 0.5985213728493349
227091619.83684322 0.5974439717283552
227766349.81258902 0.5965917448408787
228441079.78833482 0.5954454866844578
229115809.7640806 0.5943511134002123
229790539.7398264 0.5927150579568294
230476515.21516797 0.5921840280038442
231151245.19091377 0.5916356691068975
231825975.16665956 0.5909906249430836
232500705.14240536 0.5901135769049269
233175435.11815116 0.5891411177831215
233850165.09389696 0.5884094289412531
234536140.5692385 0.5872237219700959
235210870.5449843 0.5863327598136165
235885600.5207301 0.5853311473077503
236560330.4964759 0.5843923267064165
236953922.9823276 0.5840162887936395
237358760.96777508 0.5832762412858505
238033490.94352087 0.5822417547642242
239382950.89501247 0.5828932717986204
240057680.87075827 0.58201551021473
240732410.84650406 0.5809838269066225
241418386.32184562 0.5801964815966827
242093116.29759142 0.5790686736591927
242767846.27333722 0.5775620755648232
243442576.249083 0.5767131105947364
244117306.2248288 0.5755592582875451
244792036.2005746 0.5748795052820492
245466766.1763204 0.5740001637088803
246152741.65166196 0.5730814752545886
246827471.62740776 0.5722411237870662
247502201.60315356 0.5713547996752469
248176931.57889935 0.5702064518510411
248851661.55464515 0.5694120730278155
249526391.53039095 0.5682464982037002
250201121.50613675 0.5672966176669789
250887096.9814783 0.5665323096512136
251561826.95722407 0.5656140289365955
252236556.93296987 0.5649307591770663
253586016.88446146 0.5649657738248083
254260746.86020726 0.5643589042872934
254935476.83595306 0.563569061569895
255621452.31129462 0.5625461446621628
256296182.2870404 0.5619474808875384
256970912.2627862 0.5609448490298783
257645642.238532 0.5601245787399814
258320372.2142778 0.559427445836765
258995102.1900236 0.5584576879896455
259512395.1714287 0.557843530102201
260018442.65323806 0.5573002679590043
260693172.62898386 0.5560163976600959
261367902.60472965 0.5550403198506434
262042632.58047545 0.5541506828467989
262717362.55622125 0.5535548222804743
263403338.0315628 0.5525969398533088
264078068.0073086 0.5517373736517055
264752797.9830544 0.5509497225409248
265427527.9588002 0.5501217561614247
266102257.93454596 0.5490112261932606
268137693.36137912 0.5485494100459738
268812423.33712494 0.5478094644770175
269487153.31287074 0.5467375678390234
270161883.28861654 0.5457544565215041
270836613.26436234 0.544831180997188
271353906.2457674 0.5442524454971592
271859953.7275768 0.5431573076977634
272534683.7033226 0.542827803077206
273209413.6790684 0.5417082518668038
273895389.15440995 0.5408719268266022
274570119.1301557 0.540054459750224
275244849.1059015 0.5390311860722345
275919579.0816473 0.5382792631444914
276594309.0573931 0.5375002765004724
277257793.5335431 0.5369096146162923
277932523.5092889 0.5358439869764339
278607253.4850347 0.5351010343267315
279293228.96037626 0.5343705686986652
279686821.44622797 0.5339064590163661
280080413.93207973 0.5335976981445327
280766389.4074213 0.5327263074976109
281441119.3831671 0.5316666940192444
282790579.3346587 0.5318519607341402
283465309.3104044 0.5307357733799605
284140039.2861502 0.5298540873023629
284826014.7614918 0.528951300695346
285500744.7372376 0.5278646744649009
286175474.71298337 0.5271997020264915
286850204.68872917 0.5263628163435861
287524934.66447496 0.5254556975031883
288210910.1398165 0.524755863325286
288885640.1155623 0.5239226982688603
289560370.0913081 0.522976130613726
290235100.0670539 0.522195665908823
290909830.0427997 0.5211876824706854
291584560.0185455 0.5206437577459523
292259289.9942913 0.5200155838112688
292945265.46963286 0.5193210502444274
293619995.44537866 0.5185654576611867
294294725.42112446 0.5171024367445758
294969455.39687026 0.516546687569305
295644185.37261605 0.5158439992095113
296318915.34836185 0.5151875893021621
298747943.2610467 0.5154972166164965
299141535.7468984 0.5152326445361074
301176971.17373157 0.5146845404794579
301851701.14947736 0.5139089176853983
302526431.12522316 0.5130414005617232
303201161.10096896 0.5122878976447017
303875891.07671475 0.5118376001429363
304550621.05246055 0.5109605521047798
305225351.02820635 0.509927900413251
305911326.5035479 0.5095159814081435
306586056.4792937 0.5087644662221616
307260786.4550395 0.5077517428073162
307935516.4307853 0.5069061926592148
308610246.4065311 0.5060575844630387
309296221.88187265 0.5051992414825441
309970951.85761845 0.5045015989008212
310645681.83336425 0.5039289794964201
311320411.80911005 0.5032630896419181
311995141.78485584 0.5024277329856597
312669871.76060164 0.5013880477850202
313693212.2238161 0.501231577684972
314379187.69915766 0.5011109886767322
315053917.67490345 0.5002945409474508
315728647.65064925 0.49957569590269485
316403377.62639505 0.4989909972105904
317078107.60214084 0.4982715405563239
317752837.57788664 0.4973815977511165
318427567.55363244 0.49654145015343093
319102297.52937824 0.49589818985082007
319788273.0047198 0.49529432739405116
320463002.9804656 0.49464046585940175
321137732.9562114 0.4938432838299641
321812462.9319572 0.49309671248739567
322487192.907703 0.4923355134839023
323161922.8834488 0.49140255414311823
323836652.8591945 0.4910379839074901
324522628.3345361 0.4900548216189888
325197358.3102819 0.4890334337363378
325872088.28602767 0.488566266005442
326265680.77187943 0.4880552152917716
326659273.25773114 0.4878374823060089
327334003.23347694 0.48716073638282475
328019978.7088185 0.48647038214737803
329369438.6603101 0.48606452826952545
330044168.6360559 0.4858168773855954
330718898.6118017 0.4852726468558462
331393628.5875475 0.48462765365936095
332068358.5632933 0.4836381204391102
332754334.03863484 0.4828280946099507
333147926.52448654 0.4825386504089431
333541519.01033825 0.482094570936941
334227494.4856798 0.48144468486437125
334902224.4614256 0.4805531110999472
335576954.4371714 0.47962535044026394
336251684.4129172 0.4789466167855181
336926414.388663 0.4783823050770993
337601144.3644088 0.4775662650880134
338287119.83975035 0.4770215248839329
338961849.81549615 0.4762516104447835
339636579.79124194 0.47566247758411884
340311309.76698774 0.47484766081353214
340986039.74273354 0.4741972650661093
341660769.71847934 0.4733677696677909
342335499.69422513 0.4728321526385183
343010229.6699709 0.4721123901797574
343696205.1453125 0.471431413957328
345720395.0725498 0.4710760178638365
346395125.0482956 0.4704422884762291
347069855.0240414 0.46929842578895614
347744584.9997872 0.4685181649559776
348273123.4807881 0.4678991651639525
348801661.96178895 0.4674348006429222
351916665.3498154 0.46449188858057006
352591395.3255612 0.4638622875565066
353266125.30130696 0.46281047210083526
353940855.27705276 0.46199412630673314
354615585.25279856 0.46107059594577327
355290315.22854435 0.4604978236393859
355976290.7038859 0.45981801966812696
358675210.6068691 0.49302530707716713
359349940.5826149 0.49215641383248476
360024670.5583607 0.49100964600016705
360710646.03370225 0.4899966677481559
361385376.00944805 0.48883506838507645
362060105.98519385 0.48843160997793744
362734835.96093965 0.48752133115637325
363409565.93668544 0.4866831203223987
364084295.91243124 0.48585510297974516
364759025.88817704 0.48521148590478924
365433755.86392283 0.484646715489368
366119731.3392644 0.48360626577670995
366794461.3150102 0.482228666321742
367469191.290756 0.4815127773898813
368143921.2665018 0.4806810394228356
368818651.2422476 0.47997320334926985
369504626.71758914 0.47933233851685053
370179356.69333494 0.4786162457151531
370854086.66908073 0.4777127965328626
371528816.64482653 0.47714058486865707
372203546.6205723 0.4764727072831152
372878276.5963181 0.475540155682005
373564252.0716597 0.4744224902685071
374126527.0514478 0.47380456079299504
374632574.5332572 0.4728851078287723
375251077.0110242 0.47232018451084296
375937052.48636574 0.471651593381133
376611782.46211153 0.4709502811423467
377286512.43785733 0.4702872964328894
377961242.4136031 0.46924327899834734
378635972.3893489 0.4687655100354133
379310702.3650947 0.46793005144397537
379985432.3408405 0.46689485138026876
380671407.8161821 0.4660787604228103
381346137.7919279 0.4652478379356339
382020867.7676737 0.4643199243729207
382695597.74341947 0.46341448746011227
383291609.2219949 0.4630581739526159
383876375.2009746 0.4623201651431954
384551105.1767204 0.461667883600434
385225835.1524662 0.46107589656153153
385900565.128212 0.46049216625128264
386575295.1039578 0.4596633334292817
387070097.0861713 0.45887313394162593
387576144.5679807 0.4582038292672261
388250874.5437265 0.45732754574108814
388925604.5194723 0.4564541163926662
389611579.99481386 0.45558578379016573
390230082.47258085 0.4552456779344385
390803602.95196474 0.4545590443239058
391444596.42892325 0.45384402183872136
392119326.40466905 0.4533332259622164
392794056.38041484 0.45280474437775575
393468786.35616064 0.4518160776041811
394154761.8315022 0.45118117596435936
394829491.807248 0.45055024978713915
395504221.7829938 0.449753016789851
396178951.7587396 0.4487059922756067
396853681.7344854 0.44838744565525746
397528411.7102312 0.44761059964165484
398214387.18557274 0.44695668714019865
398889117.16131854 0.4462841205484091
399563847.13706434 0.4456917257698329
400238577.11281013 0.444848774962282
400913307.08855593 0.44410332490355525
401588037.0643017 0.44322556332123064
402262767.0400475 0.44228444918645043
402948742.5153891 0.44161509354472184
403623472.4911349 0.4410109762507873
404298202.4668807 0.4399469286049046
404972932.4426265 0.43948602987110075
405647662.4183723 0.4388424637634736
406322392.3941181 0.4382139840237738
406997122.36986387 0.4370024365506644
407683097.8452054 0.4362764560621404
408357827.8209512 0.4355269795740053
409032557.79669696 0.4346191471904834
409707287.77244276 0.4340799624398486
410382017.74818856 0.4337033129159953
410843083.2316149 0.4332944009905899
411304148.71504116 0.43276673488547657
411990124.1903827 0.43237239965366736
412664854.1661285 0.43171364524293343
413339584.1418743 0.43060179012056876
414014314.1176201 0.4297835075627556
414700289.59296167 0.4291225105843381
415375019.56870747 0.428457538143841
416049749.54445326 0.4278028101630374
416724479.52019906 0.4274266703135152
417399209.49594486 0.4273870685978363
422808294.801507 0.44559544823950786
423494270.27684855 0.4446199310701496
424169000.25259435 0.44376306614584177
424843730.22834015 0.4431828016228194
425518460.20408595 0.4424736913629039
426193190.17983174 0.44156448285785266
426867920.15557754 0.44042632852601166
427553895.6309191 0.4396138562588098
428228625.6066649 0.43885974173227765
428903355.5824107 0.4382676017908671
429578085.5581565 0.437530051688449
430252815.5339023 0.4367055001335439
430927545.509648 0.4360767145893497
431602275.4853938 0.4354179092112871
432288250.9607354 0.43470074609255466
432962980.9364812 0.4338458688992867
433637710.912227 0.43315174307211907
434312440.8879728 0.4323645506646875
434987170.86371857 0.43148765552903895
435661900.83946437 0.43084582231528595
436336630.81521016 0.43000404375890555
437011360.79095596 0.42925385372660246
437697336.2662975 0.4284070293916294
438372066.2420433 0.4275877274846318
439046796.2177891 0.42696671447790263
439721526.1935349 0.426243690101752
440407501.66887647 0.42541952080233436
441082231.64462227 0.42480574517507447
441756961.62036806 0.4238881015557191
442431691.59611386 0.42344924624796015
443106421.57185966 0.4224530108062356
443781151.54760545 0.421719843905571
444455881.52335125 0.42087740277235125
445130611.49909705 0.4202252231642473
445816586.9744386 0.41951315679143636
446491316.9501844 0.4188185722572663
447166046.9259302 0.4180826785972075
447840776.901676 0.41724928418832447
448515506.8774218 0.4165369120104972
449190236.8531676 0.4158225521021521
449864966.8289134 0.41519486235813535
450550942.30425495 0.4144502532629423
451225672.28000075 0.41376486835509524
451900402.25574654 0.4128153445901971
452575132.23149234 0.4120566939594034
453249862.20723814 0.411579409187658
453924592.18298393 0.411048481165155
454599322.15872973 0.4102183996404685
455274052.1344755 0.4096893574138259
455960027.6098171 0.40888238963221923
456634757.5855629 0.4082015663122979
457309487.5613087 0.4072949571477971
457984217.5370545 0.40654836032104236
458377810.0229062 0.4061335361708901
458771402.5087579 0.40552060150612007
459457377.98409945 0.40482670503297563
460132107.95984524 0.40431555238412575
460806837.93559104 0.40349877336668555
461481567.91133684 0.4028293922412926
462167543.3866784 0.40204125693566983
462842273.3624242 0.4014749574962112
463517003.33817 0.40097410027438357
464191733.3139158 0.4001551296560667
464866463.2896616 0.3998616590261727
465541193.2654074 0.39898351518731684
466215923.2411532 0.3982944351387419
466901898.71649474 0.39771539383474075
467576628.69224054 0.3970932850273122
468251358.66798633 0.3963625900483542
468926088.64373213 0.39573739771023037
469600818.6194779 0.3949286970347494
470275548.59522367 0.394190051132154
470961524.0705652 0.3934185057343097
471636254.046311 0.3927267753778556
472310984.0220568 0.39193609169953303
472985713.9978026 0.39164257010178843
473660443.9735484 0.39079383448729055
474335173.9492942 0.39028092346142396
475009903.92504 0.3895888108489606
475684633.9007858 0.38878854528830575
476370609.37612736 0.3882176078099282
477045339.35187316 0.38773759627931054
477438931.83772486 0.38746334038140984
477630105.33085287 0.38717430392007607
478113661.81347066 0.3867271918841854
478788391.78921646 0.38584244775955706
479463121.76496226 0.385253493284543
480149097.2403038 0.38451772704332793
480823827.2160496 0.3836467441329483
481498557.1917954 0.38319152827091213
482173287.1675412 0.3822648634114063
482848017.143287 0.3813935746960104
483500256.1198413 0.3811026524388162
484141249.5967998 0.3803992250506682
484827225.07214135 0.38020401968161716
485501955.04788715 0.3793017427510191
486030493.52888805 0.3787458151895758
486401595.0155482 0.37841388961150907
486907642.49735755 0.3779899168023626
487593617.9726991 0.37729125487145543
488268347.9484449 0.3764091355710417
488943077.9241907 0.3758756336916527
489617807.8999365 0.37501227041622986
490292537.8756823 0.3743392960847666
490967267.8514281 0.37385383103588254
491641997.8271739 0.37312349282874757
492327973.30251545 0.3726734501641479
493002703.27826124 0.37193042105979907
493677433.25400704 0.371139915767649
494352163.22975284 0.370323289652195
495026893.20549864 0.3697159614081995
495701623.18124443 0.3690574618351531
496376353.15699023 0.3684480439254603
497062328.6323318 0.3681916011543592
497737058.6080776 0.36763750842144766
498411788.5838234 0.36713208961221605
499086518.5595692 0.36658044331734674
499761248.535315 0.3662578702681111
500435978.5110608 0.365810223073703
501110708.4868066 0.3648493080816052
501785438.46255237 0.3643979657464693
502471413.9378939 0.3637711424491288
503146143.9136397 0.36315492038382663
503820873.8893855 0.36221421398924203
504495603.86513126 0.3613015142132999
505170333.84087706 0.3611398709163371
505845063.81662285 0.36091602183546867
506519793.79236865 0.3606906692142272
507205769.2677102 0.3602649889948709
507880499.243456 0.3596817428758108
508555229.2192018 0.35908307909962073
509229959.1949476 0.3588100973880699
509904689.1706934 0.35796668787299457
510579419.1464392 0.3574743931843149
510995502.6314824 0.3569888771681022
511422831.6161215 0.3565917132422413
512097561.59186727 0.356274517259757
512772291.56761307 0.3556932079033642
513447021.54335886 0.3551987980653228
514121751.51910466 0.35492757473131054
514796481.49485046 0.3542837792701822
515482456.970192 0.3538875837261769
516157186.9459378 0.35343483978584733
516831916.9216836 0.35297330395886867
517506646.8974294 0.3526135246641457
518181376.87317514 0.3520484994115589
518856106.84892094 0.3515812552291482
519530836.82466674 0.3508830010379147
520205566.80041254 0.3505504893340018
520891542.2757541 0.3499454291418761
521566272.2514999 0.3498772601653729
522241002.2272457 0.34945112123849226
522915732.2029915 0.34892753253011605
523590462.1787373 0.3485406640312775
524265192.1544831 0.3478984485609932
524951167.62982464 0.347488619221583
525625897.60557044 0.3468605217378925
526300627.58131623 0.34624896319465176
526975357.55706203 0.3456440559050342
527650087.5328078 0.34533776695908264
528324817.5085536 0.3447000621093956
529010792.9838952 0.34415967962288213
529685522.959641 0.3436250564596513
530360252.9353868 0.3429252732449024
531034982.9111326 0.3426130975568244
531709712.8868784 0.34201027993290417
532384442.86262417 0.34145942363371795
533059172.83836997 0.3409513800002716
533745148.3137115 0.34037588093449006
534419878.2894573 0.3397833332539277
535094608.2652031 0.33932556901919175
535769338.2409489 0.33892453156643065
536444068.2166947 0.3383976554564785
537118798.1924405 0.33809297198555743
537804773.6677821 0.33749145403165143
538479503.6435279 0.33685550755950294
539154233.6192737 0.33625903538418955
539828963.5950195 0.33586857367928064
540503693.5707653 0.3354469453729971
541178423.546511 0.33488064593353845
541853153.5222569 0.3343264512659695
