1.0 0.99999999756474
3238704.8835798185 0.9901387178461069
4441973.340326487 0.986562221745949
5116703.316072282 0.9845870965406619
23210712.165655363 0.9362319708252765
23885442.14140116 0.934544746380638
25920877.56823431 0.9294930275632448
26314470.054086026 0.928522602222406
26708062.53993774 0.9275542120567845
27382792.515683535 0.925898796043301
28451114.97728104 0.9232896214495714
29125844.95302684 0.9216491068089987
29811820.428368397 0.9199870123549566
32510740.33135158 0.91350252854471
33185470.307097375 0.9118947431465468
33860200.28284317 0.9102921639381817
35220905.73393053 0.9070758911118952
35895635.70967632 0.9054886642328811
37245095.66116791 0.9023290962771546
37919825.63691371 0.9007566537185859
38358400.121148475 0.8997371587873931
38796974.60538324 0.8987196913673892
39482950.0807248 0.8971323036692636
40157680.056470595 0.895575701851885
40832410.03221639 0.894023780164617
42856599.95945378 0.8893956810598103
43531329.93519957 0.8878620709868646
43936167.92064705 0.8869440583702948
44329760.40649877 0.8860530852574242
45679220.357990354 0.8830097426055616
47028680.30948195 0.8799838746226396
47703410.28522774 0.8784774101341749
48389385.7605693 0.8769502151695885
49064115.736315094 0.8754523300445021
51088305.663552485 0.8709838034467923
53517333.57623734 0.8656704619618192
53922171.561684825 0.8647900073059938
54596901.53743062 0.8633257859150127
55271631.51317641 0.861865546215811
55946361.48892221 0.8604092631529283
57093402.44769006 0.8579425930954865
57565713.43071212 0.856930180785249
58915173.38220371 0.8540480094712168
59589903.3579495 0.8526126789528674
60950608.80903686 0.8497296531538877
62300068.76052845 0.8468855703066279
62974798.73627424 0.845469121117826
63649528.71202004 0.8440563726723835
65010234.163107395 0.8412185051583769
65684964.13885319 0.8398167997803262
67034424.09034478 0.8370242349971155
68395129.54143214 0.8342229144125599
69744589.49292372 0.8314589935535833
70419319.46866952 0.8300823093240138
71094049.44441532 0.8287091192600159
71780024.91975687 0.8273166069857694
72454754.89550267 0.8259504114463454
75153674.79848586 0.8205198950637224
76503134.74997744 0.8178249699425094
77773876.20429869 0.8152994898909286
78358642.18327838 0.8141412822326481
79033372.15902418 0.8128079728433611
82418267.53734893 0.8061685631336875
83767727.4888405 0.8035443016681573
84442457.4645863 0.8022369630276125
85128432.93992786 0.8009110916497855
86477892.89141946 0.7983123477065229
89727842.27459504 0.7921049898121846
91628331.70627902 0.7885082196758252
94338497.10885797 0.7834207368431944
95687957.06034957 0.7809055914547077
97419763.9980971 0.7776951967325534
98105739.47343867 0.7764289080995938
101490634.85176341 0.7702245516890786
102165364.8275092 0.7689964814151047
102840094.80325499 0.7677712704235975
103514824.77900079 0.7665489079626263
106618582.66743144 0.7609624293873762
107304558.142773 0.7597357372318106
107979288.1185188 0.7585319573846575
108654018.0942646 0.7573309467568236
109328748.0700104 0.7561326952576651
110003478.04575619 0.7549371928676668
110678208.02150199 0.7537444296373781
111364183.49684355 0.7525345848542708
112038913.47258934 0.7513473156118254
113388373.42408094 0.748980896127485
114063103.39982672 0.7478017265941705
114737833.37557252 0.7466252377800471
115412563.35131831 0.7454514201993936
116098538.82665987 0.7442607676640853
116773268.80240567 0.7430923084704292
117447998.77815147 0.7419264922695177
118122728.75389726 0.7407633098211199
118797458.72964306 0.7396027519440673
119472188.70538886 0.73844480951547
120146918.68113466 0.737289473469949
120821648.65688045 0.7361367347988903
121507624.13222201 0.7349674372578278
122182354.1079678 0.7338199094502672
122857084.08371359 0.732674952177743
123531814.05945939 0.7315325566524198
124206544.03520519 0.7303927141397072
125567249.48629254 0.7281017622021104
126241979.46203834 0.7269695688886645
126916709.43778414 0.7258398940272673
127591439.41352993 0.724712729140794
128266169.38927573 0.7235880658016096
128940899.36502151 0.7224658956309912
129626874.84036307 0.7213275698812132
130301604.81610887 0.720210402310392
130976334.79185466 0.7190957029229448
131651064.76760046 0.7179834635309932
132325794.74334626 0.7168736759928299
133000524.71909206 0.7157663322124037
133675254.69483785 0.7146614241388151
134349984.67058364 0.7135589437658197
135035960.1459252 0.712440569242842
135710690.121671 0.7113429605586727
136385420.0974168 0.7102477556886039
137746125.54850414 0.7080463726172533
138420855.52424994 0.7069583719769194
139095585.49999574 0.705872743947994
139770315.47574154 0.7047894808660982
140445045.45148733 0.7037085751074342
141119775.42723313 0.7026300190883747
141794505.40297893 0.7015538052650587
142356780.38276708 0.7006587441743045
142919055.36255524 0.6997653000740478
143605030.8378968 0.698677481746518
144279760.8136426 0.6976098305830469
144954490.7893884 0.696544486802552
145629220.7651342 0.6954814430798408
146303950.74087998 0.694420692126962
146978680.71662578 0.6933622266928506
147664656.19196734 0.6922884557055176
148339386.16771314 0.6912345774930483
149014116.14345893 0.6901829631452854
150363576.09495053 0.6880864976536791
151038306.07069632 0.6870416324024133
151713036.04644212 0.6859990028003714
152399011.52178368 0.6849412807071115
153073741.49752948 0.6839031385056834
153748471.47327527 0.6828672110379364
154423201.44902107 0.6818334914379129
155097931.42476687 0.6808019728727096
155772661.40051267 0.6797726485421908
156346181.87989658 0.6788994430223553
156694792.36736524 0.6783694415784478
157155857.85079154 0.6776693648640453
157830587.82653734 0.6766466912862429
158505317.80228314 0.6756261847319123
159180047.7780289 0.6746078385621683
159854777.7537747 0.6735916461692478
160540753.22911626 0.6725607183772666
161215483.20486206 0.6715488494601831
162564943.15635365 0.6695315072288023
163239673.13209945 0.6685260209737403
163914403.10784525 0.6675226493814556
164589133.08359104 0.6665213860555127
167974028.4619158 0.6615299755172047
168648758.4376616 0.6605412635365607
169042350.9235133 0.6599654685327885
169188542.41825822 0.6597517804667433
169604625.90330145 0.6591441202582257
170279355.87904724 0.6581603861878034
170954085.85479304 0.6571787014477397
171628815.83053884 0.6561990599348904
172303545.80628464 0.6552214555730135
172978275.78203043 0.6542458823125695
173653005.75777623 0.653272334130526
174338981.2331178 0.6522846299505565
175013711.2088636 0.6513151474626803
175688441.18460938 0.6503476720423448
176363171.16035518 0.6493821977710438
177037901.13610098 0.6484187187558241
177600176.11588913 0.6476173394964964
178162451.0956773 0.6468173383742927
178837181.07142308 0.6458591514243337
179511911.04716888 0.6449029383386533
180197886.52251044 0.6439328058991637
180872616.49825624 0.6429805558953497
181547346.47400203 0.6420302624057777
181940938.95985377 0.641476825797298
182334531.44570547 0.6409240518780865
183009261.42145127 0.6399779779718354
183695236.89679283 0.639018123406166
184369966.87253863 0.6380759531173658
185044696.84828442 0.637135710043303
185719426.82403022 0.6361973886042599
186394156.79977602 0.6352609832437233
187068886.77552179 0.6343264884282322
188429592.22660914 0.632447712971197
189104322.20235494 0.6315189483401471
189779052.17810073 0.6305920722572471
190453782.15384653 0.6296670793023991
191128512.12959233 0.6287439640776601
191803242.10533813 0.6278227212070993
192477972.08108392 0.626903345336656
193073983.5596594 0.6260927787020267
193658749.53863907 0.6252989140059486
194344725.01398063 0.6243694228021531
195019454.98972642 0.6234570316075739
195694184.96547222 0.622546482188382
196368914.94121802 0.621637769313952
197043644.91696382 0.6207308877746095
197718374.8927096 0.6198258323815024
198404350.36805117 0.6189075594579382
199079080.34379697 0.6180061710937316
200428540.29528856 0.6162088211129418
201103270.27103436 0.6153128493035355
201778000.24678013 0.6144186728530964
202452730.22252592 0.6135262867153166
203138705.69786748 0.6126208576129849
203813435.67361328 0.611732066669794
204488165.64935908 0.6108450509358543
205162895.62510487 0.60995980544377
205837625.60085067 0.6090763252454983
206512355.57659647 0.6081946054122372
207187085.55234227 0.6073146410343107
207861815.52808806 0.6064364272210572
208547791.00342962 0.6055453660609472
209222520.97917542 0.6046706677535523
209897250.95492122 0.6037977053714164
210571980.930667 0.6029264740991473
211246710.9064128 0.6020569691398208
211921440.8821586 0.6011891857148753
213057236.34133068 0.5997322917958772
213507056.32516122 0.5991566439211874
214181786.30090702 0.5982945930550755
214856516.2766528 0.597434243147715
215520000.75280285 0.5965898865361223
216183485.22895288 0.5957471656946388
216858215.20469868 0.5948918344843201
217544190.68004024 0.5940239725138315
218218920.65578604 0.5931720295974888
218893650.63153183 0.5923217598876072
219568380.6072776 0.5914731588066385
220243110.5830234 0.5906262217941699
220917840.5587692 0.5897809443068289
221592570.534515 0.5889373218181918
222278546.00985655 0.5880813309097321
222953275.98560235 0.5872410323018665
223628005.96134815 0.586402375139743
224302735.93709394 0.5855653549640928
225652195.88858554 0.5838962078175155
226338171.3639271 0.5830502168114071
227012901.3396729 0.5822197272689396
227687631.3154187 0.5813908525894285
228362361.2911645 0.5805635884115258
229037091.26691028 0.5797379303898574
229711821.24265608 0.5789138741949392
230397796.71799764 0.5780777213783831
231072526.69374344 0.5772568824289194
231747256.66948923 0.5764376323410251
232343268.14806467 0.5757152796426924
232950525.1262359 0.5749805662525044
233625255.1019817 0.5741657160807092
234974715.0534733 0.5725407299325601
235649445.02921906 0.5717305855546928
236335420.50456062 0.5709085381907231
237010150.48030642 0.5701015359923154
238359610.431798 0.5684921829871853
239034340.4075438 0.5676898239293249
239709070.3832896 0.5668890043584305
240395045.85863116 0.5660764117678349
241744505.81012276 0.5644824842422134
242419235.78586856 0.5636878072293775
243093965.76161435 0.5628946493374816
243768695.73736015 0.5621030065501181
244454671.2127017 0.5612997187833411
245129401.1884475 0.5605111192974772
245804131.1641933 0.559724022885823
246478861.1399391 0.558938425588647
247153591.1156849 0.5581543234601546
247828321.0914307 0.5573717125684199
249189026.54251805 0.5557979673794484
249863756.51826385 0.555019831369948
250538486.49400964 0.5542431709423415
251213216.4697554 0.5534679822332675
251887946.4455012 0.5526942613928347
253248651.89658856 0.5511383737247977
255722661.8076565 0.548324639575405
256397391.7834023 0.5475606311333355
257072121.7591481 0.5467980614223452
257746851.7348939 0.5460369267068321
258421581.7106397 0.5452772232640551
258927629.19244903 0.5447083827224659
261469112.1010915 0.5418636274210962
262143842.0768373 0.5411117534896507
262829817.55217886 0.5403487910076173
263504547.52792466 0.5395997514599227
264179277.50367045 0.5388521119322258
264854007.47941625 0.5381058688214276
265528737.45516205 0.5373610185366752
266203467.43090785 0.5366175574993044
266889442.9062494 0.5358631259397129
267564172.8819952 0.5351224557149885
268238902.857741 0.534383164015296
268913632.8334868 0.5336452473103738
269588362.8092326 0.5329087020818731
270263092.7849784 0.5321735248233043
270937822.7607242 0.5314397120399819
271623798.23606575 0.5306950642299665
272298528.21181154 0.529963992556046
272973258.18755734 0.5292342748860549
273647988.16330314 0.5285059077721923
274322718.13904893 0.5277788877781968
274997448.11479473 0.5270532114792975
275672178.0905405 0.5263288754621606
276358153.5658821 0.5255938376462347
277032883.5416279 0.524872194194278
277707613.5173737 0.5241518807959756
278382343.4931195 0.5234328940834264
279057073.4688653 0.5227152306999135
279731803.4446111 0.5219988872998567
280406533.42035687 0.5212838605487619
281092508.8956984 0.5205582630073189
281767238.8714442 0.5198458814003203
282441968.84718996 0.519134806449904
283116698.82293576 0.5184250348656196
283802674.2982773 0.5177047665055566
284477404.2740231 0.516997613411514
285152134.2497689 0.5162917538229232
285826864.2255147 0.5155871844926097
286501594.2012605 0.5148839021840546
287176324.1770063 0.5141819036713505
287862299.65234786 0.5134695179380468
288537029.62809366 0.5127700986440369
289211759.60383946 0.5120719534782098
289886489.57958525 0.5113750792568179
290561219.55533105 0.5106794728064955
291235949.53107685 0.5099851309642165
291910679.50682265 0.5092920505772492
292585409.48256844 0.5086002285031115
293271384.95791 0.5078981627776753
293946114.9336558 0.5072088687837824
295295574.8851474 0.5058340243782578
295970304.8608932 0.5051484677731652
297319764.8123848 0.5037810703496624
297994494.7881306 0.5030992233976112
298680470.26347214 0.5024072736779347
299355200.23921794 0.5017279049821991
300029930.21496373 0.501049760595274
300704660.19070953 0.5003728374946673
301379390.1664553 0.49969713266758575
302177820.6377545 0.4988991182787763
302852550.6135003 0.49822606292576926
303527280.5892461 0.4975542163196861
304202010.5649919 0.4968835754878749
304887986.04033345 0.49620299034047927
305562716.01607925 0.4955347721498399
306237445.99182504 0.4948677508233218
306912175.96757084 0.4942019234261633
307586905.94331664 0.4935372870329381
308261635.91906244 0.4928738387275163
308936365.89480823 0.49221157560302703
309611095.87055403 0.4915504947618205
310971801.3216414 0.4902208995870232
312321261.273133 0.48890700682528604
313670721.2246246 0.4875977856108046
314345451.2003704 0.4869449197319598
315706156.6514577 0.4856318305894697
316380886.6272035 0.4849824536240143
317055616.6029493 0.4843342275724366
317730346.5786951 0.4836871496451328
318405076.5544409 0.4830412170612418
319079806.5301867 0.48239642704861113
319754536.5059325 0.4817527768437613
320834104.4671258 0.4807253004433231
321913672.42831904 0.4797007236631981
323263132.37981063 0.4784240632492558
323937862.3555564 0.477787418696037
324612592.3313022 0.47715189430644206
325287322.307048 0.47651748738681077
326648027.7581354 0.47524148829758905
327322757.7338812 0.4746104361774049
327997487.709627 0.47398049079153537
329346947.66111857 0.47272390962270583
330021677.63686436 0.47209726856018125
330696407.61261016 0.47147172367277823
331382383.0879517 0.47083687406879016
332731843.03944325 0.46959127791195676
333406573.01518905 0.46897010968461994
334081302.99093485 0.46835002457232394
335430762.94242644 0.4671130933834545
336116738.417768 0.46648597041486434
336791468.3935138 0.4658702099075359
337466198.3692596 0.4652555196549929
338815658.3207512 0.4640293397621725
339490388.296497 0.46341784506520806
340176363.77183855 0.46279724556778723
340851093.74758434 0.4621878862503956
342200553.69907594 0.46097233038922264
342875283.67482173 0.4603661288655161
349228990.946428 0.45470877425032613
349903720.9221738 0.4541133653724147
350578450.8979196 0.453518978747756
351253180.8736654 0.4529256119818654
351927910.8494112 0.4523332626874552
352602640.825157 0.4517419284844072
353277370.8009028 0.4511516069997454
353963346.27624434 0.4505524825618946
354638076.25199014 0.44996419620346406
355312806.2277359 0.44937691544794045
355987536.2034817 0.4487906379507653
356662266.1792275 0.44820536137438727
357336996.15497327 0.44762108338823725
358011726.13071907 0.4470378016687014
358686456.10646486 0.4464555138990945
359372431.5818064 0.445864537889081
360047161.5575522 0.4452842475663464
360721891.533298 0.44470494424659174
361396621.5090438 0.44412662564070315
362071351.4847896 0.44354928946636707
362746081.4605354 0.44297293344804384
363432056.93587697 0.4423879739534108
364106786.91162276 0.4418135876887599
364781516.88736856 0.44124017475636584
365456246.86311436 0.4406677329076466
366130976.83886015 0.44009625990066925
366805706.81460595 0.439525753500125
367491682.2899475 0.4389467272680152
368166412.2656933 0.4383781634179219
368841142.2414391 0.4378105594709646
369515872.2171849 0.437243913218195
370190602.1929307 0.43667822245716775
370865332.1686765 0.43611348499191493
371540062.1444223 0.4355496986329235
372226037.61976385 0.4349774886002632
372900767.59550965 0.43441561367165693
373575497.57125545 0.43385468328314314
374250227.54700124 0.4332946952708954
374924957.52274704 0.4327356474774231
375599687.49849284 0.4321775377515481
376274417.47423863 0.4316203639483831
376960392.9495802 0.43105486116139535
377635122.925326 0.43049956830352887
378309852.9010718 0.4299452049358351
378984582.8768176 0.4293917689384596
379659312.8525634 0.4288392581977237
380334042.8283092 0.4282876706061021
381008772.804055 0.4277370040621998
381683502.7798008 0.42718725647072997
382369478.25514233 0.4266292863196853
383044208.2308881 0.42608138560026493
383718938.2066339 0.4255343975492798
384393668.18237966 0.42498832009575677
385068398.15812546 0.4244431511747205
385743128.13387126 0.42389888872717263
386429103.6092128 0.42334648238373535
387103833.5849586 0.4228040417522128
387778563.5607044 0.4222625014188572
388453293.5364502 0.42172185934845985
389128023.512196 0.42118211351168056
392512918.89052075 0.41848784312813025
393187648.86626655 0.41795344712243043
393862378.84201235 0.4174199332744552
394537108.81775814 0.41688729960116416
395223084.2930997 0.416346688962978
395897814.2688455 0.41581582429972985
396403861.7506549 0.4154182496209697
396921154.73205996 0.4150123473535911
397595884.70780575 0.41448367908852146
398270614.68355155 0.41395588012747453
398945344.65929735 0.4134289485241727
399631320.1346389 0.4128941218890945
400306050.1103847 0.41236893355963655
400980780.0861305 0.41184460675020823
401655510.0618763 0.41132113953671295
402330240.0376221 0.4107985300005281
403004970.0133679 0.4102767762284847
403679699.9891137 0.4097558763128492
404365675.46445525 0.40922716809241133
405040405.44020104 0.4087079843396136
405715135.41594684 0.4081896487209608
406389865.39169264 0.4076721593503573
406963385.8710765 0.407232957342917
407525660.8508647 0.40680295825825696
408200390.8266105 0.4062877303736688
408875120.8023563 0.4057733418359228
409561096.27769786 0.40525123868435375
410235826.25344366 0.4047385371732634
410910556.22918946 0.4042266694102059
411585286.20493525 0.40371563354972245
412260016.18068105 0.4032054277515511
412934746.15642685 0.40269605018060955
413609476.13217264 0.4021874990069768
414295451.6075142 0.4016713172714478
414970181.58326 0.4011644271203857
415644911.5590058 0.40065835787745874
416319641.5347516 0.4001531077332969
416994371.5104974 0.3996486748836026
417669101.4862432 0.3991450575291322
418343831.461989 0.39864225387567925
419029806.93733054 0.3981319024735586
419704536.91307634 0.397630734346621
420379266.88882214 0.39713037453851724
421053996.86456794 0.39663082127509763
421728726.84031373 0.3961320727871621
422403456.8160595 0.39563412731044456
422830785.8006985 0.39531917637814323
423269360.28493327 0.3949962709843689
423944090.26067907 0.3945001524629097
424618820.23642486 0.394004831194472
425293550.21217066 0.3935103054357284
425968280.18791646 0.3930165734481953
426654255.663258 0.392515424532849
427328985.6390038 0.39202328804877234
428003715.6147496 0.3915319401206616
428678445.5904954 0.3910413790293242
429353175.5662412 0.39055160306032877
430039151.04158276 0.39005446725558063
430713881.01732856 0.3895662694209853
431388610.99307436 0.38907885156554867
431950885.9728625 0.38867326461342633
432501915.4530549 0.3882763128256963
433187890.92839646 0.38778287097004915
433862620.90414226 0.38729829856806264
434537350.87988806 0.386814498272972
435212080.85563385 0.3863314684110158
435886810.83137965 0.38584920731303923
436561540.80712545 0.38536771331447905
437247516.282467 0.38487897908823443
437922246.2582128 0.38439902702883855
438596976.2339586 0.3839198370750853
439271706.2097044 0.3834414075806967
439946436.1854502 0.3829637369039089
440621166.161196 0.3824868234074565
441295896.1369418 0.38201066545855766
441981871.61228335 0.38152734440652125
443331331.56377494 0.3805788166360162
444006061.53952074 0.3801056771093467
444680791.51526654 0.3796332850062409
445355521.49101233 0.37916163872057573
446030251.46675813 0.378690736650607
446716226.9420997 0.3782127474906424
447390956.9178455 0.37774334140122495
448065686.8935913 0.3772746747219555
448740416.8693371 0.37680674586853063
449415146.8450829 0.37633955326095214
450764606.7965744 0.37540737048478634
451450582.271916 0.37493463347794026
452125312.24766177 0.3744703822923088
452800042.22340757 0.3740068594906768
453283598.7060254 0.37367511534080233
453778400.688239 0.37333604204621734
454453130.6639848 0.3728742972247186
455127860.6397306 0.3724132754423101
455802590.61547637 0.3719529751590508
457163296.0665637 0.37102689133086153
457838026.0423095 0.37056875828239844
458512756.0180553 0.3701113405894068
459187485.9938011 0.3696546367326671
459862215.9695469 0.36919864519704815
460536945.9452927 0.3687433644714958
461211675.9210385 0.3682887930490181
461897651.39638007 0.36782737102106416
462572381.37212586 0.3673742254589536
463921841.32361746 0.36647004718830145
464596571.29936326 0.36601901150213834
465271301.27510905 0.36556867613698296
465946031.25085485 0.3651190396139747
466620761.22660065 0.3646701004582098
467306736.7019422 0.3642143923651642
467981466.677688 0.36376685509635026
468656196.6534338 0.36332001076932624
469330926.6291796 0.3628738579249505
470005656.6049254 0.3624283951079735
470680386.5806712 0.36198362086702485
471355116.556417 0.36153953375460085
472041092.03175855 0.36108874810432845
472715822.00750434 0.36064604231375436
473390551.98325014 0.3602040193083673
474065281.95899594 0.3597626776560679
475414741.91048753 0.3588820327013424
476089471.88623327 0.35844272655368775
476764201.86197907 0.3580040960686387
477450177.3373206 0.3575588462667565
478124907.3130664 0.3571215740731309
478799637.2888122 0.35668497329031945
479474367.264558 0.35624904251637163
480149097.2403038 0.35581378035304334
480823827.2160496 0.3553791854057844
481498557.1917954 0.3549452562837267
482173287.1675412 0.3545119915996724
482859262.64288276 0.3540721855526028
483533992.61862856 0.35364025661382237
484883452.57012016 0.35277837818990415
485558182.54586595 0.3523484259632278
486232912.52161175 0.3519191299050548
486907642.49735755 0.35149048865360943
488268347.9484449 0.3506280483968365
488943077.9241907 0.35020137426491327
489617807.8999365 0.3497753495058358
490292537.8756823 0.3493499727756548
490967267.8514281 0.348925242733941
491641997.8271739 0.3485011580437727
492316727.8029197 0.34807771737172544
492991457.7786655 0.3476549193878603
493677433.25400704 0.34722573224823006
494352163.22975284 0.34680422632092267
495701623.18124443 0.3459631292418741
496376353.15699023 0.3455435354614639
497051083.132736 0.34512457644038974
498411788.5838234 0.34428160124786367
499086518.5595692 0.3438645491868445
499761248.535315 0.3434481266607726
500435978.5110608 0.3430323323774384
501110708.4868066 0.3426171650479869
501785438.46255237 0.342202623386907
503134898.41404396 0.34137541194447346
503820873.8893855 0.34095586699750635
504495603.86513126 0.3405438255532093
505845063.81662285 0.3397215992074534
506519793.79236865 0.3393114117780368
507194523.76811445 0.33890183983106326
508543983.71960604 0.3380845373643506
509229959.1949476 0.33767001396785695
509904689.1706934 0.3372629015887676
510579419.1464392 0.3368563984245595
515876049.4560437 0.3336863696597125
516562024.9313853 0.333278523350202
517236754.9071311 0.33287796515024776
518586214.85862267 0.33207863528386994
520610404.78586006 0.3308840887808826
521971110.2369474 0.3300840741332833
522645840.2126932 0.32968825943605173
523320570.188439 0.329293031073414
523995300.16418475 0.328898387864249
524670030.13993055 0.32850432863044216
525344760.11567634 0.32811085219687597
526030735.5910179 0.32771141406568244
526705465.5667637 0.3273191093836129
527380195.5425095 0.3269273839749081
528054925.5182553 0.32653623667639464
