1.0 0.99999999800345
5172930.814051099 0.9888618758796339
8299179.701673284 0.981602377129226
9524939.15761148 0.9787214627484565
13584564.511682017 0.9691461665488039
14270539.987023575 0.967529454517537
18318919.84149835 0.9580282987086409
18723757.826945826 0.9570830456072437
19117350.31279754 0.9561650324060379
19792080.288543336 0.9545936207078333
20466810.26428913 0.9530252412815636
21152785.739630688 0.9514339317449186
21827515.715376485 0.9498719530095875
23176975.666868076 0.9467579368075255
23851705.64261387 0.9452060209131996
24526435.618359666 0.943657567625539
25212411.093701225 0.9420868999439084
25887141.069447022 0.9405455518665491
26561871.045192815 0.939007776232085
27236601.020938613 0.9374735990812981
27911330.996684406 0.9359430421907674
28586060.972430203 0.9344161235185976
29260790.948175997 0.9328928576000495
29946766.423517555 0.9313479603016314
30621496.399263352 0.9298320928001992
31071316.383093882 0.9288235581988222
31521136.366924413 0.927816660135286
32195866.34267021 0.9263093833390215
32870596.318416003 0.9248057919573656
33545326.2941618 0.9233058855963416
34220056.269907594 0.9218096622974505
34894786.24565339 0.9203171186937578
35569516.22139919 0.9188282501504484
36356701.19310261 0.917095873954082
37042676.66844417 0.9155902957199274
37717406.64418997 0.9141130828315415
38392136.619935766 0.912639514490465
39066866.595681556 0.9111695812669364
39741596.57142735 0.9097032730756959
40416326.54717315 0.9082405792442599
41642086.00311135 0.9055925625953652
42316815.97885714 0.9041399875289527
45701711.357181884 0.8969065077690653
46376441.332927674 0.8954752102153172
47051171.30867347 0.8940474015381479
47725901.28441927 0.8926230677007401
48400631.260165066 0.8912021945414492
49075361.235910855 0.8897847677942808
49761336.71125242 0.8883472355245954
50436066.68699821 0.8869367153162372
51110796.66274401 0.8855295980331039
52055418.62878812 0.8835653231135672
52730148.60453392 0.8821663135920309
53404878.580279715 0.8807706575693859
54079608.556025505 0.8793783404913552
54754338.5317713 0.8779893478138494
55440314.00711286 0.8765805982575503
55946361.48892221 0.8755435406611101
56452408.97073156 0.8745083304731427
57127138.94647735 0.8731309134414885
57565713.43071212 0.8722373409360563
58004287.914946884 0.8713451414343429
58679017.89069268 0.8699751987696284
59353747.86643848 0.8686084822243144
59747340.35229019 0.8678127150874938
60062214.34097156 0.8671768864009876
60658225.81954701 0.8659752585886995
61344201.29488857 0.8645953281646819
62018931.27063437 0.8632412163706203
62693661.246380165 0.8618902609458493
63368391.22212596 0.8605424480133709
64043121.19787175 0.859197763774094
64717851.17361755 0.8578561945088691
65392581.14936335 0.8565177265802753
66078556.624704905 0.855160116181968
66753286.6004507 0.8538278614738458
67146879.08630241 0.8530521272003877
67540471.57215413 0.8522774317732285
68215201.54789992 0.8509517917994596
68889931.52364571 0.8496291838371212
69575906.99898727 0.8482876271334455
70250636.97473307 0.8469710939581038
70925366.95047887 0.8456575535337248
71600096.92622466 0.8443469930256344
72274826.90197046 0.8430393996891424
72949556.87771626 0.8417347608696533
73624286.85346206 0.8404330640026948
74310262.32880361 0.8391126752392527
74917519.30697483 0.8379463227271527
75536021.7847418 0.8367607905355166
76210751.7604876 0.8354702563780062
76885481.7362334 0.8341826047115004
77560211.7119792 0.8328978234941113
78223696.18812923 0.8316372427917921
78898426.16387501 0.8303581193535787
79573156.13962081 0.8290818309638166
80259131.61496237 0.8277871653672211
80933861.59070817 0.82651655884979
81608591.56645396 0.8252487523729213
82283321.54219976 0.8239837345041626
82958051.51794556 0.8227214938958884
83632781.49369135 0.8214620192846713
84307511.46943715 0.8202052994906308
84903522.9480126 0.81909747960463
85488288.92699228 0.8180126352985914
86174264.40233384 0.8167426372833168
86848994.37807964 0.8154961950251824
87523724.35382544 0.8142524554207945
88198454.32957123 0.8130114077587421
88884429.80491279 0.8117524246236855
89559159.78065859 0.8105167734503215
90233889.75640438 0.8092837823812311
90694955.23983067 0.8084427630607053
91830750.69900277 0.8063762409255737
92516726.17434433 0.8051317498686676
93191456.15009011 0.8039102972334098
93866186.12583591 0.8026914496061089
94540916.10158171 0.8014751969875521
95215646.0773275 0.8002615294504729
98600541.45565225 0.794211632103417
99275271.43139805 0.7930133125562798
99950001.40714385 0.791817510396505
100624731.38288963 0.7906242162475065
101310706.85823119 0.7894135953241677
101985436.83397698 0.7882253307412013
102660166.80972278 0.7870395462770142
103334896.78546858 0.7858562328139628
104009626.76121438 0.7846753812971683
104684356.73696017 0.7834969827338526
105359086.71270597 0.782321028192677
106033816.68845177 0.7811475088030918
106719792.16379333 0.7799569180437942
107113384.64964503 0.7792749209265768
107506977.13549675 0.7785937446834957
108181707.11124255 0.7774279188167027
109542412.5623299 0.7750841241644694
110217142.5380757 0.7739255083428758
110891872.51382148 0.7727692655417988
111566602.48956728 0.7716153873653844
112241332.46531308 0.7704638654728765
112916062.44105887 0.7693146915780364
113602037.91640043 0.7681487633227643
114276767.89214623 0.7670042995705166
114951497.86789203 0.765862159143601
115626227.84363782 0.7647223339690181
116300957.81938362 0.7635848160254651
116975687.79512942 0.7624495973427925
117650417.7708752 0.761316670001471
118336393.24621676 0.760167201369047
119011123.22196256 0.75903887101324
119685853.19770835 0.7579128084095574
121035313.14919995 0.7556674556207381
121710043.12494574 0.7545481501362817
122384773.10069154 0.7534310818043249
123003275.57845852 0.752409061342449
123610532.55662973 0.75140744020731
124285262.53237553 0.7502966328509383
124701346.01741877 0.7496127364018197
125106184.00286625 0.7489481281537481
125792159.47820781 0.7478237932913652
126466889.45395361 0.7467201007346325
127141619.42969939 0.7456185931941888
127816349.40544519 0.7445192634528967
128491079.38119099 0.743422104336522
129165809.35693678 0.7423271087133064
129851784.83227834 0.7412160737358792
130526514.80802414 0.7401254196346104
131201244.78376994 0.7390369077654405
131875974.75951573 0.7379505311630135
132370776.74172932 0.7371552080570205
133540308.69968869 0.7352798876722363
134215038.67543449 0.7342008599671715
134889768.65118027 0.7331239369047284
135564498.62692606 0.7320491117356895
136239228.60267186 0.7309763777491456
136925204.07801342 0.7298879017367599
137599934.05375922 0.7288193647090968
138274664.029505 0.7277528988477242
138949394.0052508 0.7266884975919363
139624123.9809966 0.7256261544175352
140017716.4668483 0.7250074020843279
140422554.4522958 0.7243716980775812
141097284.4280416 0.7233138258831325
141772014.4037874 0.7222579912405201
142446744.3795332 0.7212041877745831
143121474.355279 0.7201524091449291
143807449.83062056 0.7190851701096282
144482179.80636635 0.7180374557535328
145156909.78211215 0.7169917473142764
146506369.73360372 0.7149063234037145
147181099.7093495 0.7138665956238113
147855829.6850953 0.7128288491429517
148541805.16043687 0.7117758317340385
148969134.1450759 0.7111208829247276
149396463.12971488 0.7104667224086473
150071193.10546067 0.7094354386599594
150745923.08120647 0.7084061104213816
151420653.05695227 0.7073787317550739
152095383.03269807 0.7063532967540043
152770113.00844386 0.7053297995416771
153456088.48378542 0.7042912245187157
154130818.45953122 0.7032716174281974
154805548.43527701 0.7022539305813051
155480278.4110228 0.7012381582215343
156155008.3867686 0.7002242946216074
156829738.3625144 0.6992123340832218
157234576.34796187 0.6986060688699984
157639414.33340934 0.6980004854976377
158988874.28490093 0.6959867830768087
160349579.7359883 0.6939639116967301
161024309.7117341 0.6929636557798214
161699039.68747988 0.6919652626385654
162373769.66322568 0.690968726803604
163048499.63897148 0.6899740428323784
163734475.11431304 0.6889646736296307
164409205.09005883 0.687973707803072
165083935.06580463 0.6869845775819826
168468830.44412938 0.6820499560903764
169143560.41987517 0.6810717583371745
169818290.39562097 0.6800953592760698
170493020.37136677 0.6791207537460335
171167750.34711257 0.6781479366103359
173203185.7739457 0.6752240548471713
173877915.7496915 0.6742583698263915
174552645.72543728 0.6732944477907236
175227375.70118308 0.6723322837456682
175767159.6817797 0.6715638149212498
176306943.66237637 0.6707964654937427
176992919.13771793 0.6698229034968783
177667649.11346373 0.668867056179121
178342379.0892095 0.6679129440894862
179017109.0649553 0.6669605623603928
179691839.0407011 0.6660099061462912
180366569.0164469 0.665060970623498
181052544.49178845 0.6640979785062799
181727274.46753424 0.6631524984598003
182402004.44328004 0.6622087246840043
183076734.41902584 0.6612666524414024
183751464.39477164 0.660326277015566
184426194.37051743 0.6593875937109726
185786899.8216048 0.6574997104665129
186461629.7973506 0.6565661034894534
187136359.77309638 0.6556341699808489
187811089.74884218 0.654703905347775
188485819.72458798 0.6537753050173172
189160549.70033377 0.6528483644364251
189835279.67607957 0.6519230790717717
190521255.15142113 0.6509840644580722
191195985.12716693 0.6500621034029435
191870715.10291272 0.6491417840065928
192545445.07865852 0.6482231018135134
193220175.0544043 0.6473060523872323
193894905.0301501 0.6463906313101756
194580880.50549164 0.6454616179649253
195041945.98891795 0.6448381400990693
195503011.47234425 0.6442154170556029
196177741.44809005 0.64330547271854
196863716.9234316 0.6423820122767833
197538446.8991774 0.6414753087437888
198213176.8749232 0.6405702057264925
199562636.8264148 0.6387647841299632
200237366.80216056 0.637864457040682
200912096.77790636 0.6369657134467629
201598072.25324792 0.6360536097547559
202272802.2289937 0.6351580467517148
202947532.2047395 0.6342640545932544
203622262.1804853 0.6333716291202984
204296992.1562311 0.6324807661907847
204971722.1319769 0.6315914616795539
205646452.1077227 0.6307037114782358
206332427.58306426 0.6298027546059849
207007157.55881006 0.6289181265006166
207681887.53455585 0.6280350404121953
208356617.51030165 0.6271534922986945
209031347.48604745 0.6262734781343375
209706077.46179324 0.625394993909492
210380807.43753904 0.624518035630565
211055537.41328484 0.6236425993199032
211741512.8886264 0.6227541285490097
213090972.840118 0.6210108805278389
213765702.8158638 0.6201415176994112
214440432.79160956 0.6192736571216555
215115162.76735535 0.6184072949106962
215789892.74310115 0.6175424271979024
216475868.2184427 0.6166646731191814
217150598.1941885 0.6158028076049965
217679136.67518938 0.6151287155890894
218218920.65578604 0.614441218468184
218893650.63153183 0.6135831760458571
219568380.6072776 0.6127266067346706
220254356.08261916 0.6118572675252595
220929086.05836496 0.611003657534488
221603816.03411075 0.6101515093250771
222278546.00985655 0.6093008191702688
222953275.98560235 0.6084515833575838
223628005.96134815 0.6076037981887364
224302735.93709394 0.6067574599795479
224988711.4124355 0.605898495684895
225663441.3881813 0.6050550643614873
226338171.3639271 0.6042130689684176
227125356.33563054 0.6032325510263882
227800086.31137633 0.6023936543866969
228486061.7867179 0.6015422364133373
229160791.7624637 0.6007062088145724
229835521.73820946 0.5998715984866724
230510251.71395525 0.5990384018713782
231184981.68970105 0.5982066154237111
231859711.66544685 0.597376235611895
232534441.64119264 0.5965472589172811
233220417.1165342 0.5957059007207985
233895147.09228 0.5948797429959026
234569877.0680258 0.5940549778523798
235244607.0437716 0.5932316018235495
235919337.0195174 0.592409611455484
236594066.9952632 0.5915890033069361
237268796.971009 0.5907697739492674
237954772.44635054 0.5899383006997404
238348364.93220225 0.5894618663401064
238741957.41805398 0.588985898138651
239416687.39379975 0.5881710352462435
240102662.86914134 0.5873439901734064
241452122.8206329 0.5857211191187228
242126852.7963787 0.5849117169671206
242801582.7721245 0.5841036659581537
243476312.7478703 0.5832969627759139
244151042.7236161 0.5824916041164035
244837018.19895765 0.5816741977414894
245511748.17470345 0.5808715405341958
246186478.15044925 0.5800702179540597
246861208.12619504 0.5792702267442643
247535938.10194084 0.5784715636595794
248210668.07768664 0.5776742254662979
248885398.05343243 0.5768782089421745
249571373.528774 0.5760702770606342
250246103.5045198 0.5752769161475662
250920833.4802656 0.5744848672520328
251595563.45601138 0.573694127197209
252270293.43175718 0.5729046928174263
252945023.40750298 0.5721165609581138
253619753.38324878 0.5713297284757397
254294483.35899454 0.570544192237753
255655188.8100819 0.5689639577125012
256329918.7858277 0.5681823129436374
257004648.7615735 0.5674019519462131
257679378.7373193 0.566622871641898
258354108.7130651 0.5658450689630002
263279637.5360094 0.5602055295113311
263594511.52469078 0.559847293299152
264066822.50771284 0.5593104497844266
264606606.48830947 0.5586976637403649
265157635.96850187 0.5580729343262582
265832365.94424766 0.5573090896286511
266225958.43009937 0.5568640870188664
266417131.92322734 0.5566480951334848
266709514.9127172 0.5563179469436736
267226807.8941223 0.5557344077388849
267912783.36946386 0.5549617036483988
268587513.34520966 0.5542029094895164
269262243.32095546 0.55344534479299
269936973.29670125 0.5526890066655081
270611703.27244705 0.5519338922234586
271286433.24819285 0.5511799985928811
271972408.7235344 0.5504147886171419
272635893.19968444 0.5496758623182743
273310623.17543024 0.5489256139741552
273715461.1608777 0.5484760456661604
274109053.6467294 0.5480393822011088
274783783.6224752 0.5472917707543432
275458513.598221 0.5465453625598824
276133243.5739668 0.5458001548117165
276819219.04930836 0.545043754675662
277493949.02505416 0.5443009593299007
278168679.00079995 0.5435593560216259
278843408.97654575 0.5428189419817959
279518138.95229155 0.5420797144504641
279911731.43814325 0.5416490452324244
280305323.92399496 0.5412187782759972
280991299.3993365 0.5404698443045723
281666029.3750823 0.5397343755520883
282340759.3508281 0.5390000818599321
283015489.3265739 0.5382669605145946
283589009.80595785 0.5376447271082693
284173775.78493756 0.537011161414391
284848505.76068336 0.536281211315426
285523235.73642915 0.5355524235551152
286197965.7121749 0.5348247954612221
286883941.18751645 0.5340862263058782
287558671.16326225 0.5333609287792896
287963509.1487098 0.532926303227856
288379592.633753 0.5324800361761115
289054322.6094988 0.5317572879337188
289729052.5852446 0.5310356855129272
290403782.5609904 0.5303152262946615
291078512.5367362 0.5295959076682306
291753242.512482 0.5288777270312909
292158080.49792945 0.5284473638046195
292562918.4833769 0.5280174087612722
293248893.9587185 0.5272898040572201
293923623.9344643 0.5265752664022826
294598353.9102101 0.5258618558545498
295273083.88595587 0.5251495698546015
295947813.86170167 0.5244384058511298
296633789.3370432 0.5237165366948712
297308519.312789 0.5230076276565592
297983249.2885348 0.5222998329670492
298601751.7663018 0.5216519979411752
299209008.74447304 0.5210168487839828
299894984.2198146 0.5203004442048156
300569714.19556034 0.519596897918324
301244444.17130613 0.5188944538781484
301919174.14705193 0.5181931096031873
302593904.1227977 0.5174928626200989
303268634.0985435 0.5167937104632648
303954609.5738851 0.5160840255857688
304629339.5496309 0.5153870738598961
305304069.5253767 0.5146912095687772
305978799.5011225 0.513996430277474
306653529.4768683 0.5133027335586018
307328259.45261407 0.5126101169922974
308002989.42835987 0.5119185781661846
308688964.9037014 0.5112166160473092
309262485.38308537 0.5106305809567199
309847251.3620651 0.510033851577271
310521981.3378109 0.5093463151253568
311196711.3135567 0.508659845095655
311871441.28930247 0.5079744391180898
312546171.2650482 0.5072900948298559
313232146.74038976 0.5065954307543378
313906876.71613556 0.5059132203818405
314581606.69188136 0.5052320646146057
315211354.6692441 0.5045972686611317
315852348.1462026 0.5039520764554792
316527078.1219484 0.5032739484253508
317201808.0976942 0.5025968659768215
317887783.5730358 0.5019095683096264
318562513.5487816 0.5012345874420596
319237243.5245274 0.5005606452195182
319911973.50027317 0.4998877393565559
320586703.47601897 0.4992158675746355
321261433.45176476 0.4985450276020979
321936163.42751056 0.49787521717413263
322622138.9028521 0.4971952963376295
323296868.8785979 0.4965275552965195
323971598.8543437 0.49586083700900857
324646328.8300895 0.49519513923750746
325321058.8058353 0.4945304597511339
325995788.7815811 0.4938667963256832
326670518.7573269 0.4932041467436013
327345248.7330727 0.49254250879395584
328031224.20841426 0.49187087833662396
328705954.18416005 0.4912112738139967
329380684.15990585 0.4905526742940049
330055414.13565165 0.48989507759204043
330730144.11139745 0.48923848152998145
331404874.08714324 0.48858288393616534
332079604.06288904 0.48792828264536187
332754334.03863484 0.4872746754987476
333440309.5139764 0.4866111918167738
334115039.4897222 0.48595958298684105
334733541.9674891 0.48536314258574476
335352044.4452561 0.4847675304585406
336026774.4210019 0.48411871449147537
336712749.89634347 0.48346009123235034
337387479.87208927 0.4828132527413139
338062209.84783506 0.4821673916321564
338736939.82358086 0.4815225058017235
339411669.79932666 0.4808785931530152
340086399.77507246 0.48023565159516035
340761129.75081825 0.47959367904339173
341447105.2261598 0.4789419981721603
342121835.2019056 0.4783019734659435
342796565.1776514 0.4776629115134995
343471295.1533972 0.47702481025433313
344146025.129143 0.4763876676339323
344820755.1048888 0.4757514816037435
345495485.0806346 0.4751162501211477
346181460.55597615 0.47447140789155295
346856190.53172195 0.4738380952240725
347530920.50746775 0.4732057309780042
348205650.48321354 0.4725743131343318
348880380.45895934 0.4719438396798571
349555110.43470514 0.4713143086071767
350229840.41045094 0.47068571791465985
350904570.38619673 0.470058065606425
351590545.8615383 0.46942091234911176
352265275.8372841 0.4687951464013961
356999631.16710037 0.46443046826432655
357674361.14284617 0.46381212186558896
358349091.11859196 0.46319469220517095
359023821.09433776 0.46257817735464446
359709796.5696793 0.46195232308157186
360384526.5454251 0.461337647253991
361059256.5211709 0.4607238804519002
361733986.4969167 0.4601110207686959
362408716.4726625 0.4594990663031558
363083446.4484083 0.45888801515941813
363758176.4241541 0.45827786544696225
364432906.3998999 0.4576686152805862
365118881.87524146 0.45705013116659554
365793611.85098726 0.45644268937196214
366468341.82673305 0.4558361414684117
367143071.80247885 0.45523048559190926
367817801.77822465 0.45462571988363853
368492531.75397044 0.4540218424899835
369167261.72971624 0.45341885156250894
369853237.2050578 0.4528067176371091
370527967.1808036 0.4522055088148465
371202697.1565494 0.45160518091383606
371877427.1322952 0.4510057321062546
372552157.108041 0.4504071605693606
373226887.0837868 0.4498094644854779
373901617.0595326 0.4492126420419755
374587592.53487414 0.44860676629715784
375262322.51061994 0.4480117002018702
375937052.48636574 0.4474175023092368
376611782.46211153 0.4468241708267041
377286512.43785733 0.4462317039666703
377961242.4136031 0.44564009994646736
378635972.3893489 0.4450493569883427
379243229.3675201 0.4445184230687415
379839240.84609556 0.4439979968225872
380525216.3214371 0.4433998424839841
381199946.2971829 0.4428123554347797
381874676.2729287 0.44222572098229435
382549406.2486745 0.4416399373769294
383224136.2244203 0.4410550028738808
383898866.2001661 0.4404709157331205
384573596.1759119 0.43988767421937947
385259571.65125346 0.4392955771150182
385934301.62699926 0.4387140356900392
386609031.60274506 0.4381333346860058
387283761.57849085 0.43755347238658915
387958491.55423665 0.436974447080133
388633221.52998245 0.4363962570596363
389307951.50572824 0.43581890062273765
389982681.48147404 0.43524237607169686
390668656.9568156 0.4346570938313615
391343386.9325614 0.434082241771344
392018116.9083072 0.4335082165035024
392692846.884053 0.4329350163484943
393367576.8597988 0.43236263963151605
394042306.8355446 0.4317910846822878
394717036.8112904 0.4312203498350347
395403012.28663194 0.4306409417462673
396077742.26237774 0.43007185572264295
396752472.23812354 0.42950358480304973
397427202.21386933 0.4289361273396528
398101932.18961513 0.42836948168904526
398776662.1653609 0.4278036462122293
399451392.14110667 0.4272386192746036
400126122.11685246 0.426674399245945
400812097.592194 0.42610160106793243
401486827.5679398 0.4255390033646278
402161557.5436856 0.42497720767882863
402836287.5194314 0.42441621239774713
403511017.4951772 0.42385601591289823
404185747.470923 0.4232966166200849
404871722.94626456 0.4227287095890417
405546452.92201036 0.4221709131045574
406221182.89775616 0.4216139089985997
406895912.87350196 0.4210576956840397
407570642.84924775 0.42050227157796105
408245372.82499355 0.4199476351016449
408920102.80073935 0.41939378468055477
409606078.2760809 0.418831507616124
410280808.2518267 0.41827923763393593
410955538.2275725 0.41772774898231835
411427849.21059453 0.4173421709834648
411888914.69402087 0.41696614145378247
412574890.1693624 0.4164073547334103
413249620.1451082 0.41585851097734944
413924350.120854 0.41531044172784315
414599080.0965998 0.41476314544499004
415273810.0723456 0.41421662059293707
415948540.0480914 0.41367086563986505
416634515.52343297 0.4131168024494043
417309245.49917877 0.41257259548280684
417983975.47492456 0.4120291538185038
418658705.45067036 0.4114864759407402
419333435.42641616 0.4109445603377272
420008165.40216196 0.41040340550162724
420682895.37790775 0.4098630099285407
421368870.8532493 0.4093143845664027
422043600.8289951 0.40877551561512604
422718330.80474085 0.40823740141382137
423393060.78048664 0.40770004047427166
424067790.75623244 0.4071634313121316
424742520.73197824 0.4066275724469135
425417250.70772403 0.4060924624019745
426103226.1830656 0.40554919998286787
426777956.1588114 0.40501559558275674
427452686.1345572 0.40448273557154774
428127416.110303 0.403950618487911
428802146.0860488 0.4034192428742962
429476876.0617946 0.40288860727692116
430162851.53713614 0.4023498848776262
430837581.51288193 0.4018207372394882
431512311.48862773 0.40129232525470754
432187041.4643735 0.4007646474845071
432861771.4401193 0.4002377024938126
433536501.4158651 0.39971148885124236
434211231.3916109 0.39918600512909397
434885961.3673567 0.3986612499033318
435571936.8426983 0.3981284941029557
436246666.8184441 0.39760520369480695
436718977.8014661 0.3972393314055046
437191288.7844882 0.3968738135016008
437866018.760234 0.3963522588607567
438405802.7408306 0.39593553422453964
438945586.72142726 0.39551927021234756
439620316.69717306 0.39499958685911707
440295046.67291886 0.3944806207173273
440969776.64866465 0.3939623703954616
441644506.62441045 0.3934448345055505
442330482.099752 0.39291940398234687
443005212.0754978 0.39240330465599543
443679942.0512436 0.3918879155959265
444354672.0269894 0.3913732354282995
445029402.0027352 0.39085926278276284
445704131.978481 0.39034599629244093
446390107.45382255 0.389824897862352
447064837.42956835 0.38931305130804844
447739567.40531415 0.38880190680650417
448414297.38105994 0.3882914630046957
449089027.35680574 0.38778171855302046
449775002.8321473 0.3872641939038142
450449732.8078931 0.3867558557168841
451124462.7836389 0.38624821282939353
451799192.75938463 0.38574126390536606
452473922.7351304 0.3852350076121898
453148652.7108762 0.3847294426206064
453834628.1862178 0.38421615885919175
454509358.1619636 0.3837119839627447
455184088.1377094 0.38320849637817
455858818.1134552 0.3827056947895709
456533548.089201 0.38220357788435017
457208278.0649468 0.38170214435320005
457883008.04069257 0.3812013928900908
458568983.5160341 0.380692993440819
459243713.4917799 0.38019361352220055
459918443.4675257 0.3796949117515213
460593173.4432715 0.3791968868358129
461200430.42144275 0.3787492420566369
461796441.9000182 0.3783104181905203
462471171.875764 0.3778142704071991
463145901.8515098 0.3773187946162208
463820631.8272556 0.37682398953995344
464506607.30259717 0.3763216239744106
465181337.27834296 0.37582816763276305
465856067.25408876 0.37533537817084145
466530797.22983456 0.37484325432371174
467126808.70840997 0.3744090975786688
467486664.6954744 0.37414721581739885
467936484.67930496 0.3738201286217393
468611214.65505075 0.3733300491573458
469285944.63079655 0.3728406301750381
469960674.60654235 0.3723518704257213
470635404.58228815 0.37186376866338505
471321380.0576297 0.3713682051184734
471996110.0333755 0.3708814265189455
472670840.00912124 0.370395302166198
473345569.98486704 0.36990983082651696
474020299.96061283 0.3694250112692258
474695029.93635863 0.36894084226667545
475381005.4117002 0.36844926942733497
476055735.387446 0.3679664086548566
476730465.3631918 0.36748419475195665
477405195.3389376 0.36700262650305054
478079925.3146834 0.36652170269553375
478754655.2904292 0.36604142211977286
479440630.76577073 0.3655537950257704
480115360.74151653 0.36507480796663105
480790090.7172623 0.3645964605080896
481464820.6930081 0.36411875145235084
482139550.6687539 0.36364167960454463
482814280.6444997 0.36316524377271575
483500256.1198413 0.36268151812270205
484174986.0955871 0.3622063613092241
484849716.0713329 0.36173183693356126
485524446.04707867 0.36125794381537724
486199176.02282447 0.36078468077720466
486873905.99857026 0.36031204664443794
487559881.4739118 0.35983217878364293
488234611.4496576 0.35936080938212894
488909341.4254034 0.35889006535987106
489584071.4011492 0.35841994555366635
490258801.376895 0.3579504488031292
490933531.3526408 0.35748157395068186
491608261.3283866 0.35701331984154694
492282991.3041324 0.35654568532373715
492968966.77947396 0.3560708908798329
493643696.75521976 0.3556045023783985
494318426.73096555 0.35513873000995183
494993156.70671135 0.3546735726336292
495667886.68245715 0.3542090291113169
496353862.1577987 0.3537373713122127
497028592.1335445 0.3532740622780475
497703322.1092903 0.35281136368114535
498378052.0850361 0.35234927439434605
499052782.0607819 0.3518877932931955
499727512.0365277 0.35142691925593766
500402242.0122735 0.3509666511635066
501088217.48761505 0.35049933196301186
501762947.46336085 0.35004028246624536
502437677.4391066 0.3495818355546688
503112407.4148524 0.3491239901199379
503787137.3905982 0.34866674505635714
504461867.366344 0.3482100992608721
505136597.3420898 0.34775405163306106
505811327.31783557 0.3472986010751275
506497302.7931771 0.34683617062517524
507172032.7689229 0.3463819208295278
507846762.7446687 0.3459282648078943
508521492.7204145 0.3454752014729422
509196222.6961603 0.3450227297399241
509870952.6719061 0.3445708485266703
510545682.6476519 0.3441195567535817
511231658.12299347 0.34366134659874026
511906388.09873927 0.3432112402564773
512581118.07448506 0.34276172011307726
513255848.05023086 0.34231278509918517
513930578.02597666 0.3418644341479769
514605308.00172246 0.3414166661951526
515291283.477064 0.340962032002918
515966013.4528098 0.3405154365363473
516640743.4285556 0.3400694208727356
517315473.4043014 0.33962398395784416
517990203.3800472 0.3391791247399203
518664933.355793 0.33873484216968974
519339663.3315388 0.3382911352003504
520014393.3072846 0.33784800278756283
520700368.78262615 0.3373980727608309
521375098.75837195 0.3369560958704126
522049828.73411775 0.33651469040097826
522724558.70986354 0.33607385531801254
523399288.68560934 0.3356335895894276
524074018.66135514 0.3351938921855556
524748748.63710093 0.33475476207914223
525423478.61284673 0.3343161982453384
526109454.0881883 0.3338709044684128
526784184.0639341 0.3334334795100771
527458914.0396799 0.332996617747229
528133644.0154257 0.33256031816461223
528808373.9911715 0.3321245797493406
529483103.9669173 0.33168940149089243
530157833.9426631 0.33125478238110184
530843809.41800463 0.33081349178769603
531518539.39375037 0.3303799972372838
532193269.36949617 0.32994705880843667
532867999.34524196 0.3295146755023852
533542729.32098776 0.32908284632268214
534217459.29673356 0.3286515702751948
534892189.27247936 0.32822084636809956
535566919.24822515 0.3277906736118742
536027984.7316515 0.32749703870880004
536489050.21507776 0.3272036603871467
537163780.1908236 0.32677478809246224
537849755.6661651 0.3263393295289232
538524485.6419109 0.3259115610333009
539199215.6176567 0.3254843384008855
539873945.5934025 0.3250576606566896
540548675.5691483 0.3246315268279793
541234651.0444899 0.3241988473573037
541909381.0202357 0.32377380747509366
542584110.9959815 0.32334930858753447
543258840.9717273 0.3229253497308744
543933570.947473 0.3225019299435806
544608300.9232188 0.32207904826633504
549556320.7453547 0.31899426756355614
550231050.7211004 0.3185758331239633
550905780.6968462 0.318157927946362
551580510.672592 0.31774055109393645
552266486.1479336 0.3173167586038359
552941216.1236794 0.31690044436628667
553615946.0994252 0.3164846556408047
554290676.075171 0.3160693914991414
554965406.0509168 0.3156546510151665
555640136.0266626 0.3152404332648602
556314866.0024084 0.3148267373263095
557000841.47775 0.3144066804368059
557675571.4534957 0.31399403402289144
