1.0 0.9999999976918947
2710166.4025789453 0.9936899031394191
8366652.699247864 0.9806373446931484
15901137.428409247 0.9636521265906611
16575867.404155042 0.9621533411436719
17250597.37990084 0.9606581572400702
17925327.355646633 0.9591665601404485
18600057.33139243 0.9576785351200442
19960762.78247978 0.9546884905481627
20635492.75822558 0.9532111527287189
21310222.733971376 0.9517373285878507
21984952.70971717 0.950267003860982
22659682.685462967 0.9488001644134384
23334412.66120876 0.947336796245427
24009142.636954557 0.9458768854951043
24683872.61270035 0.9444204184401561
25369848.08804191 0.9429431931997839
26044578.063787706 0.9414936297594029
26719308.0395335 0.9400474694640724
27394038.015279297 0.9386046991482149
28068767.991025094 0.9371653057808422
29429473.442112446 0.9342727487796249
30104203.417858243 0.9328434649189554
30778933.393604036 0.9314175069715798
31453663.369349834 0.9299948625431306
32128393.345095627 0.9285755193577746
32611949.82771345 0.9275603473530892
33286679.803459246 0.9261466430096673
35322115.230292395 0.9219017219825646
35996845.20603819 0.9205010745678627
36592856.684613645 0.9192665160194363
37177622.66359333 0.9180576863426201
37852352.63933913 0.9166658704511398
39213058.09042648 0.9138687341643553
39775333.070214644 0.9127166595852522
40337608.050002806 0.9115667784288359
40731200.53585452 0.9107631633103742
41124793.02170624 0.909960617700731
41518385.50755795 0.9091591394475148
41653331.50270711 0.9088845922278326
42058169.48815458 0.9080617010094231
42732899.46390038 0.9066927119704364
43238946.94570973 0.9056680124748677
43744994.427519076 0.9046450585367238
44419724.40326487 0.9032838275794227
45780429.85435222 0.900548051210256
48490595.25693117 0.8951361511666708
48884187.74278288 0.8943542620865907
49277780.228634596 0.8935733997198776
50638485.67972195 0.8908817296050638
51987945.631213546 0.8882243209768418
52662675.606959336 0.8869000795455928
54012135.55845093 0.8842604740872592
54686865.53419673 0.882945090889876
55372841.009538285 0.881610792003428
56047570.985284075 0.8803013153565883
56722300.96102987 0.8789947533878982
57397030.93677567 0.8776910967618976
57790623.42262738 0.876931968406595
57914323.91818078 0.8766935884452652
58307916.40403249 0.875935752482384
58982646.37977829 0.8746388869652985
62986044.23587001 0.8670029692581385
63660774.21161581 0.8657258475077009
64335504.1873616 0.8644515380334401
65122689.15906503 0.8629683863390943
65808664.63440659 0.8616790262443387
66483394.61015238 0.8604136109321762
67832854.56164397 0.8578910992319055
68507584.53738977 0.8566339856948431
68946159.02162454 0.8558183372106725
69384733.5058593 0.8550038483491047
70070708.98120086 0.8537322240514856
71420168.93269245 0.8512388971589319
72094898.90843825 0.8499963087547602
72769628.88418405 0.8487564259740845
73264430.86639763 0.8478488933945403
73759232.8486112 0.8469428081577746
74445208.32395276 0.8456890326749702
75119938.29969856 0.8444585102828679
75794668.27544436 0.8432306568109031
76469398.25119016 0.842005464176907
77144128.22693595 0.8407829243359788
77818858.20268175 0.8395630292801173
78493588.17842755 0.8383457710378611
79168318.15417334 0.837131141673936
79854293.6295149 0.8358989553098418
83227943.50824387 0.8298781701868964
83902673.48398967 0.828681766593336
84577403.45973547 0.8274879295315809
85263378.93507703 0.8262768183784412
89176812.79440264 0.8194177240897325
89581650.77985011 0.8187130023368462
89986488.76529759 0.8180091817999775
90661218.74104339 0.8168381459580641
91335948.71678919 0.8156696017443293
92021924.19213074 0.8144841285289681
92696654.16787654 0.8133205869110524
93371384.14362234 0.8121595149783271
94720844.09511392 0.8098447513449268
95395574.07085972 0.8086910453067506
96070304.04660551 0.807539780278324
96745034.02235131 0.8063909491641752
97419763.9980971 0.8052445448977633
98105739.47343867 0.8040815144948715
98780469.44918446 0.8029399829931227
99455199.42493026 0.801800857194908
100129929.40067606 0.8006641301478399
100815904.87601762 0.7995109095652183
101490634.85176341 0.7983789989653464
102165364.8275092 0.7972494663119906
102840094.80325499 0.7961223047637801
103514824.77900079 0.7949975075065189
104133327.25676776 0.7939685145207267
104740584.234939 0.7929601527210599
106090044.18643057 0.7907261427855714
106776019.66177213 0.789594100247358
107450749.63751793 0.7884829602702397
108125479.61326373 0.7873741387337241
108800209.58900952 0.7862676290304244
109474939.56475532 0.7851634245786153
110149669.54050112 0.7840615188220758
110835645.01584268 0.7829435977193667
111510374.99158847 0.7818463078252628
112106386.47016393 0.780878931037811
112702397.94873938 0.7799133281075582
113377127.92448516 0.7788223278804339
114051857.90023096 0.7777335889240911
114681605.87759371 0.7767194670985285
115300108.35536069 0.7757253615380202
115974838.33110648 0.7746430322432858
116649568.30685228 0.7735629397612033
118010273.75793964 0.771391531594491
119359733.70943122 0.7692469776643515
120034463.68517701 0.7681780120098544
120709193.66092281 0.767111245652662
121383923.63666861 0.7660466724393823
122058653.6124144 0.764984286239602
122744629.08775596 0.763906429299959
123419359.06350176 0.7628484350227991
124094089.03924756 0.7617926094036366
124768819.01499335 0.7607389464030698
125454794.49033491 0.7596699331344268
126095787.96729341 0.7586730281526136
126613080.94869852 0.7578699200013045
127152864.92929517 0.7570332352970346
127838840.40463673 0.7559719201817201
128513570.38038251 0.7549301509565829
129863030.3318741 0.7528529774552872
130537760.3076199 0.7518175614532931
131212490.2833657 0.7507842515021572
131898465.75870726 0.7497358727244774
132573195.73445305 0.748706792325948
133247925.71019885 0.747679800516724
133922655.68594465 0.7466548915505645
134597385.66169044 0.7456320597020188
135272115.63743624 0.7446112992663203
135946845.61318204 0.7435926045592789
136621575.58892784 0.7425759699171781
137307551.0642694 0.7415444973997912
137982281.0400152 0.7405320000769084
138657011.015761 0.7395215458564026
139095585.49999574 0.7388658435815225
139534159.98423052 0.7382110006297989
140208889.95997632 0.7372052243918874
140883619.9357221 0.7362014729096005
142233079.88721368 0.7342000221633891
142919055.36255524 0.7331857004035471
143593785.33830103 0.7321900263031922
144223533.31566378 0.7312625325711357
144853281.29302654 0.7303367742808435
145539256.7683681 0.7293303286383983
146213986.7441139 0.7283423803501554
146888716.7198597 0.7273564083983834
147563446.6956055 0.7263724074374395
148238176.67135128 0.7253903721404791
148912906.64709705 0.7244102971993641
149598882.1224386 0.7234158918603741
150273612.0981844 0.7224397542329608
150948342.0739302 0.7214655610609493
151623072.049676 0.7204933071104501
152297802.0254218 0.7195229871658398
152972532.0011676 0.7185545960296735
154333237.45225495 0.7166075198903246
155007967.42800075 0.7156449160206024
155682697.40374655 0.714684220264364
156357427.37949234 0.713725427514087
157032157.35523814 0.712768532679923
157706887.33098394 0.7118135306896172
158381617.30672973 0.7108604164884256
159056347.28247553 0.709909185039035
159731077.25822133 0.7089598313214829
160417052.7335629 0.7079965748210312
160855627.21779764 0.70738173428321
161294201.70203242 0.7067676814665035
161980177.17737398 0.7058088162227771
162654907.15311977 0.7048675417544691
163329637.12886557 0.7039281185346432
164004367.10461137 0.7029905416514012
164679097.08035716 0.7020548062096255
165353827.05610296 0.7011209073309033
166703287.00759453 0.6992585998320421
167782854.96878782 0.6977740031319493
168176447.45463952 0.6972339003327281
168592530.93968275 0.6966636047667543
169413452.41017348 0.6955404430481273
169807044.8960252 0.69500288784949
170481774.871771 0.6940827891497512
170931594.85560152 0.6934703876903173
171381414.83943206 0.6928587827362586
171977426.3180075 0.6920496306553608
172460982.80062532 0.6913941722372676
172719629.2913279 0.6910439539050066
173248167.77232876 0.6903291032897174
173787951.7529254 0.6896001678885567
174327735.73352203 0.6888723667605611
175002465.70926782 0.6879642067989802
175677195.68501362 0.6870578107910364
176351925.66075942 0.6861531741203726
177026655.63650522 0.6852502921861044
177577685.1166976 0.6845142370855078
177847577.10699594 0.684154145417267
178252415.0924434 0.6836145312012277
179478174.5483816 0.6819845188472826
180040449.52816975 0.6812387226014563
180715179.50391555 0.6803453525774794
181322436.48208678 0.679542794860764
181929693.46025798 0.678741631407936
182593177.936408 0.6778678761983734
183256662.41255805 0.6769957772678977
183931392.38830385 0.6761105912653012
184606122.36404964 0.6752271093590178
185292097.8393912 0.6743306451366715
185966827.815137 0.6734505864043436
186641557.7908828 0.6725722184884221
187316287.7666286 0.6716955370159189
187991017.7423744 0.6708205376282795
188665747.7181202 0.6699472159813199
189351723.19346175 0.6690610544274761
190026453.16920754 0.6681911030682831
190701183.14495334 0.6673228164312769
194918245.49336454 0.6619334753546144
195592975.46911034 0.6610771306154699
196267705.44485614 0.6602224156474532
196942435.42060193 0.6593693262778594
197617165.39634773 0.6585178583475808
198291895.37209353 0.6576680077110502
198966625.34783933 0.6568197702361864
199652600.82318088 0.6559590449392454
200327330.79892668 0.6551140481593937
201002060.77467248 0.6542706521572377
201676790.75041828 0.653428852854307
202351520.72616407 0.6525886461853414
202925041.205548 0.65187571969814
203498561.68493193 0.651163938480062
204173291.6606777 0.6503280117196049
205533997.11176506 0.6486470210350588
206208727.08751085 0.6478158415233987
206883457.06325665 0.6469862276790247
207558187.03900245 0.6461581755368254
208232917.01474825 0.6453316811444378
208907646.99049404 0.6445067405621985
209593622.4658356 0.643669639793416
210268352.4415814 0.6428478207960742
210943082.4173272 0.642027543800645
211617812.393073 0.6412088049179582
212292542.3688188 0.6403916002712876
212967272.3445646 0.6395759259963015
213642002.32031038 0.6387617782410135
214316732.29605618 0.6379491531657332
215002707.77139774 0.6371245413522825
215677437.74714354 0.6363149753852517
216352167.72288933 0.6355069205891606
217026897.69863513 0.6347003731732146
218376357.65012673 0.6330917853787958
219051087.6258725 0.6322897374788058
219737063.10121405 0.6314758519452599
220411793.07695985 0.6306768097668497
221086523.05270565 0.6298792524133671
221761253.02845144 0.6290831761775849
222435983.00419724 0.6282885773639977
223121958.4795388 0.6274822460024307
223796688.4552846 0.6266906154634316
224224017.4399236 0.626190008112348
224662591.92415836 0.6256768374984066
225337321.89990416 0.6248885497684677
226012051.87564996 0.6241017200683807
226686781.85139576 0.6233163447754378
227361511.82714155 0.6225324202783227
228047487.3024831 0.6217369139292211
228722217.2782289 0.6209559042649312
229396947.2539747 0.6201763345708909
230071677.2297205 0.6193982012810908
230746407.2054663 0.6186215008406906
232781842.63229945 0.6162870995452536
233456572.60804525 0.6155161187919452
234131302.58379105 0.6147465532216442
234806032.55953684 0.6139783993458084
235480762.5352826 0.6132116536867677
236155492.5110284 0.612446312777679
236830222.4867742 0.611682373162487
237504952.46252 0.6109198313958806
238179682.4382658 0.6101586840432536
238865657.91360736 0.6093862768399412
239259250.3994591 0.6089437401179416
239652842.8853108 0.608501674862108
240338818.36065236 0.6077323431626774
241013548.33639815 0.6069770150827628
241688278.31214395 0.6062230637278399
242363008.28788975 0.6054704857287577
243037738.26363555 0.6047192777267779
243723713.7389771 0.6039569505771741
244398443.7147229 0.6032084952282591
246422633.64196026 0.6009712754880304
247097363.61770606 0.6002282399864319
247772093.59345186 0.5994865512043148
248458069.06879342 0.5987338781393359
249132799.0445392 0.5979948952848483
249807529.020285 0.5972572492957514
250482258.9960308 0.5965209369256007
251156988.9717766 0.5957859549378991
251831718.9475224 0.5950523001060599
252326520.929736 0.5945151281809363
252821322.91194957 0.5939786669754487
253496052.88769537 0.5932482720620463
254170782.86344117 0.5925191931952063
254856758.33878273 0.5917793088635586
255531488.31452852 0.591052874352578
256206218.29027432 0.5903277463162827
256880948.26602012 0.5896039216010736
257555678.24176592 0.5888813970629518
258230408.21751168 0.5881601695674811
258905138.19325748 0.5874402359897535
259703568.66455668 0.5865899818097107
260378298.64030248 0.5858728624721774
261053028.61604828 0.5851570271677937
261727758.59179407 0.5844424728111248
262402488.56753987 0.583729196326082
263077218.54328567 0.5830171946458859
263751948.51903147 0.5823064647130345
264426678.49477726 0.5815970034792666
265112653.97011882 0.5808770153516513
265787383.94586462 0.580170103426282
266462113.92161041 0.5794644510600537
267136843.8973562 0.5787600552414839
267811573.87310198 0.5780569129681603
268486303.8488478 0.5773550212467096
269161033.8245936 0.5766543770927631
269835763.8003394 0.5759549775309245
270521739.27568096 0.575245194131604
271196469.25142676 0.5745482954829741
271871199.22717255 0.5738526325046928
272545929.20291835 0.5731582022570693
273906634.6540057 0.5717615057239765
274581364.6297515 0.5710707764928676
275256094.60549724 0.5703812682730706
275930824.58124304 0.5696929781687557
276605554.55698884 0.5690059032927418
277280284.53273463 0.5683200407664629
277955014.5084804 0.567635387719938
278640989.983822 0.566940560724414
279315719.9595678 0.5662583381002694
279990449.9353136 0.5655773163497941
280665179.9110594 0.5648974926371746
281339909.8868052 0.564218864135026
282014639.862551 0.563541428024362
282689369.8382968 0.5628651814945645
283364099.81404257 0.5621901217433528
284050075.2893841 0.5615050247290817
284724805.2651299 0.5608323498244954
285399535.2408757 0.5601608532951577
286074265.2166215 0.559490532371976
286748995.1923673 0.558821384294045
288098455.1438589 0.5574865956710752
288773185.1196047 0.5568209496448999
289459160.59494627 0.556145400594148
290133890.57069206 0.5554820949097764
290808620.54643786 0.5548199456303844
291483350.52218366 0.5541589500516949
292158080.49792945 0.5534991054773852
292832810.47367525 0.5528404092190595
293507540.44942105 0.5521828585962193
294193515.9247626 0.5515155204768177
294868245.9005084 0.5508602720973409
295261838.3863601 0.5504785693946248
295655430.8722118 0.5500972532645547
296341406.3475534 0.5494335961452678
297016136.32329917 0.5487819599206463
297690866.29904497 0.5481314528869904
298365596.27479076 0.5474820724198403
299040326.25053656 0.5468338159024069
299715056.22628236 0.5461866807255426
300389786.20202816 0.5455406642877163
301064516.17777395 0.544895763994985
301739246.15351975 0.5442519772609669
303099951.6046071 0.542957050748169
303774681.5803529 0.5423166076562809
304449411.5560987 0.541677267810117
305124141.5318445 0.5410390286608273
305810117.00718606 0.5403912779397737
306484846.98293185 0.5397552508061927
307159576.95867765 0.5391203167251929
307834306.93442345 0.5384864731774982
308509036.91016924 0.5378537176511294
309183766.88591504 0.5372220476413799
309858496.86166084 0.5365914606507892
310544472.3370024 0.5359514715550867
311219202.3127482 0.5353230610857269
311893932.288494 0.5346957261451657
312568662.2642398 0.5340694642647946
313243392.2399856 0.5334442729831238
313918122.2157313 0.5328201498457592
314604097.6910729 0.5321867171296175
315278827.6668187 0.5315647406462483
315953557.6425645 0.530943824945829
316347150.12841624 0.5305821130309595
317426718.0896095 0.529591833621158
318101448.0653553 0.5289742786257874
318776178.0411011 0.5283577743102924
319450908.0168469 0.5277423182775296
319866991.5018901 0.5273633085576244
320271829.4873376 0.5269949235623462
320957804.96267915 0.5263715725199674
321632534.93842494 0.5257594896107896
322307264.91417074 0.5251484449122581
322981994.88991654 0.524538436062922
323656724.86566234 0.5239294607080758
324331454.84140813 0.5233215164997378
325006184.81715393 0.5227146010966258
325692160.2924955 0.5220986226984793
326366890.2682413 0.5214937749580162
327041620.2439871 0.5208899490002683
327716350.2197329 0.5202871425106317
328391080.1954787 0.5196853531810874
329065810.1712245 0.5190845787101789
329740540.1469703 0.5184848168029872
330415270.12271607 0.5178860651711116
331101245.5980576 0.5172783676656467
331775975.5738034 0.5166816464878795
332450705.5495492 0.5160859287213387
333125435.525295 0.5154912121035743
333800165.5010408 0.51489749437854
335149625.4525324 0.5137130466143741
335824355.4282782 0.5131223120949797
336510330.90361977 0.5125227468055409
337185060.8793655 0.5119340063691089
337859790.8551113 0.5113462513855026
338534520.8308571 0.5107594796430067
339209250.8066029 0.5101736889361368
339883980.7823487 0.5095888770656197
340558710.7580945 0.5090050418383701
341233440.7338403 0.508422181067472
341919416.20918185 0.5078306026555078
342594146.18492764 0.5072497004110892
343268876.16067344 0.5066697660629802
343943606.13641924 0.5060907974488285
344618336.11216503 0.505512792412345
345293066.08791083 0.5049357488032843
345945305.0644651 0.5043788518557665
347272274.0167652 0.5032486136040935
347947003.992511 0.5026753308626772
348632979.46785253 0.5020934682089
349307709.44359833 0.5015221009625899
349982439.4193441 0.50095168036476
350657169.3950899 0.5003822043124841
351331899.3708357 0.4998136707086985
352006629.3465815 0.4992460774621814
352681359.3223273 0.49867942248753483
353356089.2980731 0.4981137037051639
355391524.72490627 0.49641276962598757
356066254.70065206 0.4958507903802916
356740984.67639786 0.49528973698113443
357415714.65214366 0.4947296073834286
358090444.62788945 0.49417039954775505
358765174.60363525 0.49361211144034367
359439904.57938105 0.4930547410330541
360125880.0547226 0.49248901980419196
360800610.0304684 0.4919334939457733
362150069.98195994 0.4908251750706764
362824799.95770574 0.49027237804810403
363499529.93345153 0.4897204866407955
364174259.90919733 0.4891694988595894
364860235.3845389 0.48861025224613314
365534965.3602847 0.48806108074922827
365928557.84613645 0.48774114537939717
366322150.33198816 0.4874215150720224
366996880.30773395 0.4868742860160684
367671610.28347975 0.48632795036315934
371056505.66180444 0.48360058073189005
371731235.63755023 0.4830595792973062
372405965.61329603 0.48251945765696486
373080695.5890418 0.4819802138926075
374441401.0401292 0.48089540151026544
377826296.41845393 0.4782121711713553
378501026.3941997 0.4776799107084286
379175756.3699455 0.4771485110288587
379850486.3456913 0.47661797026624386
380525216.3214371 0.4760882865592576
381199946.2971829 0.47555945805163197
381874676.2729287 0.47503148289214087
382560651.7482703 0.47449558104391126
383235381.7240161 0.47396932119253715
383910111.69976187 0.4734439091351438
384584841.67550766 0.4729193430405907
385259571.65125346 0.4723956210826967
385934301.62699926 0.4718727414402241
386609031.60274506 0.4713507022968625
387295007.0780866 0.47082082226220456
387969737.0538324 0.4703004726205042
388644467.0295782 0.4697809580283996
389319197.005324 0.4692622766892097
389993926.9810698 0.46874442681110057
390668656.9568156 0.46822740660706985
391354632.43215716 0.46770261809368224
392029362.40790296 0.4671872656495902
392704092.38364875 0.466672737517896
393378822.35939455 0.46615903193084546
394053552.33514035 0.4656461471254368
394728282.31088614 0.46513408134340617
395403012.28663194 0.46462283283121214
396088987.7619735 0.4641038995228353
396763717.7377193 0.4635942938566996
397157310.223571 0.46329739898616684
397550902.7094227 0.4630007800794472
398225632.6851685 0.4624929315727576
398911608.16051006 0.4619774474888487
399586338.13625586 0.46147122719655126
400261068.11200166 0.46096581168661566
400755870.0942152 0.46059568413640334
401261917.5760246 0.46021759059892176
401936647.5517704 0.4597141662223475
402611377.5275162 0.4592115406726514
403286107.503262 0.4587097122503454
403960837.4790078 0.4582086792604743
404635567.4547536 0.4577084400126004
405310297.4304994 0.4572089928207898
405996272.90584093 0.4567020317433165
406671002.88158673 0.4562041767545499
407345732.8573325 0.45570710876308274
408020462.8330783 0.45521082610092445
408695192.8088241 0.4547153271045156
409369922.78456986 0.45422061011471426
410044652.76031566 0.4537266734767809
410719382.73606145 0.45323351554036556
411405358.211403 0.45273293488551025
412080088.1871488 0.4522413423282484
412754818.1628946 0.45175052352039635
413429548.1386404 0.4512604768290921
414104278.1143862 0.4507712006257927
414779008.090132 0.4502826932862599
415453738.0658778 0.44979495319054785
420379266.88882214 0.4462575430373392
421065242.3641637 0.44576809158698527
421739972.3399095 0.4452874225644826
422414702.3156553 0.44480750432062793
423089432.2914011 0.4443283352831009
423764162.2671469 0.4438499138837079
424438892.2428927 0.44337223855836844
425124867.71823424 0.4428873651990708
425799597.69398 0.44241118971546617
426474327.6697258 0.441935755612398
427149057.6454716 0.441461061342179
427823787.62121737 0.4409871053611707
428498517.59696317 0.4405138861297708
429173247.57270896 0.44004140211240045
429859223.0480505 0.4395617954791254
430533953.0237963 0.43909078948877045
431208682.9995421 0.4386205141043635
431883412.9752879 0.4381509678063595
432558142.9510337 0.43768214907917313
433232872.9267795 0.43721405641116784
433907602.9025253 0.4367466882946423
434593578.37786686 0.43627227192527784
435268308.35361266 0.4358063604174003
435943038.32935846 0.43534116893648855
436617768.30510426 0.43487669599052503
437292498.28085005 0.43441294009136616
437967228.25659585 0.43394989975473064
438473275.7384052 0.43360308819944327
438979323.22021455 0.433256677692114
439665298.6955561 0.4327877381843702
440340028.6713019 0.43232720251084644
441014758.6470477 0.43186737574362927
441689488.6227935 0.4314082564195269
442364218.5985393 0.4309498430791307
443038948.5742851 0.43049213426680477
443713678.5500309 0.4300351285306739
444399654.02537245 0.42957122529026137
445074384.00111824 0.4291156330233901
445749113.97686404 0.42866073947555483
446423843.95260984 0.4282065432098671
447098573.92835563 0.4277530427931416
447773303.90410143 0.42730023679588314
448448033.8798472 0.426848123792276
449122763.855593 0.42639670236017263
449572583.83942354 0.4260961382445218
450022403.82325405 0.4257958804440752
450697133.79899985 0.42534606716875833
451383109.2743414 0.4248894611216921
452057839.2500872 0.4244410315669922
452732569.225833 0.4239932860371392
453407299.2015788 0.4235462231330132
458827630.0067367 0.4199794175317267
459502359.9824825 0.41953845820298896
460177089.9582283 0.41909816765876434
460671891.94044185 0.4187757121882911
