1.0 0.9999999977011438
1461915.9474492236 0.9948853582157364
6095061.780903686 0.979861946709147
6769791.756649481 0.9778281685394424
7455767.2319910405 0.9757878393688244
10930626.607081886 0.9657971951867949
11335464.592529364 0.9646647282984225
11807775.57555142 0.9633506808978008
12280086.558573479 0.9620440493880409
14990251.961152423 0.954676615874811
15586263.439727876 0.9530834900622869
17554225.868986446 0.9478849467813766
18228955.84473224 0.946123080712143
19578415.796223834 0.942628552965141
20253145.771969628 0.9408952497525579
20927875.747715425 0.9391708652079958
21602605.72346122 0.9374551338445669
22277335.699207015 0.9357478083991605
22963311.174548574 0.9340204069250216
23638041.150294367 0.9323293467961704
24087861.134124897 0.9312062929657854
24537681.117955428 0.9300866282191517
25212411.093701225 0.9284133670580913
26291979.0548945 0.9257513235375407
27641439.00638609 0.9224491503655748
28316168.982131884 0.9208082996886237
29002144.457473442 0.9191469093221919
29676874.43321924 0.917519321355182
34411229.76303557 0.9062726470886988
35085959.73878136 0.9046933195922964
35760689.71452716 0.9031195907328811
36435419.69027296 0.9015513799257692
36829012.17612467 0.9006391076588641
36997694.67006112 0.900248696850964
37447514.65389165 0.8992092416349688
38122244.62963744 0.8976544939943472
39471704.58112904 0.8945607113244418
39977752.062938385 0.8934058583309429
40483799.54474773 0.8922538628400983
41158529.52049352 0.890722269182211
41664577.00230287 0.8895768416218214
42170624.48411222 0.8884341877925027
42845354.459858015 0.8869149230639597
43520084.43560381 0.8854004925363338
44194814.4113496 0.883890843271921
44869544.3870954 0.8823859240097607
45544274.3628412 0.8808856850822914
46095303.8430336 0.8796639282731858
46635087.82363023 0.8784700761590248
47309817.799376026 0.8769818599108482
48670523.25046338 0.8739943063986397
49345253.22620918 0.8725195735608324
50019983.201954976 0.871049226719656
50694713.177700765 0.8695832261206353
51369443.15344656 0.8681215330663697
52044173.12919236 0.866664109870649
52718903.10493816 0.8652109198151395
53359896.58189666 0.8638342775990914
54000890.05885517 0.8624613935405487
54675620.03460096 0.8610202803432898
55361595.50994252 0.8595593498844558
56036325.485688314 0.8581264685494625
56711055.46143411 0.8566976208408327
58060515.412925705 0.8538519028707292
58735245.388671495 0.8524349726114965
59409975.36441729 0.8510219559310613
60095950.83975885 0.8495893716659533
60770680.81550465 0.8481841616130047
61445410.791250445 0.8467827812781932
62120140.766996235 0.8453852040073034
62794870.74274203 0.8439914036822789
63469600.71848783 0.8426013547023692
64144330.694233626 0.8412150319661456
64785324.17119213 0.8399014543710749
65426317.64815064 0.838591196770391
66112293.123492196 0.8371926458466793
66787023.09923799 0.8358206848096458
68136483.05072959 0.833087568883465
68811213.02647537 0.8317263694426914
72196108.40480012 0.8249507347832397
72870838.38054591 0.8236105394163414
73545568.35629171 0.8222737642410256
74220298.33203751 0.8209403899351496
74895028.3077833 0.819610397475637
75581003.78312486 0.818261686028336
76255733.75887065 0.8169384569354371
76930463.73461644 0.815618554028814
77324056.22046816 0.8148501395867312
77717648.70631988 0.8140828473610591
79078354.15740722 0.8114388060539576
79753084.13315302 0.8101326265019505
80427814.10889882 0.8088296830547882
81113789.58424038 0.8075083241916783
81788519.55998617 0.8062118565154491
82463249.53573197 0.8049185754349197
83137979.51147777 0.8036284649745219
83812709.48722357 0.8023415093666819
84487439.46296936 0.8010576930465778
85162169.43871516 0.7997770006470831
85836899.41446096 0.7984994169938805
86522874.88980252 0.7972037117289955
87197604.8655483 0.7959323519848236
87816107.34331529 0.7947696309590101
89795315.27216962 0.7910660966665324
90481290.74751118 0.7897885459412498
91021074.72810781 0.7887854374718657
91572104.20830022 0.7877634009924481
92246834.184046 0.7865146278100853
92932809.65938756 0.7852480760356819
93607539.63513336 0.7840052585140729
94282269.61087915 0.7827653743602958
94956999.58662495 0.7815284106020138
95631729.56237075 0.7802943544045785
96306459.53811654 0.7790631930681028
96992435.0134581 0.7778144670556345
97667164.9892039 0.7765891055925864
98341894.9649497 0.7753666014672747
99016624.9406955 0.7741469424933384
99691354.91644128 0.7729301166057597
100366084.89218707 0.7717161118584246
101726790.34327443 0.7692764022519819
102401520.31902023 0.7680708367381066
103076250.29476602 0.7668680455320229
103750980.27051182 0.7656680172496947
104155818.2559593 0.7649493217875479
104560656.24140677 0.7642316144975759
105235386.21715257 0.7630376250932926
105910116.19289836 0.761846362883929
106584846.16864416 0.7606578169159638
107270821.64398572 0.7594522351829985
107945551.61973152 0.7582691340457647
108620281.59547731 0.757088716691048
109295011.57122311 0.7559109725468733
109969741.5469689 0.7547358911320394
110644471.5227147 0.7535634620545291
111319201.49846049 0.7523936750099576
112679906.94954784 0.750042599492867
113354636.92529364 0.7488807210172116
114029366.90103944 0.7477214440382021
114704096.87678523 0.746564758669055
115378826.85253103 0.7454106551020974
116053556.82827683 0.7442591236074704
116728286.80402263 0.7431101545318697
117414262.27936418 0.7419446529340772
117886573.26238623 0.7411437050507391
118370129.74500406 0.7403249746137259
119044859.72074986 0.7391847307379799
119719589.69649565 0.7380470073758063
120394319.67224145 0.7369117952690825
121080295.14758301 0.7357602278741738
121755025.12332879 0.7346300522516758
122429755.09907459 0.7335023603705554
123779215.05056618 0.7312543919506834
124453945.02631198 0.7301340976327249
128513570.38038251 0.7234450314429887
129188300.3561283 0.722341733008011
129874275.83146986 0.72122249442964
130549005.80721566 0.7201240036197624
131223735.78296146 0.7190278842645013
131898465.75870726 0.717934128155739
132573195.73445305 0.7168427271394681
133169207.2130285 0.7158806087434485
133765218.69160396 0.7149203161031914
134439948.66734976 0.7138353887953673
135789408.61884135 0.7116725008318388
136475384.0941829 0.7105765776599088
137150114.0699287 0.7095009408172823
137824844.0456745 0.7084275973741009
138499574.0214203 0.7073565396223875
139174303.9971661 0.7062877599018591
139849033.97291186 0.7052212505993382
140523763.94865766 0.7041570041481782
141198493.92440346 0.7030950130277018
141884469.39974502 0.7020176263768467
142559199.3754908 0.7009601608145427
143233929.3512366 0.6999049281684959
143908659.3269824 0.6988519210972072
144594634.80232397 0.69778363790825
145269364.77806976 0.6967350969238054
145944094.75381556 0.6956887596275677
146618824.72956136 0.6946446188489631
147293554.70530716 0.6936026674587619
147968284.68105295 0.6925628983686114
148643014.65679875 0.6915253045305817
149250271.63496995 0.6905933241240226
149857528.61314118 0.6896630949133227
150532258.58888698 0.688631554624814
151206988.56463277 0.6876021631671337
151881718.54037857 0.6865749136802771
152556448.51612437 0.6855497993421723
153129968.99550828 0.6846801258468176
153703489.4748922 0.6838119859485352
154378219.450638 0.6827926027281754
155064194.92597955 0.6817583930287195
155738924.90172535 0.6807432586234666
156413654.87747115 0.6797302210761649
157088384.85321695 0.6787192738093978
157763114.82896274 0.6777104102807427
158437844.80470854 0.6767036239824157
159123820.2800501 0.6756821806890896
159798550.2557959 0.6746795638158158
160878118.21698916 0.6730796544005748
161282956.20243666 0.6724810411982302
161957686.17818245 0.6714849869172077
162643661.653524 0.6704744204467388
163318391.6292698 0.6694824687588969
163993121.6050156 0.6684925419935775
164589133.08359104 0.6676197860657399
165196390.06176227 0.6667321786622682
165871120.03750807 0.6657478553662167
166557095.51284963 0.6647491785818052
167231825.48859543 0.6637688856390106
167906555.4643412 0.6627905820688128
168581285.440087 0.661814261845352
169256015.4158328 0.6608399189724665
169649607.90168452 0.660272463074122
169773308.3972379 0.6600942581480902
169897008.8927913 0.6599161193292923
170144409.8838981 0.6595600398673369
170672948.36489898 0.6588002087082121
171347678.34064478 0.6578319578329802
172022408.31639057 0.656865660028938
173371868.26788214 0.654938900267421
174046598.24362794 0.6539784266965092
174721328.21937373 0.6530198829694264
175396058.19511953 0.6520632633484306
176070788.17086533 0.651108562122944
176610572.15146196 0.6503461785670142
177105374.13367555 0.6496483998677032
177723876.61144254 0.6487776161697616
178398606.58718833 0.6478294899466237
179084582.0625299 0.6468675024905588
179759312.0382757 0.6459231887300393
180434042.0140215 0.6449807570770105
181108771.98976728 0.6440402020166421
181783501.96551308 0.6431015180594122
182458231.94125888 0.6421646997409032
182851824.42711058 0.6416190817866299
183256662.41255805 0.6410585339851396
183931392.38830385 0.6401257701086107
184606122.36404964 0.6391948546405815
185280852.33979544 0.6382657822194889
189194286.19912106 0.6329132348611367
189869016.17486686 0.6319965548231388
190543746.15061265 0.6310816768240688
191218476.12635845 0.6301685957080225
191893206.10210425 0.6292573063416013
192579181.5774458 0.6283326603427337
193253911.5531916 0.6274249688140621
193928641.5289374 0.626519053683926
194603371.5046832 0.6256149099076558
195278101.48042896 0.6247125324622635
195952831.45617476 0.6238119163462882
196627561.43192056 0.622913056579637
197302291.40766636 0.6220159482034339
197988266.8830079 0.6211056783494407
199337726.8344995 0.6193202321000475
200012456.8102453 0.6184301089374238
200687186.7859911 0.6175417126030807
201361916.7617369 0.6166550382626349
202036646.7374827 0.6157700811018884
202497712.220909 0.6151663455251342
202958777.70433527 0.6145634080125232
203633507.68008107 0.613682495780456
204319483.15542263 0.612788645533562
204758057.6396574 0.6122180866547359
205207877.62348795 0.6116336411977096
205882607.59923372 0.610758381008594
206557337.5749795 0.6098848062543921
207243313.05032107 0.6089983949187661
207918043.02606687 0.6081282049595632
208592773.00181267 0.6072596864252108
209267502.97755846 0.6063928347093425
209942232.95330426 0.6055276452242324
210616962.92905006 0.6046641134006709
211291692.90479586 0.6038022346878457
212641152.85628745 0.6020834184824103
213327128.331629 0.6012122034026074
214001858.3073748 0.600356919201983
214676588.2831206 0.5995032655556197
215351318.2588664 0.5986512380208993
216026048.2346122 0.5978008321727838
216700778.210358 0.5969520436037051
217375508.1861038 0.5961048679234551
218061483.66144535 0.5952452215758747
218736213.63719115 0.5944012852707437
219410943.61293694 0.5935589487147185
220085673.5886827 0.5927182075862308
220760403.5644285 0.5918790575805367
221153996.05028024 0.5913902864940033
221277696.54583362 0.5912367841078627
221671289.03168535 0.5907487213985277
222346019.00743115 0.5899132936820848
223020748.98317695 0.5890794427887893
223706724.4585185 0.5882333064801407
224381454.4342643 0.5874026226551057
225056184.4100101 0.5865735029338468
226405644.36150166 0.5849199390829298
227080374.33724746 0.5840954866332859
227473966.8230992 0.5836152709296003
227878804.80854666 0.5831218832644258
228553534.78429246 0.5823008041219725
229228264.76003826 0.5814812634667865
229902994.73578405 0.5806632572123006
230588970.2111256 0.5798331862974534
231263700.1868714 0.57901826204986
231938430.1626172 0.5782048599681854
232613160.138363 0.5773929760272418
233287890.1141088 0.5765826062169002
233962620.0898546 0.5757737465420062
234637350.0656004 0.574966393022293
235312080.0413462 0.5741605416922978
235998055.51668775 0.5733427953874025
236672785.49243352 0.5725399614710315
237347515.46817932 0.5717386178707372
238022245.4439251 0.5709387606796783
238696975.4196709 0.5701403860054038
240057680.87075827 0.5685348241605277
240732410.84650406 0.5677408983074742
241407140.82224986 0.566948439479892
241924433.80365497 0.5663418788271304
242430481.28546432 0.5657493348235847
243116456.76080588 0.5649474170619725
243791186.73655167 0.5641601112126684
244465916.71229747 0.5633742551758343
245140646.68804327 0.562589845192498
245815376.66378906 0.5618068775172652
246490106.63953486 0.5610253484182464
247164836.61528066 0.5602452541769835
247850812.09062222 0.5594536254742355
248525542.066368 0.5586764136062938
249200272.0421138 0.5579006254594152
249875002.0178596 0.5571262573683755
250549731.9936054 0.5563533056810297
251190725.4705639 0.5556203102072529
251831718.9475224 0.5548885866441073
252517694.42286396 0.5541069194740618
253192424.39860976 0.5533394804493489
254541884.35010135 0.5518087947294581
255216614.32584715 0.5510455408945691
255891344.30159295 0.5502836750041987
256566074.27733874 0.5495231935198269
257240804.25308454 0.5487640929153526
257926779.7284261 0.5479937526057839
258601509.7041719 0.5472374261003061
259276239.6799177 0.5464824699122488
259669832.1657694 0.5460427102396173
260063424.6516211 0.5456034149839935
260738154.6273669 0.5448514159056119
261424130.10270846 0.5440882770109963
262098860.07845426 0.5433390157609588
262492452.56430596 0.5429025714756852
262886045.0501577 0.5424665867124856
263572020.52549925 0.5417078238873931
264246750.50124505 0.540962856010291
264921480.47699085 0.5402192297299924
265315072.96284255 0.5397860659464377
265708665.44869426 0.5393533568604014
266383395.42444006 0.5386126258021923
267069370.8997816 0.5378609136070369
267744100.8755274 0.5371228631890878
269093560.827019 0.5356507316822338
269768290.8027648 0.534916643968884
270443020.7785106 0.5341838705514274
271128996.2538521 0.5334402281941983
271803726.2295979 0.532710095295366
272478456.2053437 0.5319812668192635
273153186.1810895 0.5312537395152702
273827916.1568353 0.5305275101437568
274502646.1325811 0.5298025754760305
275177376.1083269 0.5290789322942853
275773387.5869024 0.5284407858515338
276369399.06547785 0.5278036424207183
277044129.04122365 0.5270835556731301
277718859.01696944 0.526364748387948
278393588.99271524 0.5256472173985463
279079564.4680568 0.5249190326864556
279754294.4438026 0.5242040659710311
280429024.4195484 0.5234903660626945
281103754.3952942 0.5227779298370602
281778484.37104 0.5220667541801363
283026734.82616967 0.52075439189627
283701464.80191547 0.5200467918675838
284376194.77766126 0.5193404405148925
285050924.75340706 0.5186353347739303
285725654.72915286 0.5179314715905445
286411630.2044944 0.5172171480102937
287086360.1802402 0.5165157814021741
287761090.155986 0.5158156481990818
288435820.1317318 0.5151167453870266
289110550.1074776 0.5144190699619026
289785280.0832234 0.5137226189294429
290471255.55856496 0.5130158124758575
291145985.53431076 0.5123218215671388
291820715.51005656 0.5116290460775414
292495445.48580235 0.5109374830518738
293170175.46154815 0.5102471295445626
293844905.43729395 0.5095579826196104
294519635.41303974 0.5088700393505511
295205610.8883813 0.5081718612679285
295880340.8641271 0.507486336508453
299939966.21819764 0.5033868831041238
300614696.19394344 0.5027096818082685
301289426.16968924 0.5020336553244028
301964156.14543504 0.5013588008284671
302638886.12118083 0.5006851155054388
303313616.0969266 0.5000125965492943
303988346.07267237 0.4993412411629687
304674321.5480139 0.49865988646679793
305349051.5237597 0.49799086914109925
306023781.4995055 0.49732300700128995
306698511.4752513 0.49665629728590055
307373241.4509971 0.4959907372422266
307834306.93442345 0.4955365976880257
308306617.9174455 0.49507193595056187
308981347.8931913 0.49440910491078477
309656077.8689371 0.4937474142939098
310330807.8446829 0.4930868613852149
311016783.32002443 0.4924164627807138
311691513.2957702 0.4917581960273739
313040973.2472618 0.49044504855170606
313715703.2230076 0.48979016247672474
314390433.1987534 0.4891363979558748
315076408.674095 0.48847288437121034
315751138.6498408 0.487821373582605
316425868.62558657 0.48717097636298107
317100598.60133237 0.48652169008193097
317775328.57707816 0.4858735121172559
318450058.55282396 0.4852264398549316
319124788.52856976 0.4845804706890753
319810764.0039113 0.48392486351970015
320485493.9796571 0.48328111103811133
321160223.9554029 0.4826384538408859
321834953.9311487 0.4819968893544991
322509683.9068945 0.4813564150133975
323184413.8826403 0.48071702825996815
323859143.8583861 0.48007872654450334
324533873.8341319 0.4794415073251704
325219849.30947345 0.47879477488230515
325894579.2852192 0.4781597309969774
326569309.260965 0.4775257619872944
327244039.2367108 0.47689286534272507
327918769.2124566 0.47626103856045165
328604744.68779814 0.47561977551721424
329279474.66354394 0.4749900987087386
329954204.63928974 0.4743614842588043
330628934.61503553 0.47373392969525974
331303664.59078133 0.47310743255351
331978394.5665271 0.47248199037648664
332653124.5422729 0.47185760071461774
333327854.5180187 0.4712342611257965
334013829.9933603 0.4706016065048359
334407422.479212 0.4702390958614571
334801014.96506375 0.4698769403856939
335217098.450107 0.46949447597014166
335621936.43555444 0.4691227283495526
336296666.41130024 0.4685039802577228
336982641.8866418 0.467875982766816
337657371.8623876 0.46725932353015676
338332101.8381334 0.4666436964843533
339006831.8138792 0.4660290992489592
339681561.789625 0.4654155294507177
340356291.7653708 0.4648029847235324
341042267.24071234 0.4641812793260932
341716997.21645814 0.463570794657348
342391727.19220394 0.46296132796502787
343066457.16794974 0.4623528769115123
344415917.11944133 0.4611390124054812
344899473.6020591 0.46070502716549594
345394275.5842727 0.4602614846332377
346069005.5600185 0.4596575250082169
346743735.5357643 0.45905456840462633
347418465.5115101 0.4584526125296389
350117385.41449326 0.45605475069813944
350803360.8898348 0.4554478229085548
351478090.8655806 0.4548518400700597
352152820.8413264 0.45425684206314587
352827550.8170722 0.45366282664910645
353502280.792818 0.4530697915958678
354177010.7685638 0.45247773467796476
354862986.24390537 0.45187681058206236
355537716.21965116 0.45128671949443516
356212446.19539696 0.4506975998684327
356887176.17114276 0.45010944950487675
357561906.14688855 0.44952226621106994
358236636.12263435 0.448936047800772
358922611.5979759 0.44834104597625013
359597341.5737217 0.44775676679041293
360272071.5494675 0.4471734459317942
360946801.5252133 0.44659108123984015
365006426.87928385 0.4431072491604156
365681156.85502964 0.4425315333377568
368391322.2576086 0.4402285147880557
369066052.2333544 0.4396574888430985
369740782.2091002 0.4390873914761539
370415512.184846 0.43851822061340184
371090242.1605918 0.43794997418702963
371495080.14603925 0.4376094692027004
371888672.63189095 0.43727874061533384
372563402.60763675 0.43671250538476025
373249378.0829783 0.43613777385711233
373924108.0587241 0.4355733876176924
374598838.0344699 0.43500991515800524
375273568.0102157 0.43444735444698807
375948297.9859615 0.4338857034594273
376623027.9617073 0.4333249601759359
377297757.9374531 0.4327651225829325
377972487.9131989 0.43220618867261906
378658463.38854045 0.4316388635336612
379333193.36428624 0.43108174596622306
380007923.34003204 0.43052552605944516
380682653.31577784 0.429970201828548
381357383.29152364 0.4294157712944302
382032113.26726943 0.4288622324836475
382706843.2430152 0.4283095834283927
383392818.7183568 0.42774863365587346
384067548.6941026 0.4271977729780947
384742278.6698483 0.42664779615356463
385417008.6455941 0.42609870123690846
386091738.6213399 0.4255504862882859
386766468.5970857 0.4250031493733713
387441198.5728315 0.4244566885633317
388127174.04817307 0.4239020162196635
388801904.02391887 0.42335731637626317
389476633.99966466 0.4228134868521779
390151363.97541046 0.42227052574044316
390826093.95115626 0.4217284311394889
391500823.92690206 0.42118720115312125
392175553.90264785 0.42064683389050195
392861529.3779894 0.4200983429748881
393311349.36182 0.41973915887692376
393761169.3456505 0.41938035596832635
394447144.82099205 0.4188339141867843
395121874.79673785 0.4182972921281381
395796604.77248365 0.4177615227364414
396471334.74822944 0.4172266041545084
397146064.72397524 0.4166925345303695
397820794.69972104 0.4161593120172529
398495524.67546684 0.4156269347735652
399181500.1508084 0.4150865492013448
399856230.1265542 0.4145558710035701
400530960.1023 0.4140260325509427
401205690.0780458 0.4134970320224878
401880420.0537916 0.41296886760231644
402555150.0295374 0.41244153747961015
403241125.50487894 0.41190627193087603
403915855.48062474 0.4113806188204518
404590585.45637053 0.4108557945753859
405265315.43211627 0.41033179740504067
405940045.40786207 0.4098086255237592
406614775.38360786 0.4092862771508466
407300750.8589494 0.40875606535169073
407975480.8346952 0.40823537232424945
408650210.810441 0.4077154974633029
409324940.7861868 0.40719643900791413
409999670.7619326 0.4066781952020215
410674400.7376784 0.40616076429442227
411349130.7134242 0.40564414453875497
412023860.68917 0.4051283341934835
412709836.16451156 0.4046047549769389
413384566.14025736 0.4040905716647796
414059296.11600316 0.4035771925384406
414734026.09174895 0.40306461587559583
415228828.07396257 0.4026892353382046
415734875.5557719 0.4023057681355264
416409605.5315177 0.4017951768383302
417084335.5072635 0.40128538204210545
417590382.9890728 0.4009035576251463
418096430.4708822 0.40052217956699376
418771160.446628 0.4000143685906582
419445890.4223738 0.39950734818148326
420120620.39811957 0.39900111665453675
420806595.8734611 0.3984872549172129
421481325.8492069 0.3979826091962874
426890411.15476906 0.39396522130173306
427565141.13051486 0.3934675832415531
428239871.10626066 0.39297071414533336
428914601.08200645 0.3924746123870184
429589331.05775225 0.3919792763449615
430264061.03349805 0.39148470440191113
430938791.00924385 0.39099089494499506
431624766.4845854 0.3904896353265674
432299496.46033114 0.3899973586617412
432974226.43607694 0.38950583964393615
433648956.41182274 0.3890150766777229
434323686.38756853 0.3885250681719777
434998416.36331433 0.3880358125398677
435673146.3390601 0.38754730819883676
436347876.3148059 0.3870595535705911
437022606.2905517 0.386572547081084
437708581.7658933 0.3860781891446686
438383311.7416391 0.3855926866309017
439058041.7173849 0.38510792753309075
439732771.6931307 0.38462391029410703
440407501.66887647 0.38414063336099924
441082231.64462227 0.3836580951849781
441756961.62036806 0.38317629422140287
442442937.0957096 0.382687217398927
443117667.0714554 0.3822068984654453
443792397.0472012 0.38172731210973626
444467127.022947 0.38124845680368313
445141856.9986928 0.38077033102324787
445816586.9744386 0.380292933248459
446491316.9501844 0.3798162619633966
447177292.42552596 0.37933238935130603
447852022.40127176 0.37885717855915985
448526752.37701756 0.3783826897081292
449201482.35276335 0.37790892129843534
449876212.32850915 0.3774358718342841
450550942.30425495 0.376963539823854
451225672.28000075 0.3764919237792815
451900402.25574654 0.3760210222166486
452586377.7310881 0.3755430032122578
453261107.7068339 0.37507353802374954
453935837.6825797 0.37460478286446774
454610567.6583255 0.37413673626621147
455285297.6340713 0.3736693967646604
455971273.10941285 0.37319499163828035
456646003.08515865 0.3727290736766468
457320733.06090444 0.3722638584177337
457995463.03665024 0.3717993444126799
458670193.01239604 0.3713355302164407
459344922.98814183 0.37087241438777613
460019652.96388763 0.3704099954892382
460705628.4392292 0.3699405825813755
461380358.4149749 0.36947956480153565
462313734.8814233 0.36884296499904967
462988464.8571691 0.36838359561170975
463663194.8329149 0.36792491545727574
464349170.30825645 0.36745929573601793
465023900.28400224 0.3670020012389209
465698630.25974804 0.36654539172200395
466384605.7350896 0.3660818728007259
467059335.7108354 0.36562664039863013
467734065.6865812 0.3651720887574506
468408795.662327 0.3647182164858651
469083525.6380728 0.3642650221961803
469758255.6138186 0.3638125045043201
470432985.5895644 0.363360662029815
471107715.5653102 0.3629094933957895
471793691.04065174 0.36245149464898785
472468421.01639754 0.3620016807529851
473143150.99214333 0.3615525365655438
473817880.96788913 0.36110406072410794
474492610.9436349 0.36065625186965783
475167340.9193807 0.3602091086466985
475842070.8951265 0.3597626297032485
476516800.8708723 0.3593168136908296
477202776.3462139 0.3588642456214722
477877506.3219597 0.3584197624323599
478552236.2977055 0.3579759381274711
479226966.27345127 0.3575327713722812
479901696.24919707 0.3570902608357119
480576426.22494286 0.35664840519012025
486120457.52565414 0.35304245220384395
486795187.50139993 0.3526065705611072
487469917.47714573 0.35217133043955334
488155892.9524873 0.35172949263467446
488830622.9282331 0.351295542327426
489505352.9039789 0.35086222966033936
490180082.8797247 0.350429553353495
490854812.8554705 0.34999751213024627
491529542.8312163 0.3495661047172086
492204272.8069621 0.3491353298442491
