1.0 0.9999999977856104
23874196.641805395 0.9353134022492001
24402735.12280627 0.9340143916513829
24762591.109870695 0.9331323957517363
25279884.091275804 0.9318679373303305
28664779.469600543 0.9236893837960554
31127543.8810727 0.9178372598749648
31566118.365307465 0.9168033548339742
34681121.75333389 0.9095286294361393
34838558.74767458 0.9091640664397981
35265887.73231358 0.9081760103749195
37290077.659550965 0.903524490101277
43385138.44045465 0.8897906251849628
43778730.92630637 0.8889171497303189
44172323.41215808 0.8880452414335008
44858298.88749964 0.8865293482914319
45533028.863245435 0.8850428763339393
46207758.838991225 0.883560892760202
48231948.766228616 0.8791414492993552
48906678.74197441 0.8776770017585233
49592654.21731597 0.8761925392744424
50942114.16880756 0.8732850601137081
53641034.07179074 0.8675199205446025
54754338.5317713 0.8651607502971855
55429068.5075171 0.8637362424050259
58139233.91009604 0.8580540326333685
63548319.21565817 0.8468967170752316
64099348.69585057 0.845773428857971
65336353.65138453 0.843260521324056
66517131.10893967 0.8408730377063509
67023178.59074902 0.839853149055142
67585453.57053718 0.8387222586325338
68147728.55032535 0.8375937973694904
68710003.5301135 0.83646775292628
68991141.0200076 0.8359056332026262
69395979.00545506 0.835097233887935
70070708.98120086 0.8337526528198916
71420168.93269245 0.8310737344601055
72522227.89307725 0.8288959920541553
72949556.87771626 0.8280539704054337
74299016.82920785 0.8254037218820698
74984992.30454941 0.8240615829379045
76075805.76533844 0.8219343407012719
76491889.25038168 0.8211251626886524
77166619.22612748 0.819815601254915
77841349.20187327 0.8185092648418112
78516079.17761907 0.8172061363140374
80551514.60445222 0.8132942967727553
81136280.58343191 0.8121757592365628
81721046.56241159 0.811059570793444
82395776.53815739 0.8097745665781261
83745236.48964898 0.8072138370454874
85105941.94073634 0.8046441913886547
85780671.91648214 0.8033745756716572
87130131.86797373 0.8008443972831446
87804861.84371953 0.7995838057471352
88479591.81946531 0.7983261936914083
89165567.29480687 0.797050661373195
89840297.27055266 0.7957990154828728
90515027.24629846 0.7945503072932545
91189757.22204426 0.7933045232698315
91864487.19779006 0.7920616500292911
92539217.17353585 0.7908216743362679
93079001.15413249 0.7898317712144146
93630030.6343249 0.7888231423572637
96340196.03690383 0.7838900007493567
97689655.98839542 0.7814506415593545
102424011.31821175 0.7729801581315011
103098741.29395755 0.7717839077294444
104448201.24544914 0.7693994848905078
105122931.22119494 0.7682112904207812
105808906.6965365 0.7670060230505972
107158366.64802809 0.7646429964347767
107833096.62377389 0.763465435300729
108901419.08537139 0.7616063192235543
109306257.07081887 0.7609035201545954
109980987.04656467 0.759734265847924
110655717.02231047 0.7585675995571931
111330446.99805626 0.7574035111744741
112005176.97380204 0.7562419906770588
112679906.94954784 0.7550830281260346
113365882.4248894 0.7539073616227443
114040612.4006352 0.7527535276989273
114715342.376381 0.7516022222329153
115390072.35212679 0.7504534356087422
116064802.32787259 0.7493071582876106
117425507.77895994 0.7470030933738229
118100237.75470574 0.7458643287562742
118774967.73045154 0.7447280358807212
119449697.70619732 0.743594205577548
120124427.68194312 0.7424628287473437
120799157.65768892 0.7413338963598373
121473887.63343471 0.7402073994528574
122148617.60918051 0.739083329131315
122834593.08452207 0.737943002790556
123509323.06026787 0.7368237992939902
123902915.54611959 0.7361720395448106
124296508.03197129 0.7355210947949229
124971238.00771709 0.7344070807099743
125657213.48305865 0.7332769410607354
126331943.45880444 0.7321677209866823
127006673.43455024 0.7310608653466852
129030863.36178762 0.7277544015177932
129705593.33753341 0.7266569203911404
131741028.76436657 0.7233602272465111
132415758.74011236 0.7222720284585407
133765218.69160396 0.7201024957773396
134439948.66734976 0.7190211461778606
135114678.64309555 0.7179420640209248
135800654.1184371 0.7168473136417401
136475384.0941829 0.7157727807136499
137150114.0699287 0.7147004920752589
137588688.55416346 0.7140047043698791
138027263.03839824 0.7133098596052525
138701993.01414403 0.7122427041603722
139376722.98988983 0.711177768185234
140579991.4466365 0.7092841174612571
141108529.92763737 0.7084545399509506
141794505.40297893 0.70737986052052
143143965.35447052 0.7052723238654914
143818695.33021632 0.7042218163082905
144493425.30596212 0.7031734730829197
145168155.2817079 0.7021272871066067
145842885.2574537 0.7010832513387941
146517615.23319948 0.7000413587806532
147203590.70854104 0.6989842912621951
148553050.66003263 0.6969112305264001
149227780.63577843 0.6958778768394388
149902510.61152422 0.6948466318646216
150464785.5913124 0.6939888669976771
151038306.07069632 0.6931154465718405
151713036.04644212 0.6920898266870247
152500221.01814553 0.6908959036483598
153186196.4934871 0.6898577897655067
153860926.4692329 0.6888387810374883
154535656.44497868 0.6878218353832517
157234576.34796187 0.6837745540202435
157920551.82330343 0.6827510653170948
158595281.79904923 0.6817463965163245
159270011.77479503 0.6807437459175061
159944741.75054082 0.6797431072633673
160619471.72628662 0.6787444743299654
161294201.70203242 0.6777478409263545
161968931.6777782 0.6767532008942588
162654907.15311977 0.6757440206962785
163329637.12886557 0.6747533820292109
164004367.10461137 0.6737647183508926
165353827.05610296 0.671793291870657
166028557.03184876 0.6708105171012886
166703287.00759453 0.6698296933851782
167389262.48293608 0.6688345166181048
168063992.45868188 0.667857609587252
168738722.43442768 0.6668826358792919
169413452.41017348 0.6659095896761507
170088182.38591927 0.6649384651888723
170762912.36166507 0.6639692566573542
171190241.3463041 0.6633564129589634
171617570.33094308 0.662744334022046
172067390.31477362 0.6621008650117841
172517210.29860413 0.6614582401002501
173191940.27434993 0.6604958817551013
173866670.25009573 0.6595354132335076
174541400.22584152 0.6585768289321929
175216130.20158732 0.6576201232750699
175890860.17733312 0.6566652907130015
177251565.62842047 0.6547453868403594
177926295.60416627 0.6537961714319003
178601025.57991207 0.6528488070963026
179275755.55565786 0.6519032884161561
179950485.53140366 0.6509596099996368
180625215.50714946 0.6500177664802935
181311190.98249102 0.6490621010875343
181985920.9582368 0.6481239417227069
183335380.9097284 0.6462530743062616
184010110.8854742 0.6453203557456679
184684840.86122 0.6443894403178684
185359570.8369658 0.6434603228286173
186720276.28805313 0.6415920505048952
187395006.26379892 0.6406683255673461
188069736.23954472 0.6397463779421225
188463328.72539645 0.6392093939135461
188868166.71084392 0.638657695569668
190026453.16920754 0.6370827337363016
190510009.65182537 0.6364267594181295
191184739.62757117 0.6355129515820827
191870715.10291272 0.6345857066468412
192545445.07865852 0.633675421065734
193220175.0544043 0.6327668746116715
193894905.0301501 0.6318600623773833
194378461.5127679 0.6312112443397477
194873263.4949815 0.6305482550703645
195547993.4707273 0.6296456710696414
196222723.4464731 0.6287448045227064
196897453.4222189 0.6278456506167727
197572183.3979647 0.6269482045598569
198258158.87330624 0.6260375469327393
198932888.84905204 0.6251435305456727
199607618.82479784 0.6242512076763017
200282348.80054364 0.6233605736146777
200957078.77628943 0.6224716236709048
201643054.251631 0.6215695795355418
202317784.2273768 0.6206840117112847
202992514.2031226 0.6198001139770641
203667244.17886838 0.6189178817220937
204341974.15461415 0.6180373103549329
205016704.13035995 0.6171583953033516
205691434.10610574 0.6162811320141952
206366164.08185154 0.615405515953252
207052139.5571931 0.6145169902744446
207726869.5329389 0.6136446824080176
208401599.5086847 0.6127740082050387
209031347.48604745 0.6119628489421312
209672340.96300596 0.6111386584203496
210347070.93875176 0.6102726697118469
211021800.91449755 0.6094082974513341
211696530.89024332 0.608545537249747
212382506.36558488 0.6076700457898162
213057236.34133068 0.606810523295519
213450828.8271824 0.6063098738441579
213844421.31303412 0.6058097676136281
214519151.2887799 0.6049537040027022
215868611.2402715 0.6032463412759643
216532095.71642154 0.6024092091440337
217184334.69297582 0.6015877519159372
217859064.6687216 0.6007395150996537
218533794.64446738 0.5998928468519243
219883254.59595898 0.5982041992902595
220569230.07130054 0.5973481916634288
221243960.04704633 0.596507781713603
221918690.02279213 0.5956689194427192
222593419.99853793 0.5948316007357453
223268149.97428373 0.5939958214937021
223942879.95002952 0.5931615776335606
224617609.92577532 0.5923288650881464
225168639.4059677 0.5916499496249582
225708423.38656434 0.590985875091762
226394398.8619059 0.5901433511382145
227069128.8376517 0.5893161683833334
227743858.8133975 0.5884904983026836
228418588.7891433 0.587666336916589
229093318.7648891 0.5868436802605925
229768048.7406349 0.5860225243853651
231117508.69212648 0.5843846992549954
231803484.16746804 0.5835544234845264
232478214.14321384 0.582739256257818
233152944.11895964 0.5819255702245355
233827674.09470543 0.5811133615244786
234502404.07045123 0.5803026263119544
235863109.5215386 0.5786721101073834
236537839.49728438 0.5778657967622438
240597464.8513549 0.5730451254693552
241272194.8271007 0.5722489645475695
242621654.7785923 0.5706609350138816
243296384.7543381 0.5698690590603042
243971114.73008388 0.569078604110144
244657090.20542544 0.568276427887162
245331820.18117124 0.5674888275765544
245736658.1666187 0.5670169444546839
246141496.1520662 0.5665455681803531
246816226.127812 0.5657610652775011
247490956.1035578 0.5649779645475724
248176931.57889935 0.5641832458816293
248851661.55464515 0.5634029620236055
249368954.53605026 0.5628056869027308
249897493.01705113 0.5621962706070422
250572222.99279693 0.5614195279608598
251246952.96854272 0.5606441677815591
251921682.94428852 0.5598701865706572
252326520.929736 0.5594064582982512
252731358.91518345 0.5589432244484365
253406088.89092925 0.5581722647147305
254080818.86667505 0.5574026728377821
254755548.84242085 0.5566344453710578
255441524.3177624 0.5558548092830236
256790984.269254 0.5543251906894804
257465714.2449998 0.5535624091250098
258140444.2207456 0.5528009748634446
258815174.1964914 0.552040884530679
259489904.1722372 0.5512821347644239
260175879.64757875 0.5505121099818011
260850609.62332454 0.5497560535117283
261525339.59907034 0.5490013275362374
262200069.57481614 0.5482479287398919
262874799.55056193 0.5474958538187701
263549529.52630773 0.5467450994804047
264235505.0016493 0.5459831829682829
264910234.9773951 0.5452350818364535
265584964.95314085 0.5444882914239157
266259694.92888665 0.5437428084836289
266934424.90463245 0.5429986297797181
267609154.88037825 0.542255752087419
268283884.85612404 0.5415141721930209
268969860.3314656 0.5407615597553957
270319320.2829572 0.5392849031262552
270994050.258703 0.5385485038962463
271668780.2344488 0.5378133865069062
272343510.2101946 0.5370795478098763
273029485.68553615 0.5363347860707256
273704215.66128194 0.5356035165365823
274243999.6418786 0.5350194149251362
274783783.6224752 0.5344361240486839
275458513.598221 0.5337081481328075
276133243.5739668 0.5329814334228196
276807973.5497126 0.5322559768400247
277482703.5254584 0.5315317753160619
278168679.00079995 0.5307967872239898
278843408.97654575 0.5300751074438108
279518138.95229155 0.5293546735283431
280192868.92803735 0.5286354824502335
280867598.90378314 0.5279175311922152
281553574.3791247 0.5271888819677772
282228304.3548705 0.5264734218765057
282903034.3306163 0.5257591925638624
284252494.2821079 0.5243344143753762
284927224.2578537 0.5236238595745667
285601954.2335995 0.5229145237023597
286287929.70894104 0.52219461210806
286962659.68468684 0.5214877254813193
287637389.66043264 0.5207820489492156
288312119.63617843 0.5200775796026518
288986849.61192423 0.5193743145420595
289661579.58767 0.5186722508773558
290336309.5634158 0.5179713857278992
291022285.0387574 0.5172600651774709
291697015.0145032 0.5165616083096393
292090607.5003549 0.5161547248134575
292484199.9862066 0.5157482456427941
293158929.9619524 0.5150523632599994
293833659.9376982 0.514357664610763
294519635.41303974 0.5136525982317788
295194365.38878554 0.5129602782002826
295869095.36453134 0.5122691334133749
296543825.34027714 0.5115791610752658
297027381.82289493 0.5110854005657637
297522183.80510855 0.5105807780567293
298871643.75660014 0.5092077177332327
299546373.7323459 0.5085229291238319
300221103.7080917 0.5078392978834881
300895833.6838375 0.5071568212738193
301581809.15917903 0.5064641508970398
302256539.1349248 0.5057839944985472
302931269.1106706 0.5051049845228135
303605999.0864164 0.5044271182663784
304280729.0621622 0.5037503930343786
304955459.037908 0.5030748061405104
305630189.0136538 0.5024003549069916
306316164.4889954 0.5017158242776039
306990894.4647412 0.5010436551816809
307665624.44048697 0.5003726137193831
308340354.41623276 0.4997026972467834
309015084.39197856 0.49903390312828955
309689814.36772436 0.4983662287366106
310364544.34347016 0.4976996714527185
311050519.8188117 0.49702314738013065
311725249.7945575 0.49635883499717526
318483795.05161124 0.4897654164881811
319169770.5269528 0.4891023216630344
319844500.5026986 0.48845118743287974
320519230.4784444 0.4878011318681524
321193960.4541902 0.4871521524777056
321868690.429936 0.48650424677807536
322543420.4056818 0.4858574122934473
323218150.3814276 0.4852116465556251
323904125.85676914 0.48455621113297065
324578855.83251494 0.4839125932242968
325253585.80826074 0.48327003666253476
325928315.78400654 0.4826285390097683
326603045.75975233 0.48198809783554053
327277775.73549813 0.48134871071682406
327952505.7112439 0.48071037523798965
328638481.1865855 0.4800624764289618
329313211.1623312 0.4794262544393233
329987941.138077 0.4787910768469322
330662671.1138228 0.47815694126556957
331337401.0895686 0.47752384531626324
332012131.0653144 0.47689178662725823
332698106.540656 0.47625025452519604
333372836.51640177 0.4756202804592884
334047566.49214756 0.47499133654231335
334722296.46789336 0.4743634204312078
335397026.44363916 0.4737365297899805
336071756.41938496 0.47311066228968135
336757731.8947265 0.47247541013243033
337432461.8704723 0.4718515989106578
338107191.8462181 0.47122880384652366
338781921.8219639 0.4706070226390779
339456651.7977097 0.46998625299427066
340131381.7734555 0.4693664926249252
340806111.7492013 0.46874773925070984
341492087.22454286 0.4681197032865404
342166817.20028865 0.4675029737772513
342841547.17603445 0.46688724442528745
343516277.15178025 0.4662725129775381
344191007.12752604 0.46565877718760146
344865737.10327184 0.46504603481575896
345540467.07901764 0.464434283628948
346215197.05476344 0.46382352140073546
346901172.530105 0.46320359133372413
347575902.5058508 0.4625948167598438
348250632.4815966 0.4619870244680583
348925362.4573424 0.46138021225830206
349600092.4330882 0.46077437793700937
350286067.90842974 0.4601594465940203
350960797.88417554 0.4595555777017364
351635527.85992134 0.4589526801197799
352074102.3441561 0.4585613165295884
352512676.82839084 0.45817036180815823
353198652.3037324 0.4575596870022824
353873382.2794782 0.4569599954505801
354548112.255224 0.45636126589739334
355222842.2309698 0.45576349620234247
355897572.2067156 0.45516668423131507
356572302.1824614 0.4545708278564417
357258277.65780294 0.4539660179737227
357933007.63354874 0.4533720822704952
358607737.60929453 0.4527790957819261
359282467.58504033 0.45218705640497947
359957197.5607861 0.4515959620427418
360631927.5365319 0.4510058106044003
361306657.5122777 0.4504166000052174
361992632.9876193 0.4498185315774383
362667362.9633651 0.44923121202048766
363342092.9391109 0.44864482705031616
364016822.9148567 0.44805937460636
364691552.89060247 0.44747485263401554
365366282.86634827 0.44689125908461824
366041012.84209406 0.44630859191541855
366715742.81783986 0.4457268490895605
367401718.2931814 0.4451363560366607
368076448.2689272 0.4445564711313755
368751178.244673 0.4439775044603948
369425908.2204188 0.4433994540103102
370100638.1961646 0.442822317773496
370775368.1719104 0.44224609374808693
371450098.1476562 0.44167077993795767
372136073.62299776 0.44108680860965044
372653366.60440284 0.44064705639441226
373170659.585808 0.44020783593540436
373845389.5615538 0.4396357373535308
374531365.03689533 0.43905502764416315
375206095.01264113 0.4384847444779125
375880824.9883869 0.43791535856011643
376555554.9641327 0.4373468679373863
377230284.9398785 0.4367792706618919
377905014.9156243 0.43621256479134035
378579744.89137006 0.43564674838895606
379265720.3667116 0.43507241155080334
379940450.3424574 0.43450838304029504
380615180.3182032 0.43394523818856856
381289910.293949 0.4333829750808048
381964640.2696948 0.4328215918076011
382639370.2454406 0.43226108646495054
383314100.2211864 0.4317014571542226
383988830.1969322 0.4311427019821434
384674805.67227376 0.4305755283912589
385349535.64801955 0.43001853032819837
386024265.62376535 0.4294624007246644
386698995.59951115 0.428907137708702
387373725.57525694 0.4283527394136153
388048455.55100274 0.4277992039779479
388442048.03685445 0.4274767060420387
388846886.0223019 0.4271452991482282
389521615.9980477 0.4265936411787495
390196345.9737935 0.426042840177728
390871075.9495393 0.42549289430542314
391545805.9252851 0.42494380172723695
392220535.9010309 0.42439556061369477
392895265.8767767 0.4238481691404275
393581241.35211825 0.42329252359987024
394255971.32786405 0.422746840039146
394930701.30360985 0.42220200064592744
395605431.27935565 0.42165800361616695
396122724.2607608 0.42124150857016923
396651262.7417616 0.4208164687352766
397325992.7175074 0.4202746116011361
398000722.6932532 0.4197335904664556
398675452.668999 0.41919340354985635
399361428.1443406 0.41864506687617736
400036158.1200864 0.41810655690083876
400710888.09583217 0.4175688757995692
401385618.07157797 0.41703202181069765
402060348.04732376 0.41649599317741537
402453940.53317547 0.416183690264901
402858778.51862293 0.4158627564257683
403533508.49436873 0.4153285237371581
404208238.4701145 0.4147951108438103
404882968.4458603 0.4142625160090725
405557698.4216061 0.4137307375010666
406232428.3973519 0.413199773592672
406907158.3730977 0.4126696225615088
407593133.8484393 0.41213146722128935
408267863.8241851 0.4116029502726187
408942593.7999309 0.4110752410338845
409617323.77567667 0.4105483378015812
410292053.75142246 0.4100222388768604
410966783.72716826 0.409496942565515
411652759.2025098 0.40896371236417234
412327489.1782556 0.40844002952183905
413002219.1540014 0.40791714420997915
413676949.1297472 0.40739505475286575
414351679.105493 0.4068737594793328
415037654.58083457 0.4063445883817232
415712384.55658036 0.40582488964687463
416387114.53232616 0.4053059800817255
417061844.50807196 0.40478785803326955
417736574.48381776 0.4042705218529825
418411304.45956355 0.40375396989680584
419086034.43530935 0.4032382005251323
419760764.41105515 0.40272321210278994
420446739.8863967 0.40220043944059014
421121469.8621425 0.4016870209768446
421796199.8378883 0.40117437855638055
422470929.8136341 0.4006625105616884
423145659.7893799 0.40015141537961885
423674198.27038074 0.3997515962324464
424202736.75138164 0.3993522495329844
424877466.72712743 0.39884313054979875
425552196.70287323 0.39833477866094624
426226926.678619 0.39782719227299684
426901656.6543648 0.397320369796797
427576386.6301106 0.3968143096474558
430961282.00843537 0.39428702380977193
431636011.98418117 0.39378551711099585
432310741.95992696 0.39328476173708954
432985471.9356727 0.39278475613681263
433671447.41101426 0.39227718413717794
434346177.38676006 0.3917786858786375
435020907.36250585 0.3912809327391401
435695637.33825165 0.390783923183965
436381612.8135932 0.39027939083558844
437056342.789339 0.38978387619040217
437731072.7650848 0.38928910052444826
438405802.7408306 0.38879506231930333
439080532.7165764 0.3883017600605667
439766508.19191796 0.38780098898785637
440441238.16766375 0.3873091662975148
441115968.14340955 0.3868180750093786
441790698.11915535 0.3863277136250721
442465428.09490114 0.38583808065017566
443140158.07064694 0.38534917459421236
443814888.04639274 0.38486099397063483
444489618.02213854 0.3843735372968134
445175593.4974801 0.3838786969698378
445850323.4732259 0.38339269576736834
448549243.3762091 0.38145587131395975
449223973.3519549 0.3809734529834106
449909948.82729644 0.3804837244471143
450584678.80304223 0.38000274091035086
451259408.77878803 0.3795224666615417
451934138.7545338 0.37904290026041765
452608868.7302796 0.37856404027047236
453294844.2056212 0.37807792197334844
453969574.181367 0.37760048222497156
454644304.1571128 0.3771237445769883
455319034.1328586 0.3766477076078846
455993764.1086044 0.3761723698998481
456668494.08435017 0.3756977300387563
457343224.06009597 0.3752237866141638
458029199.5354375 0.3747426566264935
458703929.5111833 0.3742701134067915
459378659.4869291 0.37379826239090497
460053389.4626749 0.37332710218304
460728119.4384207 0.3728566313910197
461402849.4141665 0.37238684862627364
462077579.3899123 0.3719177525038254
462763554.86525387 0.3714415405924193
463438284.8409996 0.37097382500035425
464113014.8167454 0.370506791894232
464787744.7924912 0.3700404399033953
465462474.768237 0.3695747676607232
466137204.7439828 0.36910977380261967
466811934.7197286 0.36864545696900103
467497910.19507015 0.368174094167222
468172640.17081594 0.3677111385434562
468847370.14656174 0.3672488558624276
469522100.12230754 0.36678724477804997
470196830.09805334 0.3663263039476945
470871560.07379913 0.3658660320321775
471546290.04954493 0.3654064276957493
472221020.0252907 0.36494748960608475
472895750.0010365 0.36448921643427
473581725.4763781 0.3640239856430362
474233964.45293236 0.36358226991423437
474897448.9290824 0.36313357209824887
475572178.9048282 0.3626779234098544
476246908.880574 0.36222293308922826
476921638.8563198 0.3617685998275921
477596368.8320656 0.3613149223195042
478271098.8078114 0.36086189926284995
478945828.7835572 0.3604095293588301
479631804.25889874 0.3599502881931509
480306534.23464453 0.35949923154303337
480981264.2103903 0.35904882414748845
481655994.1861361 0.3585990647209296
482330724.1618819 0.3581499519810337
483005454.1376277 0.35770148464873086
483680184.1133735 0.3572536614481928
484354914.0891193 0.3568064811068247
485040889.5644609 0.35635250547120284
485715619.5402067 0.3559066177046184
486390349.51595247 0.3554613689776877
487065079.49169827 0.35501675803069616
487739809.46744406 0.3545727836071103
488425784.9427856 0.3541220608427007
489100514.9185314 0.35367936626542595
489775244.89427716 0.35323730444018847
490449974.87002295 0.3527958741231331
491124704.84576875 0.35235507407353683
491799434.82151455 0.3519149030537973
492474164.79726034 0.3514753598294248
493160140.2726019 0.35102913319274787
493834870.2483477 0.35059085227991105
494509600.2240935 0.35015319545715173
495184330.1998393 0.3497161615023815
495859060.1755851 0.34927974919657534
496533790.1513309 0.3488439573237621
497208520.1270767 0.348408784671015
497883250.1028225 0.3479742300284419
498569225.57816404 0.34753306511068927
499243955.55390984 0.3470997531206885
499918685.52965564 0.34666705550931126
500593415.50540143 0.3462349710787599
501268145.4811472 0.34580349863422494
501942875.456893 0.3453726369838754
502617605.4326388 0.3449423849388491
503303580.9079804 0.3445055857340739
503978310.8837262 0.3440765594555416
504653040.859472 0.3436481392138278
505327770.8352178 0.3432203238319048
506002500.8109636 0.342793112135668
506677230.78670937 0.3423665029539269
507228260.26690173 0.34201855159033406
507779289.74709415 0.34167100065630424
508465265.2224357 0.3412388937843136
509139995.1981815 0.340814473887809
509814725.1739273 0.34039065109778865
510500700.64926887 0.3399603755211887
511175430.62501466 0.3395377533858971
511850160.60076046 0.3391157248818412
512524890.57650626 0.33869428886271574
513199620.55225205 0.33827344418504407
513874350.52799785 0.3378531897081697
514560326.0033394 0.3374265348548866
515235055.9790852 0.33700746715807406
515909785.954831 0.3365889862380779
516584515.9305768 0.3361710909654829
517259245.9063226 0.33575378021365154
517933975.8820684 0.33533705285871407
518608705.8578142 0.3349209077795622
519294681.33315575 0.33449842270981406
519969411.30890155 0.33408344848783306
520644141.28464735 0.3336690531762643
521318871.26039314 0.33325523566500137
521993601.23613894 0.3328419948466572
522668331.21188474 0.3324293296165544
523354306.6872263 0.33201037555456475
524029036.6629721 0.33159886774486425
524703766.6387179 0.3311879322072989
525378496.6144637 0.3307775678479945
526053226.5902095 0.3303677735757468
526727956.5659552 0.3299585483020124
528088662.0170426 0.32913500369645327
528763391.9927884 0.3287274883334973
529438121.9685342 0.3283205376233896
530112851.94427997 0.3279141504908165
530787581.92002577 0.32750832586307776
531473557.3953673 0.32709631303404574
532148287.3711131 0.32669161953871406
532823017.3468589 0.3262874853279912
533497747.3226047 0.32588390933959455
534172477.2983505 0.32548089051381657
534847207.2740963 0.3250784277935151
535533182.74943787 0.3246698263594701
536207912.72518367 0.32426848191334035
536882642.7009295 0.3238676903991144
540267538.0792543 0.32186536084574785
540739849.0622762 0.3215870628048531
541223405.5448941 0.32130241576184004
541909381.0202357 0.320899094442521
542584110.9959815 0.32050293365315274
543258840.9717273 0.32010731600258413
543933570.947473 0.3197122404674979
544608300.9232188 0.3193177060270346
545283030.8989646 0.31892371166278544
545957760.8747104 0.3185302563587848
546643736.350052 0.3181307950332387
547318466.3257978 0.3177384237536183
547993196.3015436 0.317346588484148
548667926.2772894 0.3169552882186042
549342656.2530352 0.31656452195317075
550017386.228781 0.3161742886864313
550692116.2045268 0.3157845874193636
551366846.1802726 0.3153954171553305
552052821.6556141 0.31500030404718676
552727551.6313599 0.31461220161738074
553402281.6071057 0.314224627198474
554077011.5828515 0.3138375798033435
554751741.5585973 0.31345105844721755
555426471.5343431 0.3130650621476681
556112447.0096847 0.3126731698220749
556787176.9854305 0.31228822940778006
557461906.9611763 0.31190381110053816
558136636.9369221 0.3115199139272681
558811366.9126679 0.311136536917199
559486096.8884137 0.31075367910186324
560160826.8641595 0.31037133951508966
560835556.8399053 0.3099895171929965
561521532.3152468 0.30960186044243637
562196262.2909926 0.30922107834813384
562870992.2667384 0.30884081062460694
563545722.2424842 0.3084610563171049
564220452.21823 0.30808181447313254
564895182.1939758 0.3077030841424445
565569912.1697216 0.3073248643770392
566255887.6450632 0.3069408633742867
566930617.6208088 0.3065636703743338
567605347.5965546 0.30618698509338343
568280077.5723004 0.30581080659237886
568954807.5480462 0.3054351339344745
569629537.523792 0.30505996618502906
570304267.4995378 0.30468530241159925
570990242.9748794 0.30430490992843284
571664972.9506252 0.30393125967924334
572339702.926371 0.303558110606452
573014432.9021168 0.3031854617863806
573689162.8778626 0.30281331229751746
574363892.8536084 0.3024416612205105
575038622.8293542 0.3020705076381627
575713352.8051 0.30169985063542365
576399328.2804415 0.3013235241379927
577074058.2561873 0.3009538657961093
577748788.2319331 0.30058470128638276
578423518.2076789 0.30021602970232797
579098248.1834247 0.2998478501395764
579772978.1591705 0.2994801616958699
580447708.1349163 0.2991129634710558
581133683.6102579 0.29874014689254264
581808413.5860037 0.29837393454627864
582269479.06943 0.2981239698866577
582741790.0524521 0.2978681442694909
583416520.0281979 0.29750309236704536
584091250.0039437 0.29713852585877987
584765979.9796895 0.29677444385786983
585440709.9554353 0.29641084547955127
586115439.9311811 0.2960477298411148
586801415.4065226 0.29567905624299173
587476145.3822684 0.295316911453293
588150875.3580141 0.29495524675302615
588825605.3337599 0.2945940612676765
589500335.3095057 0.2942333541247544
590175065.2852515 0.2938731244537902
590849795.2609973 0.2935133713863287
591535770.7363389 0.29314811012603925
592210500.7120847 0.2927893155754741
592885230.6878304 0.2924309950207144
598091897.0006689 0.28968180271093724
598766626.9764147 0.2893275775972576
599441356.9521605 0.28897381820241097
600116086.9279063 0.28862052368503127
600790816.9036521 0.2882676932056829
601465546.8793979 0.2879153259268577
602140276.8551437 0.2875634210129674
602826252.3304852 0.28720612414608493
603500982.306231 0.28685514913424665
